  -9.0000000e+01   0.0000000e+00 -3.4725358e-165  -5.2973856e-58  -2.6575331e-21  -9.5623016e-09  -2.0143065e-04  -6.8256915e-03  -1.1414117e-02   2.4156005e-03   1.7097157e-02   2.3862628e-02
  -8.9550000e+01   0.0000000e+00 -5.9379264e-162  -4.7108634e-57  -5.3711198e-21  -1.1561008e-08  -2.0863869e-04  -6.7403796e-03  -1.1018397e-02   2.7184847e-03   1.7226014e-02   2.3909635e-02
  -8.9100000e+01   0.0000000e+00 -9.3976009e-159  -4.0657779e-56  -1.0773814e-20  -1.3927745e-08  -2.1575901e-04  -6.6493542e-03  -1.0621516e-02   3.0201281e-03   1.7354231e-02   2.3956406e-02
  -8.8650000e+01   0.0000000e+00 -1.2823092e-155  -3.3873997e-55  -2.1429280e-20  -1.6715118e-08  -2.2274503e-04  -6.5525139e-03  -1.0223517e-02   3.3205254e-03   1.7481808e-02   2.4002942e-02
  -8.8200000e+01   0.0000000e+00 -1.3026198e-152  -2.6999564e-54  -4.2219933e-20  -1.9978300e-08  -2.2954509e-04  -6.4497595e-03  -9.8244460e-03   3.6196711e-03   1.7608745e-02   2.4049242e-02
  -8.7750000e+01   0.0000000e+00 -6.6002593e-150  -2.0274662e-53  -8.2287910e-20  -2.3773149e-08  -2.3610209e-04  -6.3409935e-03  -9.4243475e-03   3.9175599e-03   1.7735041e-02   2.4095307e-02
  -8.7300000e+01   0.0000000e+00  4.5853800e-147  -1.3943245e-52  -1.5840207e-19  -2.8153363e-08  -2.4235317e-04  -6.2261206e-03  -9.0232669e-03   4.2141866e-03   1.7860697e-02   2.4141136e-02
  -8.6850000e+01   0.0000000e+00  1.4876689e-143  -8.2525651e-52  -3.0053402e-19  -3.3166333e-08  -2.4822929e-04  -6.1050475e-03  -8.6212496e-03   4.5095460e-03   1.7985713e-02   2.4186730e-02
  -8.6400000e+01   0.0000000e+00  2.0906868e-140  -3.4420219e-51  -5.6046376e-19  -3.8847307e-08  -2.5365494e-04  -5.9776835e-03  -8.2183414e-03   4.8036330e-03   1.8110087e-02   2.4232088e-02
  -8.5950000e+01   0.0000000e+00  2.1833197e-137   2.8400594e-51  -1.0235081e-18  -4.5211369e-08  -2.5854765e-04  -5.8439404e-03  -7.8145882e-03   5.0964423e-03   1.8233821e-02   2.4277211e-02
  -8.5500000e+01   0.0000000e+00  1.7188417e-134   2.8051822e-49  -1.8204068e-18  -5.2242603e-08  -2.6281772e-04  -5.7037325e-03  -7.4100361e-03   5.3879690e-03   1.8356914e-02   2.4322098e-02
  -8.5050000e+01   0.0000000e+00  5.7797671e-132   4.1594951e-48  -3.1271589e-18  -5.9879701e-08  -2.6636772e-04  -5.5569772e-03  -7.0047315e-03   5.6782081e-03   1.8479366e-02   2.4366750e-02
  -8.4600000e+01   0.0000000e+00 -1.4465081e-128   4.6347176e-47  -5.1161529e-18  -6.7997079e-08  -2.6909217e-04  -5.4035946e-03  -6.5987207e-03   5.9671545e-03   1.8601177e-02   2.4411166e-02
  -8.4150000e+01   0.0000000e+00 -4.5509807e-125   4.8373455e-46  -7.7619815e-18  -7.6380389e-08  -2.7087708e-04  -5.2435082e-03  -6.1920503e-03   6.2548033e-03   1.8722347e-02   2.4455347e-02
  -8.3700000e+01   0.0000000e+00 -8.5030682e-122   5.6398532e-45  -1.0265471e-17  -8.4695068e-08  -2.7159959e-04  -5.0766446e-03  -5.7847672e-03   6.5411497e-03   1.8842876e-02   2.4499292e-02
  -8.3250000e+01   0.0000000e+00 -1.1341482e-118   7.8608378e-44  -9.5449962e-18  -9.2446322e-08  -2.7112753e-04  -4.9029339e-03  -5.3769182e-03   6.8261888e-03   1.8962763e-02   2.4543002e-02
  -8.2800000e+01   0.0000000e+00 -7.3896145e-116   1.1662005e-42   3.4427987e-18  -9.8928609e-08  -2.6931906e-04  -4.7223097e-03  -4.9685502e-03   7.1099158e-03   1.9082008e-02   2.4586476e-02
  -8.2350000e+01   0.0000000e+00  3.7512851e-113   1.6088831e-41   5.2256254e-17  -1.0316236e-07  -2.6602224e-04  -4.5347095e-03  -4.5597104e-03   7.3923261e-03   1.9200613e-02   2.4629714e-02
  -8.1900000e+01  1.4825548e-313  6.8449393e-110   1.9446821e-40   1.9416303e-16  -1.0381525e-07  -2.6107467e-04  -4.3400747e-03  -4.1504459e-03   7.6734148e-03   1.9318575e-02   2.4672717e-02
  -8.1450000e+01  6.4148463e-305  4.0157093e-107   2.0423251e-39   5.6203475e-16  -9.9104897e-08  -2.5430308e-04  -4.1383505e-03  -3.7408040e-03   7.9531774e-03   1.9435896e-02   2.4715485e-02
  -8.1000000e+01  9.0561074e-297  1.6575097e-104   1.8859753e-38   1.4537179e-15  -8.6679394e-08  -2.4552298e-04  -3.9294865e-03  -3.3308319e-03   8.2316092e-03   1.9552574e-02   2.4758016e-02
  -8.0550000e+01  2.7038804e-289  5.2212889e-102   1.5568635e-37   3.5189823e-15  -6.3471356e-08  -2.3453835e-04  -3.7134365e-03  -2.9205772e-03   8.5087058e-03   1.9668611e-02   2.4800313e-02
  -8.0100000e+01  2.9368255e-282  8.6582000e-100   1.1685029e-36   8.1438843e-15  -2.5520787e-08  -2.2114122e-04  -3.4901589e-03  -2.5100871e-03   8.7844625e-03   1.9784006e-02   2.4842374e-02
  -7.9650000e+01 -4.7511934e-274  -4.5008182e-97   8.1644953e-36   1.8228774e-14   3.2238863e-08  -2.0511143e-04  -3.2596166e-03  -2.0994091e-03   9.0588750e-03   1.9898759e-02   2.4884199e-02
  -7.9200000e+01 -8.7520963e-266  -6.3751933e-94   5.5721472e-35   3.9740562e-14   1.1623771e-07  -1.8621633e-04  -3.0217772e-03  -1.6885907e-03   9.3319388e-03   2.0012869e-02   2.4925789e-02
  -7.8750000e+01 -4.4507070e-258  -4.7841676e-91   4.0553103e-34   8.4768132e-14   2.3457663e-07  -1.6421051e-04  -2.7766133e-03  -1.2776792e-03   9.6036495e-03   2.0126337e-02   2.4967143e-02
  -7.8300000e+01 -6.3686212e-251  -2.5787660e-88   3.4028575e-33   1.7745920e-13   3.9739262e-07  -1.3883556e-04  -2.5241024e-03  -8.6672212e-04   9.8740029e-03   2.0239163e-02   2.5008261e-02
  -7.7850000e+01 -5.0540701e-244  -7.4749895e-86   3.1801065e-32   3.6541271e-13   6.1729132e-07  -1.0981990e-04  -2.2642271e-03  -4.5576685e-04   1.0142995e-02   2.0351346e-02   2.5049144e-02
  -7.7400000e+01  2.4366142e-237   9.4027047e-84   2.9519148e-31   7.4127441e-13   9.0985655e-07  -7.6878624e-05  -1.9969753e-03  -4.4860736e-05   1.0410620e-02   2.0462886e-02   2.5089792e-02
  -7.6950000e+01  2.4868330e-229   9.1654381e-81   2.5035090e-30   1.4831841e-12   1.2942478e-06  -3.9713364e-05  -1.7223404e-03   3.6594891e-04   1.0676876e-02   2.0573784e-02   2.5130204e-02
  -7.6500000e+01  7.3404147e-222   2.1518609e-78   1.8848378e-29   2.9296323e-12   1.7938977e-06   1.9877526e-06  -1.4403209e-03   7.7661486e-04   1.0941758e-02   2.0684039e-02   2.5170380e-02
  -7.6050000e+01  6.6793583e-215   3.4740056e-76   1.2626544e-28   5.7163636e-12   2.4373223e-06   4.8550138e-05  -1.1509211e-03   1.1870899e-03   1.1205261e-02   2.0793652e-02   2.5210321e-02
  -7.5600000e+01  1.2275338e-208   4.3489571e-74   7.6283101e-28   1.1023802e-11   3.2590588e-06   1.0031270e-04  -8.5415114e-04   1.5973271e-03   1.1467382e-02   2.0902621e-02   2.5250026e-02
  -7.5150000e+01  1.0247115e-202   3.2931541e-72   4.2263895e-27   2.1018938e-11   4.3007437e-06   1.5762777e-04  -5.5002656e-04   2.0072794e-03   1.1728117e-02   2.1010948e-02   2.5289496e-02
  -7.4700000e+01 -5.6036789e-196  -3.4337073e-70   2.1965196e-26   3.9635157e-11   5.6123500e-06   2.2086093e-04  -2.3856898e-04   2.4168999e-03   1.1987461e-02   2.1118631e-02   2.5328730e-02
  -7.4250000e+01 -7.7145175e-189  -2.4128104e-67   1.1143724e-25   7.3932046e-11   7.2535963e-06   2.9039080e-04   8.0194089e-05   2.8261420e-03   1.2245411e-02   2.1225671e-02   2.5367729e-02
  -7.3800000e+01 -3.6049255e-182  -7.3432599e-65   5.8940435e-25   1.3643809e-10   9.2955466e-06   3.6660880e-04   4.0622914e-04   3.2349591e-03   1.2501963e-02   2.1332068e-02   2.5406492e-02
  -7.3350000e+01 -4.1324541e-176  -1.6037248e-62   3.4538838e-24   2.4913800e-10   1.1822417e-05   4.4991874e-04   7.3949658e-04   3.6433047e-03   1.2757113e-02   2.1437821e-02   2.5445019e-02
  -7.2900000e+01 -2.3700518e-170  -2.0400350e-60   2.2121353e-23   4.5017672e-10   1.4933601e-05   5.4073642e-04   1.0799507e-03   4.0511326e-03   1.3010857e-02   2.1542932e-02   2.5483311e-02
  -7.2450000e+01  3.2109733e-165   5.3433825e-59   1.4240732e-22   8.0499320e-10   1.8745939e-05   6.3948915e-04   1.4275395e-03   4.4583968e-03   1.3263192e-02   2.1647398e-02   2.5521367e-02
  -7.2000000e+01  4.0123670e-158   3.3950604e-56   8.5393620e-22   1.4245830e-09   2.3396230e-05   7.4661514e-04   1.7822049e-03   4.8650514e-03   1.3514114e-02   2.1751221e-02   2.5559188e-02
  -7.1550000e+01  7.9626605e-152   3.1799639e-54   4.6130940e-21   2.4950820e-09   2.9044009e-05   8.6256285e-04   2.1438824e-03   5.2710507e-03   1.3763619e-02   2.1854401e-02   2.5596773e-02
  -7.1100000e+01  4.1237771e-146   1.9994521e-52   2.2402617e-20   4.3250890e-09   3.5874592e-05   9.8779022e-04   2.5125013e-03   5.6763492e-03   1.4011704e-02   2.1956937e-02   2.5634123e-02
  -7.0650000e+01  4.2467062e-141   9.9014812e-51   9.8938601e-20   7.4204031e-09   4.4102395e-05   1.1227639e-03   2.8879845e-03   6.0809018e-03   1.4258364e-02   2.2058829e-02   2.5671237e-02
  -7.0200000e+01  2.4354829e-136   3.2850990e-49   4.0388056e-19   1.2600543e-08   5.3974524e-05   1.2679582e-03   3.2702486e-03   6.4846635e-03   1.4503598e-02   2.2160077e-02   2.5708115e-02
  -6.9750000e+01 -4.4672419e-131  -5.2339786e-48   1.5563763e-18   2.1178040e-08   6.5774628e-05   1.4238542e-03   3.6592038e-03   6.8875894e-03   1.4747400e-02   2.2260681e-02   2.5744758e-02
  -6.9300000e+01 -4.9926135e-125  -2.4190499e-45   5.8494125e-18   3.5230662e-08   7.9827006e-05   1.5909386e-03   4.0547539e-03   7.2896353e-03   1.4989768e-02   2.2360642e-02   2.5781165e-02
  -6.8850000e+01 -3.6300806e-119  -3.0332872e-43   2.2515875e-17   5.8009174e-08   9.6500942e-05   1.7697024e-03   4.4567964e-03   7.6907568e-03   1.5230698e-02   2.2459958e-02   2.5817337e-02
  -6.8400000e+01 -2.2816924e-113  -2.6920092e-41   9.2985768e-17   9.4539739e-08   1.1621524e-04   1.9606399e-03   4.8652227e-03   8.0909101e-03   1.5470188e-02   2.2558630e-02   2.5853273e-02
  -6.7950000e+01 -1.0677225e-107  -1.4824338e-39   4.1147136e-16   1.5250146e-07   1.3944293e-04   2.1642468e-03   5.2799176e-03   8.4900516e-03   1.5708233e-02   2.2656658e-02   2.5888974e-02
  -6.7500000e+01  6.6976716e-108   3.1894461e-39   1.8413579e-15   2.4348666e-07   1.6671606e-04   2.3810193e-03   5.7007598e-03   8.8881379e-03   1.5944830e-02   2.2754042e-02   2.5924438e-02
  -6.7050000e+01   3.8277883e-98   3.3154716e-36   7.8092579e-15   3.8478473e-07   1.9863058e-04   2.6114520e-03   6.1276217e-03   9.2851262e-03   1.6179976e-02   2.2850781e-02   2.5959668e-02
  -6.6600000e+01   2.9327697e-94   1.2448757e-34   3.0306291e-14   6.0187036e-07   2.3585118e-04   2.8560364e-03   6.5603698e-03   9.6809738e-03   1.6413669e-02   2.2946876e-02   2.5994662e-02
  -6.6150000e+01   1.6745713e-90   3.0665886e-33   1.0698484e-13   9.3182256e-07   2.7911604e-04   3.1152595e-03   6.9988641e-03   1.0075638e-02   1.6645904e-02   2.3042327e-02   2.6029420e-02
  -6.5700000e+01   8.3558847e-87   6.0439493e-32   3.4679474e-13   1.4279515e-06   3.2924145e-04   3.3896010e-03   7.4429591e-03   1.0469078e-02   1.6876679e-02   2.3137133e-02   2.6063942e-02
  -6.5250000e+01   3.2084702e-83   8.6787771e-31   1.0480915e-12   2.1659625e-06   3.8712604e-04   3.6795324e-03   7.8925029e-03   1.0861251e-02   1.7105991e-02   2.3231294e-02   2.6098229e-02
  -6.4800000e+01  -2.3568447e-79   9.4599105e-31   3.0091642e-12   3.2520365e-06   4.5375472e-04   3.9855140e-03   8.3473381e-03   1.1252116e-02   1.7333836e-02   2.3324811e-02   2.6132281e-02
  -6.4350000e+01  -1.9023080e-74  -5.9565678e-28   8.4143832e-12   4.8332472e-06   5.3020213e-04   4.3079936e-03   8.8073015e-03   1.1641633e-02   1.7560213e-02   2.3417683e-02   2.6166096e-02
  -6.3900000e+01  -6.7184194e-70  -3.1597285e-26   2.3677745e-11   7.1107589e-06   6.1763535e-04   4.6474036e-03   9.2722242e-03   1.2029760e-02   1.7785117e-02   2.3509910e-02   2.6199677e-02
  -6.3450000e+01  -4.6512930e-66  -1.1152618e-24   6.9143057e-11   1.0356247e-05   7.1731605e-04   5.0041590e-03   9.7419318e-03   1.2416459e-02   1.8008546e-02   2.3601492e-02   2.6233021e-02
  -6.3000000e+01  -8.3811175e-63  -2.4775737e-23   2.1051271e-10   1.4931941e-05   8.3060162e-04   5.3786550e-03   1.0216245e-02   1.2801688e-02   1.8230497e-02   2.3692430e-02   2.6266130e-02
  -6.2550000e+01  -2.3063896e-60  -4.2724681e-23   6.4672493e-10   2.1314600e-05   9.5894540e-04   5.7712646e-03   1.0694978e-02   1.3185410e-02   1.8450967e-02   2.3782723e-02   2.6299004e-02
  -6.2100000e+01   6.4086541e-56   7.6556800e-21   1.9128058e-09   3.0123584e-05   1.1038958e-03   6.1823362e-03   1.1177941e-02   1.3567585e-02   1.8669954e-02   2.3872370e-02   2.6331641e-02
  -6.1650000e+01   3.9904099e-52   1.2327272e-19   5.2758642e-09   4.2152967e-05   1.2670942e-03   6.6121906e-03   1.1664940e-02   1.3948175e-02   1.8887454e-02   2.3961373e-02   2.6364044e-02
  -6.1200000e+01   1.2461855e-48   1.2296330e-18   1.3447618e-08   5.8407342e-05   1.4502714e-03   7.0611191e-03   1.2155775e-02   1.4327142e-02   1.9103466e-02   2.4049730e-02   2.6396210e-02
  -6.0750000e+01   9.6373105e-46   9.8038254e-18   3.1869533e-08   8.0140633e-05   1.6552430e-03   7.5293803e-03   1.2650241e-02   1.4704448e-02   1.9317986e-02   2.4137443e-02   2.6428141e-02
  -6.0300000e+01   2.8553153e-43   6.0853257e-17   7.1124824e-08   1.0889678e-04   1.8839026e-03   8.0171979e-03   1.3148130e-02   1.5080057e-02   1.9531012e-02   2.4224510e-02   2.6459837e-02
  -5.9850000e+01  -4.7741963e-41   1.6801692e-16   1.5182364e-07   1.4655072e-04   2.1382146e-03   8.5247579e-03   1.3649229e-02   1.5453932e-02   1.9742542e-02   2.4310931e-02   2.6491296e-02
  -5.9400000e+01  -3.7746201e-37  -3.1237406e-15   3.1568224e-07   1.9534769e-04   2.4202039e-03   9.0522059e-03   1.4153321e-02   1.5826037e-02   1.9952572e-02   2.4396708e-02   2.6522521e-02
  -5.8950000e+01  -7.5576095e-34  -7.8766029e-14   6.5277000e-07   2.5793824e-04   2.7319451e-03   9.5996447e-03   1.4660185e-02   1.6196336e-02   2.0161100e-02   2.4481839e-02   2.6553509e-02
  -5.8500000e+01  -2.9777549e-31  -1.1302091e-12   1.3668113e-06   3.3740651e-04   3.0755497e-03   1.0167132e-02   1.5169596e-02   1.6564794e-02   2.0368124e-02   2.4566325e-02   2.6584262e-02
  -5.8050000e+01  -3.5984833e-29  -1.0165901e-11   2.9093191e-06   4.3728854e-04   3.4531516e-03   1.0754676e-02   1.5681328e-02   1.6931376e-02   2.0573642e-02   2.4650165e-02   2.6614779e-02
  -5.7600000e+01  -1.2099229e-27  -1.4658946e-11   6.1860251e-06   5.6157815e-04   3.8668913e-03   1.1362238e-02   1.6195150e-02   1.7296049e-02   2.0777650e-02   2.4733359e-02   2.6645061e-02
  -5.7150000e+01   9.5767421e-25   4.6316333e-10   1.2756630e-05   7.1471781e-04   4.3188980e-03   1.1989723e-02   1.6710826e-02   1.7658779e-02   2.0980147e-02   2.4815908e-02   2.6675107e-02
  -5.6700000e+01   4.2863568e-22   3.2310251e-09   2.4918764e-05   9.0157272e-04   4.8112713e-03   1.2636984e-02   1.7228121e-02   1.8019532e-02   2.1181131e-02   2.4897812e-02   2.6704918e-02
  -5.6250000e+01   1.0706223e-19   1.3167562e-08   4.5717445e-05   1.1273871e-03   5.3460606e-03   1.3303814e-02   1.7746797e-02   1.8378277e-02   2.1380598e-02   2.4979069e-02   2.6734493e-02
  -5.5800000e+01   7.6041017e-18   4.3067583e-08   7.9074110e-05   1.3977227e-03   5.9252443e-03   1.3989951e-02   1.8266610e-02   1.8734980e-02   2.1578547e-02   2.5059681e-02   2.6763832e-02
  -5.5350000e+01   1.6625119e-16   1.1750968e-07   1.3019212e-04   1.7183805e-03   6.5507073e-03   1.4695071e-02   1.8787319e-02   1.9089610e-02   2.1774976e-02   2.5139647e-02   2.6792936e-02
  -5.4900000e+01   5.2357404e-16   2.3161102e-07   2.0638783e-04   2.0953076e-03   7.2242185e-03   1.5418787e-02   1.9308678e-02   1.9442137e-02   2.1969882e-02   2.5218968e-02   2.6821804e-02
  -5.4450000e+01  -4.3072973e-13  -1.9938534e-08   3.1868419e-04   2.5344926e-03   7.9474073e-03   1.6160650e-02   1.9830442e-02   1.9792530e-02   2.2163264e-02   2.5297642e-02   2.6850436e-02
  -5.4000000e+01  -5.5342968e-11  -3.5163846e-06   4.8458948e-04   3.0418533e-03   8.7217401e-03   1.6920146e-02   2.0352361e-02   2.0140758e-02   2.2355119e-02   2.5375670e-02   2.6878833e-02
  -5.3550000e+01  -1.4134554e-09  -2.3576602e-05   7.3165592e-04   3.6231205e-03   9.5484965e-03   1.7696698e-02   2.0874189e-02   2.0486793e-02   2.2545445e-02   2.5453053e-02   2.6906994e-02
  -5.3100000e+01  -1.1665079e-08  -8.9012867e-05   1.0986451e-03   4.2837245e-03   1.0428746e-02   1.8489660e-02   2.1395675e-02   2.0830605e-02   2.2734240e-02   2.5529789e-02   2.6934920e-02
  -5.2650000e+01  -3.5751760e-08  -6.2924507e-05   1.6279489e-03   5.0286863e-03   1.1363327e-02   1.9298323e-02   2.1916570e-02   2.1172165e-02   2.2921502e-02   2.5605880e-02   2.6962610e-02
  -5.2200000e+01   1.0992903e-06   6.9398839e-04   2.3472058e-03   5.8625201e-03   1.2352819e-02   2.0121911e-02   2.2436625e-02   2.1511447e-02   2.3107229e-02   2.5681324e-02   2.6990064e-02
  -5.1750000e+01   3.5722330e-05   2.0806863e-03   3.2532120e-03   6.7891480e-03   1.3397532e-02   2.0959585e-02   2.2955589e-02   2.1848423e-02   2.3291420e-02   2.5756122e-02   2.7017283e-02
  -5.1300000e+01   6.5337528e-04   3.5379227e-03   4.3155490e-03   7.8118295e-03   1.4497474e-02   2.1810438e-02   2.3473215e-02   2.2183066e-02   2.3474072e-02   2.5830274e-02   2.7044266e-02
  -5.0850000e+01   3.7614836e-03   4.9570727e-03   5.4958922e-03   8.9331052e-03   1.5652345e-02   2.2673504e-02   2.3989252e-02   2.2515350e-02   2.3655183e-02   2.5903780e-02   2.7071013e-02
  -5.0400000e+01   6.1968405e-03   6.3503145e-03   6.7640897e-03   1.0154754e-02   1.6861513e-02   2.3547751e-02   2.4503455e-02   2.2845248e-02   2.3834752e-02   2.5976639e-02   2.7097525e-02
  -4.9950000e+01   7.7027991e-03   7.7326749e-03   8.1031973e-03   1.1477760e-02   1.8124002e-02   2.4432091e-02   2.5015577e-02   2.3172737e-02   2.4012777e-02   2.6048852e-02   2.7123801e-02
  -4.9500000e+01   9.2332849e-03   9.1157036e-03   9.5085548e-03   1.2902291e-02   1.9438483e-02   2.5325377e-02   2.5525373e-02   2.3497791e-02   2.4189256e-02   2.6120419e-02   2.7149842e-02
  -4.9050000e+01   1.1858160e-02   1.0507956e-02   1.0986978e-02   1.4427682e-02   2.0803258e-02   2.6226406e-02   2.6032601e-02   2.3820387e-02   2.4364187e-02   2.6191340e-02   2.7175647e-02
  -4.8600000e+01   1.4712326e-02   1.1904611e-02   1.2557914e-02   1.6052425e-02   2.2216262e-02   2.7133925e-02   2.6537021e-02   2.4140501e-02   2.4537569e-02   2.6261614e-02   2.7201216e-02
  -4.8150000e+01   1.5131732e-02   1.3254260e-02   1.4253787e-02   1.7774165e-02   2.3675050e-02   2.8046632e-02   2.7038393e-02   2.4458109e-02   2.4709399e-02   2.6331241e-02   2.7226550e-02
  -4.7700000e+01   1.5151013e-02   1.4544096e-02   1.6112937e-02   1.9589704e-02   2.5176803e-02   2.8963179e-02   2.7536483e-02   2.4773191e-02   2.4879677e-02   2.6400222e-02   2.7251648e-02
  -4.7250000e+01   1.5152913e-02   1.6366879e-02   1.8161704e-02   2.1495015e-02   2.6718325e-02   2.9882179e-02   2.8031058e-02   2.5085723e-02   2.5048401e-02   2.6468557e-02   2.7276510e-02
  -4.6800000e+01   1.5203056e-02   1.9028313e-02   2.0396837e-02   2.3485262e-02   2.8296053e-02   3.0802208e-02   2.8521889e-02   2.5395684e-02   2.5215569e-02   2.6536244e-02   2.7301137e-02
  -4.6350000e+01   1.6194035e-02   2.1904466e-02   2.2786351e-02   2.5554834e-02   2.9906060e-02   3.1721810e-02   2.9008750e-02   2.5703055e-02   2.5381179e-02   2.6603286e-02   2.7325528e-02
  -4.5900000e+01   2.2133989e-02   2.4743970e-02   2.5287577e-02   2.7697389e-02   3.1544068e-02   3.2639504e-02   2.9491418e-02   2.6007814e-02   2.5545230e-02   2.6669680e-02   2.7349683e-02
  -4.5450000e+01   2.7252806e-02   2.7535678e-02   2.7863746e-02   2.9905910e-02   3.3205467e-02   3.3553786e-02   2.9969676e-02   2.6309941e-02   2.5707721e-02   2.6735428e-02   2.7373603e-02
  -4.5000000e+01   3.0303030e-02   3.0303244e-02   3.0489348e-02   3.2172759e-02   3.4885325e-02   3.4463136e-02   3.0443311e-02   2.6609418e-02   2.5868650e-02   2.6800529e-02   2.7397287e-02
  -4.4550000e+01   3.3353254e-02   3.3070626e-02   3.3148100e-02   3.4489749e-02   3.6578416e-02   3.5366027e-02   3.0912112e-02   2.6906227e-02   2.6028015e-02   2.6864984e-02   2.7420736e-02
  -4.4100000e+01   3.8472071e-02   3.5860110e-02   3.5829451e-02   3.6848202e-02   3.8279242e-02   3.6260924e-02   3.1375875e-02   2.7200348e-02   2.6185816e-02   2.6928791e-02   2.7443949e-02
  -4.3650000e+01   4.4412025e-02   3.8685732e-02   3.8526054e-02   3.9239018e-02   3.9982060e-02   3.7146297e-02   3.1834400e-02   2.7491765e-02   2.6342050e-02   2.6991952e-02   2.7466926e-02
  -4.3200000e+01   4.5402997e-02   4.1509366e-02   4.1232400e-02   4.1652734e-02   4.1680915e-02   3.8020622e-02   3.2287495e-02   2.7780460e-02   2.6496717e-02   2.7054466e-02   2.7489668e-02
  -4.2750000e+01   4.5453113e-02   4.4137082e-02   4.3944143e-02   4.4079578e-02   4.3369668e-02   3.8882390e-02   3.2734969e-02   2.8066417e-02   2.6649815e-02   2.7116333e-02   2.7512174e-02
  -4.2300000e+01   4.5455478e-02   4.6497823e-02   4.6657692e-02   4.6509521e-02   4.5042041e-02   3.9730112e-02   3.3176641e-02   2.8349620e-02   2.6801342e-02   2.7177553e-02   2.7534444e-02
  -4.1850000e+01   4.5494094e-02   4.9092934e-02   4.9369759e-02   4.8932318e-02   4.6691652e-02   4.0562328e-02   3.3612332e-02   2.8630053e-02   2.6951298e-02   2.7238126e-02   2.7556479e-02
  -4.1400000e+01   4.6332921e-02   5.1909564e-02   5.2076839e-02   5.1337544e-02   4.8312054e-02   4.1377608e-02   3.4041872e-02   2.8907701e-02   2.7099682e-02   2.7298053e-02   2.7578278e-02
  -4.0950000e+01   5.2041255e-02   5.4736311e-02   5.4774736e-02   5.3714632e-02   4.9896788e-02   4.2174563e-02   3.4465097e-02   2.9182550e-02   2.7246491e-02   2.7357332e-02   2.7599842e-02
  -4.0500000e+01   5.7291006e-02   5.7526411e-02   5.7458135e-02   5.6052894e-02   5.1439420e-02   4.2951848e-02   3.4881849e-02   2.9454586e-02   2.7391725e-02   2.7415964e-02   2.7621169e-02
  -4.0050000e+01   6.0351978e-02   6.0292872e-02   6.0119972e-02   5.8341555e-02   5.2933600e-02   4.3708170e-02   3.5291976e-02   2.9723795e-02   2.7535383e-02   2.7473949e-02   2.7642262e-02
  -3.9600000e+01   6.3363895e-02   6.3057349e-02   6.2750158e-02   6.0569768e-02   5.4373103e-02   4.4442291e-02   3.5695334e-02   2.9990164e-02   2.7677463e-02   2.7531287e-02   2.7663118e-02
  -3.9150000e+01   6.8234609e-02   6.5842038e-02   6.5333170e-02   6.2726643e-02   5.5751885e-02   4.5153036e-02   3.6091787e-02   3.0253681e-02   2.7817965e-02   2.7587978e-02   2.7683739e-02
  -3.8700000e+01   7.4450825e-02   6.8668892e-02   6.7844537e-02   6.4801264e-02   5.7064138e-02   4.5839298e-02   3.6481204e-02   3.0514333e-02   2.7956886e-02   2.7644021e-02   2.7704124e-02
  -3.8250000e+01   7.5686125e-02   7.1536625e-02   7.0248277e-02   6.6782714e-02   5.8304337e-02   4.6500039e-02   3.6863464e-02   3.0772110e-02   2.8094227e-02   2.7699418e-02   2.7724274e-02
  -3.7800000e+01   7.5755344e-02   7.4256546e-02   7.2500915e-02   6.8660094e-02   5.9467296e-02   4.7134300e-02   3.7238450e-02   3.1026999e-02   2.8229986e-02   2.7754167e-02   2.7744188e-02
  -3.7350000e+01   7.5757911e-02   7.6212208e-02   7.4566849e-02   7.0422548e-02   6.0548219e-02   4.7741200e-02   3.7606057e-02   3.1278990e-02   2.8364162e-02   2.7808269e-02   2.7763866e-02
  -3.6900000e+01   7.5773360e-02   7.7526156e-02   7.6437183e-02   7.2059286e-02   6.1542751e-02   4.8319944e-02   3.7966185e-02   3.1528072e-02   2.8496754e-02   2.7861724e-02   2.7783309e-02
  -3.6450000e+01   7.6143592e-02   7.8861151e-02   7.8133073e-02   7.3559614e-02   6.2447025e-02   4.8869824e-02   3.8318742e-02   3.1774237e-02   2.8627761e-02   2.7914531e-02   2.7802515e-02
  -3.6000000e+01   7.8911433e-02   8.0249952e-02   7.9689263e-02   7.4912974e-02   6.3257707e-02   4.9390220e-02   3.8663647e-02   3.2017474e-02   2.8757182e-02   2.7966691e-02   2.7821487e-02
  -3.5550000e+01   8.1545279e-02   8.1638441e-02   8.1134969e-02   7.6108992e-02   6.3972038e-02   4.9880606e-02   3.9000822e-02   3.2257774e-02   2.8885016e-02   2.8018204e-02   2.7840222e-02
  -3.5100000e+01   8.3066362e-02   8.3018751e-02   8.2484966e-02   7.7137548e-02   6.4587873e-02   5.0340550e-02   3.9330202e-02   3.2495130e-02   2.9011262e-02   2.8069070e-02   2.7858722e-02
  -3.4650000e+01   8.4539814e-02   8.4397675e-02   8.3738284e-02   7.7988869e-02   6.5103711e-02   5.0769716e-02   3.9651728e-02   3.2729532e-02   2.9135919e-02   2.8119288e-02   2.7876987e-02
  -3.4200000e+01   8.6774076e-02   8.5785851e-02   8.4877244e-02   7.8653649e-02   6.5518720e-02   5.1167865e-02   3.9965351e-02   3.2960973e-02   2.9258987e-02   2.8168858e-02   2.7895016e-02
  -3.3750000e+01   9.0016200e-02   8.7202785e-02   8.5863329e-02   7.9123210e-02   6.5832760e-02   5.1534852e-02   4.0271027e-02   3.3189445e-02   2.9380464e-02   2.8217782e-02   2.7912809e-02
  -3.3300000e+01   9.0853670e-02   8.8688698e-02   8.6632891e-02   7.9389693e-02   6.6046392e-02   5.1870631e-02   4.0568724e-02   3.3414942e-02   2.9500350e-02   2.8266057e-02   2.7930366e-02
  -3.2850000e+01   9.0907188e-02   9.0176767e-02   8.7103712e-02   7.9446290e-02   6.6160883e-02   5.2175253e-02   4.0858418e-02   3.3637457e-02   2.9618643e-02   2.8313685e-02   2.7947688e-02
  -3.2400000e+01   9.0908982e-02   9.0707591e-02   8.7203939e-02   7.9287517e-02   6.6178201e-02   5.2448861e-02   4.1140090e-02   3.3856984e-02   2.9735344e-02   2.8360666e-02   2.7964774e-02
  -3.1950000e+01   9.0896191e-02   8.9559019e-02   8.6911691e-02   7.8909521e-02   6.6101003e-02   5.2691695e-02   4.1413734e-02   3.4073516e-02   2.9850451e-02   2.8406999e-02   2.7981624e-02
  -3.1500000e+01   9.0554100e-02   8.8024207e-02   8.6267337e-02   7.8310422e-02   6.5932614e-02   5.2904082e-02   4.1679351e-02   3.4287048e-02   2.9963963e-02   2.8452685e-02   2.7998239e-02
  -3.1050000e+01   8.7833673e-02   8.6577432e-02   8.5343945e-02   7.7490670e-02   6.5676990e-02   5.3086442e-02   4.1936947e-02   3.4497576e-02   3.0075880e-02   2.8497723e-02   2.8014618e-02
  -3.0600000e+01   8.5266263e-02   8.5183189e-02   8.4207882e-02   7.6453432e-02   6.5338685e-02   5.3239278e-02   4.2186542e-02   3.4705094e-02   3.0186201e-02   2.8542114e-02   2.8030761e-02
  -3.0150000e+01   8.3770771e-02   8.3806050e-02   8.2899065e-02   7.5204966e-02   6.4922797e-02   5.3363176e-02   4.2428160e-02   3.4909597e-02   3.0294925e-02   2.8585857e-02   2.8046669e-02
  -2.9700000e+01   8.2342477e-02   8.2432279e-02   8.1428669e-02   7.3754981e-02   6.4434912e-02   5.3458802e-02   4.2661835e-02   3.5111081e-02   3.0402051e-02   2.8628952e-02   2.8062341e-02
  -2.9250000e+01   8.0429806e-02   8.1057691e-02   7.9779976e-02   7.2116953e-02   6.3881040e-02   5.3526895e-02   4.2887608e-02   3.5309543e-02   3.0507579e-02   2.8671400e-02   2.8077778e-02
  -2.8800000e+01   7.7206789e-02   7.9694515e-02   7.7904477e-02   7.0308364e-02   6.3267544e-02   5.3568265e-02   4.3105530e-02   3.5504979e-02   3.0611509e-02   2.8713199e-02   2.8092979e-02
  -2.8350000e+01   7.5870452e-02   7.8410683e-02   7.5716396e-02   6.8350828e-02   6.2601061e-02   5.3583786e-02   4.3315658e-02   3.5697386e-02   3.0713839e-02   2.8754352e-02   2.8107944e-02
  -2.7900000e+01   7.5762097e-02   7.7277137e-02   7.3101656e-02   6.6270071e-02   6.1888423e-02   5.3574395e-02   4.3518056e-02   3.5886759e-02   3.0814568e-02   2.8794856e-02   2.8122673e-02
  -2.7450000e+01   7.5757319e-02   7.5180506e-02   6.9960439e-02   6.4095733e-02   6.1136573e-02   5.3541083e-02   4.3712799e-02   3.6073098e-02   3.0913698e-02   2.8834713e-02   2.8137167e-02
  -2.7000000e+01   7.5714088e-02   7.0340231e-02   6.6270236e-02   6.1860958e-02   6.0352478e-02   5.3484889e-02   4.3899966e-02   3.6256398e-02   3.1011225e-02   2.8873922e-02   2.8151425e-02
  -2.6550000e+01   7.4322708e-02   6.4605375e-02   6.2112261e-02   5.9601758e-02   5.9543048e-02   5.3406900e-02   4.4079646e-02   3.6436658e-02   3.1107151e-02   2.8912484e-02   2.8165448e-02
  -2.6100000e+01   6.3344264e-02   5.8993170e-02   5.7632296e-02   5.7356153e-02   5.8715048e-02   5.3308237e-02   4.4251932e-02   3.6613877e-02   3.1201474e-02   2.8950397e-02   2.8179235e-02
  -2.5650000e+01   5.3954549e-02   5.3478787e-02   5.2981991e-02   5.5163107e-02   5.7875022e-02   5.3190059e-02   4.4416927e-02   3.6788051e-02   3.1294194e-02   2.8987663e-02   2.8192786e-02
  -2.5200000e+01   4.8133953e-02   4.8000037e-02   4.8291364e-02   5.3061278e-02   5.7029221e-02   5.3053548e-02   4.4574738e-02   3.6959179e-02   3.1385311e-02   2.9024281e-02   2.8206101e-02
  -2.4750000e+01   4.2635863e-02   4.2531463e-02   4.3675667e-02   5.1087651e-02   5.6183531e-02   5.2899908e-02   4.4725481e-02   3.7127261e-02   3.1474823e-02   2.9060251e-02   2.8219181e-02
  -2.4300000e+01   3.7149206e-02   3.7058105e-02   3.9259744e-02   4.9276119e-02   5.5343418e-02   5.2730361e-02   4.4869276e-02   3.7292295e-02   3.1562731e-02   2.9095573e-02   2.8232025e-02
  -2.3850000e+01   3.1656399e-02   3.1541702e-02   3.5210023e-02   4.7656076e-02   5.4513877e-02   5.2546137e-02   4.5006251e-02   3.7454280e-02   3.1649034e-02   2.9130248e-02   2.8244634e-02
  -2.3400000e+01   2.6157948e-02   2.5831495e-02   3.1763942e-02   4.6251137e-02   5.3699394e-02   5.2348469e-02   4.5136538e-02   3.7613215e-02   3.1733731e-02   2.9164274e-02   2.8257007e-02
  -2.2950000e+01   2.0617214e-02   1.9726348e-02   2.9225279e-02   4.5078042e-02   5.2903918e-02   5.2138592e-02   4.5260275e-02   3.7769100e-02   3.1816822e-02   2.9197653e-02   2.8269144e-02
  -2.2500000e+01   1.5151541e-02   1.5668184e-02   2.7879661e-02   4.4145850e-02   5.2130846e-02   5.1917731e-02   4.5377605e-02   3.7921934e-02   3.1898306e-02   2.9230384e-02   2.8281045e-02
  -2.2050000e+01   1.9241025e-02   1.8355271e-02   2.7847480e-02   4.3455468e-02   5.1383015e-02   5.1687103e-02   4.5488678e-02   3.8071718e-02   3.1978183e-02   2.9262467e-02   2.8292711e-02
  -2.1600000e+01   2.3406260e-02   2.3090521e-02   2.9004384e-02   4.2999570e-02   5.0662716e-02   5.1447905e-02   4.5593644e-02   3.8218450e-02   3.2056453e-02   2.9293902e-02   2.8304141e-02
  -2.1150000e+01   2.7530177e-02   2.7431917e-02   3.1060666e-02   4.2762921e-02   4.9971708e-02   5.1201316e-02   4.5692663e-02   3.8362132e-02   3.2133115e-02   2.9324689e-02   2.8315336e-02
  -2.0700000e+01   3.1649783e-02   3.1580473e-02   3.3707977e-02   4.2723078e-02   4.9311247e-02   5.0948488e-02   4.5785894e-02   3.8502764e-02   3.2208169e-02   2.9354828e-02   2.8326295e-02
  -2.0250000e+01   3.5764776e-02   3.5686609e-02   3.6703154e-02   4.2851445e-02   4.8682126e-02   5.0690544e-02   4.5873503e-02   3.8640345e-02   3.2281614e-02   2.9384319e-02   2.8337018e-02
  -1.9800000e+01   3.9888344e-02   3.9787752e-02   3.9871829e-02   4.3114593e-02   4.8084723e-02   5.0428574e-02   4.5955657e-02   3.8774876e-02   3.2353450e-02   2.9413162e-02   2.8347505e-02
  -1.9350000e+01   4.4253790e-02   4.3897624e-02   4.3077126e-02   4.3475788e-02   4.7519048e-02   5.0163630e-02   4.6032528e-02   3.8906359e-02   3.2423677e-02   2.9441357e-02   2.8357757e-02
  -1.8900000e+01   5.1296077e-02   4.8042832e-02   4.6184602e-02   4.3896614e-02   4.6984806e-02   4.9896726e-02   4.6104289e-02   3.9034793e-02   3.2492294e-02   2.9468904e-02   2.8367773e-02
  -1.8450000e+01   5.9529918e-02   5.2302676e-02   4.9034411e-02   4.4338607e-02   4.6481454e-02   4.9628831e-02   4.6171118e-02   3.9160179e-02   3.2559301e-02   2.9495803e-02   2.8377554e-02
  -1.8000000e+01   6.0573504e-02   5.6748518e-02   5.1434687e-02   4.4764825e-02   4.6008264e-02   4.9360872e-02   4.6233191e-02   3.9282519e-02   3.2624697e-02   2.9522054e-02   2.8387099e-02
  -1.7550000e+01   6.0605931e-02   6.0153648e-02   5.3199704e-02   4.5141262e-02   4.5564382e-02   4.9093727e-02   4.6290689e-02   3.9401814e-02   3.2688483e-02   2.9547657e-02   2.8396408e-02
  -1.7100000e+01   6.0601699e-02   5.9935283e-02   5.4229084e-02   4.5438061e-02   4.5148882e-02   4.8828226e-02   4.6343793e-02   3.9518064e-02   3.2750657e-02   2.9572612e-02   2.8405481e-02
  -1.6650000e+01   6.0493201e-02   5.8257748e-02   5.4560484e-02   4.5630478e-02   4.4760827e-02   4.8565147e-02   4.6392684e-02   3.9631270e-02   3.2811220e-02   2.9596919e-02   2.8414319e-02
  -1.6200000e+01   5.9156848e-02   5.6725161e-02   5.4334694e-02   4.5699585e-02   4.4399305e-02   4.8305220e-02   4.6437546e-02   3.9741434e-02   3.2870172e-02   2.9620578e-02   2.8422921e-02
  -1.5750000e+01   5.5933830e-02   5.5310726e-02   5.3712137e-02   4.5632698e-02   4.4063477e-02   4.8049119e-02   4.6478562e-02   3.9848558e-02   3.2927511e-02   2.9643589e-02   2.8431288e-02
  -1.5300000e+01   5.4021160e-02   5.3929671e-02   5.2817170e-02   4.5423557e-02   4.3752601e-02   4.7797470e-02   4.6515914e-02   3.9952642e-02   3.2983238e-02   2.9665952e-02   2.8439418e-02
  -1.4850000e+01   5.2592866e-02   5.2555936e-02   5.1727875e-02   4.5072265e-02   4.3466060e-02   4.7550844e-02   4.6549785e-02   4.0053687e-02   3.3037353e-02   2.9687666e-02   2.8447313e-02
  -1.4400000e+01   5.1097374e-02   5.1180519e-02   5.0486437e-02   4.4585034e-02   4.3203365e-02   4.7309761e-02   4.6580356e-02   4.0151696e-02   3.3089854e-02   2.9708733e-02   2.8454973e-02
  -1.3950000e+01   4.8529964e-02   4.9799642e-02   4.9109445e-02   4.3973760e-02   4.2964167e-02   4.7074691e-02   4.6607809e-02   4.0246669e-02   3.3140743e-02   2.9729151e-02   2.8462397e-02
  -1.3500000e+01   4.5809543e-02   4.8425176e-02   4.7592991e-02   4.3255465e-02   4.2748241e-02   4.6846050e-02   4.6632320e-02   4.0338608e-02   3.3190019e-02   2.9748922e-02   2.8469585e-02
  -1.3050000e+01   4.5467497e-02   4.7110084e-02   4.5917234e-02   4.2451617e-02   4.2555474e-02   4.6624208e-02   4.6654069e-02   4.0427515e-02   3.3237681e-02   2.9768044e-02   2.8476537e-02
  -1.2600000e+01   4.5454762e-02   4.5750938e-02   4.4058708e-02   4.1587370e-02   4.2385842e-02   4.6409488e-02   4.6673229e-02   4.0513391e-02   3.3283729e-02   2.9786518e-02   2.8483254e-02
  -1.2150000e+01   4.5450648e-02   4.3631912e-02   4.2011735e-02   4.0690717e-02   4.2239375e-02   4.6202163e-02   4.6689974e-02   4.0596237e-02   3.3328164e-02   2.9804344e-02   2.8489735e-02
  -1.1700000e+01   4.5343690e-02   4.0859659e-02   3.9804004e-02   3.9791586e-02   4.2116123e-02   4.6002466e-02   4.6704473e-02   4.0676056e-02   3.3370984e-02   2.9821521e-02   2.8495980e-02
  -1.1250000e+01   4.3668762e-02   3.8011227e-02   3.7490817e-02   3.8920873e-02   4.2016116e-02   4.5810586e-02   4.6716892e-02   4.0752847e-02   3.3412190e-02   2.9838051e-02   2.8501990e-02
  -1.0800000e+01   3.7184516e-02   3.5205257e-02   3.5136415e-02   3.8109448e-02   4.1939320e-02   4.5626673e-02   4.6727395e-02   4.0826614e-02   3.3451781e-02   2.9853932e-02   2.8507764e-02
  -1.0350000e+01   3.2715992e-02   3.2433133e-02   3.2802118e-02   3.7387121e-02   4.1885595e-02   4.5450838e-02   4.6736140e-02   4.0897357e-02   3.3489758e-02   2.9869165e-02   2.8513303e-02
  -9.9000000e+00   2.9769088e-02   2.9675993e-02   3.0547865e-02   3.6781624e-02   4.1854655e-02   4.5283161e-02   4.6743283e-02   4.0965077e-02   3.3526120e-02   2.9883750e-02   2.8518605e-02
  -9.4500000e+00   2.6726921e-02   2.6913319e-02   2.8443222e-02   3.6317609e-02   4.1846028e-02   4.5123686e-02   4.6748976e-02   4.1029777e-02   3.3560867e-02   2.9897687e-02   2.8523672e-02
  -9.0000000e+00   2.1459230e-02   2.4111725e-02   2.6584607e-02   3.6015713e-02   4.1859026e-02   4.4972431e-02   4.6753363e-02   4.1091458e-02   3.3593999e-02   2.9910976e-02   2.8528504e-02
  -8.5500000e+00   1.5923539e-02   2.1193649e-02   2.5114856e-02   3.5891722e-02   4.1892715e-02   4.4829385e-02   4.6756587e-02   4.1150120e-02   3.3625516e-02   2.9923616e-02   2.8533099e-02
  -8.1000000e+00   1.5183002e-02   1.8065589e-02   2.4229129e-02   3.5955885e-02   4.1945896e-02   4.4694517e-02   4.6758784e-02   4.1205765e-02   3.3655417e-02   2.9935609e-02   2.8537459e-02
  -7.6500000e+00   1.5151936e-02   1.5620308e-02   2.4135851e-02   3.6212402e-02   4.2017099e-02   4.4567773e-02   4.6760084e-02   4.1258395e-02   3.3683702e-02   2.9946953e-02   2.8541584e-02
  -7.2000000e+00   1.5154747e-02   1.7007371e-02   2.4963384e-02   3.6659141e-02   4.2104577e-02   4.4449082e-02   4.6760612e-02   4.1308011e-02   3.3710372e-02   2.9957649e-02   2.8545472e-02
  -6.7500000e+00   1.5258671e-02   2.1274391e-02   2.6679166e-02   3.7287587e-02   4.2206315e-02   4.4338359e-02   4.6760489e-02   4.1354613e-02   3.3735426e-02   2.9967696e-02   2.8549125e-02
  -6.3000000e+00   1.7111640e-02   2.5739490e-02   2.9108218e-02   3.8083059e-02   4.2320053e-02   4.4235507e-02   4.6759826e-02   4.1398204e-02   3.3758864e-02   2.9977096e-02   2.8552543e-02
  -5.8500000e+00   2.6435966e-02   3.0019560e-02   3.2029123e-02   3.9025162e-02   4.2443307e-02   4.4140422e-02   4.6758732e-02   4.1438783e-02   3.3780687e-02   2.9985847e-02   2.8555724e-02
  -5.4000000e+00   3.3742037e-02   3.4202182e-02   3.5251519e-02   4.0088476e-02   4.2573410e-02   4.4052990e-02   4.6757306e-02   4.1476352e-02   3.3800893e-02   2.9993950e-02   2.8558670e-02
  -4.9500000e+00   3.8259912e-02   3.8348575e-02   3.8635083e-02   4.1243440e-02   4.2707557e-02   4.3973097e-02   4.6755641e-02   4.1510913e-02   3.3819483e-02   3.0001405e-02   2.8561381e-02
  -4.5000000e+00   4.2851370e-02   4.2498325e-02   4.2073074e-02   4.2457376e-02   4.2842851e-02   4.3900627e-02   4.6753826e-02   4.1542465e-02   3.3836456e-02   3.0008211e-02   2.8563855e-02
  -4.0500000e+00   5.0725997e-02   4.6691587e-02   4.5467375e-02   4.3695617e-02   4.2976367e-02   4.3835465e-02   4.6751939e-02   4.1571009e-02   3.3851814e-02   3.0014370e-02   2.8566094e-02
  -3.6000000e+00   5.9288500e-02   5.0981760e-02   4.8706236e-02   4.4922672e-02   4.3105206e-02   4.3777501e-02   4.6750053e-02   4.1596547e-02   3.3865555e-02   3.0019880e-02   2.8568097e-02
  -3.1500000e+00   6.0546764e-02   5.5382667e-02   5.1653034e-02   4.6103387e-02   4.3226557e-02   4.3726630e-02   4.6748233e-02   4.1619079e-02   3.3877679e-02   3.0024741e-02   2.8569865e-02
  -2.7000000e+00   6.0604767e-02   5.9298486e-02   5.4162282e-02   4.7204048e-02   4.3337766e-02   4.3682755e-02   4.6746538e-02   4.1638606e-02   3.3888187e-02   3.0028955e-02   2.8571397e-02
  -2.2500000e+00   6.0606164e-02   6.0912358e-02   5.6130603e-02   4.8193388e-02   4.3436386e-02   4.3645787e-02   4.6745018e-02   4.1655127e-02   3.3897078e-02   3.0032520e-02   2.8572693e-02
  -1.8000000e+00   6.0606082e-02   6.0811206e-02   5.7547750e-02   4.9043479e-02   4.3520243e-02   4.3615650e-02   4.6743716e-02   4.1668644e-02   3.3904353e-02   3.0035437e-02   2.8573754e-02
  -1.3500000e+00   6.0606063e-02   6.0653648e-02   5.8492356e-02   4.9730484e-02   4.3587479e-02   4.3592279e-02   4.6742666e-02   4.1679157e-02   3.3910012e-02   3.0037706e-02   2.8574578e-02
  -9.0000000e-01   6.0606061e-02   6.0612005e-02   5.9075809e-02   5.0235257e-02   4.3636602e-02   4.3575623e-02   4.6741897e-02   4.1686666e-02   3.3914053e-02   3.0039327e-02   2.8575168e-02
  -4.5000000e-01   6.0606061e-02   6.0605329e-02   5.9390195e-02   5.0543806e-02   4.3666521e-02   4.3565645e-02   4.6741427e-02   4.1691171e-02   3.3916478e-02   3.0040299e-02   2.8575521e-02
   0.0000000e+00   6.0606061e-02   6.0604781e-02   5.9489323e-02   5.0647609e-02   4.3676569e-02   4.3562321e-02   4.6741270e-02   4.1692673e-02   3.3917287e-02   3.0040623e-02   2.8575639e-02
   4.5000000e-01   6.0606061e-02   6.0605329e-02   5.9390195e-02   5.0543806e-02   4.3666521e-02   4.3565645e-02   4.6741427e-02   4.1691171e-02   3.3916478e-02   3.0040299e-02   2.8575521e-02
   9.0000000e-01   6.0606061e-02   6.0612005e-02   5.9075809e-02   5.0235257e-02   4.3636602e-02   4.3575623e-02   4.6741897e-02   4.1686666e-02   3.3914053e-02   3.0039327e-02   2.8575168e-02
   1.3500000e+00   6.0606063e-02   6.0653648e-02   5.8492356e-02   4.9730484e-02   4.3587479e-02   4.3592279e-02   4.6742666e-02   4.1679157e-02   3.3910012e-02   3.0037706e-02   2.8574578e-02
   1.8000000e+00   6.0606082e-02   6.0811206e-02   5.7547750e-02   4.9043479e-02   4.3520243e-02   4.3615650e-02   4.6743716e-02   4.1668644e-02   3.3904353e-02   3.0035437e-02   2.8573754e-02
   2.2500000e+00   6.0606164e-02   6.0912358e-02   5.6130603e-02   4.8193388e-02   4.3436386e-02   4.3645787e-02   4.6745018e-02   4.1655127e-02   3.3897078e-02   3.0032520e-02   2.8572693e-02
   2.7000000e+00   6.0604767e-02   5.9298486e-02   5.4162282e-02   4.7204048e-02   4.3337766e-02   4.3682755e-02   4.6746538e-02   4.1638606e-02   3.3888187e-02   3.0028955e-02   2.8571397e-02
   3.1500000e+00   6.0546764e-02   5.5382667e-02   5.1653034e-02   4.6103387e-02   4.3226557e-02   4.3726630e-02   4.6748233e-02   4.1619079e-02   3.3877679e-02   3.0024741e-02   2.8569865e-02
   3.6000000e+00   5.9288500e-02   5.0981760e-02   4.8706236e-02   4.4922672e-02   4.3105206e-02   4.3777501e-02   4.6750053e-02   4.1596547e-02   3.3865555e-02   3.0019880e-02   2.8568097e-02
   4.0500000e+00   5.0725997e-02   4.6691587e-02   4.5467375e-02   4.3695617e-02   4.2976367e-02   4.3835465e-02   4.6751939e-02   4.1571009e-02   3.3851814e-02   3.0014370e-02   2.8566094e-02
   4.5000000e+00   4.2851370e-02   4.2498325e-02   4.2073074e-02   4.2457376e-02   4.2842851e-02   4.3900627e-02   4.6753826e-02   4.1542465e-02   3.3836456e-02   3.0008211e-02   2.8563855e-02
   4.9500000e+00   3.8259912e-02   3.8348575e-02   3.8635083e-02   4.1243440e-02   4.2707557e-02   4.3973097e-02   4.6755641e-02   4.1510913e-02   3.3819483e-02   3.0001405e-02   2.8561381e-02
   5.4000000e+00   3.3742037e-02   3.4202182e-02   3.5251519e-02   4.0088476e-02   4.2573410e-02   4.4052990e-02   4.6757306e-02   4.1476352e-02   3.3800893e-02   2.9993950e-02   2.8558670e-02
   5.8500000e+00   2.6435966e-02   3.0019560e-02   3.2029123e-02   3.9025162e-02   4.2443307e-02   4.4140422e-02   4.6758732e-02   4.1438783e-02   3.3780687e-02   2.9985847e-02   2.8555724e-02
   6.3000000e+00   1.7111640e-02   2.5739490e-02   2.9108218e-02   3.8083059e-02   4.2320053e-02   4.4235507e-02   4.6759826e-02   4.1398204e-02   3.3758864e-02   2.9977096e-02   2.8552543e-02
   6.7500000e+00   1.5258671e-02   2.1274391e-02   2.6679166e-02   3.7287587e-02   4.2206315e-02   4.4338359e-02   4.6760489e-02   4.1354613e-02   3.3735426e-02   2.9967696e-02   2.8549125e-02
   7.2000000e+00   1.5154747e-02   1.7007371e-02   2.4963384e-02   3.6659141e-02   4.2104577e-02   4.4449082e-02   4.6760612e-02   4.1308011e-02   3.3710372e-02   2.9957649e-02   2.8545472e-02
   7.6500000e+00   1.5151936e-02   1.5620308e-02   2.4135851e-02   3.6212402e-02   4.2017099e-02   4.4567773e-02   4.6760084e-02   4.1258395e-02   3.3683702e-02   2.9946953e-02   2.8541584e-02
   8.1000000e+00   1.5183002e-02   1.8065589e-02   2.4229129e-02   3.5955885e-02   4.1945896e-02   4.4694517e-02   4.6758784e-02   4.1205765e-02   3.3655417e-02   2.9935609e-02   2.8537459e-02
   8.5500000e+00   1.5923539e-02   2.1193649e-02   2.5114856e-02   3.5891722e-02   4.1892715e-02   4.4829385e-02   4.6756587e-02   4.1150120e-02   3.3625516e-02   2.9923616e-02   2.8533099e-02
   9.0000000e+00   2.1459230e-02   2.4111725e-02   2.6584607e-02   3.6015713e-02   4.1859026e-02   4.4972431e-02   4.6753363e-02   4.1091458e-02   3.3593999e-02   2.9910976e-02   2.8528504e-02
   9.4500000e+00   2.6726921e-02   2.6913319e-02   2.8443222e-02   3.6317609e-02   4.1846028e-02   4.5123686e-02   4.6748976e-02   4.1029777e-02   3.3560867e-02   2.9897687e-02   2.8523672e-02
   9.9000000e+00   2.9769088e-02   2.9675993e-02   3.0547865e-02   3.6781624e-02   4.1854655e-02   4.5283161e-02   4.6743283e-02   4.0965077e-02   3.3526120e-02   2.9883750e-02   2.8518605e-02
   1.0350000e+01   3.2715992e-02   3.2433133e-02   3.2802118e-02   3.7387121e-02   4.1885595e-02   4.5450838e-02   4.6736140e-02   4.0897357e-02   3.3489758e-02   2.9869165e-02   2.8513303e-02
   1.0800000e+01   3.7184516e-02   3.5205257e-02   3.5136415e-02   3.8109448e-02   4.1939320e-02   4.5626673e-02   4.6727395e-02   4.0826614e-02   3.3451781e-02   2.9853932e-02   2.8507764e-02
   1.1250000e+01   4.3668762e-02   3.8011227e-02   3.7490817e-02   3.8920873e-02   4.2016116e-02   4.5810586e-02   4.6716892e-02   4.0752847e-02   3.3412190e-02   2.9838051e-02   2.8501990e-02
   1.1700000e+01   4.5343690e-02   4.0859659e-02   3.9804004e-02   3.9791586e-02   4.2116123e-02   4.6002466e-02   4.6704473e-02   4.0676056e-02   3.3370984e-02   2.9821521e-02   2.8495980e-02
   1.2150000e+01   4.5450648e-02   4.3631912e-02   4.2011735e-02   4.0690717e-02   4.2239375e-02   4.6202163e-02   4.6689974e-02   4.0596237e-02   3.3328164e-02   2.9804344e-02   2.8489735e-02
   1.2600000e+01   4.5454762e-02   4.5750938e-02   4.4058708e-02   4.1587370e-02   4.2385842e-02   4.6409488e-02   4.6673229e-02   4.0513391e-02   3.3283729e-02   2.9786518e-02   2.8483254e-02
   1.3050000e+01   4.5467497e-02   4.7110084e-02   4.5917234e-02   4.2451617e-02   4.2555474e-02   4.6624208e-02   4.6654069e-02   4.0427515e-02   3.3237681e-02   2.9768044e-02   2.8476537e-02
   1.3500000e+01   4.5809543e-02   4.8425176e-02   4.7592991e-02   4.3255465e-02   4.2748241e-02   4.6846050e-02   4.6632320e-02   4.0338608e-02   3.3190019e-02   2.9748922e-02   2.8469585e-02
   1.3950000e+01   4.8529964e-02   4.9799642e-02   4.9109445e-02   4.3973760e-02   4.2964167e-02   4.7074691e-02   4.6607809e-02   4.0246669e-02   3.3140743e-02   2.9729151e-02   2.8462397e-02
   1.4400000e+01   5.1097374e-02   5.1180519e-02   5.0486437e-02   4.4585034e-02   4.3203365e-02   4.7309761e-02   4.6580356e-02   4.0151696e-02   3.3089854e-02   2.9708733e-02   2.8454973e-02
   1.4850000e+01   5.2592866e-02   5.2555936e-02   5.1727875e-02   4.5072265e-02   4.3466060e-02   4.7550844e-02   4.6549785e-02   4.0053687e-02   3.3037353e-02   2.9687666e-02   2.8447313e-02
   1.5300000e+01   5.4021160e-02   5.3929671e-02   5.2817170e-02   4.5423557e-02   4.3752601e-02   4.7797470e-02   4.6515914e-02   3.9952642e-02   3.2983238e-02   2.9665952e-02   2.8439418e-02
   1.5750000e+01   5.5933830e-02   5.5310726e-02   5.3712137e-02   4.5632698e-02   4.4063477e-02   4.8049119e-02   4.6478562e-02   3.9848558e-02   3.2927511e-02   2.9643589e-02   2.8431288e-02
   1.6200000e+01   5.9156848e-02   5.6725161e-02   5.4334694e-02   4.5699585e-02   4.4399305e-02   4.8305220e-02   4.6437546e-02   3.9741434e-02   3.2870172e-02   2.9620578e-02   2.8422921e-02
   1.6650000e+01   6.0493201e-02   5.8257748e-02   5.4560484e-02   4.5630478e-02   4.4760827e-02   4.8565147e-02   4.6392684e-02   3.9631270e-02   3.2811220e-02   2.9596919e-02   2.8414319e-02
   1.7100000e+01   6.0601699e-02   5.9935283e-02   5.4229084e-02   4.5438061e-02   4.5148882e-02   4.8828226e-02   4.6343793e-02   3.9518064e-02   3.2750657e-02   2.9572612e-02   2.8405481e-02
   1.7550000e+01   6.0605931e-02   6.0153648e-02   5.3199704e-02   4.5141262e-02   4.5564382e-02   4.9093727e-02   4.6290689e-02   3.9401814e-02   3.2688483e-02   2.9547657e-02   2.8396408e-02
   1.8000000e+01   6.0573504e-02   5.6748518e-02   5.1434687e-02   4.4764825e-02   4.6008264e-02   4.9360872e-02   4.6233191e-02   3.9282519e-02   3.2624697e-02   2.9522054e-02   2.8387099e-02
   1.8450000e+01   5.9529918e-02   5.2302676e-02   4.9034411e-02   4.4338607e-02   4.6481454e-02   4.9628831e-02   4.6171118e-02   3.9160179e-02   3.2559301e-02   2.9495803e-02   2.8377554e-02
   1.8900000e+01   5.1296077e-02   4.8042832e-02   4.6184602e-02   4.3896614e-02   4.6984806e-02   4.9896726e-02   4.6104289e-02   3.9034793e-02   3.2492294e-02   2.9468904e-02   2.8367773e-02
   1.9350000e+01   4.4253790e-02   4.3897624e-02   4.3077126e-02   4.3475788e-02   4.7519048e-02   5.0163630e-02   4.6032528e-02   3.8906359e-02   3.2423677e-02   2.9441357e-02   2.8357757e-02
   1.9800000e+01   3.9888344e-02   3.9787752e-02   3.9871829e-02   4.3114593e-02   4.8084723e-02   5.0428574e-02   4.5955657e-02   3.8774876e-02   3.2353450e-02   2.9413162e-02   2.8347505e-02
   2.0250000e+01   3.5764776e-02   3.5686609e-02   3.6703154e-02   4.2851445e-02   4.8682126e-02   5.0690544e-02   4.5873503e-02   3.8640345e-02   3.2281614e-02   2.9384319e-02   2.8337018e-02
   2.0700000e+01   3.1649783e-02   3.1580473e-02   3.3707977e-02   4.2723078e-02   4.9311247e-02   5.0948488e-02   4.5785894e-02   3.8502764e-02   3.2208169e-02   2.9354828e-02   2.8326295e-02
   2.1150000e+01   2.7530177e-02   2.7431917e-02   3.1060666e-02   4.2762921e-02   4.9971708e-02   5.1201316e-02   4.5692663e-02   3.8362132e-02   3.2133115e-02   2.9324689e-02   2.8315336e-02
   2.1600000e+01   2.3406260e-02   2.3090521e-02   2.9004384e-02   4.2999570e-02   5.0662716e-02   5.1447905e-02   4.5593644e-02   3.8218450e-02   3.2056453e-02   2.9293902e-02   2.8304141e-02
   2.2050000e+01   1.9241025e-02   1.8355271e-02   2.7847480e-02   4.3455468e-02   5.1383015e-02   5.1687103e-02   4.5488678e-02   3.8071718e-02   3.1978183e-02   2.9262467e-02   2.8292711e-02
   2.2500000e+01   1.5151541e-02   1.5668184e-02   2.7879661e-02   4.4145850e-02   5.2130846e-02   5.1917731e-02   4.5377605e-02   3.7921934e-02   3.1898306e-02   2.9230384e-02   2.8281045e-02
   2.2950000e+01   2.0617214e-02   1.9726348e-02   2.9225279e-02   4.5078042e-02   5.2903918e-02   5.2138592e-02   4.5260275e-02   3.7769100e-02   3.1816822e-02   2.9197653e-02   2.8269144e-02
   2.3400000e+01   2.6157948e-02   2.5831495e-02   3.1763942e-02   4.6251137e-02   5.3699394e-02   5.2348469e-02   4.5136538e-02   3.7613215e-02   3.1733731e-02   2.9164274e-02   2.8257007e-02
   2.3850000e+01   3.1656399e-02   3.1541702e-02   3.5210023e-02   4.7656076e-02   5.4513877e-02   5.2546137e-02   4.5006251e-02   3.7454280e-02   3.1649034e-02   2.9130248e-02   2.8244634e-02
   2.4300000e+01   3.7149206e-02   3.7058105e-02   3.9259744e-02   4.9276119e-02   5.5343418e-02   5.2730361e-02   4.4869276e-02   3.7292295e-02   3.1562731e-02   2.9095573e-02   2.8232025e-02
   2.4750000e+01   4.2635863e-02   4.2531463e-02   4.3675667e-02   5.1087651e-02   5.6183531e-02   5.2899908e-02   4.4725481e-02   3.7127261e-02   3.1474823e-02   2.9060251e-02   2.8219181e-02
   2.5200000e+01   4.8133953e-02   4.8000037e-02   4.8291364e-02   5.3061278e-02   5.7029221e-02   5.3053548e-02   4.4574738e-02   3.6959179e-02   3.1385311e-02   2.9024281e-02   2.8206101e-02
   2.5650000e+01   5.3954549e-02   5.3478787e-02   5.2981991e-02   5.5163107e-02   5.7875022e-02   5.3190059e-02   4.4416927e-02   3.6788051e-02   3.1294194e-02   2.8987663e-02   2.8192786e-02
   2.6100000e+01   6.3344264e-02   5.8993170e-02   5.7632296e-02   5.7356153e-02   5.8715048e-02   5.3308237e-02   4.4251932e-02   3.6613877e-02   3.1201474e-02   2.8950397e-02   2.8179235e-02
   2.6550000e+01   7.4322708e-02   6.4605375e-02   6.2112261e-02   5.9601758e-02   5.9543048e-02   5.3406900e-02   4.4079646e-02   3.6436658e-02   3.1107151e-02   2.8912484e-02   2.8165448e-02
   2.7000000e+01   7.5714088e-02   7.0340231e-02   6.6270236e-02   6.1860958e-02   6.0352478e-02   5.3484889e-02   4.3899966e-02   3.6256398e-02   3.1011225e-02   2.8873922e-02   2.8151425e-02
   2.7450000e+01   7.5757319e-02   7.5180506e-02   6.9960439e-02   6.4095733e-02   6.1136573e-02   5.3541083e-02   4.3712799e-02   3.6073098e-02   3.0913698e-02   2.8834713e-02   2.8137167e-02
   2.7900000e+01   7.5762097e-02   7.7277137e-02   7.3101656e-02   6.6270071e-02   6.1888423e-02   5.3574395e-02   4.3518056e-02   3.5886759e-02   3.0814568e-02   2.8794856e-02   2.8122673e-02
   2.8350000e+01   7.5870452e-02   7.8410683e-02   7.5716396e-02   6.8350828e-02   6.2601061e-02   5.3583786e-02   4.3315658e-02   3.5697386e-02   3.0713839e-02   2.8754352e-02   2.8107944e-02
   2.8800000e+01   7.7206789e-02   7.9694515e-02   7.7904477e-02   7.0308364e-02   6.3267544e-02   5.3568265e-02   4.3105530e-02   3.5504979e-02   3.0611509e-02   2.8713199e-02   2.8092979e-02
   2.9250000e+01   8.0429806e-02   8.1057691e-02   7.9779976e-02   7.2116953e-02   6.3881040e-02   5.3526895e-02   4.2887608e-02   3.5309543e-02   3.0507579e-02   2.8671400e-02   2.8077778e-02
   2.9700000e+01   8.2342477e-02   8.2432279e-02   8.1428669e-02   7.3754981e-02   6.4434912e-02   5.3458802e-02   4.2661835e-02   3.5111081e-02   3.0402051e-02   2.8628952e-02   2.8062341e-02
   3.0150000e+01   8.3770771e-02   8.3806050e-02   8.2899065e-02   7.5204966e-02   6.4922797e-02   5.3363176e-02   4.2428160e-02   3.4909597e-02   3.0294925e-02   2.8585857e-02   2.8046669e-02
   3.0600000e+01   8.5266263e-02   8.5183189e-02   8.4207882e-02   7.6453432e-02   6.5338685e-02   5.3239278e-02   4.2186542e-02   3.4705094e-02   3.0186201e-02   2.8542114e-02   2.8030761e-02
   3.1050000e+01   8.7833673e-02   8.6577432e-02   8.5343945e-02   7.7490670e-02   6.5676990e-02   5.3086442e-02   4.1936947e-02   3.4497576e-02   3.0075880e-02   2.8497723e-02   2.8014618e-02
   3.1500000e+01   9.0554100e-02   8.8024207e-02   8.6267337e-02   7.8310422e-02   6.5932614e-02   5.2904082e-02   4.1679351e-02   3.4287048e-02   2.9963963e-02   2.8452685e-02   2.7998239e-02
   3.1950000e+01   9.0896191e-02   8.9559019e-02   8.6911691e-02   7.8909521e-02   6.6101003e-02   5.2691695e-02   4.1413734e-02   3.4073516e-02   2.9850451e-02   2.8406999e-02   2.7981624e-02
   3.2400000e+01   9.0908982e-02   9.0707591e-02   8.7203939e-02   7.9287517e-02   6.6178201e-02   5.2448861e-02   4.1140090e-02   3.3856984e-02   2.9735344e-02   2.8360666e-02   2.7964774e-02
   3.2850000e+01   9.0907188e-02   9.0176767e-02   8.7103712e-02   7.9446290e-02   6.6160883e-02   5.2175253e-02   4.0858418e-02   3.3637457e-02   2.9618643e-02   2.8313685e-02   2.7947688e-02
   3.3300000e+01   9.0853670e-02   8.8688698e-02   8.6632891e-02   7.9389693e-02   6.6046392e-02   5.1870631e-02   4.0568724e-02   3.3414942e-02   2.9500350e-02   2.8266057e-02   2.7930366e-02
   3.3750000e+01   9.0016200e-02   8.7202785e-02   8.5863329e-02   7.9123210e-02   6.5832760e-02   5.1534852e-02   4.0271027e-02   3.3189445e-02   2.9380464e-02   2.8217782e-02   2.7912809e-02
   3.4200000e+01   8.6774076e-02   8.5785851e-02   8.4877244e-02   7.8653649e-02   6.5518720e-02   5.1167865e-02   3.9965351e-02   3.2960973e-02   2.9258987e-02   2.8168858e-02   2.7895016e-02
   3.4650000e+01   8.4539814e-02   8.4397675e-02   8.3738284e-02   7.7988869e-02   6.5103711e-02   5.0769716e-02   3.9651728e-02   3.2729532e-02   2.9135919e-02   2.8119288e-02   2.7876987e-02
   3.5100000e+01   8.3066362e-02   8.3018751e-02   8.2484966e-02   7.7137548e-02   6.4587873e-02   5.0340550e-02   3.9330202e-02   3.2495130e-02   2.9011262e-02   2.8069070e-02   2.7858722e-02
   3.5550000e+01   8.1545279e-02   8.1638441e-02   8.1134969e-02   7.6108992e-02   6.3972038e-02   4.9880606e-02   3.9000822e-02   3.2257774e-02   2.8885016e-02   2.8018204e-02   2.7840222e-02
   3.6000000e+01   7.8911433e-02   8.0249952e-02   7.9689263e-02   7.4912974e-02   6.3257707e-02   4.9390220e-02   3.8663647e-02   3.2017474e-02   2.8757182e-02   2.7966691e-02   2.7821487e-02
   3.6450000e+01   7.6143592e-02   7.8861151e-02   7.8133073e-02   7.3559614e-02   6.2447025e-02   4.8869824e-02   3.8318742e-02   3.1774237e-02   2.8627761e-02   2.7914531e-02   2.7802515e-02
   3.6900000e+01   7.5773360e-02   7.7526156e-02   7.6437183e-02   7.2059286e-02   6.1542751e-02   4.8319944e-02   3.7966185e-02   3.1528072e-02   2.8496754e-02   2.7861724e-02   2.7783309e-02
   3.7350000e+01   7.5757911e-02   7.6212208e-02   7.4566849e-02   7.0422548e-02   6.0548219e-02   4.7741200e-02   3.7606057e-02   3.1278990e-02   2.8364162e-02   2.7808269e-02   2.7763866e-02
   3.7800000e+01   7.5755344e-02   7.4256546e-02   7.2500915e-02   6.8660094e-02   5.9467296e-02   4.7134300e-02   3.7238450e-02   3.1026999e-02   2.8229986e-02   2.7754167e-02   2.7744188e-02
   3.8250000e+01   7.5686125e-02   7.1536625e-02   7.0248277e-02   6.6782714e-02   5.8304337e-02   4.6500039e-02   3.6863464e-02   3.0772110e-02   2.8094227e-02   2.7699418e-02   2.7724274e-02
   3.8700000e+01   7.4450825e-02   6.8668892e-02   6.7844537e-02   6.4801264e-02   5.7064138e-02   4.5839298e-02   3.6481204e-02   3.0514333e-02   2.7956886e-02   2.7644021e-02   2.7704124e-02
   3.9150000e+01   6.8234609e-02   6.5842038e-02   6.5333170e-02   6.2726643e-02   5.5751885e-02   4.5153036e-02   3.6091787e-02   3.0253681e-02   2.7817965e-02   2.7587978e-02   2.7683739e-02
   3.9600000e+01   6.3363895e-02   6.3057349e-02   6.2750158e-02   6.0569768e-02   5.4373103e-02   4.4442291e-02   3.5695334e-02   2.9990164e-02   2.7677463e-02   2.7531287e-02   2.7663118e-02
   4.0050000e+01   6.0351978e-02   6.0292872e-02   6.0119972e-02   5.8341555e-02   5.2933600e-02   4.3708170e-02   3.5291976e-02   2.9723795e-02   2.7535383e-02   2.7473949e-02   2.7642262e-02
   4.0500000e+01   5.7291006e-02   5.7526411e-02   5.7458135e-02   5.6052894e-02   5.1439420e-02   4.2951848e-02   3.4881849e-02   2.9454586e-02   2.7391725e-02   2.7415964e-02   2.7621169e-02
   4.0950000e+01   5.2041255e-02   5.4736311e-02   5.4774736e-02   5.3714632e-02   4.9896788e-02   4.2174563e-02   3.4465097e-02   2.9182550e-02   2.7246491e-02   2.7357332e-02   2.7599842e-02
   4.1400000e+01   4.6332921e-02   5.1909564e-02   5.2076839e-02   5.1337544e-02   4.8312054e-02   4.1377608e-02   3.4041872e-02   2.8907701e-02   2.7099682e-02   2.7298053e-02   2.7578278e-02
   4.1850000e+01   4.5494094e-02   4.9092934e-02   4.9369759e-02   4.8932318e-02   4.6691652e-02   4.0562328e-02   3.3612332e-02   2.8630053e-02   2.6951298e-02   2.7238126e-02   2.7556479e-02
   4.2300000e+01   4.5455478e-02   4.6497823e-02   4.6657692e-02   4.6509521e-02   4.5042041e-02   3.9730112e-02   3.3176641e-02   2.8349620e-02   2.6801342e-02   2.7177553e-02   2.7534444e-02
   4.2750000e+01   4.5453113e-02   4.4137082e-02   4.3944143e-02   4.4079578e-02   4.3369668e-02   3.8882390e-02   3.2734969e-02   2.8066417e-02   2.6649815e-02   2.7116333e-02   2.7512174e-02
   4.3200000e+01   4.5402997e-02   4.1509366e-02   4.1232400e-02   4.1652734e-02   4.1680915e-02   3.8020622e-02   3.2287495e-02   2.7780460e-02   2.6496717e-02   2.7054466e-02   2.7489668e-02
   4.3650000e+01   4.4412025e-02   3.8685732e-02   3.8526054e-02   3.9239018e-02   3.9982060e-02   3.7146297e-02   3.1834400e-02   2.7491765e-02   2.6342050e-02   2.6991952e-02   2.7466926e-02
   4.4100000e+01   3.8472071e-02   3.5860110e-02   3.5829451e-02   3.6848202e-02   3.8279242e-02   3.6260924e-02   3.1375875e-02   2.7200348e-02   2.6185816e-02   2.6928791e-02   2.7443949e-02
   4.4550000e+01   3.3353254e-02   3.3070626e-02   3.3148100e-02   3.4489749e-02   3.6578416e-02   3.5366027e-02   3.0912112e-02   2.6906227e-02   2.6028015e-02   2.6864984e-02   2.7420736e-02
   4.5000000e+01   3.0303030e-02   3.0303244e-02   3.0489348e-02   3.2172759e-02   3.4885325e-02   3.4463136e-02   3.0443311e-02   2.6609418e-02   2.5868650e-02   2.6800529e-02   2.7397287e-02
   4.5450000e+01   2.7252806e-02   2.7535678e-02   2.7863746e-02   2.9905910e-02   3.3205467e-02   3.3553786e-02   2.9969676e-02   2.6309941e-02   2.5707721e-02   2.6735428e-02   2.7373603e-02
   4.5900000e+01   2.2133989e-02   2.4743970e-02   2.5287577e-02   2.7697389e-02   3.1544068e-02   3.2639504e-02   2.9491418e-02   2.6007814e-02   2.5545230e-02   2.6669680e-02   2.7349683e-02
   4.6350000e+01   1.6194035e-02   2.1904466e-02   2.2786351e-02   2.5554834e-02   2.9906060e-02   3.1721810e-02   2.9008750e-02   2.5703055e-02   2.5381179e-02   2.6603286e-02   2.7325528e-02
   4.6800000e+01   1.5203056e-02   1.9028313e-02   2.0396837e-02   2.3485262e-02   2.8296053e-02   3.0802208e-02   2.8521889e-02   2.5395684e-02   2.5215569e-02   2.6536244e-02   2.7301137e-02
   4.7250000e+01   1.5152913e-02   1.6366879e-02   1.8161704e-02   2.1495015e-02   2.6718325e-02   2.9882179e-02   2.8031058e-02   2.5085723e-02   2.5048401e-02   2.6468557e-02   2.7276510e-02
   4.7700000e+01   1.5151013e-02   1.4544096e-02   1.6112937e-02   1.9589704e-02   2.5176803e-02   2.8963179e-02   2.7536483e-02   2.4773191e-02   2.4879677e-02   2.6400222e-02   2.7251648e-02
   4.8150000e+01   1.5131732e-02   1.3254260e-02   1.4253787e-02   1.7774165e-02   2.3675050e-02   2.8046632e-02   2.7038393e-02   2.4458109e-02   2.4709399e-02   2.6331241e-02   2.7226550e-02
   4.8600000e+01   1.4712326e-02   1.1904611e-02   1.2557914e-02   1.6052425e-02   2.2216262e-02   2.7133925e-02   2.6537021e-02   2.4140501e-02   2.4537569e-02   2.6261614e-02   2.7201216e-02
   4.9050000e+01   1.1858160e-02   1.0507956e-02   1.0986978e-02   1.4427682e-02   2.0803258e-02   2.6226406e-02   2.6032601e-02   2.3820387e-02   2.4364187e-02   2.6191340e-02   2.7175647e-02
   4.9500000e+01   9.2332849e-03   9.1157036e-03   9.5085548e-03   1.2902291e-02   1.9438483e-02   2.5325377e-02   2.5525373e-02   2.3497791e-02   2.4189256e-02   2.6120419e-02   2.7149842e-02
   4.9950000e+01   7.7027991e-03   7.7326749e-03   8.1031973e-03   1.1477760e-02   1.8124002e-02   2.4432091e-02   2.5015577e-02   2.3172737e-02   2.4012777e-02   2.6048852e-02   2.7123801e-02
   5.0400000e+01   6.1968405e-03   6.3503145e-03   6.7640897e-03   1.0154754e-02   1.6861513e-02   2.3547751e-02   2.4503455e-02   2.2845248e-02   2.3834752e-02   2.5976639e-02   2.7097525e-02
   5.0850000e+01   3.7614836e-03   4.9570727e-03   5.4958922e-03   8.9331052e-03   1.5652345e-02   2.2673504e-02   2.3989252e-02   2.2515350e-02   2.3655183e-02   2.5903780e-02   2.7071013e-02
   5.1300000e+01   6.5337528e-04   3.5379227e-03   4.3155490e-03   7.8118295e-03   1.4497474e-02   2.1810438e-02   2.3473215e-02   2.2183066e-02   2.3474072e-02   2.5830274e-02   2.7044266e-02
   5.1750000e+01   3.5722330e-05   2.0806863e-03   3.2532120e-03   6.7891480e-03   1.3397532e-02   2.0959585e-02   2.2955589e-02   2.1848423e-02   2.3291420e-02   2.5756122e-02   2.7017283e-02
   5.2200000e+01   1.0992903e-06   6.9398839e-04   2.3472058e-03   5.8625201e-03   1.2352819e-02   2.0121911e-02   2.2436625e-02   2.1511447e-02   2.3107229e-02   2.5681324e-02   2.6990064e-02
   5.2650000e+01  -3.5751760e-08  -6.2924507e-05   1.6279489e-03   5.0286863e-03   1.1363327e-02   1.9298323e-02   2.1916570e-02   2.1172165e-02   2.2921502e-02   2.5605880e-02   2.6962610e-02
   5.3100000e+01  -1.1665079e-08  -8.9012867e-05   1.0986451e-03   4.2837245e-03   1.0428746e-02   1.8489660e-02   2.1395675e-02   2.0830605e-02   2.2734240e-02   2.5529789e-02   2.6934920e-02
   5.3550000e+01  -1.4134554e-09  -2.3576602e-05   7.3165592e-04   3.6231205e-03   9.5484965e-03   1.7696698e-02   2.0874189e-02   2.0486793e-02   2.2545445e-02   2.5453053e-02   2.6906994e-02
   5.4000000e+01  -5.5342968e-11  -3.5163846e-06   4.8458948e-04   3.0418533e-03   8.7217401e-03   1.6920146e-02   2.0352361e-02   2.0140758e-02   2.2355119e-02   2.5375670e-02   2.6878833e-02
   5.4450000e+01  -4.3072973e-13  -1.9938534e-08   3.1868419e-04   2.5344926e-03   7.9474073e-03   1.6160650e-02   1.9830442e-02   1.9792530e-02   2.2163264e-02   2.5297642e-02   2.6850436e-02
   5.4900000e+01   5.2357404e-16   2.3161102e-07   2.0638783e-04   2.0953076e-03   7.2242185e-03   1.5418787e-02   1.9308678e-02   1.9442137e-02   2.1969882e-02   2.5218968e-02   2.6821804e-02
   5.5350000e+01   1.6625119e-16   1.1750968e-07   1.3019212e-04   1.7183805e-03   6.5507073e-03   1.4695071e-02   1.8787319e-02   1.9089610e-02   2.1774976e-02   2.5139647e-02   2.6792936e-02
   5.5800000e+01   7.6041017e-18   4.3067583e-08   7.9074110e-05   1.3977227e-03   5.9252443e-03   1.3989951e-02   1.8266610e-02   1.8734980e-02   2.1578547e-02   2.5059681e-02   2.6763832e-02
   5.6250000e+01   1.0706223e-19   1.3167562e-08   4.5717445e-05   1.1273871e-03   5.3460606e-03   1.3303814e-02   1.7746797e-02   1.8378277e-02   2.1380598e-02   2.4979069e-02   2.6734493e-02
   5.6700000e+01   4.2863568e-22   3.2310251e-09   2.4918764e-05   9.0157272e-04   4.8112713e-03   1.2636984e-02   1.7228121e-02   1.8019532e-02   2.1181131e-02   2.4897812e-02   2.6704918e-02
   5.7150000e+01   9.5767421e-25   4.6316333e-10   1.2756630e-05   7.1471781e-04   4.3188980e-03   1.1989723e-02   1.6710826e-02   1.7658779e-02   2.0980147e-02   2.4815908e-02   2.6675107e-02
   5.7600000e+01  -1.2099229e-27  -1.4658946e-11   6.1860251e-06   5.6157815e-04   3.8668913e-03   1.1362238e-02   1.6195150e-02   1.7296049e-02   2.0777650e-02   2.4733359e-02   2.6645061e-02
   5.8050000e+01  -3.5984833e-29  -1.0165901e-11   2.9093191e-06   4.3728854e-04   3.4531516e-03   1.0754676e-02   1.5681328e-02   1.6931376e-02   2.0573642e-02   2.4650165e-02   2.6614779e-02
   5.8500000e+01  -2.9777549e-31  -1.1302091e-12   1.3668113e-06   3.3740651e-04   3.0755497e-03   1.0167132e-02   1.5169596e-02   1.6564794e-02   2.0368124e-02   2.4566325e-02   2.6584262e-02
   5.8950000e+01  -7.5576095e-34  -7.8766029e-14   6.5277000e-07   2.5793824e-04   2.7319451e-03   9.5996447e-03   1.4660185e-02   1.6196336e-02   2.0161100e-02   2.4481839e-02   2.6553509e-02
   5.9400000e+01  -3.7746201e-37  -3.1237406e-15   3.1568224e-07   1.9534769e-04   2.4202039e-03   9.0522059e-03   1.4153321e-02   1.5826037e-02   1.9952572e-02   2.4396708e-02   2.6522521e-02
   5.9850000e+01  -4.7741963e-41   1.6801692e-16   1.5182364e-07   1.4655072e-04   2.1382146e-03   8.5247579e-03   1.3649229e-02   1.5453932e-02   1.9742542e-02   2.4310931e-02   2.6491296e-02
   6.0300000e+01   2.8553153e-43   6.0853257e-17   7.1124824e-08   1.0889678e-04   1.8839026e-03   8.0171979e-03   1.3148130e-02   1.5080057e-02   1.9531012e-02   2.4224510e-02   2.6459837e-02
   6.0750000e+01   9.6373105e-46   9.8038254e-18   3.1869533e-08   8.0140633e-05   1.6552430e-03   7.5293803e-03   1.2650241e-02   1.4704448e-02   1.9317986e-02   2.4137443e-02   2.6428141e-02
   6.1200000e+01   1.2461855e-48   1.2296330e-18   1.3447618e-08   5.8407342e-05   1.4502714e-03   7.0611191e-03   1.2155775e-02   1.4327142e-02   1.9103466e-02   2.4049730e-02   2.6396210e-02
   6.1650000e+01   3.9904099e-52   1.2327272e-19   5.2758642e-09   4.2152967e-05   1.2670942e-03   6.6121906e-03   1.1664940e-02   1.3948175e-02   1.8887454e-02   2.3961373e-02   2.6364044e-02
   6.2100000e+01   6.4086541e-56   7.6556800e-21   1.9128058e-09   3.0123584e-05   1.1038958e-03   6.1823362e-03   1.1177941e-02   1.3567585e-02   1.8669954e-02   2.3872370e-02   2.6331641e-02
   6.2550000e+01  -2.3063896e-60  -4.2724681e-23   6.4672493e-10   2.1314600e-05   9.5894540e-04   5.7712646e-03   1.0694978e-02   1.3185410e-02   1.8450967e-02   2.3782723e-02   2.6299004e-02
   6.3000000e+01  -8.3811175e-63  -2.4775737e-23   2.1051271e-10   1.4931941e-05   8.3060162e-04   5.3786550e-03   1.0216245e-02   1.2801688e-02   1.8230497e-02   2.3692430e-02   2.6266130e-02
   6.3450000e+01  -4.6512930e-66  -1.1152618e-24   6.9143057e-11   1.0356247e-05   7.1731605e-04   5.0041590e-03   9.7419318e-03   1.2416459e-02   1.8008546e-02   2.3601492e-02   2.6233021e-02
   6.3900000e+01  -6.7184194e-70  -3.1597285e-26   2.3677745e-11   7.1107589e-06   6.1763535e-04   4.6474036e-03   9.2722242e-03   1.2029760e-02   1.7785117e-02   2.3509910e-02   2.6199677e-02
   6.4350000e+01  -1.9023080e-74  -5.9565678e-28   8.4143832e-12   4.8332472e-06   5.3020213e-04   4.3079936e-03   8.8073015e-03   1.1641633e-02   1.7560213e-02   2.3417683e-02   2.6166096e-02
   6.4800000e+01  -2.3568447e-79   9.4599105e-31   3.0091642e-12   3.2520365e-06   4.5375472e-04   3.9855140e-03   8.3473381e-03   1.1252116e-02   1.7333836e-02   2.3324811e-02   2.6132281e-02
   6.5250000e+01   3.2084702e-83   8.6787771e-31   1.0480915e-12   2.1659625e-06   3.8712604e-04   3.6795324e-03   7.8925029e-03   1.0861251e-02   1.7105991e-02   2.3231294e-02   2.6098229e-02
   6.5700000e+01   8.3558847e-87   6.0439493e-32   3.4679474e-13   1.4279515e-06   3.2924145e-04   3.3896010e-03   7.4429591e-03   1.0469078e-02   1.6876679e-02   2.3137133e-02   2.6063942e-02
   6.6150000e+01   1.6745713e-90   3.0665886e-33   1.0698484e-13   9.3182256e-07   2.7911604e-04   3.1152595e-03   6.9988641e-03   1.0075638e-02   1.6645904e-02   2.3042327e-02   2.6029420e-02
   6.6600000e+01   2.9327697e-94   1.2448757e-34   3.0306291e-14   6.0187036e-07   2.3585118e-04   2.8560364e-03   6.5603698e-03   9.6809738e-03   1.6413669e-02   2.2946876e-02   2.5994662e-02
   6.7050000e+01   3.8277883e-98   3.3154716e-36   7.8092579e-15   3.8478473e-07   1.9863058e-04   2.6114520e-03   6.1276217e-03   9.2851262e-03   1.6179976e-02   2.2850781e-02   2.5959668e-02
   6.7500000e+01  6.6976716e-108   3.1894461e-39   1.8413579e-15   2.4348666e-07   1.6671606e-04   2.3810193e-03   5.7007598e-03   8.8881379e-03   1.5944830e-02   2.2754042e-02   2.5924438e-02
   6.7950000e+01 -1.0677225e-107  -1.4824338e-39   4.1147136e-16   1.5250146e-07   1.3944293e-04   2.1642468e-03   5.2799176e-03   8.4900516e-03   1.5708233e-02   2.2656658e-02   2.5888974e-02
   6.8400000e+01 -2.2816924e-113  -2.6920092e-41   9.2985768e-17   9.4539739e-08   1.1621524e-04   1.9606399e-03   4.8652227e-03   8.0909101e-03   1.5470188e-02   2.2558630e-02   2.5853273e-02
   6.8850000e+01 -3.6300806e-119  -3.0332872e-43   2.2515875e-17   5.8009174e-08   9.6500942e-05   1.7697024e-03   4.4567964e-03   7.6907568e-03   1.5230698e-02   2.2459958e-02   2.5817337e-02
   6.9300000e+01 -4.9926135e-125  -2.4190499e-45   5.8494125e-18   3.5230662e-08   7.9827006e-05   1.5909386e-03   4.0547539e-03   7.2896353e-03   1.4989768e-02   2.2360642e-02   2.5781165e-02
   6.9750000e+01 -4.4672419e-131  -5.2339786e-48   1.5563763e-18   2.1178040e-08   6.5774628e-05   1.4238542e-03   3.6592038e-03   6.8875894e-03   1.4747400e-02   2.2260681e-02   2.5744758e-02
   7.0200000e+01  2.4354829e-136   3.2850990e-49   4.0388056e-19   1.2600543e-08   5.3974524e-05   1.2679582e-03   3.2702486e-03   6.4846635e-03   1.4503598e-02   2.2160077e-02   2.5708115e-02
   7.0650000e+01  4.2467062e-141   9.9014812e-51   9.8938601e-20   7.4204031e-09   4.4102395e-05   1.1227639e-03   2.8879845e-03   6.0809018e-03   1.4258364e-02   2.2058829e-02   2.5671237e-02
   7.1100000e+01  4.1237771e-146   1.9994521e-52   2.2402617e-20   4.3250890e-09   3.5874592e-05   9.8779022e-04   2.5125013e-03   5.6763492e-03   1.4011704e-02   2.1956937e-02   2.5634123e-02
   7.1550000e+01  7.9626605e-152   3.1799639e-54   4.6130940e-21   2.4950820e-09   2.9044009e-05   8.6256285e-04   2.1438824e-03   5.2710507e-03   1.3763619e-02   2.1854401e-02   2.5596773e-02
   7.2000000e+01  4.0123670e-158   3.3950604e-56   8.5393620e-22   1.4245830e-09   2.3396230e-05   7.4661514e-04   1.7822049e-03   4.8650514e-03   1.3514114e-02   2.1751221e-02   2.5559188e-02
   7.2450000e+01  3.2109733e-165   5.3433825e-59   1.4240732e-22   8.0499320e-10   1.8745939e-05   6.3948915e-04   1.4275395e-03   4.4583968e-03   1.3263192e-02   2.1647398e-02   2.5521367e-02
   7.2900000e+01 -2.3700518e-170  -2.0400350e-60   2.2121353e-23   4.5017672e-10   1.4933601e-05   5.4073642e-04   1.0799507e-03   4.0511326e-03   1.3010857e-02   2.1542932e-02   2.5483311e-02
   7.3350000e+01 -4.1324541e-176  -1.6037248e-62   3.4538838e-24   2.4913800e-10   1.1822417e-05   4.4991874e-04   7.3949658e-04   3.6433047e-03   1.2757113e-02   2.1437821e-02   2.5445019e-02
   7.3800000e+01 -3.6049255e-182  -7.3432599e-65   5.8940435e-25   1.3643809e-10   9.2955466e-06   3.6660880e-04   4.0622914e-04   3.2349591e-03   1.2501963e-02   2.1332068e-02   2.5406492e-02
   7.4250000e+01 -7.7145175e-189  -2.4128104e-67   1.1143724e-25   7.3932046e-11   7.2535963e-06   2.9039080e-04   8.0194089e-05   2.8261420e-03   1.2245411e-02   2.1225671e-02   2.5367729e-02
   7.4700000e+01 -5.6036789e-196  -3.4337073e-70   2.1965196e-26   3.9635157e-11   5.6123500e-06   2.2086093e-04  -2.3856898e-04   2.4168999e-03   1.1987461e-02   2.1118631e-02   2.5328730e-02
   7.5150000e+01  1.0247115e-202   3.2931541e-72   4.2263895e-27   2.1018938e-11   4.3007437e-06   1.5762777e-04  -5.5002656e-04   2.0072794e-03   1.1728117e-02   2.1010948e-02   2.5289496e-02
   7.5600000e+01  1.2275338e-208   4.3489571e-74   7.6283101e-28   1.1023802e-11   3.2590588e-06   1.0031270e-04  -8.5415114e-04   1.5973271e-03   1.1467382e-02   2.0902621e-02   2.5250026e-02
   7.6050000e+01  6.6793583e-215   3.4740056e-76   1.2626544e-28   5.7163636e-12   2.4373223e-06   4.8550138e-05  -1.1509211e-03   1.1870899e-03   1.1205261e-02   2.0793652e-02   2.5210321e-02
   7.6500000e+01  7.3404147e-222   2.1518609e-78   1.8848378e-29   2.9296323e-12   1.7938977e-06   1.9877526e-06  -1.4403209e-03   7.7661486e-04   1.0941758e-02   2.0684039e-02   2.5170380e-02
   7.6950000e+01  2.4868330e-229   9.1654381e-81   2.5035090e-30   1.4831841e-12   1.2942478e-06  -3.9713364e-05  -1.7223404e-03   3.6594891e-04   1.0676876e-02   2.0573784e-02   2.5130204e-02
   7.7400000e+01  2.4366142e-237   9.4027047e-84   2.9519148e-31   7.4127441e-13   9.0985655e-07  -7.6878624e-05  -1.9969753e-03  -4.4860736e-05   1.0410620e-02   2.0462886e-02   2.5089792e-02
   7.7850000e+01 -5.0540701e-244  -7.4749895e-86   3.1801065e-32   3.6541271e-13   6.1729132e-07  -1.0981990e-04  -2.2642271e-03  -4.5576685e-04   1.0142995e-02   2.0351346e-02   2.5049144e-02
   7.8300000e+01 -6.3686212e-251  -2.5787660e-88   3.4028575e-33   1.7745920e-13   3.9739262e-07  -1.3883556e-04  -2.5241024e-03  -8.6672212e-04   9.8740029e-03   2.0239163e-02   2.5008261e-02
   7.8750000e+01 -4.4507070e-258  -4.7841676e-91   4.0553103e-34   8.4768132e-14   2.3457663e-07  -1.6421051e-04  -2.7766133e-03  -1.2776792e-03   9.6036495e-03   2.0126337e-02   2.4967143e-02
   7.9200000e+01 -8.7520963e-266  -6.3751933e-94   5.5721472e-35   3.9740562e-14   1.1623771e-07  -1.8621633e-04  -3.0217772e-03  -1.6885907e-03   9.3319388e-03   2.0012869e-02   2.4925789e-02
   7.9650000e+01 -4.7511934e-274  -4.5008182e-97   8.1644953e-36   1.8228774e-14   3.2238863e-08  -2.0511143e-04  -3.2596166e-03  -2.0994091e-03   9.0588750e-03   1.9898759e-02   2.4884199e-02
   8.0100000e+01  2.9368255e-282  8.6582000e-100   1.1685029e-36   8.1438843e-15  -2.5520787e-08  -2.2114122e-04  -3.4901589e-03  -2.5100871e-03   8.7844625e-03   1.9784006e-02   2.4842374e-02
   8.0550000e+01  2.7038804e-289  5.2212889e-102   1.5568635e-37   3.5189823e-15  -6.3471356e-08  -2.3453835e-04  -3.7134365e-03  -2.9205772e-03   8.5087058e-03   1.9668611e-02   2.4800313e-02
   8.1000000e+01  9.0561074e-297  1.6575097e-104   1.8859753e-38   1.4537179e-15  -8.6679394e-08  -2.4552298e-04  -3.9294865e-03  -3.3308319e-03   8.2316092e-03   1.9552574e-02   2.4758016e-02
   8.1450000e+01  6.4148463e-305  4.0157093e-107   2.0423251e-39   5.6203475e-16  -9.9104897e-08  -2.5430308e-04  -4.1383505e-03  -3.7408040e-03   7.9531774e-03   1.9435896e-02   2.4715485e-02
   8.1900000e+01  1.4825548e-313  6.8449393e-110   1.9446821e-40   1.9416303e-16  -1.0381525e-07  -2.6107467e-04  -4.3400747e-03  -4.1504459e-03   7.6734148e-03   1.9318575e-02   2.4672717e-02
   8.2350000e+01   0.0000000e+00  3.7512851e-113   1.6088831e-41   5.2256254e-17  -1.0316236e-07  -2.6602224e-04  -4.5347095e-03  -4.5597104e-03   7.3923261e-03   1.9200613e-02   2.4629714e-02
   8.2800000e+01   0.0000000e+00 -7.3896145e-116   1.1662005e-42   3.4427987e-18  -9.8928609e-08  -2.6931906e-04  -4.7223097e-03  -4.9685502e-03   7.1099158e-03   1.9082008e-02   2.4586476e-02
   8.3250000e+01   0.0000000e+00 -1.1341482e-118   7.8608378e-44  -9.5449962e-18  -9.2446322e-08  -2.7112753e-04  -4.9029339e-03  -5.3769182e-03   6.8261888e-03   1.8962763e-02   2.4543002e-02
   8.3700000e+01   0.0000000e+00 -8.5030682e-122   5.6398532e-45  -1.0265471e-17  -8.4695068e-08  -2.7159959e-04  -5.0766446e-03  -5.7847672e-03   6.5411497e-03   1.8842876e-02   2.4499292e-02
   8.4150000e+01   0.0000000e+00 -4.5509807e-125   4.8373455e-46  -7.7619815e-18  -7.6380389e-08  -2.7087708e-04  -5.2435082e-03  -6.1920503e-03   6.2548033e-03   1.8722347e-02   2.4455347e-02
   8.4600000e+01   0.0000000e+00 -1.4465081e-128   4.6347176e-47  -5.1161529e-18  -6.7997079e-08  -2.6909217e-04  -5.4035946e-03  -6.5987207e-03   5.9671545e-03   1.8601177e-02   2.4411166e-02
   8.5050000e+01   0.0000000e+00  5.7797671e-132   4.1594951e-48  -3.1271589e-18  -5.9879701e-08  -2.6636772e-04  -5.5569772e-03  -7.0047315e-03   5.6782081e-03   1.8479366e-02   2.4366750e-02
   8.5500000e+01   0.0000000e+00  1.7188417e-134   2.8051822e-49  -1.8204068e-18  -5.2242603e-08  -2.6281772e-04  -5.7037325e-03  -7.4100361e-03   5.3879690e-03   1.8356914e-02   2.4322098e-02
   8.5950000e+01   0.0000000e+00  2.1833197e-137   2.8400594e-51  -1.0235081e-18  -4.5211369e-08  -2.5854765e-04  -5.8439404e-03  -7.8145882e-03   5.0964423e-03   1.8233821e-02   2.4277211e-02
   8.6400000e+01   0.0000000e+00  2.0906868e-140  -3.4420219e-51  -5.6046376e-19  -3.8847307e-08  -2.5365494e-04  -5.9776835e-03  -8.2183414e-03   4.8036330e-03   1.8110087e-02   2.4232088e-02
   8.6850000e+01   0.0000000e+00  1.4876689e-143  -8.2525651e-52  -3.0053402e-19  -3.3166333e-08  -2.4822929e-04  -6.1050475e-03  -8.6212496e-03   4.5095460e-03   1.7985713e-02   2.4186730e-02
   8.7300000e+01   0.0000000e+00  4.5853800e-147  -1.3943245e-52  -1.5840207e-19  -2.8153363e-08  -2.4235317e-04  -6.2261206e-03  -9.0232669e-03   4.2141866e-03   1.7860697e-02   2.4141136e-02
   8.7750000e+01   0.0000000e+00 -6.6002593e-150  -2.0274662e-53  -8.2287910e-20  -2.3773149e-08  -2.3610209e-04  -6.3409935e-03  -9.4243475e-03   3.9175599e-03   1.7735041e-02   2.4095307e-02
   8.8200000e+01   0.0000000e+00 -1.3026198e-152  -2.6999564e-54  -4.2219933e-20  -1.9978300e-08  -2.2954509e-04  -6.4497595e-03  -9.8244460e-03   3.6196711e-03   1.7608745e-02   2.4049242e-02
   8.8650000e+01   0.0000000e+00 -1.2823092e-155  -3.3873997e-55  -2.1429280e-20  -1.6715118e-08  -2.2274503e-04  -6.5525139e-03  -1.0223517e-02   3.3205254e-03   1.7481808e-02   2.4002942e-02
   8.9100000e+01   0.0000000e+00 -9.3976009e-159  -4.0657779e-56  -1.0773814e-20  -1.3927745e-08  -2.1575901e-04  -6.6493542e-03  -1.0621516e-02   3.0201281e-03   1.7354231e-02   2.3956406e-02
   8.9550000e+01   0.0000000e+00 -5.9379264e-162  -4.7108634e-57  -5.3711198e-21  -1.1561008e-08  -2.0863869e-04  -6.7403796e-03  -1.1018397e-02   2.7184847e-03   1.7226014e-02   2.3909635e-02
   9.0000000e+01   0.0000000e+00 -3.4725358e-165  -5.2973856e-58  -2.6575331e-21  -9.5623016e-09  -2.0143065e-04  -6.8256915e-03  -1.1414117e-02   2.4156005e-03   1.7097157e-02   2.3862628e-02
