  -9.0000000e+01  -6.2959248e-04
  -8.9550000e+01  -6.3059265e-04
  -8.9100000e+01  -6.3028585e-04
  -8.8650000e+01  -6.2857623e-04
  -8.8200000e+01  -6.2536465e-04
  -8.7750000e+01  -6.2054864e-04
  -8.7300000e+01  -6.1402248e-04
  -8.6850000e+01  -6.0567722e-04
  -8.6400000e+01  -5.9540074e-04
  -8.5950000e+01  -5.8307779e-04
  -8.5500000e+01  -5.6859011e-04
  -8.5050000e+01  -5.5181644e-04
  -8.4600000e+01  -5.3263264e-04
  -8.4150000e+01  -5.1091179e-04
  -8.3700000e+01  -4.8652426e-04
  -8.3250000e+01  -4.5933783e-04
  -8.2800000e+01  -4.2921781e-04
  -8.2350000e+01  -3.9602713e-04
  -8.1900000e+01  -3.5962649e-04
  -8.1450000e+01  -3.1987445e-04
  -8.1000000e+01  -2.7662762e-04
  -8.0550000e+01  -2.2974073e-04
  -8.0100000e+01  -1.7906679e-04
  -7.9650000e+01  -1.2445725e-04
  -7.9200000e+01  -6.5762104e-05
  -7.8750000e+01  -2.8300696e-06
  -7.8300000e+01   6.4491307e-05
  -7.7850000e+01   1.3635549e-04
  -7.7400000e+01   2.1291680e-04
  -7.6950000e+01   2.9433032e-04
  -7.6500000e+01   3.8075169e-04
  -7.6050000e+01   4.7233704e-04
  -7.5600000e+01   5.6924278e-04
  -7.5150000e+01   6.7162553e-04
  -7.4700000e+01   7.7964195e-04
  -7.4250000e+01   8.9344864e-04
  -7.3800000e+01   1.0132019e-03
  -7.3350000e+01   1.1390579e-03
  -7.2900000e+01   1.2711721e-03
  -7.2450000e+01   1.4096995e-03
  -7.2000000e+01   1.5547942e-03
  -7.1550000e+01   1.7066097e-03
  -7.1100000e+01   1.8652983e-03
  -7.0650000e+01   2.0310112e-03
  -7.0200000e+01   2.2038984e-03
  -6.9750000e+01   2.3841081e-03
  -6.9300000e+01   2.5717874e-03
  -6.8850000e+01   2.7670811e-03
  -6.8400000e+01   2.9701324e-03
  -6.7950000e+01   3.1810821e-03
  -6.7500000e+01   3.4000686e-03
  -6.7050000e+01   3.6272277e-03
  -6.6600000e+01   3.8626922e-03
  -6.6150000e+01   4.1065918e-03
  -6.5700000e+01   4.3590527e-03
  -6.5250000e+01   4.6201972e-03
  -6.4800000e+01   4.8901434e-03
  -6.4350000e+01   5.1690050e-03
  -6.3900000e+01   5.4568904e-03
  -6.3450000e+01   5.7539028e-03
  -6.3000000e+01   6.0601395e-03
  -6.2550000e+01   6.3756913e-03
  -6.2100000e+01   6.7006421e-03
  -6.1650000e+01   7.0350681e-03
  -6.1200000e+01   7.3790377e-03
  -6.0750000e+01   7.7326103e-03
  -6.0300000e+01   8.0958360e-03
  -5.9850000e+01   8.4687549e-03
  -5.9400000e+01   8.8513961e-03
  -5.8950000e+01   9.2437774e-03
  -5.8500000e+01   9.6459044e-03
  -5.8050000e+01   1.0057770e-02
  -5.7600000e+01   1.0479352e-02
  -5.7150000e+01   1.0910615e-02
  -5.6700000e+01   1.1351510e-02
  -5.6250000e+01   1.1801968e-02
  -5.5800000e+01   1.2261906e-02
  -5.5350000e+01   1.2731224e-02
  -5.4900000e+01   1.3209803e-02
  -5.4450000e+01   1.3697506e-02
  -5.4000000e+01   1.4194177e-02
  -5.3550000e+01   1.4699638e-02
  -5.3100000e+01   1.5213695e-02
  -5.2650000e+01   1.5736130e-02
  -5.2200000e+01   1.6266708e-02
  -5.1750000e+01   1.6805169e-02
  -5.1300000e+01   1.7351235e-02
  -5.0850000e+01   1.7904606e-02
  -5.0400000e+01   1.8464963e-02
  -4.9950000e+01   1.9031964e-02
  -4.9500000e+01   1.9605249e-02
  -4.9050000e+01   2.0184438e-02
  -4.8600000e+01   2.0769131e-02
  -4.8150000e+01   2.1358914e-02
  -4.7700000e+01   2.1953350e-02
  -4.7250000e+01   2.2551992e-02
  -4.6800000e+01   2.3154375e-02
  -4.6350000e+01   2.3760022e-02
  -4.5900000e+01   2.4368443e-02
  -4.5450000e+01   2.4979138e-02
  -4.5000000e+01   2.5591601e-02
  -4.4550000e+01   2.6205316e-02
  -4.4100000e+01   2.6819765e-02
  -4.3650000e+01   2.7434426e-02
  -4.3200000e+01   2.8048776e-02
  -4.2750000e+01   2.8662296e-02
  -4.2300000e+01   2.9274468e-02
  -4.1850000e+01   2.9884781e-02
  -4.1400000e+01   3.0492733e-02
  -4.0950000e+01   3.1097833e-02
  -4.0500000e+01   3.1699600e-02
  -4.0050000e+01   3.2297571e-02
  -3.9600000e+01   3.2891299e-02
  -3.9150000e+01   3.3480354e-02
  -3.8700000e+01   3.4064331e-02
  -3.8250000e+01   3.4642844e-02
  -3.7800000e+01   3.5215534e-02
  -3.7350000e+01   3.5782066e-02
  -3.6900000e+01   3.6342136e-02
  -3.6450000e+01   3.6895464e-02
  -3.6000000e+01   3.7441803e-02
  -3.5550000e+01   3.7980936e-02
  -3.5100000e+01   3.8512678e-02
  -3.4650000e+01   3.9036873e-02
  -3.4200000e+01   3.9553400e-02
  -3.3750000e+01   4.0062169e-02
  -3.3300000e+01   4.0563120e-02
  -3.2850000e+01   4.1056227e-02
  -3.2400000e+01   4.1541493e-02
  -3.1950000e+01   4.2018950e-02
  -3.1500000e+01   4.2488662e-02
  -3.1050000e+01   4.2950716e-02
  -3.0600000e+01   4.3405229e-02
  -3.0150000e+01   4.3852338e-02
  -2.9700000e+01   4.4292207e-02
  -2.9250000e+01   4.4725017e-02
  -2.8800000e+01   4.5150969e-02
  -2.8350000e+01   4.5570278e-02
  -2.7900000e+01   4.5983177e-02
  -2.7450000e+01   4.6389905e-02
  -2.7000000e+01   4.6790713e-02
  -2.6550000e+01   4.7185858e-02
  -2.6100000e+01   4.7575600e-02
  -2.5650000e+01   4.7960200e-02
  -2.5200000e+01   4.8339919e-02
  -2.4750000e+01   4.8715011e-02
  -2.4300000e+01   4.9085726e-02
  -2.3850000e+01   4.9452306e-02
  -2.3400000e+01   4.9814978e-02
  -2.2950000e+01   5.0173959e-02
  -2.2500000e+01   5.0529449e-02
  -2.2050000e+01   5.0881632e-02
  -2.1600000e+01   5.1230671e-02
  -2.1150000e+01   5.1576708e-02
  -2.0700000e+01   5.1919865e-02
  -2.0250000e+01   5.2260239e-02
  -1.9800000e+01   5.2597901e-02
  -1.9350000e+01   5.2932899e-02
  -1.8900000e+01   5.3265252e-02
  -1.8450000e+01   5.3594954e-02
  -1.8000000e+01   5.3921973e-02
  -1.7550000e+01   5.4246246e-02
  -1.7100000e+01   5.4567686e-02
  -1.6650000e+01   5.4886179e-02
  -1.6200000e+01   5.5201583e-02
  -1.5750000e+01   5.5513732e-02
  -1.5300000e+01   5.5822434e-02
  -1.4850000e+01   5.6127474e-02
  -1.4400000e+01   5.6428613e-02
  -1.3950000e+01   5.6725593e-02
  -1.3500000e+01   5.7018133e-02
  -1.3050000e+01   5.7305936e-02
  -1.2600000e+01   5.7588687e-02
  -1.2150000e+01   5.7866057e-02
  -1.1700000e+01   5.8137704e-02
  -1.1250000e+01   5.8403272e-02
  -1.0800000e+01   5.8662399e-02
  -1.0350000e+01   5.8914715e-02
  -9.9000000e+00   5.9159845e-02
  -9.4500000e+00   5.9397410e-02
  -9.0000000e+00   5.9627031e-02
  -8.5500000e+00   5.9848330e-02
  -8.1000000e+00   6.0060931e-02
  -7.6500000e+00   6.0264466e-02
  -7.2000000e+00   6.0458570e-02
  -6.7500000e+00   6.0642892e-02
  -6.3000000e+00   6.0817089e-02
  -5.8500000e+00   6.0980831e-02
  -5.4000000e+00   6.1133804e-02
  -4.9500000e+00   6.1275708e-02
  -4.5000000e+00   6.1406265e-02
  -4.0500000e+00   6.1525211e-02
  -3.6000000e+00   6.1632307e-02
  -3.1500000e+00   6.1727334e-02
  -2.7000000e+00   6.1810096e-02
  -2.2500000e+00   6.1880421e-02
  -1.8000000e+00   6.1938162e-02
  -1.3500000e+00   6.1983199e-02
  -9.0000000e-01   6.2015436e-02
  -4.5000000e-01   6.2034806e-02
   0.0000000e+00   6.2041267e-02
   4.5000000e-01   6.2034806e-02
   9.0000000e-01   6.2015436e-02
   1.3500000e+00   6.1983199e-02
   1.8000000e+00   6.1938162e-02
   2.2500000e+00   6.1880421e-02
   2.7000000e+00   6.1810096e-02
   3.1500000e+00   6.1727334e-02
   3.6000000e+00   6.1632307e-02
   4.0500000e+00   6.1525211e-02
   4.5000000e+00   6.1406265e-02
   4.9500000e+00   6.1275708e-02
   5.4000000e+00   6.1133804e-02
   5.8500000e+00   6.0980831e-02
   6.3000000e+00   6.0817089e-02
   6.7500000e+00   6.0642892e-02
   7.2000000e+00   6.0458570e-02
   7.6500000e+00   6.0264466e-02
   8.1000000e+00   6.0060931e-02
   8.5500000e+00   5.9848330e-02
   9.0000000e+00   5.9627031e-02
   9.4500000e+00   5.9397410e-02
   9.9000000e+00   5.9159845e-02
   1.0350000e+01   5.8914715e-02
   1.0800000e+01   5.8662399e-02
   1.1250000e+01   5.8403272e-02
   1.1700000e+01   5.8137704e-02
   1.2150000e+01   5.7866057e-02
   1.2600000e+01   5.7588687e-02
   1.3050000e+01   5.7305936e-02
   1.3500000e+01   5.7018133e-02
   1.3950000e+01   5.6725593e-02
   1.4400000e+01   5.6428613e-02
   1.4850000e+01   5.6127474e-02
   1.5300000e+01   5.5822434e-02
   1.5750000e+01   5.5513732e-02
   1.6200000e+01   5.5201583e-02
   1.6650000e+01   5.4886179e-02
   1.7100000e+01   5.4567686e-02
   1.7550000e+01   5.4246246e-02
   1.8000000e+01   5.3921973e-02
   1.8450000e+01   5.3594954e-02
   1.8900000e+01   5.3265252e-02
   1.9350000e+01   5.2932899e-02
   1.9800000e+01   5.2597901e-02
   2.0250000e+01   5.2260239e-02
   2.0700000e+01   5.1919865e-02
   2.1150000e+01   5.1576708e-02
   2.1600000e+01   5.1230671e-02
   2.2050000e+01   5.0881632e-02
   2.2500000e+01   5.0529449e-02
   2.2950000e+01   5.0173959e-02
   2.3400000e+01   4.9814978e-02
   2.3850000e+01   4.9452306e-02
   2.4300000e+01   4.9085726e-02
   2.4750000e+01   4.8715011e-02
   2.5200000e+01   4.8339919e-02
   2.5650000e+01   4.7960200e-02
   2.6100000e+01   4.7575600e-02
   2.6550000e+01   4.7185858e-02
   2.7000000e+01   4.6790713e-02
   2.7450000e+01   4.6389905e-02
   2.7900000e+01   4.5983177e-02
   2.8350000e+01   4.5570278e-02
   2.8800000e+01   4.5150969e-02
   2.9250000e+01   4.4725017e-02
   2.9700000e+01   4.4292207e-02
   3.0150000e+01   4.3852338e-02
   3.0600000e+01   4.3405229e-02
   3.1050000e+01   4.2950716e-02
   3.1500000e+01   4.2488662e-02
   3.1950000e+01   4.2018950e-02
   3.2400000e+01   4.1541493e-02
   3.2850000e+01   4.1056227e-02
   3.3300000e+01   4.0563120e-02
   3.3750000e+01   4.0062169e-02
   3.4200000e+01   3.9553400e-02
   3.4650000e+01   3.9036873e-02
   3.5100000e+01   3.8512678e-02
   3.5550000e+01   3.7980936e-02
   3.6000000e+01   3.7441803e-02
   3.6450000e+01   3.6895464e-02
   3.6900000e+01   3.6342136e-02
   3.7350000e+01   3.5782066e-02
   3.7800000e+01   3.5215534e-02
   3.8250000e+01   3.4642844e-02
   3.8700000e+01   3.4064331e-02
   3.9150000e+01   3.3480354e-02
   3.9600000e+01   3.2891299e-02
   4.0050000e+01   3.2297571e-02
   4.0500000e+01   3.1699600e-02
   4.0950000e+01   3.1097833e-02
   4.1400000e+01   3.0492733e-02
   4.1850000e+01   2.9884781e-02
   4.2300000e+01   2.9274468e-02
   4.2750000e+01   2.8662296e-02
   4.3200000e+01   2.8048776e-02
   4.3650000e+01   2.7434426e-02
   4.4100000e+01   2.6819765e-02
   4.4550000e+01   2.6205316e-02
   4.5000000e+01   2.5591601e-02
   4.5450000e+01   2.4979138e-02
   4.5900000e+01   2.4368443e-02
   4.6350000e+01   2.3760022e-02
   4.6800000e+01   2.3154375e-02
   4.7250000e+01   2.2551992e-02
   4.7700000e+01   2.1953350e-02
   4.8150000e+01   2.1358914e-02
   4.8600000e+01   2.0769131e-02
   4.9050000e+01   2.0184438e-02
   4.9500000e+01   1.9605249e-02
   4.9950000e+01   1.9031964e-02
   5.0400000e+01   1.8464963e-02
   5.0850000e+01   1.7904606e-02
   5.1300000e+01   1.7351235e-02
   5.1750000e+01   1.6805169e-02
   5.2200000e+01   1.6266708e-02
   5.2650000e+01   1.5736130e-02
   5.3100000e+01   1.5213695e-02
   5.3550000e+01   1.4699638e-02
   5.4000000e+01   1.4194177e-02
   5.4450000e+01   1.3697506e-02
   5.4900000e+01   1.3209803e-02
   5.5350000e+01   1.2731224e-02
   5.5800000e+01   1.2261906e-02
   5.6250000e+01   1.1801968e-02
   5.6700000e+01   1.1351510e-02
   5.7150000e+01   1.0910615e-02
   5.7600000e+01   1.0479352e-02
   5.8050000e+01   1.0057770e-02
   5.8500000e+01   9.6459044e-03
   5.8950000e+01   9.2437774e-03
   5.9400000e+01   8.8513961e-03
   5.9850000e+01   8.4687549e-03
   6.0300000e+01   8.0958360e-03
   6.0750000e+01   7.7326103e-03
   6.1200000e+01   7.3790377e-03
   6.1650000e+01   7.0350681e-03
   6.2100000e+01   6.7006421e-03
   6.2550000e+01   6.3756913e-03
   6.3000000e+01   6.0601395e-03
   6.3450000e+01   5.7539028e-03
   6.3900000e+01   5.4568904e-03
   6.4350000e+01   5.1690050e-03
   6.4800000e+01   4.8901434e-03
   6.5250000e+01   4.6201972e-03
   6.5700000e+01   4.3590527e-03
   6.6150000e+01   4.1065918e-03
   6.6600000e+01   3.8626922e-03
   6.7050000e+01   3.6272277e-03
   6.7500000e+01   3.4000686e-03
   6.7950000e+01   3.1810821e-03
   6.8400000e+01   2.9701324e-03
   6.8850000e+01   2.7670811e-03
   6.9300000e+01   2.5717874e-03
   6.9750000e+01   2.3841081e-03
   7.0200000e+01   2.2038984e-03
   7.0650000e+01   2.0310112e-03
   7.1100000e+01   1.8652983e-03
   7.1550000e+01   1.7066097e-03
   7.2000000e+01   1.5547942e-03
   7.2450000e+01   1.4096995e-03
   7.2900000e+01   1.2711721e-03
   7.3350000e+01   1.1390579e-03
   7.3800000e+01   1.0132019e-03
   7.4250000e+01   8.9344864e-04
   7.4700000e+01   7.7964195e-04
   7.5150000e+01   6.7162553e-04
   7.5600000e+01   5.6924278e-04
   7.6050000e+01   4.7233704e-04
   7.6500000e+01   3.8075169e-04
   7.6950000e+01   2.9433032e-04
   7.7400000e+01   2.1291680e-04
   7.7850000e+01   1.3635549e-04
   7.8300000e+01   6.4491307e-05
   7.8750000e+01  -2.8300696e-06
   7.9200000e+01  -6.5762104e-05
   7.9650000e+01  -1.2445725e-04
   8.0100000e+01  -1.7906679e-04
   8.0550000e+01  -2.2974073e-04
   8.1000000e+01  -2.7662762e-04
   8.1450000e+01  -3.1987445e-04
   8.1900000e+01  -3.5962649e-04
   8.2350000e+01  -3.9602713e-04
   8.2800000e+01  -4.2921781e-04
   8.3250000e+01  -4.5933783e-04
   8.3700000e+01  -4.8652426e-04
   8.4150000e+01  -5.1091179e-04
   8.4600000e+01  -5.3263264e-04
   8.5050000e+01  -5.5181644e-04
   8.5500000e+01  -5.6859011e-04
   8.5950000e+01  -5.8307779e-04
   8.6400000e+01  -5.9540074e-04
   8.6850000e+01  -6.0567722e-04
   8.7300000e+01  -6.1402248e-04
   8.7750000e+01  -6.2054864e-04
   8.8200000e+01  -6.2536465e-04
   8.8650000e+01  -6.2857623e-04
   8.9100000e+01  -6.3028585e-04
   8.9550000e+01  -6.3059265e-04
   9.0000000e+01  -6.2959248e-04
