  -9.0000000e+01   0.0000000e+00 -8.7374568e-129  -1.5331682e-45  -3.6128109e-17  -1.6033194e-07  -3.2679052e-04  -6.7083340e-03  -1.1190090e-02   2.3551392e-03   1.7074932e-02   2.3857373e-02
  -8.9550000e+01   0.0000000e+00 -5.7602370e-126  -9.7903036e-45  -6.4965600e-17  -1.8584920e-07  -3.3398498e-04  -6.6109531e-03  -1.0801208e-02   2.6577640e-03   1.7203998e-02   2.3904439e-02
  -8.9100000e+01   0.0000000e+00 -3.5146621e-123  -6.0647880e-44  -1.1589903e-16  -2.1460471e-07  -3.4076885e-04  -6.5081636e-03  -1.0411158e-02   2.9591677e-03   1.7332424e-02   2.3951269e-02
  -8.8650000e+01   0.0000000e+00 -1.8488550e-120  -3.6238988e-43  -2.0493065e-16  -2.4679017e-07  -3.4707369e-04  -6.3998799e-03  -1.0019981e-02   3.2593449e-03   1.7460210e-02   2.3997864e-02
  -8.8200000e+01   0.0000000e+00 -7.2394460e-118  -2.0685460e-42  -3.5871183e-16  -2.8253961e-07  -3.5282573e-04  -6.2860177e-03  -9.6277198e-03   3.5582899e-03   1.7587356e-02   2.4044222e-02
  -8.7750000e+01   0.0000000e+00 -1.4123343e-115  -1.1090361e-41  -6.2065880e-16  -3.2190110e-07  -3.5794563e-04  -6.1664944e-03  -9.2344164e-03   3.8559972e-03   1.7713861e-02   2.4090345e-02
  -8.7300000e+01   0.0000000e+00  3.8092533e-113  -5.4068609e-41  -1.0595275e-15  -3.6480088e-07  -3.6234820e-04  -6.0412296e-03  -8.8401131e-03   4.1524615e-03   1.7839725e-02   2.4136233e-02
  -8.6850000e+01  9.2877339e-314  4.7550093e-110  -2.2210432e-40  -1.7801504e-15  -4.1099811e-07  -3.6594221e-04  -5.9101443e-03  -8.4448526e-03   4.4476772e-03   1.7964949e-02   2.4181884e-02
  -8.6400000e+01  3.7413209e-305  2.5791662e-107  -5.7596069e-40  -2.9338648e-15  -4.6002876e-07  -3.6863003e-04  -5.7731621e-03  -8.0486779e-03   4.7416391e-03   1.8089532e-02   2.4227300e-02
  -8.5950000e+01  4.9840602e-297  1.0418350e-104   1.6290116e-39  -4.7207518e-15  -5.1113624e-07  -3.7030748e-04  -5.6302086e-03  -7.6516320e-03   5.0343418e-03   1.8213474e-02   2.4272480e-02
  -8.5500000e+01  1.4804003e-289  3.1931868e-102   4.0653858e-38  -7.3635430e-15  -5.6318678e-07  -3.7086347e-04  -5.4812116e-03  -7.2537584e-03   5.3257801e-03   1.8336775e-02   2.4317424e-02
  -8.5050000e+01  1.1489383e-282  4.4434190e-100   4.1298566e-37  -1.1006860e-14  -6.1456675e-07  -3.7017983e-04  -5.3261016e-03  -6.8551006e-03   5.6159487e-03   1.8459435e-02   2.4362132e-02
  -8.4600000e+01 -3.7585426e-274  -3.6775690e-97   3.3623864e-36  -1.5441820e-14  -6.6305908e-07  -3.6813102e-04  -5.1648115e-03  -6.4557024e-03   5.9048424e-03   1.8581453e-02   2.4406604e-02
  -8.4150000e+01 -6.2418685e-266  -4.6056297e-94   2.5912939e-35  -1.9449688e-14  -7.0569568e-07  -3.6458388e-04  -4.9972769e-03  -6.0556076e-03   6.1924562e-03   1.8702830e-02   2.4450841e-02
  -8.3700000e+01 -2.5643285e-258  -3.3402896e-91   2.1492209e-34  -1.9352902e-14  -7.3858209e-07  -3.5939740e-04  -4.8234363e-03  -5.6548603e-03   6.4787849e-03   1.8823565e-02   2.4494842e-02
  -8.3250000e+01 -3.2456667e-251  -1.7213308e-88   2.0266959e-33  -5.9738638e-15  -7.5669079e-07  -3.5242251e-04  -4.6432312e-03  -5.2535048e-03   6.7638236e-03   1.8943659e-02   2.4538607e-02
  -8.2800000e+01 -2.2628401e-244  -4.3164256e-86   2.0214057e-32   4.1516764e-14  -7.5361882e-07  -3.4350181e-04  -4.4566060e-03  -4.8515855e-03   7.0475671e-03   1.9063111e-02   2.4582136e-02
  -8.2350000e+01  1.9078936e-237   8.5916516e-84   1.9153428e-31   1.6768915e-13  -7.2130538e-07  -3.3246939e-04  -4.2635084e-03  -4.4491469e-03   7.3300106e-03   1.9181921e-02   2.4625430e-02
  -8.1900000e+01  1.3493719e-229   6.0074173e-81   1.6237293e-30   4.6405328e-13  -6.4970458e-07  -3.1915062e-04  -4.0638893e-03  -4.0462337e-03   7.6111491e-03   1.9300089e-02   2.4668487e-02
  -8.1450000e+01  3.7315680e-222   1.3601681e-78   1.2139562e-29   1.1126834e-12  -5.2640853e-07  -3.0336200e-04  -3.8577033e-03  -3.6428906e-03   7.8909779e-03   1.9417615e-02   2.4711309e-02
  -8.1000000e+01  3.3676790e-215   2.1728118e-76   8.0694571e-29   2.4668002e-12  -3.3621542e-07  -2.8491091e-04  -3.6449082e-03  -3.2391624e-03   8.1694920e-03   1.9534499e-02   2.4753895e-02
  -8.0550000e+01  6.4357675e-209   2.6680527e-74   4.8429220e-28   5.1972420e-12  -6.0637369e-08  -2.6359555e-04  -3.4254656e-03  -2.8350942e-03   8.4466868e-03   1.9650741e-02   2.4796246e-02
  -8.0100000e+01  4.5876049e-203   1.8115895e-72   2.6706978e-27   1.0554782e-11   3.2265735e-07  -2.3920476e-04  -3.1993410e-03  -2.4307308e-03   8.7225575e-03   1.9766340e-02   2.4838360e-02
  -7.9650000e+01 -4.4601149e-196  -2.9943909e-70   1.3862028e-26   2.0833416e-11   8.4047325e-07  -2.1151791e-04  -2.9665036e-03  -2.0261175e-03   8.9970994e-03   1.9881296e-02   2.4880239e-02
  -7.9200000e+01 -5.2838877e-189  -1.7432906e-67   7.0649689e-26   4.0177776e-11   1.5247930e-06  -1.8030483e-04  -2.7269269e-03  -1.6212994e-03   9.2703079e-03   1.9995610e-02   2.4921881e-02
  -7.8750000e+01 -1.7182351e-182  -5.1006361e-65   3.7807343e-25   7.5972275e-11   2.4135647e-06  -1.4532574e-04  -2.4805881e-03  -1.2163215e-03   9.5421784e-03   2.0109282e-02   2.4963288e-02
  -7.8300000e+01 -1.5714270e-176  -1.0637644e-62   2.2446469e-24   1.4120108e-10   3.5515749e-06  -1.0633124e-04  -2.2274688e-03  -8.1122917e-04   9.8127064e-03   2.0222310e-02   2.5004460e-02
  -7.7850000e+01 -7.9681414e-171  -1.1874308e-60   1.4448410e-23   2.5840755e-10   4.9914141e-06  -6.3062290e-05  -1.9675552e-03  -4.0606756e-04   1.0081887e-02   2.0334695e-02   2.5045395e-02
  -7.7400000e+01  2.4631361e-165   5.9187181e-59   9.2592138e-23   4.6625491e-10   6.7945359e-06  -1.5250234e-05  -1.7008375e-03  -8.8190158e-07   1.0349717e-02   2.0446438e-02   2.5086094e-02
  -7.6950000e+01  1.6036657e-158   2.1942042e-56   5.5015565e-22   8.3026196e-10   9.0324147e-06   3.7383110e-05  -1.4273105e-03   4.0428259e-04   1.0616191e-02   2.0557537e-02   2.5126558e-02
  -7.6500000e+01  3.0252404e-152   1.9884068e-54   2.9438302e-21   1.4601518e-09   1.1787804e-05   9.5125362e-05  -1.1469739e-03   8.0938074e-04   1.0881304e-02   2.0667993e-02   2.5166786e-02
  -7.6050000e+01  1.7597768e-146   1.2436093e-52   1.4183668e-20   2.5375342e-09   1.5156094e-05   1.5827343e-04  -8.5983184e-04   1.2143674e-03   1.1145053e-02   2.0777806e-02   2.5206778e-02
  -7.5600000e+01  2.0701046e-141   6.0817630e-51   6.2289119e-20   4.3595163e-09   1.9246775e-05   2.2713335e-04  -5.6589323e-04   1.6191974e-03   1.1407433e-02   2.0886975e-02   2.5246534e-02
  -7.5150000e+01  1.1289786e-136   1.8821830e-49   2.5352103e-19   7.4065238e-09   2.4184991e-05   3.0202002e-04  -2.6517198e-04   2.0238257e-03   1.1668441e-02   2.0995501e-02   2.5286055e-02
  -7.4700000e+01 -3.6520388e-131  -5.4971937e-48   9.7752713e-19   1.2446401e-08   3.0113196e-05   3.8325696e-04   4.2313152e-05   2.4282074e-03   1.1928071e-02   2.1103383e-02   2.5325339e-02
  -7.4250000e+01 -3.2562376e-125  -1.7495373e-45   3.6939303e-18   2.0692088e-08   3.7192895e-05   4.7117601e-04   3.5653834e-04   2.8322974e-03   1.2186319e-02   2.1210622e-02   2.5364388e-02
  -7.3800000e+01 -9.7345388e-120  -2.0948020e-43   1.4362685e-17   3.4037246e-08   4.5606459e-05   5.6611690e-04   6.7747472e-04   3.2360511e-03   1.2443183e-02   2.1317217e-02   2.5403201e-02
  -7.3350000e+01 -7.1327658e-115  -1.7751416e-41   5.9887522e-17   5.5403575e-08   5.5559019e-05   6.6842692e-04   1.0050882e-03   3.6394237e-03   1.2698656e-02   2.1423168e-02   2.5441778e-02
  -7.2900000e+01 -2.6141989e-110  -8.7047285e-40   2.6549832e-16   8.9245674e-08   6.7280398e-05   7.7846037e-04   1.3393397e-03   4.0423705e-03   1.2952737e-02   2.1528475e-02   2.5480119e-02
  -7.2450000e+01  2.2742845e-106   9.3087942e-39   1.1793897e-15   1.4227458e-07   8.1027091e-05   8.9657811e-04   1.6801846e-03   4.4448472e-03   1.3205420e-02   2.1633138e-02   2.5518224e-02
  -7.2000000e+01  1.8098959e-100   2.1948433e-36   4.9400998e-15   2.2447981e-07   9.7084248e-05   1.0231469e-03   2.0275732e-03   4.8468094e-03   1.3456702e-02   2.1737156e-02   2.5556093e-02
  -7.1550000e+01   2.2956161e-95   7.9372899e-35   1.8920698e-14   3.5055184e-07   1.1576765e-04   1.1585389e-03   2.3814503e-03   5.2482128e-03   1.3706578e-02   2.1840531e-02   2.5593727e-02
  -7.1100000e+01   7.6003361e-91   1.9368269e-33   6.6012330e-14   5.4183217e-07   1.3742565e-04   1.3031308e-03   2.7417556e-03   5.6490136e-03   1.3955046e-02   2.1943261e-02   2.5631125e-02
  -7.0650000e+01   5.0102649e-87   3.7613553e-32   2.1191856e-13   8.2894503e-07   1.6244104e-04   1.4573032e-03   3.1084230e-03   6.0491678e-03   1.4202100e-02   2.2045347e-02   2.5668287e-02
  -7.0200000e+01   1.8749380e-83   5.1253086e-31   6.3572455e-13   1.2552920e-06   1.9123283e-04   1.6214397e-03   3.4813814e-03   6.4486319e-03   1.4447739e-02   2.2146788e-02   2.5705213e-02
  -6.9750000e+01  -1.9441931e-79  -1.1055990e-30   1.8169766e-12   1.8816147e-06   2.2425787e-04   1.7959263e-03   3.8605540e-03   6.8473622e-03   1.4691957e-02   2.2247585e-02   2.5741903e-02
  -6.9300000e+01  -1.4369885e-74  -4.4673559e-28   5.0801803e-12   2.7918471e-06   2.6201234e-04   1.9811499e-03   4.2458586e-03   7.2453156e-03   1.4934751e-02   2.2347737e-02   2.5778357e-02
  -6.8850000e+01  -6.6928299e-70  -2.2525844e-26   1.4379752e-11   4.1004836e-06   3.0503304e-04   2.1774980e-03   4.6372076e-03   7.6424490e-03   1.5176118e-02   2.2447245e-02   2.5814575e-02
  -6.8400000e+01  -2.6898488e-65  -7.8065564e-25   4.2442589e-11   5.9616756e-06   3.5389839e-04   2.3853570e-03   5.0345079e-03   8.0387197e-03   1.5416054e-02   2.2546108e-02   2.5850558e-02
  -6.7950000e+01  -8.0470302e-61  -1.6608197e-23   1.3052515e-10   8.5802268e-06   4.0922928e-04   2.6051117e-03   5.4376611e-03   8.4340850e-03   1.5654555e-02   2.2644325e-02   2.5886305e-02
  -6.7500000e+01   4.3026918e-62   1.8652923e-23   4.0263820e-10   1.2224592e-05   4.7168956e-04   2.8371435e-03   5.8465632e-03   8.8285026e-03   1.5891618e-02   2.2741898e-02   2.5921816e-02
  -6.7050000e+01   1.1790485e-53   5.6908492e-21   1.1879857e-09   1.7241871e-05   5.4198625e-04   3.0818297e-03   6.2611050e-03   9.2219305e-03   1.6127240e-02   2.2838826e-02   2.5957090e-02
  -6.6600000e+01   5.7753343e-51   8.2550335e-20   3.2562040e-09   2.4074656e-05   6.2086948e-04   3.3395418e-03   6.6811719e-03   9.6143269e-03   1.6361417e-02   2.2935109e-02   2.5992130e-02
  -6.6150000e+01   2.1086058e-48   7.9199497e-19   8.2387803e-09   3.3279380e-05   7.0913204e-04   3.6106444e-03   7.1066438e-03   1.0005650e-02   1.6594146e-02   2.3030746e-02   2.6026933e-02
  -6.5700000e+01   6.7400131e-46   6.1671068e-18   1.9390809e-08   4.5545617e-05   8.0760873e-04   3.8954936e-03   7.5373956e-03   1.0395859e-02   1.6825424e-02   2.3125738e-02   2.6061500e-02
  -6.5250000e+01   1.6992954e-43   3.6855737e-17   4.3027257e-08   6.1715511e-05   9.1717526e-04   4.1944356e-03   7.9732969e-03   1.0784913e-02   1.7055246e-02   2.3220085e-02   2.6095832e-02
  -6.4800000e+01  -6.2114301e-41   7.5560305e-17   9.1460449e-08   8.2802238e-05   1.0387470e-03   4.5078053e-03   8.4142121e-03   1.1172772e-02   1.7283611e-02   2.3313787e-02   2.6129927e-02
  -6.4350000e+01  -3.5353780e-37  -2.4697250e-15   1.8974804e-07   1.1000616e-04   1.1732774e-03   4.8359246e-03   8.8600006e-03   1.1559394e-02   1.7510515e-02   2.3406843e-02   2.6163787e-02
  -6.3900000e+01  -8.0200093e-34  -5.6946343e-14   3.9239885e-07   1.4472708e-04   1.3217561e-03   5.1791007e-03   9.3105166e-03   1.1944740e-02   1.7735954e-02   2.3499253e-02   2.6197411e-02
  -6.3450000e+01  -3.5504812e-31  -7.9934206e-13   8.2318038e-07   1.8857093e-04   1.4852070e-03   5.5376246e-03   9.7656097e-03   1.2328771e-02   1.7959926e-02   2.3591018e-02   2.6230799e-02
  -6.3000000e+01  -4.0877441e-29  -6.8896465e-12   1.7552488e-06   2.4334909e-04   1.6646860e-03   5.9117694e-03   1.0225124e-02   1.2711446e-02   1.8182427e-02   2.3682137e-02   2.6263951e-02
  -6.2550000e+01  -7.0973812e-28  -3.1648118e-12   3.7298578e-06   3.1106886e-04   1.8612786e-03   6.3017884e-03   1.0688901e-02   1.3092728e-02   1.8403455e-02   2.3772611e-02   2.6296867e-02
  -6.2100000e+01   1.2813741e-24   3.3785892e-10   7.6635511e-06   3.9391368e-04   2.0760976e-03   6.7079134e-03   1.1156774e-02   1.3472578e-02   1.8623007e-02   2.3862438e-02   2.6329547e-02
  -6.1650000e+01   5.0974089e-22   2.1001342e-09   1.4885884e-05   4.9421252e-04   2.3102801e-03   7.1303533e-03   1.1628574e-02   1.3850957e-02   1.8841079e-02   2.3951620e-02   2.6361992e-02
  -6.1200000e+01   1.0179983e-19   8.2216589e-09   2.7144033e-05   6.1439819e-04   2.5649852e-03   7.5692917e-03   1.2104128e-02   1.4227828e-02   1.9057669e-02   2.4040155e-02   2.6394200e-02
  -6.0750000e+01   5.0503906e-18   2.6330143e-08   4.6686860e-05   7.5695543e-04   2.8413911e-03   8.0248855e-03   1.2583258e-02   1.4603153e-02   1.9272773e-02   2.4128045e-02   2.6426173e-02
  -6.0300000e+01   9.9386407e-17   7.0183894e-08   7.6510948e-05   9.2436035e-04   3.1406920e-03   8.4972630e-03   1.3065782e-02   1.4976895e-02   1.9486390e-02   2.4215289e-02   2.6457909e-02
  -5.9850000e+01  -2.4467591e-16   1.2931962e-07   1.2085732e-04   1.1190137e-03   3.4640953e-03   8.9865222e-03   1.3551513e-02   1.5349018e-02   1.9698516e-02   2.4301886e-02   2.6489410e-02
  -5.9400000e+01  -3.7840780e-13  -8.4914891e-08   1.8616109e-04   1.3431715e-03   3.8128181e-03   9.4927291e-03   1.4040262e-02   1.5719485e-02   1.9909148e-02   2.4387837e-02   2.6520675e-02
  -5.8950000e+01  -4.9562591e-11  -2.5285539e-06   2.8267699e-04   1.5988769e-03   4.1880838e-03   1.0015916e-02   1.4531835e-02   1.6088261e-02   2.0118284e-02   2.4473142e-02   2.6551704e-02
  -5.8500000e+01  -1.2526680e-09  -1.5992884e-05   4.2643932e-04   1.8878987e-03   4.5911184e-03   1.0556079e-02   1.5026034e-02   1.6455311e-02   2.0325922e-02   2.4557801e-02   2.6582497e-02
  -5.8050000e+01  -9.6816630e-09  -5.6952450e-05   6.3952323e-04   2.2116803e-03   5.0231460e-03   1.1113177e-02   1.5522660e-02   1.6820598e-02   2.0532058e-02   2.4641813e-02   2.6613054e-02
  -5.7600000e+01  -2.0204239e-08  -1.7691935e-05   9.4495227e-04   2.5713042e-03   5.4853841e-03   1.1687133e-02   1.6021509e-02   1.7184090e-02   2.0736689e-02   2.4725179e-02   2.6643376e-02
  -5.7150000e+01   1.0814152e-06   4.7634840e-04   1.3558166e-03   2.9674772e-03   5.9790378e-03   1.2277826e-02   1.6522373e-02   1.7545752e-02   2.0939814e-02   2.4807898e-02   2.6673461e-02
  -5.6700000e+01   3.1000645e-05   1.2706477e-03   1.8669753e-03   3.4005362e-03   6.5052937e-03   1.2885097e-02   1.7025043e-02   1.7905550e-02   2.1141430e-02   2.4889971e-02   2.6703311e-02
  -5.6250000e+01   4.9941380e-04   2.0787533e-03   2.4584757e-03   3.8704797e-03   7.0653126e-03   1.3508742e-02   1.7529306e-02   1.8263450e-02   2.1341534e-02   2.4971397e-02   2.6732924e-02
  -5.5800000e+01   2.3128050e-03   2.8660968e-03   3.1067194e-03   4.3770207e-03   7.6602209e-03   1.4148515e-02   1.8034948e-02   1.8619422e-02   2.1540125e-02   2.5052176e-02   2.6762302e-02
  -5.5350000e+01   3.5624769e-03   3.6418014e-03   3.7926461e-03   4.9196622e-03   8.2911009e-03   1.4804123e-02   1.8541752e-02   1.8973432e-02   2.1737198e-02   2.5132308e-02   2.6791444e-02
  -5.4900000e+01   4.3866109e-03   4.4130172e-03   4.5035026e-03   5.4977898e-03   8.9589799e-03   1.5475229e-02   1.9049498e-02   1.9325448e-02   2.1932753e-02   2.5211794e-02   2.6820350e-02
  -5.4450000e+01   5.2373865e-03   5.1852501e-03   5.2312866e-03   6.1107772e-03   9.6648179e-03   1.6161452e-02   1.9557966e-02   1.9675439e-02   2.2126787e-02   2.5290633e-02   2.6849020e-02
  -5.4000000e+01   6.7105543e-03   5.9638447e-03   5.9708707e-03   6.7580995e-03   1.0409493e-02   1.6862359e-02   2.0066931e-02   2.0023375e-02   2.2319297e-02   2.5368825e-02   2.6877454e-02
  -5.3550000e+01   8.2586694e-03   6.7518615e-03   6.7188052e-03   7.4394492e-03   1.1193788e-02   1.7577475e-02   2.0576172e-02   2.0369224e-02   2.2510281e-02   2.5446370e-02   2.6905652e-02
  -5.3100000e+01   8.4657544e-03   7.5351566e-03   7.4727571e-03   8.1548479e-03   1.2018369e-02   1.8306276e-02   2.1085461e-02   2.0712958e-02   2.2699737e-02   2.5523267e-02   2.6933614e-02
  -5.2650000e+01   8.4744085e-03   8.2554855e-03   8.2313351e-03   8.9047506e-03   1.2883772e-02   1.9048190e-02   2.1594572e-02   2.1054547e-02   2.2887664e-02   2.5599518e-02   2.6961340e-02
  -5.2200000e+01   8.4752097e-03   8.9259727e-03   8.9940639e-03   9.6901363e-03   1.3790381e-02   1.9802601e-02   2.2103279e-02   2.1393962e-02   2.3074057e-02   2.5675122e-02   2.6988831e-02
  -5.1750000e+01   8.4945597e-03   9.6716762e-03   9.7613204e-03   1.0512583e-02   1.4738407e-02   2.0568844e-02   2.2611353e-02   2.1731174e-02   2.3258917e-02   2.5750078e-02   2.7016085e-02
  -5.1300000e+01   8.8400238e-03   1.0460608e-02   1.0534204e-02   1.1374320e-02   1.5727868e-02   2.1346211e-02   2.3118566e-02   2.2066156e-02   2.3442239e-02   2.5824388e-02   2.7043104e-02
  -5.0850000e+01   1.0578457e-02   1.1247998e-02   1.1314479e-02   1.2278261e-02   1.6758565e-02   2.2133950e-02   2.3624691e-02   2.2398880e-02   2.3624024e-02   2.5898050e-02   2.7069886e-02
  -5.0400000e+01   1.1940606e-02   1.2026343e-02   1.2104709e-02   1.3228009e-02   1.7830063e-02   2.2931265e-02   2.4129498e-02   2.2729320e-02   2.3804267e-02   2.5971064e-02   2.7096433e-02
  -4.9950000e+01   1.2782922e-02   1.2799523e-02   1.2908658e-02   1.4227837e-02   1.8941667e-02   2.3737318e-02   2.4632761e-02   2.3057449e-02   2.3982968e-02   2.6043431e-02   2.7122744e-02
  -4.9500000e+01   1.3638956e-02   1.3573143e-02   1.3732108e-02   1.5282630e-02   2.0092402e-02   2.4551234e-02   2.5134251e-02   2.3383241e-02   2.4160124e-02   2.6115151e-02   2.7148818e-02
  -4.9050000e+01   1.5107107e-02   1.4351892e-02   1.4584351e-02   1.6397807e-02   2.1280999e-02   2.5372097e-02   2.5633744e-02   2.3706671e-02   2.4335734e-02   2.6186223e-02   2.7174657e-02
  -4.8600000e+01   1.6703504e-02   1.5133083e-02   1.5480251e-02   1.7579198e-02   2.2505869e-02   2.6198958e-02   2.6131013e-02   2.4027714e-02   2.4509795e-02   2.6256648e-02   2.7200260e-02
  -4.8150000e+01   1.6938087e-02   1.5887975e-02   1.6441415e-02   1.8832885e-02   2.3765100e-02   2.7030835e-02   2.6625835e-02   2.4346345e-02   2.4682306e-02   2.6326425e-02   2.7225627e-02
  -4.7700000e+01   1.6948872e-02   1.6609410e-02   1.7493038e-02   2.0165008e-02   2.5056439e-02   2.7866714e-02   2.7117988e-02   2.4662541e-02   2.4853265e-02   2.6395555e-02   2.7250758e-02
  -4.7250000e+01   1.6949935e-02   1.7628933e-02   1.8654522e-02   2.1581519e-02   2.6377289e-02   2.8705556e-02   2.7607251e-02   2.4976278e-02   2.5022670e-02   2.6464037e-02   2.7275654e-02
  -4.6800000e+01   1.6977981e-02   1.9117536e-02   1.9929929e-02   2.3087911e-02   2.7724707e-02   2.9546294e-02   2.8093406e-02   2.5287533e-02   2.5190519e-02   2.6531871e-02   2.7300313e-02
  -4.6350000e+01   1.7532257e-02   2.0726249e-02   2.1308509e-02   2.4688890e-02   2.9095408e-02   3.0387843e-02   2.8576237e-02   2.5596285e-02   2.5356811e-02   2.6599058e-02   2.7324736e-02
  -4.5900000e+01   2.0854604e-02   2.2314500e-02   2.2775051e-02   2.6388025e-02   3.0485775e-02   3.1229099e-02   2.9055531e-02   2.5902510e-02   2.5521543e-02   2.6665596e-02   2.7348924e-02
  -4.5450000e+01   2.3717671e-02   2.3876106e-02   2.4320027e-02   2.8187374e-02   3.1891872e-02   3.2068942e-02   2.9531077e-02   2.6206189e-02   2.5684715e-02   2.6731487e-02   2.7372875e-02
  -4.5000000e+01   2.5423729e-02   2.5424325e-02   2.5944264e-02   3.0087087e-02   3.3309468e-02   3.2906244e-02   3.0002667e-02   2.6507299e-02   2.5846324e-02   2.6796730e-02   2.7396590e-02
  -4.4550000e+01   2.7129786e-02   2.6972034e-02   2.7660920e-02   3.2085028e-02   3.4734063e-02   3.3739867e-02   3.0470096e-02   2.6805821e-02   2.6006370e-02   2.6861325e-02   2.7420070e-02
  -4.4100000e+01   2.9992853e-02   2.8527416e-02   2.9499011e-02   3.4176413e-02   3.6160923e-02   3.4568671e-02   3.0933166e-02   2.7101734e-02   2.6164849e-02   2.6925272e-02   2.7443314e-02
  -4.3650000e+01   3.3315199e-02   3.0076847e-02   3.1509550e-02   3.6353512e-02   3.7585117e-02   3.5391516e-02   3.1391677e-02   2.7395020e-02   2.6321762e-02   2.6988571e-02   2.7466321e-02
  -4.3200000e+01   3.3869457e-02   3.1538685e-02   3.3768913e-02   3.8605421e-02   3.9001568e-02   3.6207267e-02   3.1845437e-02   2.7685658e-02   2.6477105e-02   2.7051222e-02   2.7489093e-02
  -4.2750000e+01   3.3897427e-02   3.2932993e-02   3.6365863e-02   4.0917954e-02   4.0405096e-02   3.7014795e-02   3.2294257e-02   2.7973632e-02   2.6630878e-02   2.7113225e-02   2.7511629e-02
  -4.2300000e+01   3.3899792e-02   3.5456974e-02   3.9363193e-02   4.3273659e-02   4.1790479e-02   3.7812985e-02   3.2737954e-02   2.8258923e-02   2.6783080e-02   2.7174580e-02   2.7533929e-02
  -4.1850000e+01   3.3964647e-02   3.9828748e-02   4.2755789e-02   4.5651994e-02   4.3152508e-02   3.8600736e-02   3.3176346e-02   2.8541513e-02   2.6933708e-02   2.7235286e-02   2.7555993e-02
  -4.1400000e+01   3.5372188e-02   4.4686182e-02   4.6467203e-02   4.8029661e-02   4.4486045e-02   3.9376966e-02   3.3609260e-02   2.8821386e-02   2.7082762e-02   2.7295345e-02   2.7577820e-02
  -4.0950000e+01   4.4950580e-02   4.9466691e-02   5.0387667e-02   5.0381104e-02   4.5786092e-02   4.0140618e-02   3.4036526e-02   2.9098525e-02   2.7230239e-02   2.7354755e-02   2.7599412e-02
  -4.0500000e+01   5.3759485e-02   5.4154423e-02   5.4412298e-02   5.2679158e-02   4.7047842e-02   4.0890658e-02   3.4457979e-02   2.9372913e-02   2.7376139e-02   2.7413517e-02   2.7620769e-02
  -4.0050000e+01   5.8895691e-02   5.8796474e-02   5.8452976e-02   5.4895820e-02   4.8266751e-02   4.1626084e-02   3.4873460e-02   2.9644536e-02   2.7520461e-02   2.7471630e-02   2.7641889e-02
  -3.9600000e+01   6.3949586e-02   6.3434935e-02   6.2429276e-02   5.7003121e-02   4.9438588e-02   4.2345926e-02   3.5282817e-02   2.9913378e-02   2.7663202e-02   2.7529096e-02   2.7662773e-02
  -3.9150000e+01   7.2122479e-02   6.8112024e-02   6.6250199e-02   5.8974039e-02   5.0559491e-02   4.3049250e-02   3.5685902e-02   3.0179425e-02   2.7804362e-02   2.7585912e-02   2.7683421e-02
  -3.8700000e+01   8.2553080e-02   7.2887187e-02   6.9792998e-02   6.0783432e-02   5.1626019e-02   4.3735160e-02   3.6082574e-02   3.0442662e-02   2.7943939e-02   2.7642081e-02   2.7703833e-02
  -3.8250000e+01   8.4625887e-02   7.7829788e-02   7.2889016e-02   6.2408913e-02   5.2635191e-02   4.4402803e-02   3.6472698e-02   3.0703076e-02   2.8081933e-02   2.7697601e-02   2.7724009e-02
  -3.7800000e+01   8.4742111e-02   8.2543253e-02   7.5340847e-02   6.3831647e-02   5.3584524e-02   4.5051368e-02   3.6856146e-02   3.0960653e-02   2.8218341e-02   2.7752472e-02   2.7743950e-02
  -3.7350000e+01   8.4745587e-02   8.4589141e-02   7.6991597e-02   6.5037018e-02   5.4472060e-02   4.5680090e-02   3.7232797e-02   3.1215380e-02   2.8353163e-02   2.7806695e-02   2.7763654e-02
  -3.6900000e+01   8.4728171e-02   8.3265216e-02   7.7810569e-02   6.6015125e-02   5.5296387e-02   4.6288254e-02   3.7602536e-02   3.1467246e-02   2.8486398e-02   2.7860270e-02   2.7783123e-02
  -3.6450000e+01   8.4313955e-02   8.1405817e-02   7.7909646e-02   6.6761115e-02   5.6056642e-02   4.6875193e-02   3.7965254e-02   3.1716237e-02   2.8618044e-02   2.7913196e-02   2.7802355e-02
  -3.6000000e+01   8.1217719e-02   7.9739994e-02   7.7470780e-02   6.7275308e-02   5.6752517e-02   4.7440290e-02   3.8320850e-02   3.1962342e-02   2.8748100e-02   2.7965473e-02   2.7821352e-02
  -3.5550000e+01   7.8271383e-02   7.8167080e-02   7.6662192e-02   6.7563154e-02   5.7384246e-02   4.7982983e-02   3.8669233e-02   3.2205550e-02   2.8876565e-02   2.8017102e-02   2.7840112e-02
  -3.5100000e+01   7.6569832e-02   7.6621325e-02   7.5602680e-02   6.7635019e-02   5.7952585e-02   4.8502763e-02   3.9010314e-02   3.2445851e-02   2.9003439e-02   2.8068082e-02   2.7858637e-02
  -3.4650000e+01   7.4921564e-02   7.5079353e-02   7.4365267e-02   6.7505823e-02   5.8458783e-02   4.8999175e-02   3.9344017e-02   3.2683233e-02   2.9128719e-02   2.8118413e-02   2.7876925e-02
  -3.4200000e+01   7.2422220e-02   7.3530351e-02   7.2991534e-02   6.7194561e-02   5.8904543e-02   4.9471817e-02   3.9670268e-02   3.2917687e-02   2.9252406e-02   2.8168095e-02   2.7894978e-02
  -3.3750000e+01   6.8795438e-02   7.1971285e-02   7.1502140e-02   6.6723739e-02   5.9291979e-02   4.9920345e-02   3.9989006e-02   3.3149203e-02   2.9374497e-02   2.8217129e-02   2.7912795e-02
  -3.3300000e+01   6.7858619e-02   7.0424096e-02   6.9902627e-02   6.6118726e-02   5.9623563e-02   5.0344469e-02   4.0300175e-02   3.3377773e-02   2.9494993e-02   2.8265514e-02   2.7930375e-02
  -3.2850000e+01   6.7798824e-02   6.8949536e-02   6.8189374e-02   6.5407063e-02   5.9902066e-02   5.0743954e-02   4.0603726e-02   3.3603386e-02   2.9613891e-02   2.8313250e-02   2.7947720e-02
  -3.2400000e+01   6.7796327e-02   6.7370040e-02   6.6360276e-02   6.4617736e-02   6.0130499e-02   5.1118620e-02   4.0899620e-02   3.3826034e-02   2.9731192e-02   2.8360338e-02   2.7964829e-02
  -3.1950000e+01   6.7774917e-02   6.5246480e-02   6.4427122e-02   6.3780411e-02   6.0312045e-02   5.1468343e-02   4.1187825e-02   3.4045710e-02   2.9846893e-02   2.8406776e-02   2.7981702e-02
  -3.1500000e+01   6.7200941e-02   6.2875951e-02   6.2419483e-02   6.2924664e-02   6.0449997e-02   5.1793049e-02   4.1468318e-02   3.4262405e-02   2.9960995e-02   2.8452566e-02   2.7998339e-02
  -3.1050000e+01   6.2636163e-02   6.0515749e-02   6.0377218e-02   6.2079187e-02   6.0547692e-02   5.2092720e-02   4.1741082e-02   3.4476113e-02   3.0073497e-02   2.8497706e-02   2.8014740e-02
  -3.0600000e+01   5.8328136e-02   5.8188807e-02   5.8341440e-02   6.1271009e-02   6.0608449e-02   5.2367388e-02   4.2006110e-02   3.4686825e-02   3.0184396e-02   2.8542198e-02   2.8030905e-02
  -3.0150000e+01   5.5818751e-02   5.5879817e-02   5.6352436e-02   6.0524722e-02   6.0635504e-02   5.2617136e-02   4.2263402e-02   3.4894536e-02   3.0293694e-02   2.8586041e-02   2.8046834e-02
  -2.9700000e+01   5.3422122e-02   5.3574832e-02   5.4454768e-02   5.9861750e-02   6.0631963e-02   5.2842098e-02   4.2512966e-02   3.5099238e-02   3.0401388e-02   2.8629235e-02   2.8062527e-02
  -2.9250000e+01   5.0212725e-02   5.1260135e-02   5.2707659e-02   5.9299676e-02   6.0600746e-02   5.3042453e-02   4.2754818e-02   3.5300926e-02   3.0507478e-02   2.8671779e-02   2.8077984e-02
  -2.8800000e+01   4.4804611e-02   4.8907273e-02   5.1199639e-02   5.8851659e-02   6.0544549e-02   5.3218428e-02   4.2988984e-02   3.5499593e-02   3.0611964e-02   2.8713675e-02   2.8093205e-02
  -2.8350000e+01   4.2562263e-02   4.6435037e-02   5.0061547e-02   5.8525972e-02   6.0465803e-02   5.3370294e-02   4.3215494e-02   3.5695234e-02   3.0714844e-02   2.8754921e-02   2.8108190e-02
  -2.7900000e+01   4.2380264e-02   4.3837526e-02   4.9458329e-02   5.8325707e-02   6.0366653e-02   5.3498368e-02   4.3434389e-02   3.5887844e-02   3.0816118e-02   2.8795519e-02   2.8122939e-02
  -2.7450000e+01   4.2372944e-02   4.2720721e-02   4.9535767e-02   5.8248656e-02   6.0248939e-02   5.3603005e-02   4.3645718e-02   3.6077418e-02   3.0915784e-02   2.8835467e-02   2.8137452e-02
  -2.7000000e+01   4.2397129e-02   4.5140246e-02   5.0339435e-02   5.8287419e-02   6.0114180e-02   5.3684601e-02   4.3849534e-02   3.6263951e-02   3.1013843e-02   2.8874767e-02   2.8151729e-02
  -2.6550000e+01   4.3175424e-02   4.8532877e-02   5.1780730e-02   5.8429728e-02   5.9963580e-02   5.3743590e-02   4.4045902e-02   3.6447439e-02   3.1110293e-02   2.8913417e-02   2.8165770e-02
  -2.6100000e+01   4.9315920e-02   5.1736740e-02   5.3688714e-02   5.8658999e-02   5.9798030e-02   5.3780444e-02   4.4234892e-02   3.6627877e-02   3.1205135e-02   2.8951417e-02   2.8179576e-02
  -2.5650000e+01   5.4567795e-02   5.4833181e-02   5.5888583e-02   5.8955100e-02   5.9618121e-02   5.3795666e-02   4.4416582e-02   3.6805261e-02   3.1298366e-02   2.8988769e-02   2.8193145e-02
  -2.5200000e+01   5.7823382e-02   5.7898786e-02   5.8240855e-02   5.9295286e-02   5.9424170e-02   5.3789795e-02   4.4591055e-02   3.6979589e-02   3.1389987e-02   2.9025472e-02   2.8206478e-02
  -2.4750000e+01   6.0898585e-02   6.0957274e-02   6.0638108e-02   5.9655271e-02   5.9216243e-02   5.3763400e-02   4.4758405e-02   3.7150855e-02   3.1479997e-02   2.9061525e-02   2.8219575e-02
  -2.4300000e+01   6.3967393e-02   6.4018462e-02   6.2983635e-02   6.0010370e-02   5.8994186e-02   5.3717078e-02   4.4918730e-02   3.7319058e-02   3.1568395e-02   2.9096929e-02   2.8232437e-02
  -2.3850000e+01   6.7039641e-02   6.7103830e-02   6.5166728e-02   6.0336648e-02   5.8757664e-02   5.3651454e-02   4.5072135e-02   3.7484194e-02   3.1655181e-02   2.9131684e-02   2.8245062e-02
  -2.3400000e+01   7.0115046e-02   7.0297648e-02   6.7042120e-02   6.0612014e-02   5.8506194e-02   5.3567181e-02   4.5218732e-02   3.7646261e-02   3.1740354e-02   2.9165789e-02   2.8257451e-02
  -2.2950000e+01   7.3214101e-02   7.3712384e-02   6.8430398e-02   6.0817182e-02   5.8239192e-02   5.3464932e-02   4.5358638e-02   3.7805255e-02   3.1823914e-02   2.9199245e-02   2.8269605e-02
  -2.2500000e+01   7.6271172e-02   7.5982202e-02   6.9164074e-02   6.0936456e-02   5.7956009e-02   5.3345406e-02   4.5491977e-02   3.7961174e-02   3.1905859e-02   2.9232052e-02   2.8281522e-02
  -2.2050000e+01   7.3983833e-02   7.4479255e-02   6.9169362e-02   6.0958277e-02   5.7655968e-02   5.3209322e-02   4.5618878e-02   3.8114017e-02   3.1986190e-02   2.9264209e-02   2.8293204e-02
  -2.1600000e+01   7.1654126e-02   7.1830723e-02   6.8510593e-02   6.0875518e-02   5.7338411e-02   5.3057417e-02   4.5739477e-02   3.8263781e-02   3.2064906e-02   2.9295717e-02   2.8304649e-02
  -2.1150000e+01   6.9347528e-02   6.9402478e-02   6.7345700e-02   6.0685506e-02   5.7002727e-02   5.2890449e-02   4.5853913e-02   3.8410464e-02   3.2142007e-02   2.9326576e-02   2.8315859e-02
  -2.0700000e+01   6.7043342e-02   6.7082080e-02   6.5843649e-02   6.0389790e-02   5.6648387e-02   5.2709190e-02   4.5962331e-02   3.8554064e-02   3.2217491e-02   2.9356785e-02   2.8326832e-02
  -2.0250000e+01   6.4741736e-02   6.4785382e-02   6.4136804e-02   5.9993670e-02   5.6274977e-02   5.2514427e-02   4.6064880e-02   3.8694581e-02   3.2291358e-02   2.9386345e-02   2.8337570e-02
  -1.9800000e+01   6.2435333e-02   6.2491471e-02   6.2318019e-02   5.9505557e-02   5.5882216e-02   5.2306962e-02   4.6161714e-02   3.8832013e-02   3.2363609e-02   2.9415255e-02   2.8348071e-02
  -1.9350000e+01   5.9993643e-02   6.0193034e-02   6.0456939e-02   5.8936190e-02   5.5469982e-02   5.2087609e-02   4.6252990e-02   3.8966358e-02   3.2434242e-02   2.9443516e-02   2.8358337e-02
  -1.8900000e+01   5.6054737e-02   5.7877559e-02   5.8617768e-02   5.8297799e-02   5.5038325e-02   5.1857191e-02   4.6338870e-02   3.9097615e-02   3.2503257e-02   2.9471127e-02   2.8368366e-02
  -1.8450000e+01   5.1449371e-02   5.5511143e-02   5.6872732e-02   5.7603251e-02   5.4587480e-02   5.1616544e-02   4.6419518e-02   3.9225785e-02   3.2570654e-02   2.9498089e-02   2.8378160e-02
  -1.8000000e+01   5.0865686e-02   5.3070735e-02   5.5305614e-02   5.6865257e-02   5.4117871e-02   5.1366509e-02   4.6495101e-02   3.9350864e-02   3.2636432e-02   2.9524402e-02   2.8387717e-02
  -1.7550000e+01   5.0847550e-02   5.1094234e-02   5.3995908e-02   5.6095678e-02   5.3630112e-02   5.1107935e-02   4.6565790e-02   3.9472854e-02   3.2700591e-02   2.9550064e-02   2.8397039e-02
  -1.7100000e+01   5.0847419e-02   5.0643995e-02   5.2985525e-02   5.5304971e-02   5.3125011e-02   5.0841679e-02   4.6631757e-02   3.9591753e-02   3.2763130e-02   2.9575078e-02   2.8406125e-02
  -1.6650000e+01   5.0847454e-02   5.0774389e-02   5.2256666e-02   5.4501801e-02   5.2603557e-02   5.0568599e-02   4.6693175e-02   3.9707561e-02   3.2824049e-02   2.9599442e-02   2.8414974e-02
  -1.6200000e+01   5.0847457e-02   5.0833997e-02   5.1746525e-02   5.3692830e-02   5.2066916e-02   5.0289558e-02   4.6750221e-02   3.9820277e-02   3.2883348e-02   2.9623156e-02   2.8423588e-02
  -1.5750000e+01   5.0847458e-02   5.0846225e-02   5.1382241e-02   5.2882681e-02   5.1516415e-02   5.0005421e-02   4.6803071e-02   3.9929902e-02   3.2941026e-02   2.9646221e-02   2.8431966e-02
  -1.5300000e+01   5.0847458e-02   5.0847631e-02   5.1103765e-02   5.2074066e-02   5.0953532e-02   4.9717052e-02   4.6851904e-02   4.0036434e-02   3.2997084e-02   2.9668636e-02   2.8440107e-02
  -1.4850000e+01   5.0847458e-02   5.0847428e-02   5.0866924e-02   5.1268042e-02   5.0379878e-02   4.9425315e-02   4.6896896e-02   4.0139875e-02   3.3051519e-02   2.9690401e-02   2.8448013e-02
  -1.4400000e+01   5.0847458e-02   5.0847719e-02   5.0636570e-02   5.0464378e-02   4.9797178e-02   4.9131072e-02   4.6938227e-02   4.0240223e-02   3.3104334e-02   2.9711517e-02   2.8455683e-02
  -1.3950000e+01   5.0847458e-02   5.0852544e-02   5.0377912e-02   4.9661980e-02   4.9207258e-02   4.8835182e-02   4.6976074e-02   4.0337479e-02   3.3155526e-02   2.9731984e-02   2.8463116e-02
  -1.3500000e+01   5.0847460e-02   5.0879451e-02   5.0049202e-02   4.8859345e-02   4.8612019e-02   4.8538498e-02   4.7010614e-02   4.0431642e-02   3.3205096e-02   2.9751801e-02   2.8470314e-02
  -1.3050000e+01   5.0847477e-02   5.0961364e-02   4.9599513e-02   4.8054998e-02   4.8013426e-02   4.8241866e-02   4.7042022e-02   4.0522714e-02   3.3253043e-02   2.9770968e-02   2.8477276e-02
  -1.2600000e+01   5.0847498e-02   5.0882842e-02   4.8978220e-02   4.7247891e-02   4.7413483e-02   4.7946127e-02   4.7070474e-02   4.0610694e-02   3.3299367e-02   2.9789485e-02   2.8484002e-02
  -1.2150000e+01   5.0845295e-02   4.9894761e-02   4.8156591e-02   4.6437716e-02   4.6814221e-02   4.7652110e-02   4.7096143e-02   4.0695582e-02   3.3344069e-02   2.9807353e-02   2.8490491e-02
  -1.1700000e+01   5.0785456e-02   4.8306166e-02   4.7144408e-02   4.5625140e-02   4.6217677e-02   4.7360635e-02   4.7119197e-02   4.0777378e-02   3.3387147e-02   2.9824571e-02   2.8496745e-02
  -1.1250000e+01   4.9848630e-02   4.6689966e-02   4.5983072e-02   4.4811919e-02   4.5625878e-02   4.7072509e-02   4.7139806e-02   4.0856084e-02   3.3428601e-02   2.9841140e-02   2.8502763e-02
  -1.0800000e+01   4.6221848e-02   4.5115312e-02   4.4723156e-02   4.4000920e-02   4.5040830e-02   4.6788525e-02   4.7158135e-02   4.0931699e-02   3.3468432e-02   2.9857058e-02   2.8508545e-02
  -1.0350000e+01   4.3722504e-02   4.3563986e-02   4.3408132e-02   4.3196037e-02   4.4464498e-02   4.6509463e-02   4.7174344e-02   4.1004223e-02   3.3506638e-02   2.9872328e-02   2.8514090e-02
  -9.9000000e+00   4.2074236e-02   4.2021682e-02   4.2071482e-02   4.2402020e-02   4.3898802e-02   4.6236083e-02   4.7188592e-02   4.1073657e-02   3.3543220e-02   2.9886947e-02   2.8519400e-02
  -9.4500000e+00   4.0372685e-02   4.0476935e-02   4.0741449e-02   4.1624240e-02   4.3345599e-02   4.5969129e-02   4.7201033e-02   4.1140001e-02   3.3578178e-02   2.9900917e-02   2.8524474e-02
  -9.0000000e+00   3.7426349e-02   3.8915835e-02   3.9447830e-02   4.0868410e-02   4.2806675e-02   4.5709325e-02   4.7211817e-02   4.1203257e-02   3.3611511e-02   2.9914237e-02   2.8529312e-02
  -8.5500000e+00   3.4330117e-02   3.7317361e-02   3.8228322e-02   4.0140283e-02   4.2283743e-02   4.5457374e-02   4.7221089e-02   4.1263423e-02   3.3643219e-02   2.9926907e-02   2.8533914e-02
  -8.1000000e+00   3.3915936e-02   3.5677571e-02   3.7130942e-02   3.9445359e-02   4.1778427e-02   4.5213955e-02   4.7228989e-02   4.1320500e-02   3.3673302e-02   2.9938928e-02   2.8538280e-02
  -7.6500000e+00   3.3898601e-02   3.4266096e-02   3.6205887e-02   3.8788614e-02   4.1292264e-02   4.4979723e-02   4.7235652e-02   4.1374490e-02   3.3701760e-02   2.9950299e-02   2.8542409e-02
  -7.2000000e+00   3.3898268e-02   3.3771838e-02   3.5485025e-02   3.8174269e-02   4.0826699e-02   4.4755309e-02   4.7241207e-02   4.1425392e-02   3.3728593e-02   2.9961020e-02   2.8546303e-02
  -6.7500000e+00   3.3898299e-02   3.3831653e-02   3.4964022e-02   3.7605625e-02   4.0383077e-02   4.4541314e-02   4.7245778e-02   4.1473206e-02   3.3753800e-02   2.9971091e-02   2.8549961e-02
  -6.3000000e+00   3.3898305e-02   3.3883917e-02   3.4606662e-02   3.7084953e-02   3.9962650e-02   4.4338312e-02   4.7249483e-02   4.1517934e-02   3.3777382e-02   2.9980513e-02   2.8553383e-02
  -5.8500000e+00   3.3898305e-02   3.3896661e-02   3.4366565e-02   3.6613456e-02   3.9566569e-02   4.4146848e-02   4.7252432e-02   4.1559575e-02   3.3799337e-02   2.9989285e-02   2.8556569e-02
  -5.4000000e+00   3.3898305e-02   3.3898513e-02   3.4204916e-02   3.6191292e-02   3.9195890e-02   4.3967434e-02   4.7254730e-02   4.1598130e-02   3.3819667e-02   2.9997407e-02   2.8559519e-02
  -4.9500000e+00   3.3898305e-02   3.3898523e-02   3.4095311e-02   3.5817652e-02   3.8851572e-02   4.3800550e-02   4.7256475e-02   4.1633600e-02   3.3838371e-02   3.0004879e-02   2.8562233e-02
  -4.5000000e+00   3.3898305e-02   3.3898400e-02   3.4021131e-02   3.5490888e-02   3.8534479e-02   4.3646643e-02   4.7257758e-02   4.1665983e-02   3.3855449e-02   3.0011702e-02   2.8564711e-02
  -4.0500000e+00   3.3898305e-02   3.3898338e-02   3.3971759e-02   3.5208669e-02   3.8245387e-02   4.3506124e-02   4.7258661e-02   4.1695282e-02   3.3870900e-02   3.0017875e-02   2.8566953e-02
  -3.6000000e+00   3.3898305e-02   3.3898314e-02   3.3939979e-02   3.4968163e-02   3.7984980e-02   4.3379369e-02   4.7259263e-02   4.1721496e-02   3.3884726e-02   3.0023398e-02   2.8568959e-02
  -3.1500000e+00   3.3898305e-02   3.3898307e-02   3.3920552e-02   3.4766225e-02   3.7753859e-02   4.3266717e-02   4.7259630e-02   4.1744625e-02   3.3896925e-02   3.0028271e-02   2.8570729e-02
  -2.7000000e+00   3.3898305e-02   3.3898305e-02   3.3909475e-02   3.4599583e-02   3.7552544e-02   4.3168468e-02   4.7259824e-02   4.1764670e-02   3.3907497e-02   3.0032495e-02   2.8572263e-02
  -2.2500000e+00   3.3898305e-02   3.3898305e-02   3.3903653e-02   3.4465017e-02   3.7381476e-02   4.3084887e-02   4.7259897e-02   4.1781630e-02   3.3916443e-02   3.0036069e-02   2.8573560e-02
  -1.8000000e+00   3.3898305e-02   3.3898305e-02   3.3900815e-02   3.4359520e-02   3.7241024e-02   4.3016195e-02   4.7259896e-02   4.1795507e-02   3.3923763e-02   3.0038993e-02   2.8574622e-02
  -1.3500000e+00   3.3898305e-02   3.3898305e-02   3.3899497e-02   3.4280441e-02   3.7131481e-02   4.2962576e-02   4.7259856e-02   4.1806300e-02   3.3929456e-02   3.0041267e-02   2.8575448e-02
  -9.0000000e-01   3.3898305e-02   3.3898305e-02   3.3898898e-02   3.4225593e-02   3.7053077e-02   4.2924174e-02   4.7259807e-02   4.1814009e-02   3.3933523e-02   3.0042891e-02   2.8576038e-02
  -4.5000000e-01   3.3898305e-02   3.3898305e-02   3.3898639e-02   3.4193352e-02   3.7005970e-02   4.2901092e-02   4.7259769e-02   4.1818634e-02   3.3935962e-02   3.0043866e-02   2.8576392e-02
   0.0000000e+00   3.3898305e-02   3.3898305e-02   3.3898566e-02   3.4182718e-02   3.6990258e-02   4.2893391e-02   4.7259755e-02   4.1820176e-02   3.3936776e-02   3.0044191e-02   2.8576510e-02
   4.5000000e-01   3.3898305e-02   3.3898305e-02   3.3898639e-02   3.4193352e-02   3.7005970e-02   4.2901092e-02   4.7259769e-02   4.1818634e-02   3.3935962e-02   3.0043866e-02   2.8576392e-02
   9.0000000e-01   3.3898305e-02   3.3898305e-02   3.3898898e-02   3.4225593e-02   3.7053077e-02   4.2924174e-02   4.7259807e-02   4.1814009e-02   3.3933523e-02   3.0042891e-02   2.8576038e-02
   1.3500000e+00   3.3898305e-02   3.3898305e-02   3.3899497e-02   3.4280441e-02   3.7131481e-02   4.2962576e-02   4.7259856e-02   4.1806300e-02   3.3929456e-02   3.0041267e-02   2.8575448e-02
   1.8000000e+00   3.3898305e-02   3.3898305e-02   3.3900815e-02   3.4359520e-02   3.7241024e-02   4.3016195e-02   4.7259896e-02   4.1795507e-02   3.3923763e-02   3.0038993e-02   2.8574622e-02
   2.2500000e+00   3.3898305e-02   3.3898305e-02   3.3903653e-02   3.4465017e-02   3.7381476e-02   4.3084887e-02   4.7259897e-02   4.1781630e-02   3.3916443e-02   3.0036069e-02   2.8573560e-02
   2.7000000e+00   3.3898305e-02   3.3898305e-02   3.3909475e-02   3.4599583e-02   3.7552544e-02   4.3168468e-02   4.7259824e-02   4.1764670e-02   3.3907497e-02   3.0032495e-02   2.8572263e-02
   3.1500000e+00   3.3898305e-02   3.3898307e-02   3.3920552e-02   3.4766225e-02   3.7753859e-02   4.3266717e-02   4.7259630e-02   4.1744625e-02   3.3896925e-02   3.0028271e-02   2.8570729e-02
   3.6000000e+00   3.3898305e-02   3.3898314e-02   3.3939979e-02   3.4968163e-02   3.7984980e-02   4.3379369e-02   4.7259263e-02   4.1721496e-02   3.3884726e-02   3.0023398e-02   2.8568959e-02
   4.0500000e+00   3.3898305e-02   3.3898338e-02   3.3971759e-02   3.5208669e-02   3.8245387e-02   4.3506124e-02   4.7258661e-02   4.1695282e-02   3.3870900e-02   3.0017875e-02   2.8566953e-02
   4.5000000e+00   3.3898305e-02   3.3898400e-02   3.4021131e-02   3.5490888e-02   3.8534479e-02   4.3646643e-02   4.7257758e-02   4.1665983e-02   3.3855449e-02   3.0011702e-02   2.8564711e-02
   4.9500000e+00   3.3898305e-02   3.3898523e-02   3.4095311e-02   3.5817652e-02   3.8851572e-02   4.3800550e-02   4.7256475e-02   4.1633600e-02   3.3838371e-02   3.0004879e-02   2.8562233e-02
   5.4000000e+00   3.3898305e-02   3.3898513e-02   3.4204916e-02   3.6191292e-02   3.9195890e-02   4.3967434e-02   4.7254730e-02   4.1598130e-02   3.3819667e-02   2.9997407e-02   2.8559519e-02
   5.8500000e+00   3.3898305e-02   3.3896661e-02   3.4366565e-02   3.6613456e-02   3.9566569e-02   4.4146848e-02   4.7252432e-02   4.1559575e-02   3.3799337e-02   2.9989285e-02   2.8556569e-02
   6.3000000e+00   3.3898305e-02   3.3883917e-02   3.4606662e-02   3.7084953e-02   3.9962650e-02   4.4338312e-02   4.7249483e-02   4.1517934e-02   3.3777382e-02   2.9980513e-02   2.8553383e-02
   6.7500000e+00   3.3898299e-02   3.3831653e-02   3.4964022e-02   3.7605625e-02   4.0383077e-02   4.4541314e-02   4.7245778e-02   4.1473206e-02   3.3753800e-02   2.9971091e-02   2.8549961e-02
   7.2000000e+00   3.3898268e-02   3.3771838e-02   3.5485025e-02   3.8174269e-02   4.0826699e-02   4.4755309e-02   4.7241207e-02   4.1425392e-02   3.3728593e-02   2.9961020e-02   2.8546303e-02
   7.6500000e+00   3.3898601e-02   3.4266096e-02   3.6205887e-02   3.8788614e-02   4.1292264e-02   4.4979723e-02   4.7235652e-02   4.1374490e-02   3.3701760e-02   2.9950299e-02   2.8542409e-02
   8.1000000e+00   3.3915936e-02   3.5677571e-02   3.7130942e-02   3.9445359e-02   4.1778427e-02   4.5213955e-02   4.7228989e-02   4.1320500e-02   3.3673302e-02   2.9938928e-02   2.8538280e-02
   8.5500000e+00   3.4330117e-02   3.7317361e-02   3.8228322e-02   4.0140283e-02   4.2283743e-02   4.5457374e-02   4.7221089e-02   4.1263423e-02   3.3643219e-02   2.9926907e-02   2.8533914e-02
   9.0000000e+00   3.7426349e-02   3.8915835e-02   3.9447830e-02   4.0868410e-02   4.2806675e-02   4.5709325e-02   4.7211817e-02   4.1203257e-02   3.3611511e-02   2.9914237e-02   2.8529312e-02
   9.4500000e+00   4.0372685e-02   4.0476935e-02   4.0741449e-02   4.1624240e-02   4.3345599e-02   4.5969129e-02   4.7201033e-02   4.1140001e-02   3.3578178e-02   2.9900917e-02   2.8524474e-02
   9.9000000e+00   4.2074236e-02   4.2021682e-02   4.2071482e-02   4.2402020e-02   4.3898802e-02   4.6236083e-02   4.7188592e-02   4.1073657e-02   3.3543220e-02   2.9886947e-02   2.8519400e-02
   1.0350000e+01   4.3722504e-02   4.3563986e-02   4.3408132e-02   4.3196037e-02   4.4464498e-02   4.6509463e-02   4.7174344e-02   4.1004223e-02   3.3506638e-02   2.9872328e-02   2.8514090e-02
   1.0800000e+01   4.6221848e-02   4.5115312e-02   4.4723156e-02   4.4000920e-02   4.5040830e-02   4.6788525e-02   4.7158135e-02   4.0931699e-02   3.3468432e-02   2.9857058e-02   2.8508545e-02
   1.1250000e+01   4.9848630e-02   4.6689966e-02   4.5983072e-02   4.4811919e-02   4.5625878e-02   4.7072509e-02   4.7139806e-02   4.0856084e-02   3.3428601e-02   2.9841140e-02   2.8502763e-02
   1.1700000e+01   5.0785456e-02   4.8306166e-02   4.7144408e-02   4.5625140e-02   4.6217677e-02   4.7360635e-02   4.7119197e-02   4.0777378e-02   3.3387147e-02   2.9824571e-02   2.8496745e-02
   1.2150000e+01   5.0845295e-02   4.9894761e-02   4.8156591e-02   4.6437716e-02   4.6814221e-02   4.7652110e-02   4.7096143e-02   4.0695582e-02   3.3344069e-02   2.9807353e-02   2.8490491e-02
   1.2600000e+01   5.0847498e-02   5.0882842e-02   4.8978220e-02   4.7247891e-02   4.7413483e-02   4.7946127e-02   4.7070474e-02   4.0610694e-02   3.3299367e-02   2.9789485e-02   2.8484002e-02
   1.3050000e+01   5.0847477e-02   5.0961364e-02   4.9599513e-02   4.8054998e-02   4.8013426e-02   4.8241866e-02   4.7042022e-02   4.0522714e-02   3.3253043e-02   2.9770968e-02   2.8477276e-02
   1.3500000e+01   5.0847460e-02   5.0879451e-02   5.0049202e-02   4.8859345e-02   4.8612019e-02   4.8538498e-02   4.7010614e-02   4.0431642e-02   3.3205096e-02   2.9751801e-02   2.8470314e-02
   1.3950000e+01   5.0847458e-02   5.0852544e-02   5.0377912e-02   4.9661980e-02   4.9207258e-02   4.8835182e-02   4.6976074e-02   4.0337479e-02   3.3155526e-02   2.9731984e-02   2.8463116e-02
   1.4400000e+01   5.0847458e-02   5.0847719e-02   5.0636570e-02   5.0464378e-02   4.9797178e-02   4.9131072e-02   4.6938227e-02   4.0240223e-02   3.3104334e-02   2.9711517e-02   2.8455683e-02
   1.4850000e+01   5.0847458e-02   5.0847428e-02   5.0866924e-02   5.1268042e-02   5.0379878e-02   4.9425315e-02   4.6896896e-02   4.0139875e-02   3.3051519e-02   2.9690401e-02   2.8448013e-02
   1.5300000e+01   5.0847458e-02   5.0847631e-02   5.1103765e-02   5.2074066e-02   5.0953532e-02   4.9717052e-02   4.6851904e-02   4.0036434e-02   3.2997084e-02   2.9668636e-02   2.8440107e-02
   1.5750000e+01   5.0847458e-02   5.0846225e-02   5.1382241e-02   5.2882681e-02   5.1516415e-02   5.0005421e-02   4.6803071e-02   3.9929902e-02   3.2941026e-02   2.9646221e-02   2.8431966e-02
   1.6200000e+01   5.0847457e-02   5.0833997e-02   5.1746525e-02   5.3692830e-02   5.2066916e-02   5.0289558e-02   4.6750221e-02   3.9820277e-02   3.2883348e-02   2.9623156e-02   2.8423588e-02
   1.6650000e+01   5.0847454e-02   5.0774389e-02   5.2256666e-02   5.4501801e-02   5.2603557e-02   5.0568599e-02   4.6693175e-02   3.9707561e-02   3.2824049e-02   2.9599442e-02   2.8414974e-02
   1.7100000e+01   5.0847419e-02   5.0643995e-02   5.2985525e-02   5.5304971e-02   5.3125011e-02   5.0841679e-02   4.6631757e-02   3.9591753e-02   3.2763130e-02   2.9575078e-02   2.8406125e-02
   1.7550000e+01   5.0847550e-02   5.1094234e-02   5.3995908e-02   5.6095678e-02   5.3630112e-02   5.1107935e-02   4.6565790e-02   3.9472854e-02   3.2700591e-02   2.9550064e-02   2.8397039e-02
   1.8000000e+01   5.0865686e-02   5.3070735e-02   5.5305614e-02   5.6865257e-02   5.4117871e-02   5.1366509e-02   4.6495101e-02   3.9350864e-02   3.2636432e-02   2.9524402e-02   2.8387717e-02
   1.8450000e+01   5.1449371e-02   5.5511143e-02   5.6872732e-02   5.7603251e-02   5.4587480e-02   5.1616544e-02   4.6419518e-02   3.9225785e-02   3.2570654e-02   2.9498089e-02   2.8378160e-02
   1.8900000e+01   5.6054737e-02   5.7877559e-02   5.8617768e-02   5.8297799e-02   5.5038325e-02   5.1857191e-02   4.6338870e-02   3.9097615e-02   3.2503257e-02   2.9471127e-02   2.8368366e-02
   1.9350000e+01   5.9993643e-02   6.0193034e-02   6.0456939e-02   5.8936190e-02   5.5469982e-02   5.2087609e-02   4.6252990e-02   3.8966358e-02   3.2434242e-02   2.9443516e-02   2.8358337e-02
   1.9800000e+01   6.2435333e-02   6.2491471e-02   6.2318019e-02   5.9505557e-02   5.5882216e-02   5.2306962e-02   4.6161714e-02   3.8832013e-02   3.2363609e-02   2.9415255e-02   2.8348071e-02
   2.0250000e+01   6.4741736e-02   6.4785382e-02   6.4136804e-02   5.9993670e-02   5.6274977e-02   5.2514427e-02   4.6064880e-02   3.8694581e-02   3.2291358e-02   2.9386345e-02   2.8337570e-02
   2.0700000e+01   6.7043342e-02   6.7082080e-02   6.5843649e-02   6.0389790e-02   5.6648387e-02   5.2709190e-02   4.5962331e-02   3.8554064e-02   3.2217491e-02   2.9356785e-02   2.8326832e-02
   2.1150000e+01   6.9347528e-02   6.9402478e-02   6.7345700e-02   6.0685506e-02   5.7002727e-02   5.2890449e-02   4.5853913e-02   3.8410464e-02   3.2142007e-02   2.9326576e-02   2.8315859e-02
   2.1600000e+01   7.1654126e-02   7.1830723e-02   6.8510593e-02   6.0875518e-02   5.7338411e-02   5.3057417e-02   4.5739477e-02   3.8263781e-02   3.2064906e-02   2.9295717e-02   2.8304649e-02
   2.2050000e+01   7.3983833e-02   7.4479255e-02   6.9169362e-02   6.0958277e-02   5.7655968e-02   5.3209322e-02   4.5618878e-02   3.8114017e-02   3.1986190e-02   2.9264209e-02   2.8293204e-02
   2.2500000e+01   7.6271172e-02   7.5982202e-02   6.9164074e-02   6.0936456e-02   5.7956009e-02   5.3345406e-02   4.5491977e-02   3.7961174e-02   3.1905859e-02   2.9232052e-02   2.8281522e-02
   2.2950000e+01   7.3214101e-02   7.3712384e-02   6.8430398e-02   6.0817182e-02   5.8239192e-02   5.3464932e-02   4.5358638e-02   3.7805255e-02   3.1823914e-02   2.9199245e-02   2.8269605e-02
   2.3400000e+01   7.0115046e-02   7.0297648e-02   6.7042120e-02   6.0612014e-02   5.8506194e-02   5.3567181e-02   4.5218732e-02   3.7646261e-02   3.1740354e-02   2.9165789e-02   2.8257451e-02
   2.3850000e+01   6.7039641e-02   6.7103830e-02   6.5166728e-02   6.0336648e-02   5.8757664e-02   5.3651454e-02   4.5072135e-02   3.7484194e-02   3.1655181e-02   2.9131684e-02   2.8245062e-02
   2.4300000e+01   6.3967393e-02   6.4018462e-02   6.2983635e-02   6.0010370e-02   5.8994186e-02   5.3717078e-02   4.4918730e-02   3.7319058e-02   3.1568395e-02   2.9096929e-02   2.8232437e-02
   2.4750000e+01   6.0898585e-02   6.0957274e-02   6.0638108e-02   5.9655271e-02   5.9216243e-02   5.3763400e-02   4.4758405e-02   3.7150855e-02   3.1479997e-02   2.9061525e-02   2.8219575e-02
   2.5200000e+01   5.7823382e-02   5.7898786e-02   5.8240855e-02   5.9295286e-02   5.9424170e-02   5.3789795e-02   4.4591055e-02   3.6979589e-02   3.1389987e-02   2.9025472e-02   2.8206478e-02
   2.5650000e+01   5.4567795e-02   5.4833181e-02   5.5888583e-02   5.8955100e-02   5.9618121e-02   5.3795666e-02   4.4416582e-02   3.6805261e-02   3.1298366e-02   2.8988769e-02   2.8193145e-02
   2.6100000e+01   4.9315920e-02   5.1736740e-02   5.3688714e-02   5.8658999e-02   5.9798030e-02   5.3780444e-02   4.4234892e-02   3.6627877e-02   3.1205135e-02   2.8951417e-02   2.8179576e-02
   2.6550000e+01   4.3175424e-02   4.8532877e-02   5.1780730e-02   5.8429728e-02   5.9963580e-02   5.3743590e-02   4.4045902e-02   3.6447439e-02   3.1110293e-02   2.8913417e-02   2.8165770e-02
   2.7000000e+01   4.2397129e-02   4.5140246e-02   5.0339435e-02   5.8287419e-02   6.0114180e-02   5.3684601e-02   4.3849534e-02   3.6263951e-02   3.1013843e-02   2.8874767e-02   2.8151729e-02
   2.7450000e+01   4.2372944e-02   4.2720721e-02   4.9535767e-02   5.8248656e-02   6.0248939e-02   5.3603005e-02   4.3645718e-02   3.6077418e-02   3.0915784e-02   2.8835467e-02   2.8137452e-02
   2.7900000e+01   4.2380264e-02   4.3837526e-02   4.9458329e-02   5.8325707e-02   6.0366653e-02   5.3498368e-02   4.3434389e-02   3.5887844e-02   3.0816118e-02   2.8795519e-02   2.8122939e-02
   2.8350000e+01   4.2562263e-02   4.6435037e-02   5.0061547e-02   5.8525972e-02   6.0465803e-02   5.3370294e-02   4.3215494e-02   3.5695234e-02   3.0714844e-02   2.8754921e-02   2.8108190e-02
   2.8800000e+01   4.4804611e-02   4.8907273e-02   5.1199639e-02   5.8851659e-02   6.0544549e-02   5.3218428e-02   4.2988984e-02   3.5499593e-02   3.0611964e-02   2.8713675e-02   2.8093205e-02
   2.9250000e+01   5.0212725e-02   5.1260135e-02   5.2707659e-02   5.9299676e-02   6.0600746e-02   5.3042453e-02   4.2754818e-02   3.5300926e-02   3.0507478e-02   2.8671779e-02   2.8077984e-02
   2.9700000e+01   5.3422122e-02   5.3574832e-02   5.4454768e-02   5.9861750e-02   6.0631963e-02   5.2842098e-02   4.2512966e-02   3.5099238e-02   3.0401388e-02   2.8629235e-02   2.8062527e-02
   3.0150000e+01   5.5818751e-02   5.5879817e-02   5.6352436e-02   6.0524722e-02   6.0635504e-02   5.2617136e-02   4.2263402e-02   3.4894536e-02   3.0293694e-02   2.8586041e-02   2.8046834e-02
   3.0600000e+01   5.8328136e-02   5.8188807e-02   5.8341440e-02   6.1271009e-02   6.0608449e-02   5.2367388e-02   4.2006110e-02   3.4686825e-02   3.0184396e-02   2.8542198e-02   2.8030905e-02
   3.1050000e+01   6.2636163e-02   6.0515749e-02   6.0377218e-02   6.2079187e-02   6.0547692e-02   5.2092720e-02   4.1741082e-02   3.4476113e-02   3.0073497e-02   2.8497706e-02   2.8014740e-02
   3.1500000e+01   6.7200941e-02   6.2875951e-02   6.2419483e-02   6.2924664e-02   6.0449997e-02   5.1793049e-02   4.1468318e-02   3.4262405e-02   2.9960995e-02   2.8452566e-02   2.7998339e-02
   3.1950000e+01   6.7774917e-02   6.5246480e-02   6.4427122e-02   6.3780411e-02   6.0312045e-02   5.1468343e-02   4.1187825e-02   3.4045710e-02   2.9846893e-02   2.8406776e-02   2.7981702e-02
   3.2400000e+01   6.7796327e-02   6.7370040e-02   6.6360276e-02   6.4617736e-02   6.0130499e-02   5.1118620e-02   4.0899620e-02   3.3826034e-02   2.9731192e-02   2.8360338e-02   2.7964829e-02
   3.2850000e+01   6.7798824e-02   6.8949536e-02   6.8189374e-02   6.5407063e-02   5.9902066e-02   5.0743954e-02   4.0603726e-02   3.3603386e-02   2.9613891e-02   2.8313250e-02   2.7947720e-02
   3.3300000e+01   6.7858619e-02   7.0424096e-02   6.9902627e-02   6.6118726e-02   5.9623563e-02   5.0344469e-02   4.0300175e-02   3.3377773e-02   2.9494993e-02   2.8265514e-02   2.7930375e-02
   3.3750000e+01   6.8795438e-02   7.1971285e-02   7.1502140e-02   6.6723739e-02   5.9291979e-02   4.9920345e-02   3.9989006e-02   3.3149203e-02   2.9374497e-02   2.8217129e-02   2.7912795e-02
   3.4200000e+01   7.2422220e-02   7.3530351e-02   7.2991534e-02   6.7194561e-02   5.8904543e-02   4.9471817e-02   3.9670268e-02   3.2917687e-02   2.9252406e-02   2.8168095e-02   2.7894978e-02
   3.4650000e+01   7.4921564e-02   7.5079353e-02   7.4365267e-02   6.7505823e-02   5.8458783e-02   4.8999175e-02   3.9344017e-02   3.2683233e-02   2.9128719e-02   2.8118413e-02   2.7876925e-02
   3.5100000e+01   7.6569832e-02   7.6621325e-02   7.5602680e-02   6.7635019e-02   5.7952585e-02   4.8502763e-02   3.9010314e-02   3.2445851e-02   2.9003439e-02   2.8068082e-02   2.7858637e-02
   3.5550000e+01   7.8271383e-02   7.8167080e-02   7.6662192e-02   6.7563154e-02   5.7384246e-02   4.7982983e-02   3.8669233e-02   3.2205550e-02   2.8876565e-02   2.8017102e-02   2.7840112e-02
   3.6000000e+01   8.1217719e-02   7.9739994e-02   7.7470780e-02   6.7275308e-02   5.6752517e-02   4.7440290e-02   3.8320850e-02   3.1962342e-02   2.8748100e-02   2.7965473e-02   2.7821352e-02
   3.6450000e+01   8.4313955e-02   8.1405817e-02   7.7909646e-02   6.6761115e-02   5.6056642e-02   4.6875193e-02   3.7965254e-02   3.1716237e-02   2.8618044e-02   2.7913196e-02   2.7802355e-02
   3.6900000e+01   8.4728171e-02   8.3265216e-02   7.7810569e-02   6.6015125e-02   5.5296387e-02   4.6288254e-02   3.7602536e-02   3.1467246e-02   2.8486398e-02   2.7860270e-02   2.7783123e-02
   3.7350000e+01   8.4745587e-02   8.4589141e-02   7.6991597e-02   6.5037018e-02   5.4472060e-02   4.5680090e-02   3.7232797e-02   3.1215380e-02   2.8353163e-02   2.7806695e-02   2.7763654e-02
   3.7800000e+01   8.4742111e-02   8.2543253e-02   7.5340847e-02   6.3831647e-02   5.3584524e-02   4.5051368e-02   3.6856146e-02   3.0960653e-02   2.8218341e-02   2.7752472e-02   2.7743950e-02
   3.8250000e+01   8.4625887e-02   7.7829788e-02   7.2889016e-02   6.2408913e-02   5.2635191e-02   4.4402803e-02   3.6472698e-02   3.0703076e-02   2.8081933e-02   2.7697601e-02   2.7724009e-02
   3.8700000e+01   8.2553080e-02   7.2887187e-02   6.9792998e-02   6.0783432e-02   5.1626019e-02   4.3735160e-02   3.6082574e-02   3.0442662e-02   2.7943939e-02   2.7642081e-02   2.7703833e-02
   3.9150000e+01   7.2122479e-02   6.8112024e-02   6.6250199e-02   5.8974039e-02   5.0559491e-02   4.3049250e-02   3.5685902e-02   3.0179425e-02   2.7804362e-02   2.7585912e-02   2.7683421e-02
   3.9600000e+01   6.3949586e-02   6.3434935e-02   6.2429276e-02   5.7003121e-02   4.9438588e-02   4.2345926e-02   3.5282817e-02   2.9913378e-02   2.7663202e-02   2.7529096e-02   2.7662773e-02
   4.0050000e+01   5.8895691e-02   5.8796474e-02   5.8452976e-02   5.4895820e-02   4.8266751e-02   4.1626084e-02   3.4873460e-02   2.9644536e-02   2.7520461e-02   2.7471630e-02   2.7641889e-02
   4.0500000e+01   5.3759485e-02   5.4154423e-02   5.4412298e-02   5.2679158e-02   4.7047842e-02   4.0890658e-02   3.4457979e-02   2.9372913e-02   2.7376139e-02   2.7413517e-02   2.7620769e-02
   4.0950000e+01   4.4950580e-02   4.9466691e-02   5.0387667e-02   5.0381104e-02   4.5786092e-02   4.0140618e-02   3.4036526e-02   2.9098525e-02   2.7230239e-02   2.7354755e-02   2.7599412e-02
   4.1400000e+01   3.5372188e-02   4.4686182e-02   4.6467203e-02   4.8029661e-02   4.4486045e-02   3.9376966e-02   3.3609260e-02   2.8821386e-02   2.7082762e-02   2.7295345e-02   2.7577820e-02
   4.1850000e+01   3.3964647e-02   3.9828748e-02   4.2755789e-02   4.5651994e-02   4.3152508e-02   3.8600736e-02   3.3176346e-02   2.8541513e-02   2.6933708e-02   2.7235286e-02   2.7555993e-02
   4.2300000e+01   3.3899792e-02   3.5456974e-02   3.9363193e-02   4.3273659e-02   4.1790479e-02   3.7812985e-02   3.2737954e-02   2.8258923e-02   2.6783080e-02   2.7174580e-02   2.7533929e-02
   4.2750000e+01   3.3897427e-02   3.2932993e-02   3.6365863e-02   4.0917954e-02   4.0405096e-02   3.7014795e-02   3.2294257e-02   2.7973632e-02   2.6630878e-02   2.7113225e-02   2.7511629e-02
   4.3200000e+01   3.3869457e-02   3.1538685e-02   3.3768913e-02   3.8605421e-02   3.9001568e-02   3.6207267e-02   3.1845437e-02   2.7685658e-02   2.6477105e-02   2.7051222e-02   2.7489093e-02
   4.3650000e+01   3.3315199e-02   3.0076847e-02   3.1509550e-02   3.6353512e-02   3.7585117e-02   3.5391516e-02   3.1391677e-02   2.7395020e-02   2.6321762e-02   2.6988571e-02   2.7466321e-02
   4.4100000e+01   2.9992853e-02   2.8527416e-02   2.9499011e-02   3.4176413e-02   3.6160923e-02   3.4568671e-02   3.0933166e-02   2.7101734e-02   2.6164849e-02   2.6925272e-02   2.7443314e-02
   4.4550000e+01   2.7129786e-02   2.6972034e-02   2.7660920e-02   3.2085028e-02   3.4734063e-02   3.3739867e-02   3.0470096e-02   2.6805821e-02   2.6006370e-02   2.6861325e-02   2.7420070e-02
   4.5000000e+01   2.5423729e-02   2.5424325e-02   2.5944264e-02   3.0087087e-02   3.3309468e-02   3.2906244e-02   3.0002667e-02   2.6507299e-02   2.5846324e-02   2.6796730e-02   2.7396590e-02
   4.5450000e+01   2.3717671e-02   2.3876106e-02   2.4320027e-02   2.8187374e-02   3.1891872e-02   3.2068942e-02   2.9531077e-02   2.6206189e-02   2.5684715e-02   2.6731487e-02   2.7372875e-02
   4.5900000e+01   2.0854604e-02   2.2314500e-02   2.2775051e-02   2.6388025e-02   3.0485775e-02   3.1229099e-02   2.9055531e-02   2.5902510e-02   2.5521543e-02   2.6665596e-02   2.7348924e-02
   4.6350000e+01   1.7532257e-02   2.0726249e-02   2.1308509e-02   2.4688890e-02   2.9095408e-02   3.0387843e-02   2.8576237e-02   2.5596285e-02   2.5356811e-02   2.6599058e-02   2.7324736e-02
   4.6800000e+01   1.6977981e-02   1.9117536e-02   1.9929929e-02   2.3087911e-02   2.7724707e-02   2.9546294e-02   2.8093406e-02   2.5287533e-02   2.5190519e-02   2.6531871e-02   2.7300313e-02
   4.7250000e+01   1.6949935e-02   1.7628933e-02   1.8654522e-02   2.1581519e-02   2.6377289e-02   2.8705556e-02   2.7607251e-02   2.4976278e-02   2.5022670e-02   2.6464037e-02   2.7275654e-02
   4.7700000e+01   1.6948872e-02   1.6609410e-02   1.7493038e-02   2.0165008e-02   2.5056439e-02   2.7866714e-02   2.7117988e-02   2.4662541e-02   2.4853265e-02   2.6395555e-02   2.7250758e-02
   4.8150000e+01   1.6938087e-02   1.5887975e-02   1.6441415e-02   1.8832885e-02   2.3765100e-02   2.7030835e-02   2.6625835e-02   2.4346345e-02   2.4682306e-02   2.6326425e-02   2.7225627e-02
   4.8600000e+01   1.6703504e-02   1.5133083e-02   1.5480251e-02   1.7579198e-02   2.2505869e-02   2.6198958e-02   2.6131013e-02   2.4027714e-02   2.4509795e-02   2.6256648e-02   2.7200260e-02
   4.9050000e+01   1.5107107e-02   1.4351892e-02   1.4584351e-02   1.6397807e-02   2.1280999e-02   2.5372097e-02   2.5633744e-02   2.3706671e-02   2.4335734e-02   2.6186223e-02   2.7174657e-02
   4.9500000e+01   1.3638956e-02   1.3573143e-02   1.3732108e-02   1.5282630e-02   2.0092402e-02   2.4551234e-02   2.5134251e-02   2.3383241e-02   2.4160124e-02   2.6115151e-02   2.7148818e-02
   4.9950000e+01   1.2782922e-02   1.2799523e-02   1.2908658e-02   1.4227837e-02   1.8941667e-02   2.3737318e-02   2.4632761e-02   2.3057449e-02   2.3982968e-02   2.6043431e-02   2.7122744e-02
   5.0400000e+01   1.1940606e-02   1.2026343e-02   1.2104709e-02   1.3228009e-02   1.7830063e-02   2.2931265e-02   2.4129498e-02   2.2729320e-02   2.3804267e-02   2.5971064e-02   2.7096433e-02
   5.0850000e+01   1.0578457e-02   1.1247998e-02   1.1314479e-02   1.2278261e-02   1.6758565e-02   2.2133950e-02   2.3624691e-02   2.2398880e-02   2.3624024e-02   2.5898050e-02   2.7069886e-02
   5.1300000e+01   8.8400238e-03   1.0460608e-02   1.0534204e-02   1.1374320e-02   1.5727868e-02   2.1346211e-02   2.3118566e-02   2.2066156e-02   2.3442239e-02   2.5824388e-02   2.7043104e-02
   5.1750000e+01   8.4945597e-03   9.6716762e-03   9.7613204e-03   1.0512583e-02   1.4738407e-02   2.0568844e-02   2.2611353e-02   2.1731174e-02   2.3258917e-02   2.5750078e-02   2.7016085e-02
   5.2200000e+01   8.4752097e-03   8.9259727e-03   8.9940639e-03   9.6901363e-03   1.3790381e-02   1.9802601e-02   2.2103279e-02   2.1393962e-02   2.3074057e-02   2.5675122e-02   2.6988831e-02
   5.2650000e+01   8.4744085e-03   8.2554855e-03   8.2313351e-03   8.9047506e-03   1.2883772e-02   1.9048190e-02   2.1594572e-02   2.1054547e-02   2.2887664e-02   2.5599518e-02   2.6961340e-02
   5.3100000e+01   8.4657544e-03   7.5351566e-03   7.4727571e-03   8.1548479e-03   1.2018369e-02   1.8306276e-02   2.1085461e-02   2.0712958e-02   2.2699737e-02   2.5523267e-02   2.6933614e-02
   5.3550000e+01   8.2586694e-03   6.7518615e-03   6.7188052e-03   7.4394492e-03   1.1193788e-02   1.7577475e-02   2.0576172e-02   2.0369224e-02   2.2510281e-02   2.5446370e-02   2.6905652e-02
   5.4000000e+01   6.7105543e-03   5.9638447e-03   5.9708707e-03   6.7580995e-03   1.0409493e-02   1.6862359e-02   2.0066931e-02   2.0023375e-02   2.2319297e-02   2.5368825e-02   2.6877454e-02
   5.4450000e+01   5.2373865e-03   5.1852501e-03   5.2312866e-03   6.1107772e-03   9.6648179e-03   1.6161452e-02   1.9557966e-02   1.9675439e-02   2.2126787e-02   2.5290633e-02   2.6849020e-02
   5.4900000e+01   4.3866109e-03   4.4130172e-03   4.5035026e-03   5.4977898e-03   8.9589799e-03   1.5475229e-02   1.9049498e-02   1.9325448e-02   2.1932753e-02   2.5211794e-02   2.6820350e-02
   5.5350000e+01   3.5624769e-03   3.6418014e-03   3.7926461e-03   4.9196622e-03   8.2911009e-03   1.4804123e-02   1.8541752e-02   1.8973432e-02   2.1737198e-02   2.5132308e-02   2.6791444e-02
   5.5800000e+01   2.3128050e-03   2.8660968e-03   3.1067194e-03   4.3770207e-03   7.6602209e-03   1.4148515e-02   1.8034948e-02   1.8619422e-02   2.1540125e-02   2.5052176e-02   2.6762302e-02
   5.6250000e+01   4.9941380e-04   2.0787533e-03   2.4584757e-03   3.8704797e-03   7.0653126e-03   1.3508742e-02   1.7529306e-02   1.8263450e-02   2.1341534e-02   2.4971397e-02   2.6732924e-02
   5.6700000e+01   3.1000645e-05   1.2706477e-03   1.8669753e-03   3.4005362e-03   6.5052937e-03   1.2885097e-02   1.7025043e-02   1.7905550e-02   2.1141430e-02   2.4889971e-02   2.6703311e-02
   5.7150000e+01   1.0814152e-06   4.7634840e-04   1.3558166e-03   2.9674772e-03   5.9790378e-03   1.2277826e-02   1.6522373e-02   1.7545752e-02   2.0939814e-02   2.4807898e-02   2.6673461e-02
   5.7600000e+01  -2.0204239e-08  -1.7691935e-05   9.4495227e-04   2.5713042e-03   5.4853841e-03   1.1687133e-02   1.6021509e-02   1.7184090e-02   2.0736689e-02   2.4725179e-02   2.6643376e-02
   5.8050000e+01  -9.6816630e-09  -5.6952450e-05   6.3952323e-04   2.2116803e-03   5.0231460e-03   1.1113177e-02   1.5522660e-02   1.6820598e-02   2.0532058e-02   2.4641813e-02   2.6613054e-02
   5.8500000e+01  -1.2526680e-09  -1.5992884e-05   4.2643932e-04   1.8878987e-03   4.5911184e-03   1.0556079e-02   1.5026034e-02   1.6455311e-02   2.0325922e-02   2.4557801e-02   2.6582497e-02
   5.8950000e+01  -4.9562591e-11  -2.5285539e-06   2.8267699e-04   1.5988769e-03   4.1880838e-03   1.0015916e-02   1.4531835e-02   1.6088261e-02   2.0118284e-02   2.4473142e-02   2.6551704e-02
   5.9400000e+01  -3.7840780e-13  -8.4914891e-08   1.8616109e-04   1.3431715e-03   3.8128181e-03   9.4927291e-03   1.4040262e-02   1.5719485e-02   1.9909148e-02   2.4387837e-02   2.6520675e-02
   5.9850000e+01  -2.4467591e-16   1.2931962e-07   1.2085732e-04   1.1190137e-03   3.4640953e-03   8.9865222e-03   1.3551513e-02   1.5349018e-02   1.9698516e-02   2.4301886e-02   2.6489410e-02
   6.0300000e+01   9.9386407e-17   7.0183894e-08   7.6510948e-05   9.2436035e-04   3.1406920e-03   8.4972630e-03   1.3065782e-02   1.4976895e-02   1.9486390e-02   2.4215289e-02   2.6457909e-02
   6.0750000e+01   5.0503906e-18   2.6330143e-08   4.6686860e-05   7.5695543e-04   2.8413911e-03   8.0248855e-03   1.2583258e-02   1.4603153e-02   1.9272773e-02   2.4128045e-02   2.6426173e-02
   6.1200000e+01   1.0179983e-19   8.2216589e-09   2.7144033e-05   6.1439819e-04   2.5649852e-03   7.5692917e-03   1.2104128e-02   1.4227828e-02   1.9057669e-02   2.4040155e-02   2.6394200e-02
   6.1650000e+01   5.0974089e-22   2.1001342e-09   1.4885884e-05   4.9421252e-04   2.3102801e-03   7.1303533e-03   1.1628574e-02   1.3850957e-02   1.8841079e-02   2.3951620e-02   2.6361992e-02
   6.2100000e+01   1.2813741e-24   3.3785892e-10   7.6635511e-06   3.9391368e-04   2.0760976e-03   6.7079134e-03   1.1156774e-02   1.3472578e-02   1.8623007e-02   2.3862438e-02   2.6329547e-02
   6.2550000e+01  -7.0973812e-28  -3.1648118e-12   3.7298578e-06   3.1106886e-04   1.8612786e-03   6.3017884e-03   1.0688901e-02   1.3092728e-02   1.8403455e-02   2.3772611e-02   2.6296867e-02
   6.3000000e+01  -4.0877441e-29  -6.8896465e-12   1.7552488e-06   2.4334909e-04   1.6646860e-03   5.9117694e-03   1.0225124e-02   1.2711446e-02   1.8182427e-02   2.3682137e-02   2.6263951e-02
   6.3450000e+01  -3.5504812e-31  -7.9934206e-13   8.2318038e-07   1.8857093e-04   1.4852070e-03   5.5376246e-03   9.7656097e-03   1.2328771e-02   1.7959926e-02   2.3591018e-02   2.6230799e-02
   6.3900000e+01  -8.0200093e-34  -5.6946343e-14   3.9239885e-07   1.4472708e-04   1.3217561e-03   5.1791007e-03   9.3105166e-03   1.1944740e-02   1.7735954e-02   2.3499253e-02   2.6197411e-02
   6.4350000e+01  -3.5353780e-37  -2.4697250e-15   1.8974804e-07   1.1000616e-04   1.1732774e-03   4.8359246e-03   8.8600006e-03   1.1559394e-02   1.7510515e-02   2.3406843e-02   2.6163787e-02
   6.4800000e+01  -6.2114301e-41   7.5560305e-17   9.1460449e-08   8.2802238e-05   1.0387470e-03   4.5078053e-03   8.4142121e-03   1.1172772e-02   1.7283611e-02   2.3313787e-02   2.6129927e-02
   6.5250000e+01   1.6992954e-43   3.6855737e-17   4.3027257e-08   6.1715511e-05   9.1717526e-04   4.1944356e-03   7.9732969e-03   1.0784913e-02   1.7055246e-02   2.3220085e-02   2.6095832e-02
   6.5700000e+01   6.7400131e-46   6.1671068e-18   1.9390809e-08   4.5545617e-05   8.0760873e-04   3.8954936e-03   7.5373956e-03   1.0395859e-02   1.6825424e-02   2.3125738e-02   2.6061500e-02
   6.6150000e+01   2.1086058e-48   7.9199497e-19   8.2387803e-09   3.3279380e-05   7.0913204e-04   3.6106444e-03   7.1066438e-03   1.0005650e-02   1.6594146e-02   2.3030746e-02   2.6026933e-02
   6.6600000e+01   5.7753343e-51   8.2550335e-20   3.2562040e-09   2.4074656e-05   6.2086948e-04   3.3395418e-03   6.6811719e-03   9.6143269e-03   1.6361417e-02   2.2935109e-02   2.5992130e-02
   6.7050000e+01   1.1790485e-53   5.6908492e-21   1.1879857e-09   1.7241871e-05   5.4198625e-04   3.0818297e-03   6.2611050e-03   9.2219305e-03   1.6127240e-02   2.2838826e-02   2.5957090e-02
   6.7500000e+01   4.3026918e-62   1.8652923e-23   4.0263820e-10   1.2224592e-05   4.7168956e-04   2.8371435e-03   5.8465632e-03   8.8285026e-03   1.5891618e-02   2.2741898e-02   2.5921816e-02
   6.7950000e+01  -8.0470302e-61  -1.6608197e-23   1.3052515e-10   8.5802268e-06   4.0922928e-04   2.6051117e-03   5.4376611e-03   8.4340850e-03   1.5654555e-02   2.2644325e-02   2.5886305e-02
   6.8400000e+01  -2.6898488e-65  -7.8065564e-25   4.2442589e-11   5.9616756e-06   3.5389839e-04   2.3853570e-03   5.0345079e-03   8.0387197e-03   1.5416054e-02   2.2546108e-02   2.5850558e-02
   6.8850000e+01  -6.6928299e-70  -2.2525844e-26   1.4379752e-11   4.1004836e-06   3.0503304e-04   2.1774980e-03   4.6372076e-03   7.6424490e-03   1.5176118e-02   2.2447245e-02   2.5814575e-02
   6.9300000e+01  -1.4369885e-74  -4.4673559e-28   5.0801803e-12   2.7918471e-06   2.6201234e-04   1.9811499e-03   4.2458586e-03   7.2453156e-03   1.4934751e-02   2.2347737e-02   2.5778357e-02
   6.9750000e+01  -1.9441931e-79  -1.1055990e-30   1.8169766e-12   1.8816147e-06   2.2425787e-04   1.7959263e-03   3.8605540e-03   6.8473622e-03   1.4691957e-02   2.2247585e-02   2.5741903e-02
   7.0200000e+01   1.8749380e-83   5.1253086e-31   6.3572455e-13   1.2552920e-06   1.9123283e-04   1.6214397e-03   3.4813814e-03   6.4486319e-03   1.4447739e-02   2.2146788e-02   2.5705213e-02
   7.0650000e+01   5.0102649e-87   3.7613553e-32   2.1191856e-13   8.2894503e-07   1.6244104e-04   1.4573032e-03   3.1084230e-03   6.0491678e-03   1.4202100e-02   2.2045347e-02   2.5668287e-02
   7.1100000e+01   7.6003361e-91   1.9368269e-33   6.6012330e-14   5.4183217e-07   1.3742565e-04   1.3031308e-03   2.7417556e-03   5.6490136e-03   1.3955046e-02   2.1943261e-02   2.5631125e-02
   7.1550000e+01   2.2956161e-95   7.9372899e-35   1.8920698e-14   3.5055184e-07   1.1576765e-04   1.1585389e-03   2.3814503e-03   5.2482128e-03   1.3706578e-02   2.1840531e-02   2.5593727e-02
   7.2000000e+01  1.8098959e-100   2.1948433e-36   4.9400998e-15   2.2447981e-07   9.7084248e-05   1.0231469e-03   2.0275732e-03   4.8468094e-03   1.3456702e-02   2.1737156e-02   2.5556093e-02
   7.2450000e+01  2.2742845e-106   9.3087942e-39   1.1793897e-15   1.4227458e-07   8.1027091e-05   8.9657811e-04   1.6801846e-03   4.4448472e-03   1.3205420e-02   2.1633138e-02   2.5518224e-02
   7.2900000e+01 -2.6141989e-110  -8.7047285e-40   2.6549832e-16   8.9245674e-08   6.7280398e-05   7.7846037e-04   1.3393397e-03   4.0423705e-03   1.2952737e-02   2.1528475e-02   2.5480119e-02
   7.3350000e+01 -7.1327658e-115  -1.7751416e-41   5.9887522e-17   5.5403575e-08   5.5559019e-05   6.6842692e-04   1.0050882e-03   3.6394237e-03   1.2698656e-02   2.1423168e-02   2.5441778e-02
   7.3800000e+01 -9.7345388e-120  -2.0948020e-43   1.4362685e-17   3.4037246e-08   4.5606459e-05   5.6611690e-04   6.7747472e-04   3.2360511e-03   1.2443183e-02   2.1317217e-02   2.5403201e-02
   7.4250000e+01 -3.2562376e-125  -1.7495373e-45   3.6939303e-18   2.0692088e-08   3.7192895e-05   4.7117601e-04   3.5653834e-04   2.8322974e-03   1.2186319e-02   2.1210622e-02   2.5364388e-02
   7.4700000e+01 -3.6520388e-131  -5.4971937e-48   9.7752713e-19   1.2446401e-08   3.0113196e-05   3.8325696e-04   4.2313152e-05   2.4282074e-03   1.1928071e-02   2.1103383e-02   2.5325339e-02
   7.5150000e+01  1.1289786e-136   1.8821830e-49   2.5352103e-19   7.4065238e-09   2.4184991e-05   3.0202002e-04  -2.6517198e-04   2.0238257e-03   1.1668441e-02   2.0995501e-02   2.5286055e-02
   7.5600000e+01  2.0701046e-141   6.0817630e-51   6.2289119e-20   4.3595163e-09   1.9246775e-05   2.2713335e-04  -5.6589323e-04   1.6191974e-03   1.1407433e-02   2.0886975e-02   2.5246534e-02
   7.6050000e+01  1.7597768e-146   1.2436093e-52   1.4183668e-20   2.5375342e-09   1.5156094e-05   1.5827343e-04  -8.5983184e-04   1.2143674e-03   1.1145053e-02   2.0777806e-02   2.5206778e-02
   7.6500000e+01  3.0252404e-152   1.9884068e-54   2.9438302e-21   1.4601518e-09   1.1787804e-05   9.5125362e-05  -1.1469739e-03   8.0938074e-04   1.0881304e-02   2.0667993e-02   2.5166786e-02
   7.6950000e+01  1.6036657e-158   2.1942042e-56   5.5015565e-22   8.3026196e-10   9.0324147e-06   3.7383110e-05  -1.4273105e-03   4.0428259e-04   1.0616191e-02   2.0557537e-02   2.5126558e-02
   7.7400000e+01  2.4631361e-165   5.9187181e-59   9.2592138e-23   4.6625491e-10   6.7945359e-06  -1.5250234e-05  -1.7008375e-03  -8.8190158e-07   1.0349717e-02   2.0446438e-02   2.5086094e-02
   7.7850000e+01 -7.9681414e-171  -1.1874308e-60   1.4448410e-23   2.5840755e-10   4.9914141e-06  -6.3062290e-05  -1.9675552e-03  -4.0606756e-04   1.0081887e-02   2.0334695e-02   2.5045395e-02
   7.8300000e+01 -1.5714270e-176  -1.0637644e-62   2.2446469e-24   1.4120108e-10   3.5515749e-06  -1.0633124e-04  -2.2274688e-03  -8.1122917e-04   9.8127064e-03   2.0222310e-02   2.5004460e-02
   7.8750000e+01 -1.7182351e-182  -5.1006361e-65   3.7807343e-25   7.5972275e-11   2.4135647e-06  -1.4532574e-04  -2.4805881e-03  -1.2163215e-03   9.5421784e-03   2.0109282e-02   2.4963288e-02
   7.9200000e+01 -5.2838877e-189  -1.7432906e-67   7.0649689e-26   4.0177776e-11   1.5247930e-06  -1.8030483e-04  -2.7269269e-03  -1.6212994e-03   9.2703079e-03   1.9995610e-02   2.4921881e-02
   7.9650000e+01 -4.4601149e-196  -2.9943909e-70   1.3862028e-26   2.0833416e-11   8.4047325e-07  -2.1151791e-04  -2.9665036e-03  -2.0261175e-03   8.9970994e-03   1.9881296e-02   2.4880239e-02
   8.0100000e+01  4.5876049e-203   1.8115895e-72   2.6706978e-27   1.0554782e-11   3.2265735e-07  -2.3920476e-04  -3.1993410e-03  -2.4307308e-03   8.7225575e-03   1.9766340e-02   2.4838360e-02
   8.0550000e+01  6.4357675e-209   2.6680527e-74   4.8429220e-28   5.1972420e-12  -6.0637369e-08  -2.6359555e-04  -3.4254656e-03  -2.8350942e-03   8.4466868e-03   1.9650741e-02   2.4796246e-02
   8.1000000e+01  3.3676790e-215   2.1728118e-76   8.0694571e-29   2.4668002e-12  -3.3621542e-07  -2.8491091e-04  -3.6449082e-03  -3.2391624e-03   8.1694920e-03   1.9534499e-02   2.4753895e-02
   8.1450000e+01  3.7315680e-222   1.3601681e-78   1.2139562e-29   1.1126834e-12  -5.2640853e-07  -3.0336200e-04  -3.8577033e-03  -3.6428906e-03   7.8909779e-03   1.9417615e-02   2.4711309e-02
   8.1900000e+01  1.3493719e-229   6.0074173e-81   1.6237293e-30   4.6405328e-13  -6.4970458e-07  -3.1915062e-04  -4.0638893e-03  -4.0462337e-03   7.6111491e-03   1.9300089e-02   2.4668487e-02
   8.2350000e+01  1.9078936e-237   8.5916516e-84   1.9153428e-31   1.6768915e-13  -7.2130538e-07  -3.3246939e-04  -4.2635084e-03  -4.4491469e-03   7.3300106e-03   1.9181921e-02   2.4625430e-02
   8.2800000e+01 -2.2628401e-244  -4.3164256e-86   2.0214057e-32   4.1516764e-14  -7.5361882e-07  -3.4350181e-04  -4.4566060e-03  -4.8515855e-03   7.0475671e-03   1.9063111e-02   2.4582136e-02
   8.3250000e+01 -3.2456667e-251  -1.7213308e-88   2.0266959e-33  -5.9738638e-15  -7.5669079e-07  -3.5242251e-04  -4.6432312e-03  -5.2535048e-03   6.7638236e-03   1.8943659e-02   2.4538607e-02
   8.3700000e+01 -2.5643285e-258  -3.3402896e-91   2.1492209e-34  -1.9352902e-14  -7.3858209e-07  -3.5939740e-04  -4.8234363e-03  -5.6548603e-03   6.4787849e-03   1.8823565e-02   2.4494842e-02
   8.4150000e+01 -6.2418685e-266  -4.6056297e-94   2.5912939e-35  -1.9449688e-14  -7.0569568e-07  -3.6458388e-04  -4.9972769e-03  -6.0556076e-03   6.1924562e-03   1.8702830e-02   2.4450841e-02
   8.4600000e+01 -3.7585426e-274  -3.6775690e-97   3.3623864e-36  -1.5441820e-14  -6.6305908e-07  -3.6813102e-04  -5.1648115e-03  -6.4557024e-03   5.9048424e-03   1.8581453e-02   2.4406604e-02
   8.5050000e+01  1.1489383e-282  4.4434190e-100   4.1298566e-37  -1.1006860e-14  -6.1456675e-07  -3.7017983e-04  -5.3261016e-03  -6.8551006e-03   5.6159487e-03   1.8459435e-02   2.4362132e-02
   8.5500000e+01  1.4804003e-289  3.1931868e-102   4.0653858e-38  -7.3635430e-15  -5.6318678e-07  -3.7086347e-04  -5.4812116e-03  -7.2537584e-03   5.3257801e-03   1.8336775e-02   2.4317424e-02
   8.5950000e+01  4.9840602e-297  1.0418350e-104   1.6290116e-39  -4.7207518e-15  -5.1113624e-07  -3.7030748e-04  -5.6302086e-03  -7.6516320e-03   5.0343418e-03   1.8213474e-02   2.4272480e-02
   8.6400000e+01  3.7413209e-305  2.5791662e-107  -5.7596069e-40  -2.9338648e-15  -4.6002876e-07  -3.6863003e-04  -5.7731621e-03  -8.0486779e-03   4.7416391e-03   1.8089532e-02   2.4227300e-02
   8.6850000e+01  9.2877339e-314  4.7550093e-110  -2.2210432e-40  -1.7801504e-15  -4.1099811e-07  -3.6594221e-04  -5.9101443e-03  -8.4448526e-03   4.4476772e-03   1.7964949e-02   2.4181884e-02
   8.7300000e+01   0.0000000e+00  3.8092533e-113  -5.4068609e-41  -1.0595275e-15  -3.6480088e-07  -3.6234820e-04  -6.0412296e-03  -8.8401131e-03   4.1524615e-03   1.7839725e-02   2.4136233e-02
   8.7750000e+01   0.0000000e+00 -1.4123343e-115  -1.1090361e-41  -6.2065880e-16  -3.2190110e-07  -3.5794563e-04  -6.1664944e-03  -9.2344164e-03   3.8559972e-03   1.7713861e-02   2.4090345e-02
   8.8200000e+01   0.0000000e+00 -7.2394460e-118  -2.0685460e-42  -3.5871183e-16  -2.8253961e-07  -3.5282573e-04  -6.2860177e-03  -9.6277198e-03   3.5582899e-03   1.7587356e-02   2.4044222e-02
   8.8650000e+01   0.0000000e+00 -1.8488550e-120  -3.6238988e-43  -2.0493065e-16  -2.4679017e-07  -3.4707369e-04  -6.3998799e-03  -1.0019981e-02   3.2593449e-03   1.7460210e-02   2.3997864e-02
   8.9100000e+01   0.0000000e+00 -3.5146621e-123  -6.0647880e-44  -1.1589903e-16  -2.1460471e-07  -3.4076885e-04  -6.5081636e-03  -1.0411158e-02   2.9591677e-03   1.7332424e-02   2.3951269e-02
   8.9550000e+01   0.0000000e+00 -5.7602370e-126  -9.7903036e-45  -6.4965600e-17  -1.8584920e-07  -3.3398498e-04  -6.6109531e-03  -1.0801208e-02   2.6577640e-03   1.7203998e-02   2.3904439e-02
   9.0000000e+01   0.0000000e+00 -8.7374568e-129  -1.5331682e-45  -3.6128109e-17  -1.6033194e-07  -3.2679052e-04  -6.7083340e-03  -1.1190090e-02   2.3551392e-03   1.7074932e-02   2.3857373e-02
