  -9.0000000e+01  -4.3817098e-04
  -8.9550000e+01  -4.4786364e-04
  -8.9100000e+01  -4.5697491e-04
  -8.8650000e+01  -4.6540955e-04
  -8.8200000e+01  -4.7306521e-04
  -8.7750000e+01  -4.7983215e-04
  -8.7300000e+01  -4.8559296e-04
  -8.6850000e+01  -4.9022226e-04
  -8.6400000e+01  -4.9358647e-04
  -8.5950000e+01  -4.9554350e-04
  -8.5500000e+01  -4.9594254e-04
  -8.5050000e+01  -4.9462378e-04
  -8.4600000e+01  -4.9141823e-04
  -8.4150000e+01  -4.8614750e-04
  -8.3700000e+01  -4.7862358e-04
  -8.3250000e+01  -4.6864872e-04
  -8.2800000e+01  -4.5601526e-04
  -8.2350000e+01  -4.4050550e-04
  -8.1900000e+01  -4.2189166e-04
  -8.1450000e+01  -3.9993574e-04
  -8.1000000e+01  -3.7438958e-04
  -8.0550000e+01  -3.4499477e-04
  -8.0100000e+01  -3.1148280e-04
  -7.9650000e+01  -2.7357502e-04
  -7.9200000e+01  -2.3098288e-04
  -7.8750000e+01  -1.8340800e-04
  -7.8300000e+01  -1.3054244e-04
  -7.7850000e+01  -7.2068903e-05
  -7.7400000e+01  -7.6610895e-06
  -7.6950000e+01   6.3015984e-05
  -7.6500000e+01   1.4030557e-04
  -7.6050000e+01   2.2455874e-04
  -7.5600000e+01   3.1613386e-04
  -7.5150000e+01   4.1539606e-04
  -7.4700000e+01   5.2271656e-04
  -7.4250000e+01   6.3847206e-04
  -7.3800000e+01   7.6304396e-04
  -7.3350000e+01   8.9681759e-04
  -7.2900000e+01   1.0401814e-03
  -7.2450000e+01   1.1935259e-03
  -7.2000000e+01   1.3572431e-03
  -7.1550000e+01   1.5317249e-03
  -7.1100000e+01   1.7173626e-03
  -7.0650000e+01   1.9145455e-03
  -7.0200000e+01   2.1236596e-03
  -6.9750000e+01   2.3450868e-03
  -6.9300000e+01   2.5792032e-03
  -6.8850000e+01   2.8263781e-03
  -6.8400000e+01   3.0869723e-03
  -6.7950000e+01   3.3613371e-03
  -6.7500000e+01   3.6498125e-03
  -6.7050000e+01   3.9527261e-03
  -6.6600000e+01   4.2703911e-03
  -6.6150000e+01   4.6031051e-03
  -6.5700000e+01   4.9511485e-03
  -6.5250000e+01   5.3147828e-03
  -6.4800000e+01   5.6942490e-03
  -6.4350000e+01   6.0897662e-03
  -6.3900000e+01   6.5015295e-03
  -6.3450000e+01   6.9297088e-03
  -6.3000000e+01   7.3744470e-03
  -6.2550000e+01   7.8358584e-03
  -6.2100000e+01   8.3140269e-03
  -6.1650000e+01   8.8090050e-03
  -6.1200000e+01   9.3208114e-03
  -6.0750000e+01   9.8494303e-03
  -6.0300000e+01   1.0394810e-02
  -5.9850000e+01   1.0956859e-02
  -5.9400000e+01   1.1535451e-02
  -5.8950000e+01   1.2130415e-02
  -5.8500000e+01   1.2741541e-02
  -5.8050000e+01   1.3368577e-02
  -5.7600000e+01   1.4011227e-02
  -5.7150000e+01   1.4669150e-02
  -5.6700000e+01   1.5341962e-02
  -5.6250000e+01   1.6029233e-02
  -5.5800000e+01   1.6730487e-02
  -5.5350000e+01   1.7445204e-02
  -5.4900000e+01   1.8172816e-02
  -5.4450000e+01   1.8912712e-02
  -5.4000000e+01   1.9664234e-02
  -5.3550000e+01   2.0426680e-02
  -5.3100000e+01   2.1199307e-02
  -5.2650000e+01   2.1981325e-02
  -5.2200000e+01   2.2771908e-02
  -5.1750000e+01   2.3570187e-02
  -5.1300000e+01   2.4375255e-02
  -5.0850000e+01   2.5186171e-02
  -5.0400000e+01   2.6001960e-02
  -4.9950000e+01   2.6821615e-02
  -4.9500000e+01   2.7644101e-02
  -4.9050000e+01   2.8468357e-02
  -4.8600000e+01   2.9293298e-02
  -4.8150000e+01   3.0117823e-02
  -4.7700000e+01   3.0940812e-02
  -4.7250000e+01   3.1761132e-02
  -4.6800000e+01   3.2577644e-02
  -4.6350000e+01   3.3389200e-02
  -4.5900000e+01   3.4194654e-02
  -4.5450000e+01   3.4992861e-02
  -4.5000000e+01   3.5782683e-02
  -4.4550000e+01   3.6562993e-02
  -4.4100000e+01   3.7332677e-02
  -4.3650000e+01   3.8090642e-02
  -4.3200000e+01   3.8835816e-02
  -4.2750000e+01   3.9567153e-02
  -4.2300000e+01   4.0283639e-02
  -4.1850000e+01   4.0984293e-02
  -4.1400000e+01   4.1668170e-02
  -4.0950000e+01   4.2334368e-02
  -4.0500000e+01   4.2982027e-02
  -4.0050000e+01   4.3610335e-02
  -3.9600000e+01   4.4218529e-02
  -3.9150000e+01   4.4805898e-02
  -3.8700000e+01   4.5371786e-02
  -3.8250000e+01   4.5915592e-02
  -3.7800000e+01   4.6436774e-02
  -3.7350000e+01   4.6934848e-02
  -3.6900000e+01   4.7409393e-02
  -3.6450000e+01   4.7860046e-02
  -3.6000000e+01   4.8286508e-02
  -3.5550000e+01   4.8688540e-02
  -3.5100000e+01   4.9065968e-02
  -3.4650000e+01   4.9418675e-02
  -3.4200000e+01   4.9746609e-02
  -3.3750000e+01   5.0049775e-02
  -3.3300000e+01   5.0328237e-02
  -3.2850000e+01   5.0582116e-02
  -3.2400000e+01   5.0811590e-02
  -3.1950000e+01   5.1016888e-02
  -3.1500000e+01   5.1198292e-02
  -3.1050000e+01   5.1356131e-02
  -3.0600000e+01   5.1490784e-02
  -3.0150000e+01   5.1602669e-02
  -2.9700000e+01   5.1692249e-02
  -2.9250000e+01   5.1760024e-02
  -2.8800000e+01   5.1806528e-02
  -2.8350000e+01   5.1832330e-02
  -2.7900000e+01   5.1838027e-02
  -2.7450000e+01   5.1824242e-02
  -2.7000000e+01   5.1791623e-02
  -2.6550000e+01   5.1740837e-02
  -2.6100000e+01   5.1672571e-02
  -2.5650000e+01   5.1587526e-02
  -2.5200000e+01   5.1486415e-02
  -2.4750000e+01   5.1369962e-02
  -2.4300000e+01   5.1238897e-02
  -2.3850000e+01   5.1093958e-02
  -2.3400000e+01   5.0935885e-02
  -2.2950000e+01   5.0765417e-02
  -2.2500000e+01   5.0583297e-02
  -2.2050000e+01   5.0390263e-02
  -2.1600000e+01   5.0187049e-02
  -2.1150000e+01   4.9974387e-02
  -2.0700000e+01   4.9753002e-02
  -2.0250000e+01   4.9523611e-02
  -1.9800000e+01   4.9286926e-02
  -1.9350000e+01   4.9043648e-02
  -1.8900000e+01   4.8794472e-02
  -1.8450000e+01   4.8540083e-02
  -1.8000000e+01   4.8281156e-02
  -1.7550000e+01   4.8018358e-02
  -1.7100000e+01   4.7752345e-02
  -1.6650000e+01   4.7483767e-02
  -1.6200000e+01   4.7213260e-02
  -1.5750000e+01   4.6941454e-02
  -1.5300000e+01   4.6668968e-02
  -1.4850000e+01   4.6396414e-02
  -1.4400000e+01   4.6124392e-02
  -1.3950000e+01   4.5853497e-02
  -1.3500000e+01   4.5584312e-02
  -1.3050000e+01   4.5317412e-02
  -1.2600000e+01   4.5053364e-02
  -1.2150000e+01   4.4792725e-02
  -1.1700000e+01   4.4536044e-02
  -1.1250000e+01   4.4283861e-02
  -1.0800000e+01   4.4036703e-02
  -1.0350000e+01   4.3795091e-02
  -9.9000000e+00   4.3559532e-02
  -9.4500000e+00   4.3330524e-02
  -9.0000000e+00   4.3108551e-02
  -8.5500000e+00   4.2894086e-02
  -8.1000000e+00   4.2687586e-02
  -7.6500000e+00   4.2489496e-02
  -7.2000000e+00   4.2300243e-02
  -6.7500000e+00   4.2120241e-02
  -6.3000000e+00   4.1949881e-02
  -5.8500000e+00   4.1789541e-02
  -5.4000000e+00   4.1639574e-02
  -4.9500000e+00   4.1500316e-02
  -4.5000000e+00   4.1372079e-02
  -4.0500000e+00   4.1255152e-02
  -3.6000000e+00   4.1149801e-02
  -3.1500000e+00   4.1056266e-02
  -2.7000000e+00   4.0974760e-02
  -2.2500000e+00   4.0905472e-02
  -1.8000000e+00   4.0848562e-02
  -1.3500000e+00   4.0804160e-02
  -9.0000000e-01   4.0772371e-02
  -4.5000000e-01   4.0753268e-02
   0.0000000e+00   4.0746895e-02
   4.5000000e-01   4.0753268e-02
   9.0000000e-01   4.0772371e-02
   1.3500000e+00   4.0804160e-02
   1.8000000e+00   4.0848562e-02
   2.2500000e+00   4.0905472e-02
   2.7000000e+00   4.0974760e-02
   3.1500000e+00   4.1056266e-02
   3.6000000e+00   4.1149801e-02
   4.0500000e+00   4.1255152e-02
   4.5000000e+00   4.1372079e-02
   4.9500000e+00   4.1500316e-02
   5.4000000e+00   4.1639574e-02
   5.8500000e+00   4.1789541e-02
   6.3000000e+00   4.1949881e-02
   6.7500000e+00   4.2120241e-02
   7.2000000e+00   4.2300243e-02
   7.6500000e+00   4.2489496e-02
   8.1000000e+00   4.2687586e-02
   8.5500000e+00   4.2894086e-02
   9.0000000e+00   4.3108551e-02
   9.4500000e+00   4.3330524e-02
   9.9000000e+00   4.3559532e-02
   1.0350000e+01   4.3795091e-02
   1.0800000e+01   4.4036703e-02
   1.1250000e+01   4.4283861e-02
   1.1700000e+01   4.4536044e-02
   1.2150000e+01   4.4792725e-02
   1.2600000e+01   4.5053364e-02
   1.3050000e+01   4.5317412e-02
   1.3500000e+01   4.5584312e-02
   1.3950000e+01   4.5853497e-02
   1.4400000e+01   4.6124392e-02
   1.4850000e+01   4.6396414e-02
   1.5300000e+01   4.6668968e-02
   1.5750000e+01   4.6941454e-02
   1.6200000e+01   4.7213260e-02
   1.6650000e+01   4.7483767e-02
   1.7100000e+01   4.7752345e-02
   1.7550000e+01   4.8018358e-02
   1.8000000e+01   4.8281156e-02
   1.8450000e+01   4.8540083e-02
   1.8900000e+01   4.8794472e-02
   1.9350000e+01   4.9043648e-02
   1.9800000e+01   4.9286926e-02
   2.0250000e+01   4.9523611e-02
   2.0700000e+01   4.9753002e-02
   2.1150000e+01   4.9974387e-02
   2.1600000e+01   5.0187049e-02
   2.2050000e+01   5.0390263e-02
   2.2500000e+01   5.0583297e-02
   2.2950000e+01   5.0765417e-02
   2.3400000e+01   5.0935885e-02
   2.3850000e+01   5.1093958e-02
   2.4300000e+01   5.1238897e-02
   2.4750000e+01   5.1369962e-02
   2.5200000e+01   5.1486415e-02
   2.5650000e+01   5.1587526e-02
   2.6100000e+01   5.1672571e-02
   2.6550000e+01   5.1740837e-02
   2.7000000e+01   5.1791623e-02
   2.7450000e+01   5.1824242e-02
   2.7900000e+01   5.1838027e-02
   2.8350000e+01   5.1832330e-02
   2.8800000e+01   5.1806528e-02
   2.9250000e+01   5.1760024e-02
   2.9700000e+01   5.1692249e-02
   3.0150000e+01   5.1602669e-02
   3.0600000e+01   5.1490784e-02
   3.1050000e+01   5.1356131e-02
   3.1500000e+01   5.1198292e-02
   3.1950000e+01   5.1016888e-02
   3.2400000e+01   5.0811590e-02
   3.2850000e+01   5.0582116e-02
   3.3300000e+01   5.0328237e-02
   3.3750000e+01   5.0049775e-02
   3.4200000e+01   4.9746609e-02
   3.4650000e+01   4.9418675e-02
   3.5100000e+01   4.9065968e-02
   3.5550000e+01   4.8688540e-02
   3.6000000e+01   4.8286508e-02
   3.6450000e+01   4.7860046e-02
   3.6900000e+01   4.7409393e-02
   3.7350000e+01   4.6934848e-02
   3.7800000e+01   4.6436774e-02
   3.8250000e+01   4.5915592e-02
   3.8700000e+01   4.5371786e-02
   3.9150000e+01   4.4805898e-02
   3.9600000e+01   4.4218529e-02
   4.0050000e+01   4.3610335e-02
   4.0500000e+01   4.2982027e-02
   4.0950000e+01   4.2334368e-02
   4.1400000e+01   4.1668170e-02
   4.1850000e+01   4.0984293e-02
   4.2300000e+01   4.0283639e-02
   4.2750000e+01   3.9567153e-02
   4.3200000e+01   3.8835816e-02
   4.3650000e+01   3.8090642e-02
   4.4100000e+01   3.7332677e-02
   4.4550000e+01   3.6562993e-02
   4.5000000e+01   3.5782683e-02
   4.5450000e+01   3.4992861e-02
   4.5900000e+01   3.4194654e-02
   4.6350000e+01   3.3389200e-02
   4.6800000e+01   3.2577644e-02
   4.7250000e+01   3.1761132e-02
   4.7700000e+01   3.0940812e-02
   4.8150000e+01   3.0117823e-02
   4.8600000e+01   2.9293298e-02
   4.9050000e+01   2.8468357e-02
   4.9500000e+01   2.7644101e-02
   4.9950000e+01   2.6821615e-02
   5.0400000e+01   2.6001960e-02
   5.0850000e+01   2.5186171e-02
   5.1300000e+01   2.4375255e-02
   5.1750000e+01   2.3570187e-02
   5.2200000e+01   2.2771908e-02
   5.2650000e+01   2.1981325e-02
   5.3100000e+01   2.1199307e-02
   5.3550000e+01   2.0426680e-02
   5.4000000e+01   1.9664234e-02
   5.4450000e+01   1.8912712e-02
   5.4900000e+01   1.8172816e-02
   5.5350000e+01   1.7445204e-02
   5.5800000e+01   1.6730487e-02
   5.6250000e+01   1.6029233e-02
   5.6700000e+01   1.5341962e-02
   5.7150000e+01   1.4669150e-02
   5.7600000e+01   1.4011227e-02
   5.8050000e+01   1.3368577e-02
   5.8500000e+01   1.2741541e-02
   5.8950000e+01   1.2130415e-02
   5.9400000e+01   1.1535451e-02
   5.9850000e+01   1.0956859e-02
   6.0300000e+01   1.0394810e-02
   6.0750000e+01   9.8494303e-03
   6.1200000e+01   9.3208114e-03
   6.1650000e+01   8.8090050e-03
   6.2100000e+01   8.3140269e-03
   6.2550000e+01   7.8358584e-03
   6.3000000e+01   7.3744470e-03
   6.3450000e+01   6.9297088e-03
   6.3900000e+01   6.5015295e-03
   6.4350000e+01   6.0897662e-03
   6.4800000e+01   5.6942490e-03
   6.5250000e+01   5.3147828e-03
   6.5700000e+01   4.9511485e-03
   6.6150000e+01   4.6031051e-03
   6.6600000e+01   4.2703911e-03
   6.7050000e+01   3.9527261e-03
   6.7500000e+01   3.6498125e-03
   6.7950000e+01   3.3613371e-03
   6.8400000e+01   3.0869723e-03
   6.8850000e+01   2.8263781e-03
   6.9300000e+01   2.5792032e-03
   6.9750000e+01   2.3450868e-03
   7.0200000e+01   2.1236596e-03
   7.0650000e+01   1.9145455e-03
   7.1100000e+01   1.7173626e-03
   7.1550000e+01   1.5317249e-03
   7.2000000e+01   1.3572431e-03
   7.2450000e+01   1.1935259e-03
   7.2900000e+01   1.0401814e-03
   7.3350000e+01   8.9681759e-04
   7.3800000e+01   7.6304396e-04
   7.4250000e+01   6.3847206e-04
   7.4700000e+01   5.2271656e-04
   7.5150000e+01   4.1539606e-04
   7.5600000e+01   3.1613386e-04
   7.6050000e+01   2.2455874e-04
   7.6500000e+01   1.4030557e-04
   7.6950000e+01   6.3015984e-05
   7.7400000e+01  -7.6610895e-06
   7.7850000e+01  -7.2068903e-05
   7.8300000e+01  -1.3054244e-04
   7.8750000e+01  -1.8340800e-04
   7.9200000e+01  -2.3098288e-04
   7.9650000e+01  -2.7357502e-04
   8.0100000e+01  -3.1148280e-04
   8.0550000e+01  -3.4499477e-04
   8.1000000e+01  -3.7438958e-04
   8.1450000e+01  -3.9993574e-04
   8.1900000e+01  -4.2189166e-04
   8.2350000e+01  -4.4050550e-04
   8.2800000e+01  -4.5601526e-04
   8.3250000e+01  -4.6864872e-04
   8.3700000e+01  -4.7862358e-04
   8.4150000e+01  -4.8614750e-04
   8.4600000e+01  -4.9141823e-04
   8.5050000e+01  -4.9462378e-04
   8.5500000e+01  -4.9594254e-04
   8.5950000e+01  -4.9554350e-04
   8.6400000e+01  -4.9358647e-04
   8.6850000e+01  -4.9022226e-04
   8.7300000e+01  -4.8559296e-04
   8.7750000e+01  -4.7983215e-04
   8.8200000e+01  -4.7306521e-04
   8.8650000e+01  -4.6540955e-04
   8.9100000e+01  -4.5697491e-04
   8.9550000e+01  -4.4786364e-04
   9.0000000e+01  -4.3817098e-04
