  -9.0000000e+01  -2.3370128e-06
  -8.9550000e+01  -2.6129099e-06
  -8.9100000e+01  -2.9099647e-06
  -8.8650000e+01  -3.2270285e-06
  -8.8200000e+01  -3.5620227e-06
  -8.7750000e+01  -3.9116963e-06
  -8.7300000e+01  -4.2713390e-06
  -8.6850000e+01  -4.6344446e-06
  -8.6400000e+01  -4.9923171e-06
  -8.5950000e+01  -5.3336146e-06
  -8.5500000e+01  -5.6438218e-06
  -8.5050000e+01  -5.9046463e-06
  -8.4600000e+01  -6.0933288e-06
  -8.4150000e+01  -6.1818608e-06
  -8.3700000e+01  -6.1361016e-06
  -8.3250000e+01  -5.9147872e-06
  -8.2800000e+01  -5.4684234e-06
  -8.2350000e+01  -4.7380558e-06
  -8.1900000e+01  -3.6539112e-06
  -8.1450000e+01  -2.1339032e-06
  -8.1000000e+01  -8.1998464e-08
  -8.0550000e+01   2.6135606e-06
  -8.0100000e+01   6.0821788e-06
  -7.9650000e+01   1.0472977e-05
  -7.9200000e+01   1.5957007e-05
  -7.8750000e+01   2.2729605e-05
  -7.8300000e+01   3.1012877e-05
  -7.7850000e+01   4.1058317e-05
  -7.7400000e+01   5.3149530e-05
  -7.6950000e+01   6.7605045e-05
  -7.6500000e+01   8.4781213e-05
  -7.6050000e+01   1.0507514e-04
  -7.5600000e+01   1.2892763e-04
  -7.5150000e+01   1.5682613e-04
  -7.4700000e+01   1.8930756e-04
  -7.4250000e+01   2.2696107e-04
  -7.3800000e+01   2.7043056e-04
  -7.3350000e+01   3.2041701e-04
  -7.2900000e+01   3.7768048e-04
  -7.2450000e+01   4.4304164e-04
  -7.2000000e+01   5.1738289e-04
  -7.1550000e+01   6.0164889e-04
  -7.1100000e+01   6.9684637e-04
  -7.0650000e+01   8.0404324e-04
  -7.0200000e+01   9.2436681e-04
  -6.9750000e+01   1.0590011e-03
  -6.9300000e+01   1.2091829e-03
  -6.8850000e+01   1.3761975e-03
  -6.8400000e+01   1.5613721e-03
  -6.7950000e+01   1.7660690e-03
  -6.7500000e+01   1.9916776e-03
  -6.7050000e+01   2.2396044e-03
  -6.6600000e+01   2.5112631e-03
  -6.6150000e+01   2.8080626e-03
  -6.5700000e+01   3.1313948e-03
  -6.5250000e+01   3.4826210e-03
  -6.4800000e+01   3.8630583e-03
  -6.4350000e+01   4.2739650e-03
  -6.3900000e+01   4.7165260e-03
  -6.3450000e+01   5.1918381e-03
  -6.3000000e+01   5.7008955e-03
  -6.2550000e+01   6.2445757e-03
  -6.2100000e+01   6.8236261e-03
  -6.1650000e+01   7.4386518e-03
  -6.1200000e+01   8.0901044e-03
  -6.0750000e+01   8.7782721e-03
  -6.0300000e+01   9.5032718e-03
  -5.9850000e+01   1.0265043e-02
  -5.9400000e+01   1.1063343e-02
  -5.8950000e+01   1.1897747e-02
  -5.8500000e+01   1.2767644e-02
  -5.8050000e+01   1.3672247e-02
  -5.7600000e+01   1.4610589e-02
  -5.7150000e+01   1.5581537e-02
  -5.6700000e+01   1.6583801e-02
  -5.6250000e+01   1.7615942e-02
  -5.5800000e+01   1.8676390e-02
  -5.5350000e+01   1.9763458e-02
  -5.4900000e+01   2.0875356e-02
  -5.4450000e+01   2.2010216e-02
  -5.4000000e+01   2.3166104e-02
  -5.3550000e+01   2.4341045e-02
  -5.3100000e+01   2.5533038e-02
  -5.2650000e+01   2.6740080e-02
  -5.2200000e+01   2.7960180e-02
  -5.1750000e+01   2.9191379e-02
  -5.1300000e+01   3.0431766e-02
  -5.0850000e+01   3.1679489e-02
  -5.0400000e+01   3.2932772e-02
  -4.9950000e+01   3.4189917e-02
  -4.9500000e+01   3.5449319e-02
  -4.9050000e+01   3.6709459e-02
  -4.8600000e+01   3.7968914e-02
  -4.8150000e+01   3.9226347e-02
  -4.7700000e+01   4.0480503e-02
  -4.7250000e+01   4.1730201e-02
  -4.6800000e+01   4.2974319e-02
  -4.6350000e+01   4.4211780e-02
  -4.5900000e+01   4.5441536e-02
  -4.5450000e+01   4.6662548e-02
  -4.5000000e+01   4.7873763e-02
  -4.4550000e+01   4.9074097e-02
  -4.4100000e+01   5.0262409e-02
  -4.3650000e+01   5.1437481e-02
  -4.3200000e+01   5.2597999e-02
  -4.2750000e+01   5.3742529e-02
  -4.2300000e+01   5.4869506e-02
  -4.1850000e+01   5.5977216e-02
  -4.1400000e+01   5.7063785e-02
  -4.0950000e+01   5.8127174e-02
  -4.0500000e+01   5.9165174e-02
  -4.0050000e+01   6.0175406e-02
  -3.9600000e+01   6.1155331e-02
  -3.9150000e+01   6.2102256e-02
  -3.8700000e+01   6.3013352e-02
  -3.8250000e+01   6.3885672e-02
  -3.7800000e+01   6.4716173e-02
  -3.7350000e+01   6.5501747e-02
  -3.6900000e+01   6.6239245e-02
  -3.6450000e+01   6.6925517e-02
  -3.6000000e+01   6.7557440e-02
  -3.5550000e+01   6.8131959e-02
  -3.5100000e+01   6.8646119e-02
  -3.4650000e+01   6.9097101e-02
  -3.4200000e+01   6.9482261e-02
  -3.3750000e+01   6.9799158e-02
  -3.3300000e+01   7.0045587e-02
  -3.2850000e+01   7.0219604e-02
  -3.2400000e+01   7.0319556e-02
  -3.1950000e+01   7.0344094e-02
  -3.1500000e+01   7.0292194e-02
  -3.1050000e+01   7.0163170e-02
  -3.0600000e+01   6.9956677e-02
  -3.0150000e+01   6.9672722e-02
  -2.9700000e+01   6.9311659e-02
  -2.9250000e+01   6.8874191e-02
  -2.8800000e+01   6.8361358e-02
  -2.8350000e+01   6.7774532e-02
  -2.7900000e+01   6.7115402e-02
  -2.7450000e+01   6.6385965e-02
  -2.7000000e+01   6.5588507e-02
  -2.6550000e+01   6.4725588e-02
  -2.6100000e+01   6.3800024e-02
  -2.5650000e+01   6.2814870e-02
  -2.5200000e+01   6.1773402e-02
  -2.4750000e+01   6.0679097e-02
  -2.4300000e+01   5.9535619e-02
  -2.3850000e+01   5.8346793e-02
  -2.3400000e+01   5.7116594e-02
  -2.2950000e+01   5.5849124e-02
  -2.2500000e+01   5.4548593e-02
  -2.2050000e+01   5.3219304e-02
  -2.1600000e+01   5.1865627e-02
  -2.1150000e+01   5.0491983e-02
  -2.0700000e+01   4.9102822e-02
  -2.0250000e+01   4.7702600e-02
  -1.9800000e+01   4.6295759e-02
  -1.9350000e+01   4.4886700e-02
  -1.8900000e+01   4.3479763e-02
  -1.8450000e+01   4.2079199e-02
  -1.8000000e+01   4.0689149e-02
  -1.7550000e+01   3.9313616e-02
  -1.7100000e+01   3.7956443e-02
  -1.6650000e+01   3.6621289e-02
  -1.6200000e+01   3.5311609e-02
  -1.5750000e+01   3.4030627e-02
  -1.5300000e+01   3.2781324e-02
  -1.4850000e+01   3.1566420e-02
  -1.4400000e+01   3.0388355e-02
  -1.3950000e+01   2.9249288e-02
  -1.3500000e+01   2.8151078e-02
  -1.3050000e+01   2.7095290e-02
  -1.2600000e+01   2.6083187e-02
  -1.2150000e+01   2.5115739e-02
  -1.1700000e+01   2.4193623e-02
  -1.1250000e+01   2.3317238e-02
  -1.0800000e+01   2.2486717e-02
  -1.0350000e+01   2.1701941e-02
  -9.9000000e+00   2.0962558e-02
  -9.4500000e+00   2.0268007e-02
  -9.0000000e+00   1.9617536e-02
  -8.5500000e+00   1.9010227e-02
  -8.1000000e+00   1.8445024e-02
  -7.6500000e+00   1.7920754e-02
  -7.2000000e+00   1.7436156e-02
  -6.7500000e+00   1.6989904e-02
  -6.3000000e+00   1.6580629e-02
  -5.8500000e+00   1.6206950e-02
  -5.4000000e+00   1.5867485e-02
  -4.9500000e+00   1.5560883e-02
  -4.5000000e+00   1.5285832e-02
  -4.0500000e+00   1.5041087e-02
  -3.6000000e+00   1.4825474e-02
  -3.1500000e+00   1.4637913e-02
  -2.7000000e+00   1.4477425e-02
  -2.2500000e+00   1.4343141e-02
  -1.8000000e+00   1.4234315e-02
  -1.3500000e+00   1.4150325e-02
  -9.0000000e-01   1.4090685e-02
  -4.5000000e-01   1.4055042e-02
   0.0000000e+00   1.4043184e-02
   4.5000000e-01   1.4055042e-02
   9.0000000e-01   1.4090685e-02
   1.3500000e+00   1.4150325e-02
   1.8000000e+00   1.4234315e-02
   2.2500000e+00   1.4343141e-02
   2.7000000e+00   1.4477425e-02
   3.1500000e+00   1.4637913e-02
   3.6000000e+00   1.4825474e-02
   4.0500000e+00   1.5041087e-02
   4.5000000e+00   1.5285832e-02
   4.9500000e+00   1.5560883e-02
   5.4000000e+00   1.5867485e-02
   5.8500000e+00   1.6206950e-02
   6.3000000e+00   1.6580629e-02
   6.7500000e+00   1.6989904e-02
   7.2000000e+00   1.7436156e-02
   7.6500000e+00   1.7920754e-02
   8.1000000e+00   1.8445024e-02
   8.5500000e+00   1.9010227e-02
   9.0000000e+00   1.9617536e-02
   9.4500000e+00   2.0268007e-02
   9.9000000e+00   2.0962558e-02
   1.0350000e+01   2.1701941e-02
   1.0800000e+01   2.2486717e-02
   1.1250000e+01   2.3317238e-02
   1.1700000e+01   2.4193623e-02
   1.2150000e+01   2.5115739e-02
   1.2600000e+01   2.6083187e-02
   1.3050000e+01   2.7095290e-02
   1.3500000e+01   2.8151078e-02
   1.3950000e+01   2.9249288e-02
   1.4400000e+01   3.0388355e-02
   1.4850000e+01   3.1566420e-02
   1.5300000e+01   3.2781324e-02
   1.5750000e+01   3.4030627e-02
   1.6200000e+01   3.5311609e-02
   1.6650000e+01   3.6621289e-02
   1.7100000e+01   3.7956443e-02
   1.7550000e+01   3.9313616e-02
   1.8000000e+01   4.0689149e-02
   1.8450000e+01   4.2079199e-02
   1.8900000e+01   4.3479763e-02
   1.9350000e+01   4.4886700e-02
   1.9800000e+01   4.6295759e-02
   2.0250000e+01   4.7702600e-02
   2.0700000e+01   4.9102822e-02
   2.1150000e+01   5.0491983e-02
   2.1600000e+01   5.1865627e-02
   2.2050000e+01   5.3219304e-02
   2.2500000e+01   5.4548593e-02
   2.2950000e+01   5.5849124e-02
   2.3400000e+01   5.7116594e-02
   2.3850000e+01   5.8346793e-02
   2.4300000e+01   5.9535619e-02
   2.4750000e+01   6.0679097e-02
   2.5200000e+01   6.1773402e-02
   2.5650000e+01   6.2814870e-02
   2.6100000e+01   6.3800024e-02
   2.6550000e+01   6.4725588e-02
   2.7000000e+01   6.5588507e-02
   2.7450000e+01   6.6385965e-02
   2.7900000e+01   6.7115402e-02
   2.8350000e+01   6.7774532e-02
   2.8800000e+01   6.8361358e-02
   2.9250000e+01   6.8874191e-02
   2.9700000e+01   6.9311659e-02
   3.0150000e+01   6.9672722e-02
   3.0600000e+01   6.9956677e-02
   3.1050000e+01   7.0163170e-02
   3.1500000e+01   7.0292194e-02
   3.1950000e+01   7.0344094e-02
   3.2400000e+01   7.0319556e-02
   3.2850000e+01   7.0219604e-02
   3.3300000e+01   7.0045587e-02
   3.3750000e+01   6.9799158e-02
   3.4200000e+01   6.9482261e-02
   3.4650000e+01   6.9097101e-02
   3.5100000e+01   6.8646119e-02
   3.5550000e+01   6.8131959e-02
   3.6000000e+01   6.7557440e-02
   3.6450000e+01   6.6925517e-02
   3.6900000e+01   6.6239245e-02
   3.7350000e+01   6.5501747e-02
   3.7800000e+01   6.4716173e-02
   3.8250000e+01   6.3885672e-02
   3.8700000e+01   6.3013352e-02
   3.9150000e+01   6.2102256e-02
   3.9600000e+01   6.1155331e-02
   4.0050000e+01   6.0175406e-02
   4.0500000e+01   5.9165174e-02
   4.0950000e+01   5.8127174e-02
   4.1400000e+01   5.7063785e-02
   4.1850000e+01   5.5977216e-02
   4.2300000e+01   5.4869506e-02
   4.2750000e+01   5.3742529e-02
   4.3200000e+01   5.2597999e-02
   4.3650000e+01   5.1437481e-02
   4.4100000e+01   5.0262409e-02
   4.4550000e+01   4.9074097e-02
   4.5000000e+01   4.7873763e-02
   4.5450000e+01   4.6662548e-02
   4.5900000e+01   4.5441536e-02
   4.6350000e+01   4.4211780e-02
   4.6800000e+01   4.2974319e-02
   4.7250000e+01   4.1730201e-02
   4.7700000e+01   4.0480503e-02
   4.8150000e+01   3.9226347e-02
   4.8600000e+01   3.7968914e-02
   4.9050000e+01   3.6709459e-02
   4.9500000e+01   3.5449319e-02
   4.9950000e+01   3.4189917e-02
   5.0400000e+01   3.2932772e-02
   5.0850000e+01   3.1679489e-02
   5.1300000e+01   3.0431766e-02
   5.1750000e+01   2.9191379e-02
   5.2200000e+01   2.7960180e-02
   5.2650000e+01   2.6740080e-02
   5.3100000e+01   2.5533038e-02
   5.3550000e+01   2.4341045e-02
   5.4000000e+01   2.3166104e-02
   5.4450000e+01   2.2010216e-02
   5.4900000e+01   2.0875356e-02
   5.5350000e+01   1.9763458e-02
   5.5800000e+01   1.8676390e-02
   5.6250000e+01   1.7615942e-02
   5.6700000e+01   1.6583801e-02
   5.7150000e+01   1.5581537e-02
   5.7600000e+01   1.4610589e-02
   5.8050000e+01   1.3672247e-02
   5.8500000e+01   1.2767644e-02
   5.8950000e+01   1.1897747e-02
   5.9400000e+01   1.1063343e-02
   5.9850000e+01   1.0265043e-02
   6.0300000e+01   9.5032718e-03
   6.0750000e+01   8.7782721e-03
   6.1200000e+01   8.0901044e-03
   6.1650000e+01   7.4386518e-03
   6.2100000e+01   6.8236261e-03
   6.2550000e+01   6.2445757e-03
   6.3000000e+01   5.7008955e-03
   6.3450000e+01   5.1918381e-03
   6.3900000e+01   4.7165260e-03
   6.4350000e+01   4.2739650e-03
   6.4800000e+01   3.8630583e-03
   6.5250000e+01   3.4826210e-03
   6.5700000e+01   3.1313948e-03
   6.6150000e+01   2.8080626e-03
   6.6600000e+01   2.5112631e-03
   6.7050000e+01   2.2396044e-03
   6.7500000e+01   1.9916776e-03
   6.7950000e+01   1.7660690e-03
   6.8400000e+01   1.5613721e-03
   6.8850000e+01   1.3761975e-03
   6.9300000e+01   1.2091829e-03
   6.9750000e+01   1.0590011e-03
   7.0200000e+01   9.2436681e-04
   7.0650000e+01   8.0404324e-04
   7.1100000e+01   6.9684637e-04
   7.1550000e+01   6.0164889e-04
   7.2000000e+01   5.1738289e-04
   7.2450000e+01   4.4304164e-04
   7.2900000e+01   3.7768048e-04
   7.3350000e+01   3.2041701e-04
   7.3800000e+01   2.7043056e-04
   7.4250000e+01   2.2696107e-04
   7.4700000e+01   1.8930756e-04
   7.5150000e+01   1.5682613e-04
   7.5600000e+01   1.2892763e-04
   7.6050000e+01   1.0507514e-04
   7.6500000e+01   8.4781213e-05
   7.6950000e+01   6.7605045e-05
   7.7400000e+01   5.3149530e-05
   7.7850000e+01   4.1058317e-05
   7.8300000e+01   3.1012877e-05
   7.8750000e+01   2.2729605e-05
   7.9200000e+01   1.5957007e-05
   7.9650000e+01   1.0472977e-05
   8.0100000e+01   6.0821788e-06
   8.0550000e+01   2.6135606e-06
   8.1000000e+01  -8.1998464e-08
   8.1450000e+01  -2.1339032e-06
   8.1900000e+01  -3.6539112e-06
   8.2350000e+01  -4.7380558e-06
   8.2800000e+01  -5.4684234e-06
   8.3250000e+01  -5.9147872e-06
   8.3700000e+01  -6.1361016e-06
   8.4150000e+01  -6.1818608e-06
   8.4600000e+01  -6.0933288e-06
   8.5050000e+01  -5.9046463e-06
   8.5500000e+01  -5.6438218e-06
   8.5950000e+01  -5.3336146e-06
   8.6400000e+01  -4.9923171e-06
   8.6850000e+01  -4.6344446e-06
   8.7300000e+01  -4.2713390e-06
   8.7750000e+01  -3.9116963e-06
   8.8200000e+01  -3.5620227e-06
   8.8650000e+01  -3.2270285e-06
   8.9100000e+01  -2.9099647e-06
   8.9550000e+01  -2.6129099e-06
   9.0000000e+01  -2.3370128e-06
