  -9.0000000e+01   0.0000000e+00 -2.0872589e-206  -2.6120644e-72  -3.0378159e-26  -1.9280215e-10  -2.9665543e-05  -3.1329175e-03  -1.4085126e-02  -3.6103500e-03   1.4671802e-02   2.3050456e-02
  -8.9550000e+01   0.0000000e+00 -9.2575055e-203  -3.2343105e-71  -6.8983297e-26  -2.4241908e-10  -3.0985807e-05  -3.1316288e-03  -1.3796051e-02  -3.2589360e-03   1.4828393e-02   2.3107107e-02
  -8.9100000e+01   0.0000000e+00 -3.8002366e-199  -3.8880498e-70  -1.5551241e-25  -3.0374493e-10  -3.2316458e-05  -3.1280056e-03  -1.3503867e-02  -2.9084955e-03   1.4984230e-02   2.3163475e-02
  -8.8650000e+01   0.0000000e+00 -1.3450380e-195  -4.5146354e-69  -3.4775263e-25  -3.7917604e-10  -3.3651280e-05  -3.1219516e-03  -1.3208595e-02  -2.5590404e-03   1.5139313e-02   2.3219560e-02
  -8.8200000e+01   0.0000000e+00 -3.5445335e-192  -5.0207657e-68  -7.7061869e-25  -4.7146807e-10  -3.4983181e-05  -3.1133686e-03  -1.2910254e-02  -2.2105825e-03   1.5293642e-02   2.3275362e-02
  -8.7750000e+01   0.0000000e+00 -4.6631765e-189  -5.2725143e-67  -1.6903064e-24  -5.8373842e-10  -3.6304118e-05  -3.1021567e-03  -1.2608868e-02  -1.8631337e-03   1.5447217e-02   2.3330882e-02
  -8.7300000e+01   0.0000000e+00  8.3573130e-186  -5.0975592e-66  -3.6645883e-24  -7.1944189e-10  -3.7605008e-05  -3.0882143e-03  -1.2304457e-02  -1.5167058e-03   1.5600036e-02   2.3386119e-02
  -8.6850000e+01   0.0000000e+00  7.0440656e-182  -4.3048699e-65  -7.8385376e-24  -8.8230550e-10  -3.8875648e-05  -3.0714386e-03  -1.1997047e-02  -1.1713107e-03   1.5752099e-02   2.3441073e-02
  -8.6400000e+01   0.0000000e+00  2.5654399e-178  -2.7336929e-64  -1.6503657e-23  -1.0762035e-09  -4.0104618e-05  -3.0517248e-03  -1.1686660e-02  -8.2696004e-04   1.5903406e-02   2.3495744e-02
  -8.5950000e+01   0.0000000e+00  6.9310734e-175  -3.3942794e-64  -3.4095664e-23  -1.3049465e-09  -4.1279186e-05  -3.0289668e-03  -1.1373321e-02  -4.8366548e-04   1.6053956e-02   2.3550132e-02
  -8.5500000e+01   0.0000000e+00  1.4043520e-171   2.7013345e-62  -6.8815005e-23  -1.5719508e-09  -4.2385206e-05  -3.0030573e-03  -1.1057057e-02  -1.4143865e-04   1.6203748e-02   2.3604237e-02
  -8.5050000e+01   0.0000000e+00  1.1527065e-168   5.9581409e-61  -1.3480398e-22  -1.8797419e-09  -4.3407004e-05  -2.9738874e-03  -1.0737893e-02   1.9970886e-04   1.6352784e-02   2.3658059e-02
  -8.4600000e+01   0.0000000e+00 -8.4571014e-165   9.0331696e-60  -2.5365681e-22  -2.2292345e-09  -4.4327269e-05  -2.9413469e-03  -1.0415856e-02   5.3976552e-04   1.6501060e-02   2.3711598e-02
  -8.4150000e+01   0.0000000e+00 -6.7456950e-161   1.2623499e-58  -4.5015468e-22  -2.6187112e-09  -4.5126929e-05  -2.9053246e-03  -1.0090974e-02   8.7871986e-04   1.6648579e-02   2.3764855e-02
  -8.3700000e+01   0.0000000e+00 -3.2527043e-157   2.0781336e-57  -7.2568951e-22  -3.0424032e-09  -4.5785023e-05  -2.8657081e-03  -9.7632757e-03   1.2165605e-03   1.6795338e-02   2.3817828e-02
  -8.3250000e+01   0.0000000e+00 -1.1235322e-153   4.3678727e-56  -9.6162866e-22  -3.4885479e-09  -4.6278568e-05  -2.8223838e-03  -9.4327906e-03   1.5532759e-03   1.6941337e-02   2.3870518e-02
  -8.2800000e+01   0.0000000e+00 -1.9012210e-150   9.7395221e-55  -6.2374352e-22  -3.9367660e-09  -4.6582417e-05  -2.7752374e-03  -9.0995486e-03   1.8888550e-03   1.7086576e-02   2.3922926e-02
  -8.2350000e+01   0.0000000e+00  2.4717238e-147   1.9588553e-53   2.0645532e-21  -4.3545606e-09  -4.6669114e-05  -2.7241535e-03  -8.7635804e-03   2.2232863e-03   1.7231055e-02   2.3975050e-02
  -8.1900000e+01   0.0000000e+00  1.1752581e-143   3.3725069e-52   1.2308002e-20  -4.6926937e-09  -4.6508734e-05  -2.6690161e-03  -8.4249176e-03   2.5565587e-03   1.7374773e-02   2.4026891e-02
  -8.1450000e+01   0.0000000e+00  1.7869838e-140   4.9718937e-51   4.4291980e-20  -4.8791326e-09  -4.6068723e-05  -2.6097085e-03  -8.0835925e-03   2.8886611e-03   1.7517729e-02   2.4078449e-02
  -8.1000000e+01   0.0000000e+00  1.9075586e-137   6.3790495e-50   1.3486289e-19  -4.8111942e-09  -4.5313725e-05  -2.5461133e-03  -7.7396381e-03   3.2195822e-03   1.7659923e-02   2.4129724e-02
  -8.0550000e+01   0.0000000e+00  1.5454263e-134   7.2484866e-49   3.7641291e-19  -4.3454289e-09  -4.4205409e-05  -2.4781128e-03  -7.3930882e-03   3.5493112e-03   1.7801356e-02   2.4180716e-02
  -8.0100000e+01   0.0000000e+00  6.3263860e-132   7.4097785e-48   9.9430378e-19  -3.2846847e-09  -4.2702274e-05  -2.4055888e-03  -7.0439772e-03   3.8778369e-03   1.7942025e-02   2.4231425e-02
  -7.9650000e+01   0.0000000e+00 -9.8268775e-129   6.9642879e-47   2.5258918e-18  -1.3616837e-09  -4.0759461e-05  -2.3284232e-03  -6.6923403e-03   4.2051484e-03   1.8081931e-02   2.4281851e-02
  -7.9200000e+01   0.0000000e+00 -3.4621744e-125   6.3398939e-46   6.2278617e-18   1.7817005e-09  -3.8328545e-05  -2.2464973e-03  -6.3382134e-03   4.5312349e-03   1.8221073e-02   2.4331993e-02
  -7.8750000e+01   0.0000000e+00 -6.6864567e-122   6.2494950e-45   1.4989473e-17   6.6204253e-09  -3.5357322e-05  -2.1596928e-03  -5.9816332e-03   4.8560855e-03   1.8359451e-02   2.4381852e-02
  -7.8300000e+01   0.0000000e+00 -9.3248154e-119   7.4324908e-44   3.5352166e-17   1.3778665e-08  -3.1789589e-05  -2.0678914e-03  -5.6226369e-03   5.1796895e-03   1.8497065e-02   2.4431429e-02
  -7.7850000e+01   0.0000000e+00 -7.0165791e-116   1.0133283e-42   8.1918151e-17   2.4069951e-08  -2.7564913e-05  -1.9709752e-03  -5.2612628e-03   5.5020361e-03   1.8633914e-02   2.4480722e-02
  -7.7400000e+01   0.0000000e+00  2.2443701e-113   1.3637154e-41   1.8685467e-16   3.8546635e-08  -2.2618387e-05  -1.8688264e-03  -4.8975494e-03   5.8231148e-03   1.8769997e-02   2.4529731e-02
  -7.6950000e+01  1.5000686e-313  5.7313170e-110   1.6491067e-40   4.2013726e-16   5.8560533e-08  -1.6880385e-05  -1.7613283e-03  -4.5315362e-03   6.1429148e-03   1.8905315e-02   2.4578458e-02
  -7.6500000e+01  6.9275464e-305  3.4872851e-107   1.7454760e-39   9.3215848e-16   8.5836860e-08  -1.0276294e-05  -1.6483643e-03  -4.1632633e-03   6.4614258e-03   1.9039866e-02   2.4626901e-02
  -7.6050000e+01  9.8607100e-297  1.4551784e-104   1.6258675e-38   2.0423716e-15   1.2256390e-07  -2.7262509e-06  -1.5298192e-03  -3.7927715e-03   6.7786371e-03   1.9173651e-02   2.4675061e-02
  -7.5600000e+01  2.8322145e-289  4.6793504e-102   1.3523708e-37   4.4215864e-15   1.7150120e-07   5.8551417e-06  -1.4055783e-03  -3.4201023e-03   7.0945385e-03   1.9306668e-02   2.4722938e-02
  -7.5150000e+01  3.6401177e-282  8.7790668e-100   1.0208055e-36   9.4625735e-15   2.3610947e-07   1.5559105e-05  -1.2755285e-03  -3.0452979e-03   7.4091195e-03   1.9438919e-02   2.4770531e-02
  -7.4700000e+01 -3.2868685e-274  -2.9113241e-97   7.1473636e-36   2.0024905e-14   3.2070557e-07   2.6482986e-05  -1.1395578e-03  -2.6684009e-03   7.7223699e-03   1.9570401e-02   2.4817841e-02
  -7.4250000e+01 -7.0177804e-266  -4.8516601e-94   4.8526837e-35   4.1914865e-14   4.3064680e-07   3.8730566e-05  -9.9755561e-04  -2.2894548e-03   8.0342794e-03   1.9701115e-02   2.4864868e-02
  -7.3800000e+01 -5.1272306e-258  -3.7806083e-91   3.4786014e-34   8.6792262e-14   5.7254836e-07   5.2412384e-05  -8.4941314e-04  -1.9085038e-03   8.3448379e-03   1.9831060e-02   2.4911612e-02
  -7.3350000e+01 -9.1948411e-251  -2.1326181e-88   2.8694861e-33   1.7781459e-13   7.5453912e-07   6.7646066e-05  -6.9502332e-04  -1.5255925e-03   8.6540352e-03   1.9960236e-02   2.4958072e-02
  -7.2900000e+01 -8.2510719e-244  -7.0369503e-86   2.6666945e-32   3.6047035e-13   9.8656024e-07   8.4556666e-05  -5.3428107e-04  -1.1407663e-03   8.9618614e-03   2.0088643e-02   2.5004248e-02
  -7.2450000e+01  1.7434247e-237   4.5957277e-84   2.4909041e-31   7.2313296e-13   1.2807123e-06   1.0327702e-04  -3.6708346e-04  -7.5407119e-04   9.2683064e-03   2.0216280e-02   2.5050142e-02
  -7.2000000e+01  3.4164812e-229   7.7789704e-81   2.1360135e-30   1.4356060e-12   1.6516558e-06   1.2394808e-04  -1.9332986e-04  -3.6555365e-04   9.5733604e-03   2.0343146e-02   2.5095752e-02
  -7.1550000e+01  1.0607551e-221   1.8880158e-78   1.6258988e-29   2.8205694e-12   2.1170715e-06   1.4671934e-04  -1.2922122e-05   2.4739093e-05   9.8770134e-03   2.0469242e-02   2.5141078e-02
  -7.1100000e+01  8.5932698e-215   3.0653402e-76   1.0990142e-28   5.4844643e-12   2.6981844e-06   1.7174913e-04   1.7423522e-04   4.1675928e-04   1.0179256e-02   2.0594567e-02   2.5186121e-02
  -7.0650000e+01  1.3830519e-208   3.8910632e-74   6.6828492e-28   1.0554452e-11   3.4203582e-06   1.9920507e-04   3.6823483e-04   8.1045857e-04   1.0480078e-02   2.0719120e-02   2.5230881e-02
  -7.0200000e+01  1.2235620e-202   3.1947560e-72   3.7157665e-27   2.0102348e-11   4.3137635e-06   2.2926440e-04   5.6916634e-04   1.2057880e-03   1.0779470e-02   2.0842901e-02   2.5275357e-02
  -6.9750000e+01 -3.7917508e-196  -1.9927199e-70   1.9299052e-26   3.7894014e-11   5.4141231e-06   2.6211441e-04   7.7711621e-04   1.6026982e-03   1.1077422e-02   2.0965911e-02   2.5319550e-02
  -6.9300000e+01 -6.4992464e-189  -1.8356769e-67   9.7217041e-26   7.0698132e-11   6.7635390e-06   2.9795283e-04   9.9216753e-04   2.0011390e-03   1.1373925e-02   2.1088148e-02   2.5363459e-02
  -6.8850000e+01 -7.3830835e-182  -5.8316705e-65   5.0707629e-25   1.3054410e-10   8.4113997e-06   3.3698818e-04   1.2143999e-03   2.4010600e-03   1.1668969e-02   2.1209611e-02   2.5407085e-02
  -6.8400000e+01 -7.2583733e-175  -1.3324332e-62   2.9324786e-24   2.3856943e-10   1.0415368e-05   3.7944024e-04   1.4438891e-03   2.8024098e-03   1.1962545e-02   2.1330302e-02   2.5450427e-02
  -6.7950000e+01 -5.3130586e-168  -1.9007489e-60   1.8749010e-23   4.3149429e-10   1.2842447e-05   4.2554039e-04   1.6807072e-03   3.2051371e-03   1.2254644e-02   2.1450219e-02   2.5493486e-02
  -6.7500000e+01  4.1706920e-167   8.4075931e-60   1.2192595e-22   7.7238043e-10   1.5770118e-05   4.7553198e-04   1.9249221e-03   3.6091895e-03   1.2545256e-02   2.1569362e-02   2.5536261e-02
  -6.7050000e+01  4.6606849e-156   2.8081613e-56   7.4248460e-22   1.3682837e-09   1.9287539e-05   5.2967079e-04   2.1765974e-03   4.0145146e-03   1.2834373e-02   2.1687730e-02   2.5578753e-02
  -6.6600000e+01  5.5857682e-151   2.7312752e-54   4.0742843e-21   2.3988486e-09   2.3496800e-05   5.8822530e-04   2.4357926e-03   4.4210590e-03   1.3121984e-02   2.1805324e-02   2.5620961e-02
  -6.6150000e+01  4.9884745e-146   1.7341162e-52   2.0061721e-20   4.1620322e-09   2.8514204e-05   6.5147712e-04   2.7025623e-03   4.8287693e-03   1.3408082e-02   2.1922142e-02   2.5662886e-02
  -6.5700000e+01  3.8890850e-141   8.7278135e-51   8.9642046e-20   7.1462745e-09   3.4471580e-05   7.1972130e-04   2.9769566e-03   5.2375914e-03   1.3692656e-02   2.2038185e-02   2.5704526e-02
  -6.5250000e+01  2.2979297e-136   3.0835187e-49   3.6942426e-19   1.2142922e-08   4.1517572e-05   7.9326661e-04   3.2590206e-03   5.6474708e-03   1.3975698e-02   2.2153453e-02   2.5745884e-02
  -6.4800000e+01 -3.0083986e-131  -1.6109176e-48   1.4327870e-18   2.0419040e-08   4.9818904e-05   8.7243590e-04   3.5487945e-03   6.0583524e-03   1.4257200e-02   2.2267944e-02   2.5786957e-02
  -6.4350000e+01 -3.6304262e-125  -1.7819389e-45   5.3892466e-18   3.3979493e-08   5.9561583e-05   9.5756629e-04   3.8463131e-03   6.4701809e-03   1.4537152e-02   2.2381659e-02   2.5827747e-02
  -6.3900000e+01 -2.0010530e-119  -2.3308530e-43   2.0576450e-17   5.5958990e-08   7.0952000e-05   1.0490094e-03   4.1516061e-03   6.8829006e-03   1.4815545e-02   2.2494596e-02   2.5868254e-02
  -6.3450000e+01 -2.1669885e-114  -2.1026279e-41   8.3634445e-17   9.1200415e-08   8.4217901e-05   1.1471317e-03   4.4646976e-03   7.2964551e-03   1.5092372e-02   2.2606757e-02   2.5908477e-02
  -6.3000000e+01 -6.1102039e-110  -1.2074771e-39   3.6467205e-16   1.4709589e-07   9.9609192e-05   1.2523142e-03   4.7856059e-03   7.7107880e-03   1.5367623e-02   2.2718140e-02   2.5948416e-02
  -6.2550000e+01 -2.6477427e-106  -6.1933977e-39   1.6226726e-15   2.3479234e-07   1.1739853e-04   1.3649530e-03   5.1143440e-03   8.1258421e-03   1.5641290e-02   2.2828746e-02   2.5988071e-02
  -6.2100000e+01  1.1418670e-100   2.4274906e-36   6.9033808e-15   3.7089387e-07   1.3788170e-04   1.4854592e-03   5.4509184e-03   8.5415603e-03   1.5913364e-02   2.2938573e-02   2.6027443e-02
  -6.1650000e+01   1.1127978e-95   1.0128009e-34   2.6999374e-14   5.7982963e-07   1.6137767e-04   1.6142586e-03   5.7953302e-03   8.9578847e-03   1.6183838e-02   2.3047621e-02   2.6066531e-02
  -6.1200000e+01   5.4369697e-91   2.5948312e-33   9.6165971e-14   8.9709565e-07   1.8822841e-04   1.7517919e-03   6.1475739e-03   9.3747574e-03   1.6452702e-02   2.3155891e-02   2.6105335e-02
  -6.0750000e+01   6.5683799e-87   5.2443664e-32   3.1434242e-13   1.3736220e-06   2.1879831e-04   1.8985142e-03   6.5076379e-03   9.7921200e-03   1.6719949e-02   2.3263382e-02   2.6143856e-02
  -6.0300000e+01   2.9863484e-83   7.8973209e-31   9.5675879e-13   2.0815567e-06   2.5347340e-04   2.0548948e-03   6.8755044e-03   1.0209914e-02   1.6985570e-02   2.3370093e-02   2.6182092e-02
  -5.9850000e+01  -1.0996308e-79   2.8888867e-30   2.7613842e-12   3.1217924e-06   2.9266005e-04   2.2214172e-03   7.2511491e-03   1.0628080e-02   1.7249557e-02   2.3476025e-02   2.6220046e-02
  -5.9400000e+01  -1.1181138e-74  -4.2537940e-28   7.7410237e-12   4.6335767e-06   3.3678356e-04   2.3985778e-03   7.6345408e-03   1.1046559e-02   1.7511903e-02   2.3581176e-02   2.6257715e-02
  -5.8950000e+01  -3.4780364e-70  -2.3898792e-26   2.1757635e-11   6.8065416e-06   3.8628630e-04   2.5868860e-03   8.0256423e-03   1.1465292e-02   1.7772598e-02   2.3685547e-02   2.6295100e-02
  -5.8500000e+01  -2.1430109e-66  -8.5750656e-25   6.3265074e-11   9.8954399e-06   4.4162574e-04   2.7868632e-03   8.4244092e-03   1.1884218e-02   1.8031636e-02   2.3789137e-02   2.6332202e-02
  -5.8050000e+01  -4.0547858e-63  -1.9819484e-23   1.9183991e-10   1.4237776e-05   5.0327222e-04   2.9990419e-03   8.8307906e-03   1.2303278e-02   1.8289009e-02   2.3891947e-02   2.6369020e-02
  -5.7600000e+01  -2.1558337e-60  -8.3420135e-23   5.8927214e-10   2.0274359e-05   5.7170671e-04   3.2239646e-03   9.2447286e-03   1.2722412e-02   1.8544708e-02   2.3993974e-02   2.6405554e-02
  -5.7150000e+01   2.6254748e-56   5.6427883e-21   1.7505320e-09   2.8572569e-05   6.4741859e-04   3.4621831e-03   9.6661586e-03   1.3141559e-02   1.8798726e-02   2.4095221e-02   2.6441804e-02
  -5.6700000e+01   1.8411338e-52   1.0223943e-19   4.8624659e-09   3.9851785e-05   7.3090354e-04   3.7142567e-03   1.0095009e-02   1.3560658e-02   1.9051056e-02   2.4195685e-02   2.6477771e-02
  -5.6250000e+01   7.1924800e-49   1.0621717e-18   1.2489026e-08   5.5010045e-05   8.2266187e-04   3.9807510e-03   1.0531201e-02   1.3979649e-02   1.9301690e-02   2.4295367e-02   2.6513453e-02
  -5.5800000e+01   7.9666056e-46   8.6667530e-18   2.9805158e-08   7.5150476e-05   9.2319714e-04   4.2622364e-03   1.0974650e-02   1.4398470e-02   1.9550620e-02   2.4394267e-02   2.6548852e-02
  -5.5350000e+01   2.6452108e-43   5.5658647e-17   6.6901370e-08   1.0160549e-04   1.0330156e-03   4.5592862e-03   1.1425262e-02   1.4817060e-02   1.9797839e-02   2.4492384e-02   2.6583967e-02
  -5.4900000e+01  -1.1144076e-41   1.8705842e-16   1.4340485e-07   1.3595618e-04   1.1526266e-03   4.8724744e-03   1.1882939e-02   1.5235359e-02   2.0043339e-02   2.4589718e-02   2.6618798e-02
  -5.4450000e+01  -2.3744193e-37  -2.1350723e-15   2.9882404e-07   1.8004371e-04   1.2825433e-03   5.2023744e-03   1.2347574e-02   1.5653304e-02   2.0287114e-02   2.4686268e-02   2.6653345e-02
  -5.4000000e+01  -4.6178081e-34  -6.0803828e-14   6.1781778e-07   2.3596918e-04   1.4232860e-03   5.5495558e-03   1.2819053e-02   1.6070835e-02   2.0529156e-02   2.4782035e-02   2.6687608e-02
  -5.3550000e+01  -1.8347371e-31  -8.9953559e-13   1.2911195e-06   3.0607805e-04   1.5753850e-03   5.9145825e-03   1.3297256e-02   1.6487888e-02   2.0769459e-02   2.4877018e-02   2.6721587e-02
  -5.3100000e+01  -2.3638274e-29  -8.4893718e-12   2.7432402e-06   3.9292532e-04   1.7393869e-03   6.2980101e-03   1.3782056e-02   1.6904404e-02   2.1008014e-02   2.4971216e-02   2.6755283e-02
  -5.2650000e+01  -1.1562284e-27  -2.0206387e-11   5.8363848e-06   4.9921819e-04   1.9158610e-03   6.7003829e-03   1.4273319e-02   1.7320320e-02   2.1244815e-02   2.5064631e-02   2.6788694e-02
  -5.2200000e+01   5.2354509e-25   3.5284739e-10   1.2080557e-05   6.2773366e-04   2.1054083e-03   7.1222313e-03   1.4770903e-02   1.7735573e-02   2.1479855e-02   2.5157260e-02   2.6821821e-02
  -5.1750000e+01   2.6535174e-22   2.7961341e-09   2.3734549e-05   7.8121012e-04   2.3086722e-03   7.5640684e-03   1.5274661e-02   1.8150103e-02   2.1713128e-02   2.5249104e-02   2.6854665e-02
  -5.1300000e+01   7.4851702e-20   1.1874622e-08   4.3816027e-05   9.6221373e-04   2.5263502e-03   8.0263870e-03   1.5784439e-02   1.8563847e-02   2.1944626e-02   2.5340163e-02   2.6887224e-02
  -5.0850000e+01   6.5685257e-18   3.9659285e-08   7.6208433e-05   1.1729827e-03   2.7592079e-03   8.5096565e-03   1.6300076e-02   1.8976744e-02   2.2174342e-02   2.5430437e-02   2.6919500e-02
  -5.0400000e+01   1.5484897e-16   1.1061476e-07   1.2603246e-04   1.4152554e-03   3.0080945e-03   9.0143189e-03   1.6821403e-02   1.9388731e-02   2.2402271e-02   2.5519925e-02   2.6951491e-02
  -4.9950000e+01   1.0839860e-15   2.3061028e-07   2.0042296e-04   1.6900904e-03   3.2739584e-03   9.5407859e-03   1.7348248e-02   1.9799747e-02   2.2628405e-02   2.5608626e-02   2.6983199e-02
  -4.9500000e+01  -2.8006481e-13   8.0269635e-08   3.1001960e-04   1.9976897e-03   3.5578652e-03   1.0089435e-02   1.7880430e-02   2.0209729e-02   2.2852738e-02   2.5696542e-02   2.7014623e-02
  -4.9050000e+01  -3.7132504e-11  -2.7503487e-06   4.7158895e-04   2.3372394e-03   3.8610144e-03   1.0660605e-02   1.8417764e-02   2.0618617e-02   2.3075263e-02   2.5783671e-02   2.7045762e-02
  -4.8600000e+01  -1.0092137e-09  -1.9829723e-05   7.1147475e-04   2.7067816e-03   4.1847567e-03   1.1254595e-02   1.8960056e-02   2.1026348e-02   2.3295975e-02   2.5870013e-02   2.7076618e-02
  -4.8150000e+01  -8.9759247e-09  -7.9794140e-05   1.0669555e-03   3.1031349e-03   4.5306108e-03   1.1871657e-02   1.9507109e-02   2.1432860e-02   2.3514867e-02   2.5955567e-02   2.7107189e-02
  -4.7700000e+01  -3.6013318e-08  -8.7684362e-05   1.5791937e-03   3.5218781e-03   4.9002782e-03   1.2511996e-02   2.0058719e-02   2.1838092e-02   2.3731932e-02   2.6040335e-02   2.7137476e-02
  -4.7250000e+01   6.9697261e-07   5.6898821e-04   2.2747552e-03   3.9574102e-03   5.2956560e-03   1.3175762e-02   2.0614677e-02   2.2241983e-02   2.3947164e-02   2.6124315e-02   2.7167480e-02
  -4.6800000e+01   2.6339125e-05   1.9464727e-03   3.1476110e-03   4.4030975e-03   5.7188463e-03   1.3863051e-02   2.1174768e-02   2.2644471e-02   2.4160559e-02   2.6207507e-02   2.7197199e-02
  -4.6350000e+01   5.3283051e-04   3.4432951e-03   4.1602539e-03   4.8515103e-03   6.1721632e-03   1.4573898e-02   2.1738772e-02   2.3045495e-02   2.4372108e-02   2.6289911e-02   2.7226634e-02
  -4.5900000e+01   3.5687372e-03   4.9015961e-03   5.2622196e-03   5.2947493e-03   6.6581332e-03   1.5308275e-02   2.2306466e-02   2.3444995e-02   2.4581807e-02   2.6371527e-02   2.7255785e-02
  -4.5450000e+01   6.1849608e-03   6.3294120e-03   6.4065199e-03   5.7248523e-03   7.1794924e-03   1.6066091e-02   2.2877618e-02   2.3842908e-02   2.4789649e-02   2.6452354e-02   2.7284652e-02
  -4.5000000e+01   7.7439280e-03   7.7437101e-03   7.5537354e-03   6.1342676e-03   7.7391765e-03   1.6847180e-02   2.3451996e-02   2.4239174e-02   2.4995629e-02   2.6532393e-02   2.7313235e-02
  -4.4550000e+01   9.3028952e-03   9.1581947e-03   8.6672091e-03   6.5163727e-03   8.3403043e-03   1.7651310e-02   2.4029361e-02   2.4633734e-02   2.5199740e-02   2.6611642e-02   2.7341534e-02
  -4.4100000e+01   1.1919119e-02   1.0588285e-02   9.7045108e-03   6.8660139e-03   8.9861548e-03   1.8478170e-02   2.4609471e-02   2.5026526e-02   2.5401978e-02   2.6690103e-02   2.7369549e-02
  -4.3650000e+01   1.4955026e-02   1.2060776e-02   1.0607959e-02   7.1800385e-03   9.6801361e-03   1.9327375e-02   2.5192080e-02   2.5417490e-02   2.5602337e-02   2.6767774e-02   2.7397279e-02
  -4.3200000e+01   1.5461524e-02   1.3611283e-02   1.1299369e-02   7.4577889e-03   1.0425748e-02   2.0198460e-02   2.5776937e-02   2.5806567e-02   2.5800810e-02   2.6844655e-02   2.7424726e-02
  -4.2750000e+01   1.5487194e-02   1.5023234e-02   1.1690705e-02   7.7015317e-03   1.1226534e-02   2.1090881e-02   2.6363790e-02   2.6193697e-02   2.5997394e-02   2.6920746e-02   2.7451888e-02
  -4.2300000e+01   1.5487451e-02   1.5130007e-02   1.1718361e-02   7.9167940e-03   1.2086031e-02   2.2004011e-02   2.6952383e-02   2.6578820e-02   2.6192081e-02   2.6996048e-02   2.7478766e-02
  -4.1850000e+01   1.5467661e-02   1.3787870e-02   1.1380885e-02   8.1125869e-03   1.3007707e-02   2.2937142e-02   2.7542456e-02   2.6961879e-02   2.6384867e-02   2.7070559e-02   2.7505360e-02
  -4.1400000e+01   1.5038921e-02   1.2228375e-02   1.0741547e-02   8.3015011e-03   1.3994898e-02   2.3889482e-02   2.8133749e-02   2.7342812e-02   2.6575746e-02   2.7144279e-02   2.7531670e-02
  -4.0950000e+01   1.2121394e-02   1.0749504e-02   9.8930099e-03   8.4996669e-03   1.5050731e-02   2.4860158e-02   2.8725997e-02   2.7721564e-02   2.6764714e-02   2.7217209e-02   2.7557696e-02
  -4.0500000e+01   9.4382500e-03   9.3179209e-03   8.9216438e-03   8.7265781e-03   1.6178055e-02   2.5848214e-02   2.9318936e-02   2.8098074e-02   2.6951765e-02   2.7289348e-02   2.7583437e-02
  -4.0050000e+01   7.8737897e-03   7.9038724e-03   7.8954010e-03   9.0047849e-03   1.7379357e-02   2.6852613e-02   2.9912298e-02   2.8472285e-02   2.7136894e-02   2.7360696e-02   2.7608894e-02
  -3.9600000e+01   6.3344010e-03   6.4911757e-03   6.8697310e-03   9.3594639e-03   1.8656685e-02   2.7872239e-02   3.0505814e-02   2.8844140e-02   2.7320096e-02   2.7431252e-02   2.7634067e-02
  -3.9150000e+01   3.8449828e-03   5.0652116e-03   5.8999813e-03   9.8178789e-03   2.0011572e-02   2.8905896e-02   3.1099216e-02   2.9213582e-02   2.7501366e-02   2.7501017e-02   2.7658956e-02
  -3.8700000e+01   6.6787860e-04   3.6008353e-03   5.0546395e-03   1.0408743e-02   2.1444952e-02   2.9952315e-02   3.1692233e-02   2.9580553e-02   2.7680699e-02   2.7569990e-02   2.7683561e-02
  -3.8250000e+01   3.6508509e-05   2.0546515e-03   4.4243978e-03   1.1161493e-02   2.2957094e-02   3.1010155e-02   3.2284594e-02   2.9944998e-02   2.7858090e-02   2.7638171e-02   2.7707881e-02
  -3.7800000e+01   1.0835173e-06   5.7237215e-04   4.1154457e-03   1.2105492e-02   2.4547533e-02   3.2078004e-02   3.2876029e-02   3.0306860e-02   2.8033535e-02   2.7705560e-02   2.7731917e-02
  -3.7350000e+01   2.8357994e-07   3.3416331e-04   4.2166055e-03   1.3269164e-02   2.6215012e-02   3.3154386e-02   3.3466268e-02   3.0666083e-02   2.8207029e-02   2.7772157e-02   2.7755669e-02
  -3.6900000e+01   1.9090159e-05   1.8367683e-03   4.7574915e-03   1.4679070e-02   2.7957431e-02   3.4237766e-02   3.4055041e-02   3.1022612e-02   2.8378567e-02   2.7837961e-02   2.7779137e-02
  -3.6450000e+01   4.6784572e-04   3.6803295e-03   5.7003742e-03   1.6358948e-02   2.9771817e-02   3.5326552e-02   3.4642079e-02   3.1376393e-02   2.8548145e-02   2.7902973e-02   2.7802320e-02
  -3.6000000e+01   3.8224616e-03   5.4328345e-03   6.9767128e-03   1.8328714e-02   3.1654294e-02   3.6419102e-02   3.5227114e-02   3.1727371e-02   2.8715758e-02   2.7967191e-02   2.7825219e-02
  -3.5550000e+01   7.0146710e-03   7.1281471e-03   8.5308466e-03   2.0603457e-02   3.3600074e-02   3.7513730e-02   3.5809881e-02   3.2075492e-02   2.8881401e-02   2.8030617e-02   2.7847834e-02
  -3.5100000e+01   8.8582179e-03   8.8028152e-03   1.0341833e-02   2.3192443e-02   3.5603466e-02   3.8608709e-02   3.6390116e-02   3.2420703e-02   2.9045071e-02   2.8093249e-02   2.7870164e-02
  -3.4650000e+01   1.0644035e-02   1.0473942e-02   1.2429148e-02   2.6098178e-02   3.7657896e-02   3.9702285e-02   3.6967556e-02   3.2762950e-02   2.9206763e-02   2.8155088e-02   2.7892211e-02
  -3.4200000e+01   1.3351951e-02   1.2145142e-02   1.4859211e-02   2.9315561e-02   3.9755946e-02   4.0792675e-02   3.7541942e-02   3.3102181e-02   2.9366473e-02   2.8216134e-02   2.7913973e-02
  -3.3750000e+01   1.7281388e-02   1.3780165e-02   1.7760768e-02   3.2831204e-02   4.1889406e-02   4.1878080e-02   3.8113018e-02   3.3438344e-02   2.9524196e-02   2.8276386e-02   2.7935450e-02
  -3.3300000e+01   1.8296363e-02   1.5214979e-02   2.1338712e-02   3.6622959e-02   4.4049346e-02   4.2956690e-02   3.8680531e-02   3.3771387e-02   2.9679929e-02   2.8335843e-02   2.7956644e-02
  -3.2850000e+01   1.8360993e-02   1.6413353e-02   2.5850590e-02   4.0659748e-02   4.6226201e-02   4.4026692e-02   3.9244230e-02   3.4101259e-02   2.9833667e-02   2.8394507e-02   2.7977553e-02
  -3.2400000e+01   1.8364729e-02   2.0195421e-02   3.1509194e-02   4.4901729e-02   4.8409866e-02   4.5086277e-02   3.9803870e-02   3.4427909e-02   2.9985406e-02   2.8452377e-02   2.7998177e-02
  -3.1950000e+01   1.8462964e-02   2.9656610e-02   3.8350987e-02   4.9300865e-02   5.0589812e-02   4.6133649e-02   4.0359209e-02   3.4751288e-02   3.0135143e-02   2.8509452e-02   2.8018518e-02
  -3.1500000e+01   2.1094592e-02   4.0811884e-02   4.6194773e-02   5.3801911e-02   5.2755200e-02   4.7167035e-02   4.0910008e-02   3.5071346e-02   3.0282874e-02   2.8565732e-02   2.8038574e-02
  -3.1050000e+01   4.2023228e-02   5.1727331e-02   5.4735985e-02   5.8343821e-02   5.4895015e-02   4.8184685e-02   4.1456036e-02   3.5388033e-02   3.0428594e-02   2.8621218e-02   2.8058346e-02
  -3.0600000e+01   6.1774704e-02   6.2413281e-02   6.3669540e-02   6.2861532e-02   5.6998195e-02   4.9184890e-02   4.1997064e-02   3.5701302e-02   3.0572300e-02   2.8675909e-02   2.8077833e-02
  -3.0150000e+01   7.3279750e-02   7.3001615e-02   7.2742654e-02   6.7288062e-02   5.9053772e-02   5.0165981e-02   4.2532869e-02   3.6011104e-02   3.0713989e-02   2.8729805e-02   2.8097036e-02
  -2.9700000e+01   8.4267832e-02   8.3569458e-02   8.1739637e-02   7.1556825e-02   6.1051007e-02   5.1126344e-02   4.3063234e-02   3.6317392e-02   3.0853656e-02   2.8782905e-02   2.8115955e-02
  -2.9250000e+01   9.8982299e-02   9.4175493e-02   9.0435931e-02   7.5604041e-02   6.2979527e-02   5.2064421e-02   4.3587947e-02   3.6620120e-02   3.0991298e-02   2.8835211e-02   2.8134589e-02
  -2.8800000e+01   1.2377746e-01   1.0491270e-01   9.8542378e-02   7.9371098e-02   6.4829455e-02   5.2978720e-02   4.4106804e-02   3.6919241e-02   3.1126912e-02   2.8886720e-02   2.8152939e-02
  -2.8350000e+01   1.3405818e-01   1.1600387e-01   1.0565958e-01   8.2806737e-02   6.6591532e-02   5.3867822e-02   4.4619603e-02   3.7214709e-02   3.1260494e-02   2.8937435e-02   2.8171005e-02
  -2.7900000e+01   1.3489247e-01   1.2738037e-01   1.1129584e-01   8.5868906e-02   6.8257234e-02   5.4730387e-02   4.5126153e-02   3.7506479e-02   3.1392041e-02   2.8987353e-02   2.8188786e-02
  -2.7450000e+01   1.3492657e-01   1.3433960e-01   1.1501464e-01   8.8526173e-02   6.9818869e-02   5.5565160e-02   4.5626267e-02   3.7794508e-02   3.1521549e-02   2.9036476e-02   2.8206283e-02
  -2.7000000e+01   1.3488975e-01   1.3131915e-01   1.1666256e-01   9.0758607e-02   7.1269673e-02   5.6370977e-02   4.6119764e-02   3.8078751e-02   3.1649015e-02   2.9084802e-02   2.8223495e-02
  -2.6550000e+01   1.3370536e-01   1.2573193e-01   1.1646493e-01   9.2558052e-02   7.2603878e-02   5.7146767e-02   4.6606472e-02   3.8359165e-02   3.1774437e-02   2.9132333e-02   2.8240423e-02
  -2.6100000e+01   1.2436201e-01   1.2070798e-01   1.1487795e-01   9.3927813e-02   7.3816771e-02   5.7891562e-02   4.7086224e-02   3.8635707e-02   3.1897809e-02   2.9179067e-02   2.8257067e-02
  -2.5650000e+01   1.1637081e-01   1.1596853e-01   1.1236371e-01   9.4881756e-02   7.4904740e-02   5.8604498e-02   4.7558864e-02   3.8908336e-02   3.2019131e-02   2.9225005e-02   2.8273426e-02
  -2.5200000e+01   1.1141714e-01   1.1130094e-01   1.0927421e-01   9.5442914e-02   7.5865290e-02   5.9284817e-02   4.8024238e-02   3.9177010e-02   3.2138398e-02   2.9270146e-02   2.8289501e-02
  -2.4750000e+01   1.0673794e-01   1.0664748e-01   1.0585235e-01   9.5641702e-02   7.6697059e-02   5.9931873e-02   4.8482204e-02   3.9441688e-02   3.2255608e-02   2.9314490e-02   2.8305291e-02
  -2.4300000e+01   1.0206847e-01   1.0199170e-01   1.0227738e-01   9.5513877e-02   7.7399800e-02   6.0545133e-02   4.8932624e-02   3.9702331e-02   3.2370758e-02   2.9358038e-02   2.8320797e-02
  -2.3850000e+01   9.7393771e-02   9.7312223e-02   9.8710466e-02   9.5098386e-02   7.7974360e-02   6.1124177e-02   4.9375370e-02   3.9958899e-02   3.2483844e-02   2.9400788e-02   2.8336018e-02
  -2.3400000e+01   9.2714370e-02   9.2530599e-02   9.5327170e-02   9.4435244e-02   7.8422639e-02   6.1668703e-02   4.9810320e-02   4.0211353e-02   3.2594864e-02   2.9442742e-02   2.8350956e-02
  -2.2950000e+01   8.8011733e-02   8.7542377e-02   9.2323885e-02   9.3563595e-02   7.8747530e-02   6.2178523e-02   5.0237362e-02   4.0459655e-02   3.2703816e-02   2.9483899e-02   2.8365608e-02
  -2.2500000e+01   8.3347154e-02   8.3615409e-02   8.9878256e-02   9.2520053e-02   7.8952857e-02   6.2653565e-02   5.0656388e-02   4.0703768e-02   3.2810696e-02   2.9524258e-02   2.8379976e-02
  -2.2050000e+01   8.3643874e-02   8.3190752e-02   8.8074232e-02   9.1337439e-02   7.9043292e-02   6.3093875e-02   5.1067301e-02   4.0943656e-02   3.2915502e-02   2.9563820e-02   2.8394060e-02
  -2.1600000e+01   8.3980841e-02   8.3831121e-02   8.6860733e-02   9.0043944e-02   7.9024271e-02   6.3499610e-02   5.1470010e-02   4.1179281e-02   3.3018232e-02   2.9602584e-02   2.8407859e-02
  -2.1150000e+01   8.4297636e-02   8.4268434e-02   8.6093249e-02   8.8662770e-02   7.8901898e-02   6.3871039e-02   5.1864432e-02   4.1410609e-02   3.3118882e-02   2.9640551e-02   2.8421374e-02
  -2.0700000e+01   8.4613961e-02   8.4606897e-02   8.5611486e-02   8.7212215e-02   7.8682843e-02   6.4208541e-02   5.2250490e-02   4.1637605e-02   3.3217451e-02   2.9677720e-02   2.8434605e-02
  -2.0250000e+01   8.4929931e-02   8.4924168e-02   8.5284390e-02   8.5706156e-02   7.8374242e-02   6.4512602e-02   5.2628117e-02   4.1860234e-02   3.3313936e-02   2.9714091e-02   2.8447551e-02
  -1.9800000e+01   8.5246560e-02   8.5238567e-02   8.5012318e-02   8.4154871e-02   7.7983589e-02   6.4783810e-02   5.2997252e-02   4.2078464e-02   3.3408334e-02   2.9749664e-02   2.8460212e-02
  -1.9350000e+01   8.5581761e-02   8.5555564e-02   8.4709243e-02   8.2566073e-02   7.7518635e-02   6.5022851e-02   5.3357840e-02   4.2292263e-02   3.3500643e-02   2.9784440e-02   2.8472589e-02
  -1.8900000e+01   8.6122504e-02   8.5890400e-02   8.4281054e-02   8.0946075e-02   7.6987280e-02   6.5230507e-02   5.3709834e-02   4.2501597e-02   3.3590862e-02   2.9818417e-02   2.8484682e-02
  -1.8450000e+01   8.6754754e-02   8.6306524e-02   8.3607052e-02   7.9300954e-02   7.6397482e-02   6.5407649e-02   5.4053196e-02   4.2706436e-02   3.3678987e-02   2.9851596e-02   2.8496490e-02
  -1.8000000e+01   8.6834977e-02   8.6902047e-02   8.2537580e-02   7.7637617e-02   7.5757153e-02   6.5555231e-02   5.4387890e-02   4.2906749e-02   3.3765017e-02   2.9883977e-02   2.8508013e-02
  -1.7550000e+01   8.6837474e-02   8.6768189e-02   8.0928790e-02   7.5964667e-02   7.5074081e-02   6.5674288e-02   5.4713891e-02   4.3102507e-02   3.3848950e-02   2.9915559e-02   2.8519252e-02
  -1.7100000e+01   8.6823421e-02   8.3606018e-02   7.8711432e-02   7.4293000e-02   7.4355842e-02   6.5765925e-02   5.5031178e-02   4.3293679e-02   3.3930783e-02   2.9946343e-02   2.8530207e-02
  -1.6650000e+01   8.6481789e-02   7.9037610e-02   7.5936196e-02   7.2636074e-02   7.3609732e-02   6.5831318e-02   5.5339737e-02   4.3480239e-02   3.4010515e-02   2.9976329e-02   2.8540877e-02
  -1.6200000e+01   8.2271679e-02   7.4536984e-02   7.2744556e-02   7.1009842e-02   7.2842703e-02   6.5871701e-02   5.5639558e-02   4.3662158e-02   3.4088143e-02   3.0005515e-02   2.8551263e-02
  -1.5750000e+01   7.2117676e-02   7.0148534e-02   6.9299446e-02   6.9432332e-02   7.2061306e-02   6.5888362e-02   5.5930639e-02   4.3839409e-02   3.4163667e-02   3.0033903e-02   2.8561364e-02
  -1.5300000e+01   6.6091874e-02   6.5806464e-02   6.5741282e-02   6.7922931e-02   7.1271652e-02   6.5882639e-02   5.6212982e-02   4.4011967e-02   3.4237083e-02   3.0061493e-02   2.8571180e-02
  -1.4850000e+01   6.1592084e-02   6.1479019e-02   6.2185240e-02   6.6501424e-02   7.0479373e-02   6.5855911e-02   5.6486593e-02   4.4179804e-02   3.4308390e-02   3.0088283e-02   2.8580712e-02
  -1.4400000e+01   5.6880589e-02   5.7141716e-02   5.8740998e-02   6.5186850e-02   6.9689600e-02   6.5809591e-02   5.6751486e-02   4.4342898e-02   3.4377587e-02   3.0114275e-02   2.8589960e-02
  -1.3950000e+01   4.8792054e-02   5.2752823e-02   5.5539976e-02   6.3996305e-02   6.8906950e-02   6.5745120e-02   5.7007675e-02   4.4501222e-02   3.4444672e-02   3.0139467e-02   2.8598923e-02
  -1.3500000e+01   4.0221447e-02   4.8212302e-02   5.2761585e-02   6.2943750e-02   6.8135518e-02   6.5663963e-02   5.7255182e-02   4.4654756e-02   3.4509643e-02   3.0163860e-02   2.8607602e-02
  -1.3050000e+01   3.9143711e-02   4.3429691e-02   5.0638803e-02   6.2038958e-02   6.7378882e-02   6.5567599e-02   5.7494032e-02   4.4803474e-02   3.4572499e-02   3.0187455e-02   2.8615996e-02
  -1.2600000e+01   3.9103426e-02   3.9760644e-02   4.9408129e-02   6.1286668e-02   6.6640118e-02   6.5457517e-02   5.7724251e-02   4.4947357e-02   3.4633238e-02   3.0210250e-02   2.8624105e-02
  -1.2150000e+01   3.9107662e-02   4.0797230e-02   4.9200984e-02   6.0686037e-02   6.5921815e-02   6.5335208e-02   5.7945870e-02   4.5086381e-02   3.4691859e-02   3.0232246e-02   2.8631930e-02
  -1.1700000e+01   3.9237767e-02   4.4463177e-02   4.9961181e-02   6.0230423e-02   6.5226105e-02   6.5202161e-02   5.8158924e-02   4.5220529e-02   3.4748360e-02   3.0253442e-02   2.8639471e-02
  -1.1250000e+01   4.1273412e-02   4.8104511e-02   5.1479647e-02   5.9907553e-02   6.4554695e-02   6.5059856e-02   5.8363448e-02   4.5349778e-02   3.4802740e-02   3.0273839e-02   2.8646727e-02
  -1.0800000e+01   4.9154056e-02   5.1555098e-02   5.3505876e-02   5.9700038e-02   6.3908902e-02   6.4909759e-02   5.8559482e-02   4.5474111e-02   3.4854998e-02   3.0293437e-02   2.8653698e-02
  -1.0350000e+01   5.4584886e-02   5.4929724e-02   5.5828254e-02   5.9586232e-02   6.3289694e-02   6.4753317e-02   5.8747065e-02   4.5593509e-02   3.4905132e-02   3.0312235e-02   2.8660385e-02
  -9.9000000e+00   5.8166411e-02   5.8280679e-02   5.8288344e-02   5.9541356e-02   6.2697735e-02   6.4591952e-02   5.8926238e-02   4.5707955e-02   3.4953142e-02   3.0330234e-02   2.8666787e-02
  -9.4500000e+00   6.1863716e-02   6.1637452e-02   6.0758551e-02   5.9538823e-02   6.2133426e-02   6.4427056e-02   5.9097046e-02   4.5817432e-02   3.4999026e-02   3.0347433e-02   2.8672905e-02
  -9.0000000e+00   6.8265815e-02   6.5036329e-02   6.3111309e-02   5.9551664e-02   6.1596950e-02   6.4259988e-02   5.9259530e-02   4.5921924e-02   3.5042783e-02   3.0363832e-02   2.8678738e-02
  -8.5500000e+00   7.4993626e-02   6.8549228e-02   6.5191489e-02   5.9553972e-02   6.1088319e-02   6.4092068e-02   5.9413736e-02   4.6021415e-02   3.5084412e-02   3.0379432e-02   2.8684287e-02
  -8.1000000e+00   7.5893622e-02   7.2241573e-02   6.6805584e-02   5.9522250e-02   6.0607406e-02   6.3924575e-02   5.9559708e-02   4.6115892e-02   3.5123912e-02   3.0394232e-02   2.8689551e-02
  -7.6500000e+00   7.5931338e-02   7.5257031e-02   6.7753203e-02   5.9436608e-02   6.0153995e-02   6.3758740e-02   5.9697490e-02   4.6205341e-02   3.5161282e-02   3.0408232e-02   2.8694531e-02
  -7.2000000e+00   7.5929818e-02   7.4835852e-02   6.7907932e-02   5.9281705e-02   5.9727807e-02   6.3595747e-02   5.9827126e-02   4.6289747e-02   3.5196521e-02   3.0421432e-02   2.8699226e-02
  -6.7500000e+00   7.5861359e-02   7.1966700e-02   6.7288171e-02   5.9047413e-02   5.9328535e-02   6.3436726e-02   5.9948658e-02   4.6369100e-02   3.5229629e-02   3.0433833e-02   2.8703637e-02
  -6.3000000e+00   7.4641276e-02   6.8974642e-02   6.6040525e-02   5.8729165e-02   5.8955866e-02   6.3282752e-02   6.0062128e-02   4.6443387e-02   3.5260605e-02   3.0445433e-02   2.8707763e-02
  -5.8500000e+00   6.8501726e-02   6.6143766e-02   6.4354443e-02   5.8327978e-02   5.8609508e-02   6.3134840e-02   6.0167577e-02   4.6512598e-02   3.5289447e-02   3.0456234e-02   2.8711604e-02
  -5.4000000e+00   6.3691085e-02   6.3387898e-02   6.2392725e-02   5.7850181e-02   5.8289199e-02   6.2993946e-02   6.0265045e-02   4.6576723e-02   3.5316156e-02   3.0466235e-02   2.8715161e-02
  -4.9500000e+00   6.0716315e-02   6.0657719e-02   6.0273528e-02   5.7306875e-02   5.7994722e-02   6.2860964e-02   6.0354567e-02   4.6635752e-02   3.5340730e-02   3.0475436e-02   2.8718434e-02
  -4.5000000e+00   5.7693096e-02   5.7925461e-02   5.8083448e-02   5.6713182e-02   5.7725910e-02   6.2736721e-02   6.0436180e-02   4.6689677e-02   3.5363169e-02   3.0483837e-02   2.8721421e-02
  -4.0500000e+00   5.2508092e-02   5.5164494e-02   5.5897545e-02   5.6087339e-02   5.7482648e-02   6.2621979e-02   6.0509916e-02   4.6738490e-02   3.5383473e-02   3.0491438e-02   2.8724125e-02
  -3.6000000e+00   4.6870161e-02   5.2339677e-02   5.3796531e-02   5.5449700e-02   5.7264869e-02   6.2517431e-02   6.0575805e-02   4.6782183e-02   3.5401641e-02   3.0498238e-02   2.8726543e-02
  -3.1500000e+00   4.6041664e-02   4.9441932e-02   5.1875551e-02   5.4821707e-02   5.7072551e-02   6.2423701e-02   6.0633875e-02   4.6820751e-02   3.5417672e-02   3.0504239e-02   2.8728678e-02
  -2.7000000e+00   4.6003472e-02   4.6863585e-02   5.0234372e-02   5.4224877e-02   5.6905707e-02   6.2341340e-02   6.0684151e-02   4.6854188e-02   3.5431567e-02   3.0509440e-02   2.8730527e-02
  -2.2500000e+00   4.6002552e-02   4.5800940e-02   4.8944137e-02   5.3679853e-02   5.6764379e-02   6.2270832e-02   6.0726654e-02   4.6882490e-02   3.5443325e-02   3.0513840e-02   2.8732092e-02
  -1.8000000e+00   4.6002606e-02   4.5867543e-02   4.8013849e-02   5.3205561e-02   5.6648623e-02   6.2212583e-02   6.0761404e-02   4.6905651e-02   3.5452945e-02   3.0517441e-02   2.8733373e-02
  -1.3500000e+00   4.6002619e-02   4.5971286e-02   4.7393190e-02   5.2818470e-02   5.6558503e-02   6.2166931e-02   6.0788415e-02   4.6923668e-02   3.5460427e-02   3.0520241e-02   2.8734369e-02
  -9.0000000e-01   4.6002620e-02   4.5998706e-02   4.7009615e-02   5.2532002e-02   5.6494081e-02   6.2134134e-02   6.0807700e-02   4.6936540e-02   3.5465772e-02   3.0522242e-02   2.8735080e-02
  -4.5000000e-01   4.6002620e-02   4.6003102e-02   4.6802868e-02   5.2356068e-02   5.6455406e-02   6.2114382e-02   6.0819268e-02   4.6944263e-02   3.5468979e-02   3.0523442e-02   2.8735507e-02
   0.0000000e+00   4.6002620e-02   4.6003462e-02   4.6737669e-02   5.2296741e-02   5.6442511e-02   6.2107785e-02   6.0823123e-02   4.6946838e-02   3.5470048e-02   3.0523842e-02   2.8735649e-02
   4.5000000e-01   4.6002620e-02   4.6003102e-02   4.6802868e-02   5.2356068e-02   5.6455406e-02   6.2114382e-02   6.0819268e-02   4.6944263e-02   3.5468979e-02   3.0523442e-02   2.8735507e-02
   9.0000000e-01   4.6002620e-02   4.5998706e-02   4.7009615e-02   5.2532002e-02   5.6494081e-02   6.2134134e-02   6.0807700e-02   4.6936540e-02   3.5465772e-02   3.0522242e-02   2.8735080e-02
   1.3500000e+00   4.6002619e-02   4.5971286e-02   4.7393190e-02   5.2818470e-02   5.6558503e-02   6.2166931e-02   6.0788415e-02   4.6923668e-02   3.5460427e-02   3.0520241e-02   2.8734369e-02
   1.8000000e+00   4.6002606e-02   4.5867543e-02   4.8013849e-02   5.3205561e-02   5.6648623e-02   6.2212583e-02   6.0761404e-02   4.6905651e-02   3.5452945e-02   3.0517441e-02   2.8733373e-02
   2.2500000e+00   4.6002552e-02   4.5800940e-02   4.8944137e-02   5.3679853e-02   5.6764379e-02   6.2270832e-02   6.0726654e-02   4.6882490e-02   3.5443325e-02   3.0513840e-02   2.8732092e-02
   2.7000000e+00   4.6003472e-02   4.6863585e-02   5.0234372e-02   5.4224877e-02   5.6905707e-02   6.2341340e-02   6.0684151e-02   4.6854188e-02   3.5431567e-02   3.0509440e-02   2.8730527e-02
   3.1500000e+00   4.6041664e-02   4.9441932e-02   5.1875551e-02   5.4821707e-02   5.7072551e-02   6.2423701e-02   6.0633875e-02   4.6820751e-02   3.5417672e-02   3.0504239e-02   2.8728678e-02
   3.6000000e+00   4.6870161e-02   5.2339677e-02   5.3796531e-02   5.5449700e-02   5.7264869e-02   6.2517431e-02   6.0575805e-02   4.6782183e-02   3.5401641e-02   3.0498238e-02   2.8726543e-02
   4.0500000e+00   5.2508092e-02   5.5164494e-02   5.5897545e-02   5.6087339e-02   5.7482648e-02   6.2621979e-02   6.0509916e-02   4.6738490e-02   3.5383473e-02   3.0491438e-02   2.8724125e-02
   4.5000000e+00   5.7693096e-02   5.7925461e-02   5.8083448e-02   5.6713182e-02   5.7725910e-02   6.2736721e-02   6.0436180e-02   4.6689677e-02   3.5363169e-02   3.0483837e-02   2.8721421e-02
   4.9500000e+00   6.0716315e-02   6.0657719e-02   6.0273528e-02   5.7306875e-02   5.7994722e-02   6.2860964e-02   6.0354567e-02   4.6635752e-02   3.5340730e-02   3.0475436e-02   2.8718434e-02
   5.4000000e+00   6.3691085e-02   6.3387898e-02   6.2392725e-02   5.7850181e-02   5.8289199e-02   6.2993946e-02   6.0265045e-02   4.6576723e-02   3.5316156e-02   3.0466235e-02   2.8715161e-02
   5.8500000e+00   6.8501726e-02   6.6143766e-02   6.4354443e-02   5.8327978e-02   5.8609508e-02   6.3134840e-02   6.0167577e-02   4.6512598e-02   3.5289447e-02   3.0456234e-02   2.8711604e-02
   6.3000000e+00   7.4641276e-02   6.8974642e-02   6.6040525e-02   5.8729165e-02   5.8955866e-02   6.3282752e-02   6.0062128e-02   4.6443387e-02   3.5260605e-02   3.0445433e-02   2.8707763e-02
   6.7500000e+00   7.5861359e-02   7.1966700e-02   6.7288171e-02   5.9047413e-02   5.9328535e-02   6.3436726e-02   5.9948658e-02   4.6369100e-02   3.5229629e-02   3.0433833e-02   2.8703637e-02
   7.2000000e+00   7.5929818e-02   7.4835852e-02   6.7907932e-02   5.9281705e-02   5.9727807e-02   6.3595747e-02   5.9827126e-02   4.6289747e-02   3.5196521e-02   3.0421432e-02   2.8699226e-02
   7.6500000e+00   7.5931338e-02   7.5257031e-02   6.7753203e-02   5.9436608e-02   6.0153995e-02   6.3758740e-02   5.9697490e-02   4.6205341e-02   3.5161282e-02   3.0408232e-02   2.8694531e-02
   8.1000000e+00   7.5893622e-02   7.2241573e-02   6.6805584e-02   5.9522250e-02   6.0607406e-02   6.3924575e-02   5.9559708e-02   4.6115892e-02   3.5123912e-02   3.0394232e-02   2.8689551e-02
   8.5500000e+00   7.4993626e-02   6.8549228e-02   6.5191489e-02   5.9553972e-02   6.1088319e-02   6.4092068e-02   5.9413736e-02   4.6021415e-02   3.5084412e-02   3.0379432e-02   2.8684287e-02
   9.0000000e+00   6.8265815e-02   6.5036329e-02   6.3111309e-02   5.9551664e-02   6.1596950e-02   6.4259988e-02   5.9259530e-02   4.5921924e-02   3.5042783e-02   3.0363832e-02   2.8678738e-02
   9.4500000e+00   6.1863716e-02   6.1637452e-02   6.0758551e-02   5.9538823e-02   6.2133426e-02   6.4427056e-02   5.9097046e-02   4.5817432e-02   3.4999026e-02   3.0347433e-02   2.8672905e-02
   9.9000000e+00   5.8166411e-02   5.8280679e-02   5.8288344e-02   5.9541356e-02   6.2697735e-02   6.4591952e-02   5.8926238e-02   4.5707955e-02   3.4953142e-02   3.0330234e-02   2.8666787e-02
   1.0350000e+01   5.4584886e-02   5.4929724e-02   5.5828254e-02   5.9586232e-02   6.3289694e-02   6.4753317e-02   5.8747065e-02   4.5593509e-02   3.4905132e-02   3.0312235e-02   2.8660385e-02
   1.0800000e+01   4.9154056e-02   5.1555098e-02   5.3505876e-02   5.9700038e-02   6.3908902e-02   6.4909759e-02   5.8559482e-02   4.5474111e-02   3.4854998e-02   3.0293437e-02   2.8653698e-02
   1.1250000e+01   4.1273412e-02   4.8104511e-02   5.1479647e-02   5.9907553e-02   6.4554695e-02   6.5059856e-02   5.8363448e-02   4.5349778e-02   3.4802740e-02   3.0273839e-02   2.8646727e-02
   1.1700000e+01   3.9237767e-02   4.4463177e-02   4.9961181e-02   6.0230423e-02   6.5226105e-02   6.5202161e-02   5.8158924e-02   4.5220529e-02   3.4748360e-02   3.0253442e-02   2.8639471e-02
   1.2150000e+01   3.9107662e-02   4.0797230e-02   4.9200984e-02   6.0686037e-02   6.5921815e-02   6.5335208e-02   5.7945870e-02   4.5086381e-02   3.4691859e-02   3.0232246e-02   2.8631930e-02
   1.2600000e+01   3.9103426e-02   3.9760644e-02   4.9408129e-02   6.1286668e-02   6.6640118e-02   6.5457517e-02   5.7724251e-02   4.4947357e-02   3.4633238e-02   3.0210250e-02   2.8624105e-02
   1.3050000e+01   3.9143711e-02   4.3429691e-02   5.0638803e-02   6.2038958e-02   6.7378882e-02   6.5567599e-02   5.7494032e-02   4.4803474e-02   3.4572499e-02   3.0187455e-02   2.8615996e-02
   1.3500000e+01   4.0221447e-02   4.8212302e-02   5.2761585e-02   6.2943750e-02   6.8135518e-02   6.5663963e-02   5.7255182e-02   4.4654756e-02   3.4509643e-02   3.0163860e-02   2.8607602e-02
   1.3950000e+01   4.8792054e-02   5.2752823e-02   5.5539976e-02   6.3996305e-02   6.8906950e-02   6.5745120e-02   5.7007675e-02   4.4501222e-02   3.4444672e-02   3.0139467e-02   2.8598923e-02
   1.4400000e+01   5.6880589e-02   5.7141716e-02   5.8740998e-02   6.5186850e-02   6.9689600e-02   6.5809591e-02   5.6751486e-02   4.4342898e-02   3.4377587e-02   3.0114275e-02   2.8589960e-02
   1.4850000e+01   6.1592084e-02   6.1479019e-02   6.2185240e-02   6.6501424e-02   7.0479373e-02   6.5855911e-02   5.6486593e-02   4.4179804e-02   3.4308390e-02   3.0088283e-02   2.8580712e-02
   1.5300000e+01   6.6091874e-02   6.5806464e-02   6.5741282e-02   6.7922931e-02   7.1271652e-02   6.5882639e-02   5.6212982e-02   4.4011967e-02   3.4237083e-02   3.0061493e-02   2.8571180e-02
   1.5750000e+01   7.2117676e-02   7.0148534e-02   6.9299446e-02   6.9432332e-02   7.2061306e-02   6.5888362e-02   5.5930639e-02   4.3839409e-02   3.4163667e-02   3.0033903e-02   2.8561364e-02
   1.6200000e+01   8.2271679e-02   7.4536984e-02   7.2744556e-02   7.1009842e-02   7.2842703e-02   6.5871701e-02   5.5639558e-02   4.3662158e-02   3.4088143e-02   3.0005515e-02   2.8551263e-02
   1.6650000e+01   8.6481789e-02   7.9037610e-02   7.5936196e-02   7.2636074e-02   7.3609732e-02   6.5831318e-02   5.5339737e-02   4.3480239e-02   3.4010515e-02   2.9976329e-02   2.8540877e-02
   1.7100000e+01   8.6823421e-02   8.3606018e-02   7.8711432e-02   7.4293000e-02   7.4355842e-02   6.5765925e-02   5.5031178e-02   4.3293679e-02   3.3930783e-02   2.9946343e-02   2.8530207e-02
   1.7550000e+01   8.6837474e-02   8.6768189e-02   8.0928790e-02   7.5964667e-02   7.5074081e-02   6.5674288e-02   5.4713891e-02   4.3102507e-02   3.3848950e-02   2.9915559e-02   2.8519252e-02
   1.8000000e+01   8.6834977e-02   8.6902047e-02   8.2537580e-02   7.7637617e-02   7.5757153e-02   6.5555231e-02   5.4387890e-02   4.2906749e-02   3.3765017e-02   2.9883977e-02   2.8508013e-02
   1.8450000e+01   8.6754754e-02   8.6306524e-02   8.3607052e-02   7.9300954e-02   7.6397482e-02   6.5407649e-02   5.4053196e-02   4.2706436e-02   3.3678987e-02   2.9851596e-02   2.8496490e-02
   1.8900000e+01   8.6122504e-02   8.5890400e-02   8.4281054e-02   8.0946075e-02   7.6987280e-02   6.5230507e-02   5.3709834e-02   4.2501597e-02   3.3590862e-02   2.9818417e-02   2.8484682e-02
   1.9350000e+01   8.5581761e-02   8.5555564e-02   8.4709243e-02   8.2566073e-02   7.7518635e-02   6.5022851e-02   5.3357840e-02   4.2292263e-02   3.3500643e-02   2.9784440e-02   2.8472589e-02
   1.9800000e+01   8.5246560e-02   8.5238567e-02   8.5012318e-02   8.4154871e-02   7.7983589e-02   6.4783810e-02   5.2997252e-02   4.2078464e-02   3.3408334e-02   2.9749664e-02   2.8460212e-02
   2.0250000e+01   8.4929931e-02   8.4924168e-02   8.5284390e-02   8.5706156e-02   7.8374242e-02   6.4512602e-02   5.2628117e-02   4.1860234e-02   3.3313936e-02   2.9714091e-02   2.8447551e-02
   2.0700000e+01   8.4613961e-02   8.4606897e-02   8.5611486e-02   8.7212215e-02   7.8682843e-02   6.4208541e-02   5.2250490e-02   4.1637605e-02   3.3217451e-02   2.9677720e-02   2.8434605e-02
   2.1150000e+01   8.4297636e-02   8.4268434e-02   8.6093249e-02   8.8662770e-02   7.8901898e-02   6.3871039e-02   5.1864432e-02   4.1410609e-02   3.3118882e-02   2.9640551e-02   2.8421374e-02
   2.1600000e+01   8.3980841e-02   8.3831121e-02   8.6860733e-02   9.0043944e-02   7.9024271e-02   6.3499610e-02   5.1470010e-02   4.1179281e-02   3.3018232e-02   2.9602584e-02   2.8407859e-02
   2.2050000e+01   8.3643874e-02   8.3190752e-02   8.8074232e-02   9.1337439e-02   7.9043292e-02   6.3093875e-02   5.1067301e-02   4.0943656e-02   3.2915502e-02   2.9563820e-02   2.8394060e-02
   2.2500000e+01   8.3347154e-02   8.3615409e-02   8.9878256e-02   9.2520053e-02   7.8952857e-02   6.2653565e-02   5.0656388e-02   4.0703768e-02   3.2810696e-02   2.9524258e-02   2.8379976e-02
   2.2950000e+01   8.8011733e-02   8.7542377e-02   9.2323885e-02   9.3563595e-02   7.8747530e-02   6.2178523e-02   5.0237362e-02   4.0459655e-02   3.2703816e-02   2.9483899e-02   2.8365608e-02
   2.3400000e+01   9.2714370e-02   9.2530599e-02   9.5327170e-02   9.4435244e-02   7.8422639e-02   6.1668703e-02   4.9810320e-02   4.0211353e-02   3.2594864e-02   2.9442742e-02   2.8350956e-02
   2.3850000e+01   9.7393771e-02   9.7312223e-02   9.8710466e-02   9.5098386e-02   7.7974360e-02   6.1124177e-02   4.9375370e-02   3.9958899e-02   3.2483844e-02   2.9400788e-02   2.8336018e-02
   2.4300000e+01   1.0206847e-01   1.0199170e-01   1.0227738e-01   9.5513877e-02   7.7399800e-02   6.0545133e-02   4.8932624e-02   3.9702331e-02   3.2370758e-02   2.9358038e-02   2.8320797e-02
   2.4750000e+01   1.0673794e-01   1.0664748e-01   1.0585235e-01   9.5641702e-02   7.6697059e-02   5.9931873e-02   4.8482204e-02   3.9441688e-02   3.2255608e-02   2.9314490e-02   2.8305291e-02
   2.5200000e+01   1.1141714e-01   1.1130094e-01   1.0927421e-01   9.5442914e-02   7.5865290e-02   5.9284817e-02   4.8024238e-02   3.9177010e-02   3.2138398e-02   2.9270146e-02   2.8289501e-02
   2.5650000e+01   1.1637081e-01   1.1596853e-01   1.1236371e-01   9.4881756e-02   7.4904740e-02   5.8604498e-02   4.7558864e-02   3.8908336e-02   3.2019131e-02   2.9225005e-02   2.8273426e-02
   2.6100000e+01   1.2436201e-01   1.2070798e-01   1.1487795e-01   9.3927813e-02   7.3816771e-02   5.7891562e-02   4.7086224e-02   3.8635707e-02   3.1897809e-02   2.9179067e-02   2.8257067e-02
   2.6550000e+01   1.3370536e-01   1.2573193e-01   1.1646493e-01   9.2558052e-02   7.2603878e-02   5.7146767e-02   4.6606472e-02   3.8359165e-02   3.1774437e-02   2.9132333e-02   2.8240423e-02
   2.7000000e+01   1.3488975e-01   1.3131915e-01   1.1666256e-01   9.0758607e-02   7.1269673e-02   5.6370977e-02   4.6119764e-02   3.8078751e-02   3.1649015e-02   2.9084802e-02   2.8223495e-02
   2.7450000e+01   1.3492657e-01   1.3433960e-01   1.1501464e-01   8.8526173e-02   6.9818869e-02   5.5565160e-02   4.5626267e-02   3.7794508e-02   3.1521549e-02   2.9036476e-02   2.8206283e-02
   2.7900000e+01   1.3489247e-01   1.2738037e-01   1.1129584e-01   8.5868906e-02   6.8257234e-02   5.4730387e-02   4.5126153e-02   3.7506479e-02   3.1392041e-02   2.8987353e-02   2.8188786e-02
   2.8350000e+01   1.3405818e-01   1.1600387e-01   1.0565958e-01   8.2806737e-02   6.6591532e-02   5.3867822e-02   4.4619603e-02   3.7214709e-02   3.1260494e-02   2.8937435e-02   2.8171005e-02
   2.8800000e+01   1.2377746e-01   1.0491270e-01   9.8542378e-02   7.9371098e-02   6.4829455e-02   5.2978720e-02   4.4106804e-02   3.6919241e-02   3.1126912e-02   2.8886720e-02   2.8152939e-02
   2.9250000e+01   9.8982299e-02   9.4175493e-02   9.0435931e-02   7.5604041e-02   6.2979527e-02   5.2064421e-02   4.3587947e-02   3.6620120e-02   3.0991298e-02   2.8835211e-02   2.8134589e-02
   2.9700000e+01   8.4267832e-02   8.3569458e-02   8.1739637e-02   7.1556825e-02   6.1051007e-02   5.1126344e-02   4.3063234e-02   3.6317392e-02   3.0853656e-02   2.8782905e-02   2.8115955e-02
   3.0150000e+01   7.3279750e-02   7.3001615e-02   7.2742654e-02   6.7288062e-02   5.9053772e-02   5.0165981e-02   4.2532869e-02   3.6011104e-02   3.0713989e-02   2.8729805e-02   2.8097036e-02
   3.0600000e+01   6.1774704e-02   6.2413281e-02   6.3669540e-02   6.2861532e-02   5.6998195e-02   4.9184890e-02   4.1997064e-02   3.5701302e-02   3.0572300e-02   2.8675909e-02   2.8077833e-02
   3.1050000e+01   4.2023228e-02   5.1727331e-02   5.4735985e-02   5.8343821e-02   5.4895015e-02   4.8184685e-02   4.1456036e-02   3.5388033e-02   3.0428594e-02   2.8621218e-02   2.8058346e-02
   3.1500000e+01   2.1094592e-02   4.0811884e-02   4.6194773e-02   5.3801911e-02   5.2755200e-02   4.7167035e-02   4.0910008e-02   3.5071346e-02   3.0282874e-02   2.8565732e-02   2.8038574e-02
   3.1950000e+01   1.8462964e-02   2.9656610e-02   3.8350987e-02   4.9300865e-02   5.0589812e-02   4.6133649e-02   4.0359209e-02   3.4751288e-02   3.0135143e-02   2.8509452e-02   2.8018518e-02
   3.2400000e+01   1.8364729e-02   2.0195421e-02   3.1509194e-02   4.4901729e-02   4.8409866e-02   4.5086277e-02   3.9803870e-02   3.4427909e-02   2.9985406e-02   2.8452377e-02   2.7998177e-02
   3.2850000e+01   1.8360993e-02   1.6413353e-02   2.5850590e-02   4.0659748e-02   4.6226201e-02   4.4026692e-02   3.9244230e-02   3.4101259e-02   2.9833667e-02   2.8394507e-02   2.7977553e-02
   3.3300000e+01   1.8296363e-02   1.5214979e-02   2.1338712e-02   3.6622959e-02   4.4049346e-02   4.2956690e-02   3.8680531e-02   3.3771387e-02   2.9679929e-02   2.8335843e-02   2.7956644e-02
   3.3750000e+01   1.7281388e-02   1.3780165e-02   1.7760768e-02   3.2831204e-02   4.1889406e-02   4.1878080e-02   3.8113018e-02   3.3438344e-02   2.9524196e-02   2.8276386e-02   2.7935450e-02
   3.4200000e+01   1.3351951e-02   1.2145142e-02   1.4859211e-02   2.9315561e-02   3.9755946e-02   4.0792675e-02   3.7541942e-02   3.3102181e-02   2.9366473e-02   2.8216134e-02   2.7913973e-02
   3.4650000e+01   1.0644035e-02   1.0473942e-02   1.2429148e-02   2.6098178e-02   3.7657896e-02   3.9702285e-02   3.6967556e-02   3.2762950e-02   2.9206763e-02   2.8155088e-02   2.7892211e-02
   3.5100000e+01   8.8582179e-03   8.8028152e-03   1.0341833e-02   2.3192443e-02   3.5603466e-02   3.8608709e-02   3.6390116e-02   3.2420703e-02   2.9045071e-02   2.8093249e-02   2.7870164e-02
   3.5550000e+01   7.0146710e-03   7.1281471e-03   8.5308466e-03   2.0603457e-02   3.3600074e-02   3.7513730e-02   3.5809881e-02   3.2075492e-02   2.8881401e-02   2.8030617e-02   2.7847834e-02
   3.6000000e+01   3.8224616e-03   5.4328345e-03   6.9767128e-03   1.8328714e-02   3.1654294e-02   3.6419102e-02   3.5227114e-02   3.1727371e-02   2.8715758e-02   2.7967191e-02   2.7825219e-02
   3.6450000e+01   4.6784572e-04   3.6803295e-03   5.7003742e-03   1.6358948e-02   2.9771817e-02   3.5326552e-02   3.4642079e-02   3.1376393e-02   2.8548145e-02   2.7902973e-02   2.7802320e-02
   3.6900000e+01   1.9090159e-05   1.8367683e-03   4.7574915e-03   1.4679070e-02   2.7957431e-02   3.4237766e-02   3.4055041e-02   3.1022612e-02   2.8378567e-02   2.7837961e-02   2.7779137e-02
   3.7350000e+01   2.8357994e-07   3.3416331e-04   4.2166055e-03   1.3269164e-02   2.6215012e-02   3.3154386e-02   3.3466268e-02   3.0666083e-02   2.8207029e-02   2.7772157e-02   2.7755669e-02
   3.7800000e+01   1.0835173e-06   5.7237215e-04   4.1154457e-03   1.2105492e-02   2.4547533e-02   3.2078004e-02   3.2876029e-02   3.0306860e-02   2.8033535e-02   2.7705560e-02   2.7731917e-02
   3.8250000e+01   3.6508509e-05   2.0546515e-03   4.4243978e-03   1.1161493e-02   2.2957094e-02   3.1010155e-02   3.2284594e-02   2.9944998e-02   2.7858090e-02   2.7638171e-02   2.7707881e-02
   3.8700000e+01   6.6787860e-04   3.6008353e-03   5.0546395e-03   1.0408743e-02   2.1444952e-02   2.9952315e-02   3.1692233e-02   2.9580553e-02   2.7680699e-02   2.7569990e-02   2.7683561e-02
   3.9150000e+01   3.8449828e-03   5.0652116e-03   5.8999813e-03   9.8178789e-03   2.0011572e-02   2.8905896e-02   3.1099216e-02   2.9213582e-02   2.7501366e-02   2.7501017e-02   2.7658956e-02
   3.9600000e+01   6.3344010e-03   6.4911757e-03   6.8697310e-03   9.3594639e-03   1.8656685e-02   2.7872239e-02   3.0505814e-02   2.8844140e-02   2.7320096e-02   2.7431252e-02   2.7634067e-02
   4.0050000e+01   7.8737897e-03   7.9038724e-03   7.8954010e-03   9.0047849e-03   1.7379357e-02   2.6852613e-02   2.9912298e-02   2.8472285e-02   2.7136894e-02   2.7360696e-02   2.7608894e-02
   4.0500000e+01   9.4382500e-03   9.3179209e-03   8.9216438e-03   8.7265781e-03   1.6178055e-02   2.5848214e-02   2.9318936e-02   2.8098074e-02   2.6951765e-02   2.7289348e-02   2.7583437e-02
   4.0950000e+01   1.2121394e-02   1.0749504e-02   9.8930099e-03   8.4996669e-03   1.5050731e-02   2.4860158e-02   2.8725997e-02   2.7721564e-02   2.6764714e-02   2.7217209e-02   2.7557696e-02
   4.1400000e+01   1.5038921e-02   1.2228375e-02   1.0741547e-02   8.3015011e-03   1.3994898e-02   2.3889482e-02   2.8133749e-02   2.7342812e-02   2.6575746e-02   2.7144279e-02   2.7531670e-02
   4.1850000e+01   1.5467661e-02   1.3787870e-02   1.1380885e-02   8.1125869e-03   1.3007707e-02   2.2937142e-02   2.7542456e-02   2.6961879e-02   2.6384867e-02   2.7070559e-02   2.7505360e-02
   4.2300000e+01   1.5487451e-02   1.5130007e-02   1.1718361e-02   7.9167940e-03   1.2086031e-02   2.2004011e-02   2.6952383e-02   2.6578820e-02   2.6192081e-02   2.6996048e-02   2.7478766e-02
   4.2750000e+01   1.5487194e-02   1.5023234e-02   1.1690705e-02   7.7015317e-03   1.1226534e-02   2.1090881e-02   2.6363790e-02   2.6193697e-02   2.5997394e-02   2.6920746e-02   2.7451888e-02
   4.3200000e+01   1.5461524e-02   1.3611283e-02   1.1299369e-02   7.4577889e-03   1.0425748e-02   2.0198460e-02   2.5776937e-02   2.5806567e-02   2.5800810e-02   2.6844655e-02   2.7424726e-02
   4.3650000e+01   1.4955026e-02   1.2060776e-02   1.0607959e-02   7.1800385e-03   9.6801361e-03   1.9327375e-02   2.5192080e-02   2.5417490e-02   2.5602337e-02   2.6767774e-02   2.7397279e-02
   4.4100000e+01   1.1919119e-02   1.0588285e-02   9.7045108e-03   6.8660139e-03   8.9861548e-03   1.8478170e-02   2.4609471e-02   2.5026526e-02   2.5401978e-02   2.6690103e-02   2.7369549e-02
   4.4550000e+01   9.3028952e-03   9.1581947e-03   8.6672091e-03   6.5163727e-03   8.3403043e-03   1.7651310e-02   2.4029361e-02   2.4633734e-02   2.5199740e-02   2.6611642e-02   2.7341534e-02
   4.5000000e+01   7.7439280e-03   7.7437101e-03   7.5537354e-03   6.1342676e-03   7.7391765e-03   1.6847180e-02   2.3451996e-02   2.4239174e-02   2.4995629e-02   2.6532393e-02   2.7313235e-02
   4.5450000e+01   6.1849608e-03   6.3294120e-03   6.4065199e-03   5.7248523e-03   7.1794924e-03   1.6066091e-02   2.2877618e-02   2.3842908e-02   2.4789649e-02   2.6452354e-02   2.7284652e-02
   4.5900000e+01   3.5687372e-03   4.9015961e-03   5.2622196e-03   5.2947493e-03   6.6581332e-03   1.5308275e-02   2.2306466e-02   2.3444995e-02   2.4581807e-02   2.6371527e-02   2.7255785e-02
   4.6350000e+01   5.3283051e-04   3.4432951e-03   4.1602539e-03   4.8515103e-03   6.1721632e-03   1.4573898e-02   2.1738772e-02   2.3045495e-02   2.4372108e-02   2.6289911e-02   2.7226634e-02
   4.6800000e+01   2.6339125e-05   1.9464727e-03   3.1476110e-03   4.4030975e-03   5.7188463e-03   1.3863051e-02   2.1174768e-02   2.2644471e-02   2.4160559e-02   2.6207507e-02   2.7197199e-02
   4.7250000e+01   6.9697261e-07   5.6898821e-04   2.2747552e-03   3.9574102e-03   5.2956560e-03   1.3175762e-02   2.0614677e-02   2.2241983e-02   2.3947164e-02   2.6124315e-02   2.7167480e-02
   4.7700000e+01  -3.6013318e-08  -8.7684362e-05   1.5791937e-03   3.5218781e-03   4.9002782e-03   1.2511996e-02   2.0058719e-02   2.1838092e-02   2.3731932e-02   2.6040335e-02   2.7137476e-02
   4.8150000e+01  -8.9759247e-09  -7.9794140e-05   1.0669555e-03   3.1031349e-03   4.5306108e-03   1.1871657e-02   1.9507109e-02   2.1432860e-02   2.3514867e-02   2.5955567e-02   2.7107189e-02
   4.8600000e+01  -1.0092137e-09  -1.9829723e-05   7.1147475e-04   2.7067816e-03   4.1847567e-03   1.1254595e-02   1.8960056e-02   2.1026348e-02   2.3295975e-02   2.5870013e-02   2.7076618e-02
   4.9050000e+01  -3.7132504e-11  -2.7503487e-06   4.7158895e-04   2.3372394e-03   3.8610144e-03   1.0660605e-02   1.8417764e-02   2.0618617e-02   2.3075263e-02   2.5783671e-02   2.7045762e-02
   4.9500000e+01  -2.8006481e-13   8.0269635e-08   3.1001960e-04   1.9976897e-03   3.5578652e-03   1.0089435e-02   1.7880430e-02   2.0209729e-02   2.2852738e-02   2.5696542e-02   2.7014623e-02
   4.9950000e+01   1.0839860e-15   2.3061028e-07   2.0042296e-04   1.6900904e-03   3.2739584e-03   9.5407859e-03   1.7348248e-02   1.9799747e-02   2.2628405e-02   2.5608626e-02   2.6983199e-02
   5.0400000e+01   1.5484897e-16   1.1061476e-07   1.2603246e-04   1.4152554e-03   3.0080945e-03   9.0143189e-03   1.6821403e-02   1.9388731e-02   2.2402271e-02   2.5519925e-02   2.6951491e-02
   5.0850000e+01   6.5685257e-18   3.9659285e-08   7.6208433e-05   1.1729827e-03   2.7592079e-03   8.5096565e-03   1.6300076e-02   1.8976744e-02   2.2174342e-02   2.5430437e-02   2.6919500e-02
   5.1300000e+01   7.4851702e-20   1.1874622e-08   4.3816027e-05   9.6221373e-04   2.5263502e-03   8.0263870e-03   1.5784439e-02   1.8563847e-02   2.1944626e-02   2.5340163e-02   2.6887224e-02
   5.1750000e+01   2.6535174e-22   2.7961341e-09   2.3734549e-05   7.8121012e-04   2.3086722e-03   7.5640684e-03   1.5274661e-02   1.8150103e-02   2.1713128e-02   2.5249104e-02   2.6854665e-02
   5.2200000e+01   5.2354509e-25   3.5284739e-10   1.2080557e-05   6.2773366e-04   2.1054083e-03   7.1222313e-03   1.4770903e-02   1.7735573e-02   2.1479855e-02   2.5157260e-02   2.6821821e-02
   5.2650000e+01  -1.1562284e-27  -2.0206387e-11   5.8363848e-06   4.9921819e-04   1.9158610e-03   6.7003829e-03   1.4273319e-02   1.7320320e-02   2.1244815e-02   2.5064631e-02   2.6788694e-02
   5.3100000e+01  -2.3638274e-29  -8.4893718e-12   2.7432402e-06   3.9292532e-04   1.7393869e-03   6.2980101e-03   1.3782056e-02   1.6904404e-02   2.1008014e-02   2.4971216e-02   2.6755283e-02
   5.3550000e+01  -1.8347371e-31  -8.9953559e-13   1.2911195e-06   3.0607805e-04   1.5753850e-03   5.9145825e-03   1.3297256e-02   1.6487888e-02   2.0769459e-02   2.4877018e-02   2.6721587e-02
   5.4000000e+01  -4.6178081e-34  -6.0803828e-14   6.1781778e-07   2.3596918e-04   1.4232860e-03   5.5495558e-03   1.2819053e-02   1.6070835e-02   2.0529156e-02   2.4782035e-02   2.6687608e-02
   5.4450000e+01  -2.3744193e-37  -2.1350723e-15   2.9882404e-07   1.8004371e-04   1.2825433e-03   5.2023744e-03   1.2347574e-02   1.5653304e-02   2.0287114e-02   2.4686268e-02   2.6653345e-02
   5.4900000e+01  -1.1144076e-41   1.8705842e-16   1.4340485e-07   1.3595618e-04   1.1526266e-03   4.8724744e-03   1.1882939e-02   1.5235359e-02   2.0043339e-02   2.4589718e-02   2.6618798e-02
   5.5350000e+01   2.6452108e-43   5.5658647e-17   6.6901370e-08   1.0160549e-04   1.0330156e-03   4.5592862e-03   1.1425262e-02   1.4817060e-02   1.9797839e-02   2.4492384e-02   2.6583967e-02
   5.5800000e+01   7.9666056e-46   8.6667530e-18   2.9805158e-08   7.5150476e-05   9.2319714e-04   4.2622364e-03   1.0974650e-02   1.4398470e-02   1.9550620e-02   2.4394267e-02   2.6548852e-02
   5.6250000e+01   7.1924800e-49   1.0621717e-18   1.2489026e-08   5.5010045e-05   8.2266187e-04   3.9807510e-03   1.0531201e-02   1.3979649e-02   1.9301690e-02   2.4295367e-02   2.6513453e-02
   5.6700000e+01   1.8411338e-52   1.0223943e-19   4.8624659e-09   3.9851785e-05   7.3090354e-04   3.7142567e-03   1.0095009e-02   1.3560658e-02   1.9051056e-02   2.4195685e-02   2.6477771e-02
   5.7150000e+01   2.6254748e-56   5.6427883e-21   1.7505320e-09   2.8572569e-05   6.4741859e-04   3.4621831e-03   9.6661586e-03   1.3141559e-02   1.8798726e-02   2.4095221e-02   2.6441804e-02
   5.7600000e+01  -2.1558337e-60  -8.3420135e-23   5.8927214e-10   2.0274359e-05   5.7170671e-04   3.2239646e-03   9.2447286e-03   1.2722412e-02   1.8544708e-02   2.3993974e-02   2.6405554e-02
   5.8050000e+01  -4.0547858e-63  -1.9819484e-23   1.9183991e-10   1.4237776e-05   5.0327222e-04   2.9990419e-03   8.8307906e-03   1.2303278e-02   1.8289009e-02   2.3891947e-02   2.6369020e-02
   5.8500000e+01  -2.1430109e-66  -8.5750656e-25   6.3265074e-11   9.8954399e-06   4.4162574e-04   2.7868632e-03   8.4244092e-03   1.1884218e-02   1.8031636e-02   2.3789137e-02   2.6332202e-02
   5.8950000e+01  -3.4780364e-70  -2.3898792e-26   2.1757635e-11   6.8065416e-06   3.8628630e-04   2.5868860e-03   8.0256423e-03   1.1465292e-02   1.7772598e-02   2.3685547e-02   2.6295100e-02
   5.9400000e+01  -1.1181138e-74  -4.2537940e-28   7.7410237e-12   4.6335767e-06   3.3678356e-04   2.3985778e-03   7.6345408e-03   1.1046559e-02   1.7511903e-02   2.3581176e-02   2.6257715e-02
   5.9850000e+01  -1.0996308e-79   2.8888867e-30   2.7613842e-12   3.1217924e-06   2.9266005e-04   2.2214172e-03   7.2511491e-03   1.0628080e-02   1.7249557e-02   2.3476025e-02   2.6220046e-02
   6.0300000e+01   2.9863484e-83   7.8973209e-31   9.5675879e-13   2.0815567e-06   2.5347340e-04   2.0548948e-03   6.8755044e-03   1.0209914e-02   1.6985570e-02   2.3370093e-02   2.6182092e-02
   6.0750000e+01   6.5683799e-87   5.2443664e-32   3.1434242e-13   1.3736220e-06   2.1879831e-04   1.8985142e-03   6.5076379e-03   9.7921200e-03   1.6719949e-02   2.3263382e-02   2.6143856e-02
   6.1200000e+01   5.4369697e-91   2.5948312e-33   9.6165971e-14   8.9709565e-07   1.8822841e-04   1.7517919e-03   6.1475739e-03   9.3747574e-03   1.6452702e-02   2.3155891e-02   2.6105335e-02
   6.1650000e+01   1.1127978e-95   1.0128009e-34   2.6999374e-14   5.7982963e-07   1.6137767e-04   1.6142586e-03   5.7953302e-03   8.9578847e-03   1.6183838e-02   2.3047621e-02   2.6066531e-02
   6.2100000e+01  1.1418670e-100   2.4274906e-36   6.9033808e-15   3.7089387e-07   1.3788170e-04   1.4854592e-03   5.4509184e-03   8.5415603e-03   1.5913364e-02   2.2938573e-02   2.6027443e-02
   6.2550000e+01 -2.6477427e-106  -6.1933977e-39   1.6226726e-15   2.3479234e-07   1.1739853e-04   1.3649530e-03   5.1143440e-03   8.1258421e-03   1.5641290e-02   2.2828746e-02   2.5988071e-02
   6.3000000e+01 -6.1102039e-110  -1.2074771e-39   3.6467205e-16   1.4709589e-07   9.9609192e-05   1.2523142e-03   4.7856059e-03   7.7107880e-03   1.5367623e-02   2.2718140e-02   2.5948416e-02
   6.3450000e+01 -2.1669885e-114  -2.1026279e-41   8.3634445e-17   9.1200415e-08   8.4217901e-05   1.1471317e-03   4.4646976e-03   7.2964551e-03   1.5092372e-02   2.2606757e-02   2.5908477e-02
   6.3900000e+01 -2.0010530e-119  -2.3308530e-43   2.0576450e-17   5.5958990e-08   7.0952000e-05   1.0490094e-03   4.1516061e-03   6.8829006e-03   1.4815545e-02   2.2494596e-02   2.5868254e-02
   6.4350000e+01 -3.6304262e-125  -1.7819389e-45   5.3892466e-18   3.3979493e-08   5.9561583e-05   9.5756629e-04   3.8463131e-03   6.4701809e-03   1.4537152e-02   2.2381659e-02   2.5827747e-02
   6.4800000e+01 -3.0083986e-131  -1.6109176e-48   1.4327870e-18   2.0419040e-08   4.9818904e-05   8.7243590e-04   3.5487945e-03   6.0583524e-03   1.4257200e-02   2.2267944e-02   2.5786957e-02
   6.5250000e+01  2.2979297e-136   3.0835187e-49   3.6942426e-19   1.2142922e-08   4.1517572e-05   7.9326661e-04   3.2590206e-03   5.6474708e-03   1.3975698e-02   2.2153453e-02   2.5745884e-02
   6.5700000e+01  3.8890850e-141   8.7278135e-51   8.9642046e-20   7.1462745e-09   3.4471580e-05   7.1972130e-04   2.9769566e-03   5.2375914e-03   1.3692656e-02   2.2038185e-02   2.5704526e-02
   6.6150000e+01  4.9884745e-146   1.7341162e-52   2.0061721e-20   4.1620322e-09   2.8514204e-05   6.5147712e-04   2.7025623e-03   4.8287693e-03   1.3408082e-02   2.1922142e-02   2.5662886e-02
   6.6600000e+01  5.5857682e-151   2.7312752e-54   4.0742843e-21   2.3988486e-09   2.3496800e-05   5.8822530e-04   2.4357926e-03   4.4210590e-03   1.3121984e-02   2.1805324e-02   2.5620961e-02
   6.7050000e+01  4.6606849e-156   2.8081613e-56   7.4248460e-22   1.3682837e-09   1.9287539e-05   5.2967079e-04   2.1765974e-03   4.0145146e-03   1.2834373e-02   2.1687730e-02   2.5578753e-02
   6.7500000e+01  4.1706920e-167   8.4075931e-60   1.2192595e-22   7.7238043e-10   1.5770118e-05   4.7553198e-04   1.9249221e-03   3.6091895e-03   1.2545256e-02   2.1569362e-02   2.5536261e-02
   6.7950000e+01 -5.3130586e-168  -1.9007489e-60   1.8749010e-23   4.3149429e-10   1.2842447e-05   4.2554039e-04   1.6807072e-03   3.2051371e-03   1.2254644e-02   2.1450219e-02   2.5493486e-02
   6.8400000e+01 -7.2583733e-175  -1.3324332e-62   2.9324786e-24   2.3856943e-10   1.0415368e-05   3.7944024e-04   1.4438891e-03   2.8024098e-03   1.1962545e-02   2.1330302e-02   2.5450427e-02
   6.8850000e+01 -7.3830835e-182  -5.8316705e-65   5.0707629e-25   1.3054410e-10   8.4113997e-06   3.3698818e-04   1.2143999e-03   2.4010600e-03   1.1668969e-02   2.1209611e-02   2.5407085e-02
   6.9300000e+01 -6.4992464e-189  -1.8356769e-67   9.7217041e-26   7.0698132e-11   6.7635390e-06   2.9795283e-04   9.9216753e-04   2.0011390e-03   1.1373925e-02   2.1088148e-02   2.5363459e-02
   6.9750000e+01 -3.7917508e-196  -1.9927199e-70   1.9299052e-26   3.7894014e-11   5.4141231e-06   2.6211441e-04   7.7711621e-04   1.6026982e-03   1.1077422e-02   2.0965911e-02   2.5319550e-02
   7.0200000e+01  1.2235620e-202   3.1947560e-72   3.7157665e-27   2.0102348e-11   4.3137635e-06   2.2926440e-04   5.6916634e-04   1.2057880e-03   1.0779470e-02   2.0842901e-02   2.5275357e-02
   7.0650000e+01  1.3830519e-208   3.8910632e-74   6.6828492e-28   1.0554452e-11   3.4203582e-06   1.9920507e-04   3.6823483e-04   8.1045857e-04   1.0480078e-02   2.0719120e-02   2.5230881e-02
   7.1100000e+01  8.5932698e-215   3.0653402e-76   1.0990142e-28   5.4844643e-12   2.6981844e-06   1.7174913e-04   1.7423522e-04   4.1675928e-04   1.0179256e-02   2.0594567e-02   2.5186121e-02
   7.1550000e+01  1.0607551e-221   1.8880158e-78   1.6258988e-29   2.8205694e-12   2.1170715e-06   1.4671934e-04  -1.2922122e-05   2.4739093e-05   9.8770134e-03   2.0469242e-02   2.5141078e-02
   7.2000000e+01  3.4164812e-229   7.7789704e-81   2.1360135e-30   1.4356060e-12   1.6516558e-06   1.2394808e-04  -1.9332986e-04  -3.6555365e-04   9.5733604e-03   2.0343146e-02   2.5095752e-02
   7.2450000e+01  1.7434247e-237   4.5957277e-84   2.4909041e-31   7.2313296e-13   1.2807123e-06   1.0327702e-04  -3.6708346e-04  -7.5407119e-04   9.2683064e-03   2.0216280e-02   2.5050142e-02
   7.2900000e+01 -8.2510719e-244  -7.0369503e-86   2.6666945e-32   3.6047035e-13   9.8656024e-07   8.4556666e-05  -5.3428107e-04  -1.1407663e-03   8.9618614e-03   2.0088643e-02   2.5004248e-02
   7.3350000e+01 -9.1948411e-251  -2.1326181e-88   2.8694861e-33   1.7781459e-13   7.5453912e-07   6.7646066e-05  -6.9502332e-04  -1.5255925e-03   8.6540352e-03   1.9960236e-02   2.4958072e-02
   7.3800000e+01 -5.1272306e-258  -3.7806083e-91   3.4786014e-34   8.6792262e-14   5.7254836e-07   5.2412384e-05  -8.4941314e-04  -1.9085038e-03   8.3448379e-03   1.9831060e-02   2.4911612e-02
   7.4250000e+01 -7.0177804e-266  -4.8516601e-94   4.8526837e-35   4.1914865e-14   4.3064680e-07   3.8730566e-05  -9.9755561e-04  -2.2894548e-03   8.0342794e-03   1.9701115e-02   2.4864868e-02
   7.4700000e+01 -3.2868685e-274  -2.9113241e-97   7.1473636e-36   2.0024905e-14   3.2070557e-07   2.6482986e-05  -1.1395578e-03  -2.6684009e-03   7.7223699e-03   1.9570401e-02   2.4817841e-02
   7.5150000e+01  3.6401177e-282  8.7790668e-100   1.0208055e-36   9.4625735e-15   2.3610947e-07   1.5559105e-05  -1.2755285e-03  -3.0452979e-03   7.4091195e-03   1.9438919e-02   2.4770531e-02
   7.5600000e+01  2.8322145e-289  4.6793504e-102   1.3523708e-37   4.4215864e-15   1.7150120e-07   5.8551417e-06  -1.4055783e-03  -3.4201023e-03   7.0945385e-03   1.9306668e-02   2.4722938e-02
   7.6050000e+01  9.8607100e-297  1.4551784e-104   1.6258675e-38   2.0423716e-15   1.2256390e-07  -2.7262509e-06  -1.5298192e-03  -3.7927715e-03   6.7786371e-03   1.9173651e-02   2.4675061e-02
   7.6500000e+01  6.9275464e-305  3.4872851e-107   1.7454760e-39   9.3215848e-16   8.5836860e-08  -1.0276294e-05  -1.6483643e-03  -4.1632633e-03   6.4614258e-03   1.9039866e-02   2.4626901e-02
   7.6950000e+01  1.5000686e-313  5.7313170e-110   1.6491067e-40   4.2013726e-16   5.8560533e-08  -1.6880385e-05  -1.7613283e-03  -4.5315362e-03   6.1429148e-03   1.8905315e-02   2.4578458e-02
   7.7400000e+01   0.0000000e+00  2.2443701e-113   1.3637154e-41   1.8685467e-16   3.8546635e-08  -2.2618387e-05  -1.8688264e-03  -4.8975494e-03   5.8231148e-03   1.8769997e-02   2.4529731e-02
   7.7850000e+01   0.0000000e+00 -7.0165791e-116   1.0133283e-42   8.1918151e-17   2.4069951e-08  -2.7564913e-05  -1.9709752e-03  -5.2612628e-03   5.5020361e-03   1.8633914e-02   2.4480722e-02
   7.8300000e+01   0.0000000e+00 -9.3248154e-119   7.4324908e-44   3.5352166e-17   1.3778665e-08  -3.1789589e-05  -2.0678914e-03  -5.6226369e-03   5.1796895e-03   1.8497065e-02   2.4431429e-02
   7.8750000e+01   0.0000000e+00 -6.6864567e-122   6.2494950e-45   1.4989473e-17   6.6204253e-09  -3.5357322e-05  -2.1596928e-03  -5.9816332e-03   4.8560855e-03   1.8359451e-02   2.4381852e-02
   7.9200000e+01   0.0000000e+00 -3.4621744e-125   6.3398939e-46   6.2278617e-18   1.7817005e-09  -3.8328545e-05  -2.2464973e-03  -6.3382134e-03   4.5312349e-03   1.8221073e-02   2.4331993e-02
   7.9650000e+01   0.0000000e+00 -9.8268775e-129   6.9642879e-47   2.5258918e-18  -1.3616837e-09  -4.0759461e-05  -2.3284232e-03  -6.6923403e-03   4.2051484e-03   1.8081931e-02   2.4281851e-02
   8.0100000e+01   0.0000000e+00  6.3263860e-132   7.4097785e-48   9.9430378e-19  -3.2846847e-09  -4.2702274e-05  -2.4055888e-03  -7.0439772e-03   3.8778369e-03   1.7942025e-02   2.4231425e-02
   8.0550000e+01   0.0000000e+00  1.5454263e-134   7.2484866e-49   3.7641291e-19  -4.3454289e-09  -4.4205409e-05  -2.4781128e-03  -7.3930882e-03   3.5493112e-03   1.7801356e-02   2.4180716e-02
   8.1000000e+01   0.0000000e+00  1.9075586e-137   6.3790495e-50   1.3486289e-19  -4.8111942e-09  -4.5313725e-05  -2.5461133e-03  -7.7396381e-03   3.2195822e-03   1.7659923e-02   2.4129724e-02
   8.1450000e+01   0.0000000e+00  1.7869838e-140   4.9718937e-51   4.4291980e-20  -4.8791326e-09  -4.6068723e-05  -2.6097085e-03  -8.0835925e-03   2.8886611e-03   1.7517729e-02   2.4078449e-02
   8.1900000e+01   0.0000000e+00  1.1752581e-143   3.3725069e-52   1.2308002e-20  -4.6926937e-09  -4.6508734e-05  -2.6690161e-03  -8.4249176e-03   2.5565587e-03   1.7374773e-02   2.4026891e-02
   8.2350000e+01   0.0000000e+00  2.4717238e-147   1.9588553e-53   2.0645532e-21  -4.3545606e-09  -4.6669114e-05  -2.7241535e-03  -8.7635804e-03   2.2232863e-03   1.7231055e-02   2.3975050e-02
   8.2800000e+01   0.0000000e+00 -1.9012210e-150   9.7395221e-55  -6.2374352e-22  -3.9367660e-09  -4.6582417e-05  -2.7752374e-03  -9.0995486e-03   1.8888550e-03   1.7086576e-02   2.3922926e-02
   8.3250000e+01   0.0000000e+00 -1.1235322e-153   4.3678727e-56  -9.6162866e-22  -3.4885479e-09  -4.6278568e-05  -2.8223838e-03  -9.4327906e-03   1.5532759e-03   1.6941337e-02   2.3870518e-02
   8.3700000e+01   0.0000000e+00 -3.2527043e-157   2.0781336e-57  -7.2568951e-22  -3.0424032e-09  -4.5785023e-05  -2.8657081e-03  -9.7632757e-03   1.2165605e-03   1.6795338e-02   2.3817828e-02
   8.4150000e+01   0.0000000e+00 -6.7456950e-161   1.2623499e-58  -4.5015468e-22  -2.6187112e-09  -4.5126929e-05  -2.9053246e-03  -1.0090974e-02   8.7871986e-04   1.6648579e-02   2.3764855e-02
   8.4600000e+01   0.0000000e+00 -8.4571014e-165   9.0331696e-60  -2.5365681e-22  -2.2292345e-09  -4.4327269e-05  -2.9413469e-03  -1.0415856e-02   5.3976552e-04   1.6501060e-02   2.3711598e-02
   8.5050000e+01   0.0000000e+00  1.1527065e-168   5.9581409e-61  -1.3480398e-22  -1.8797419e-09  -4.3407004e-05  -2.9738874e-03  -1.0737893e-02   1.9970886e-04   1.6352784e-02   2.3658059e-02
   8.5500000e+01   0.0000000e+00  1.4043520e-171   2.7013345e-62  -6.8815005e-23  -1.5719508e-09  -4.2385206e-05  -3.0030573e-03  -1.1057057e-02  -1.4143865e-04   1.6203748e-02   2.3604237e-02
   8.5950000e+01   0.0000000e+00  6.9310734e-175  -3.3942794e-64  -3.4095664e-23  -1.3049465e-09  -4.1279186e-05  -3.0289668e-03  -1.1373321e-02  -4.8366548e-04   1.6053956e-02   2.3550132e-02
   8.6400000e+01   0.0000000e+00  2.5654399e-178  -2.7336929e-64  -1.6503657e-23  -1.0762035e-09  -4.0104618e-05  -3.0517248e-03  -1.1686660e-02  -8.2696004e-04   1.5903406e-02   2.3495744e-02
   8.6850000e+01   0.0000000e+00  7.0440656e-182  -4.3048699e-65  -7.8385376e-24  -8.8230550e-10  -3.8875648e-05  -3.0714386e-03  -1.1997047e-02  -1.1713107e-03   1.5752099e-02   2.3441073e-02
   8.7300000e+01   0.0000000e+00  8.3573130e-186  -5.0975592e-66  -3.6645883e-24  -7.1944189e-10  -3.7605008e-05  -3.0882143e-03  -1.2304457e-02  -1.5167058e-03   1.5600036e-02   2.3386119e-02
   8.7750000e+01   0.0000000e+00 -4.6631765e-189  -5.2725143e-67  -1.6903064e-24  -5.8373842e-10  -3.6304118e-05  -3.1021567e-03  -1.2608868e-02  -1.8631337e-03   1.5447217e-02   2.3330882e-02
   8.8200000e+01   0.0000000e+00 -3.5445335e-192  -5.0207657e-68  -7.7061869e-25  -4.7146807e-10  -3.4983181e-05  -3.1133686e-03  -1.2910254e-02  -2.2105825e-03   1.5293642e-02   2.3275362e-02
   8.8650000e+01   0.0000000e+00 -1.3450380e-195  -4.5146354e-69  -3.4775263e-25  -3.7917604e-10  -3.3651280e-05  -3.1219516e-03  -1.3208595e-02  -2.5590404e-03   1.5139313e-02   2.3219560e-02
   8.9100000e+01   0.0000000e+00 -3.8002366e-199  -3.8880498e-70  -1.5551241e-25  -3.0374493e-10  -3.2316458e-05  -3.1280056e-03  -1.3503867e-02  -2.9084955e-03   1.4984230e-02   2.3163475e-02
   8.9550000e+01   0.0000000e+00 -9.2575055e-203  -3.2343105e-71  -6.8983297e-26  -2.4241908e-10  -3.0985807e-05  -3.1316288e-03  -1.3796051e-02  -3.2589360e-03   1.4828393e-02   2.3107107e-02
   9.0000000e+01   0.0000000e+00 -2.0872589e-206  -2.6120644e-72  -3.0378159e-26  -1.9280215e-10  -2.9665543e-05  -3.1329175e-03  -1.4085126e-02  -3.6103500e-03   1.4671802e-02   2.3050456e-02
