  -9.0000000e+01  -1.5911846e-04
  -8.9550000e+01  -1.6442297e-04
  -8.9100000e+01  -1.6962866e-04
  -8.8650000e+01  -1.7469889e-04
  -8.8200000e+01  -1.7959333e-04
  -8.7750000e+01  -1.8426766e-04
  -8.7300000e+01  -1.8867343e-04
  -8.6850000e+01  -1.9275770e-04
  -8.6400000e+01  -1.9646287e-04
  -8.5950000e+01  -1.9972640e-04
  -8.5500000e+01  -2.0248055e-04
  -8.5050000e+01  -2.0465212e-04
  -8.4600000e+01  -2.0616219e-04
  -8.4150000e+01  -2.0692582e-04
  -8.3700000e+01  -2.0685185e-04
  -8.3250000e+01  -2.0584258e-04
  -8.2800000e+01  -2.0379354e-04
  -8.2350000e+01  -2.0059318e-04
  -8.1900000e+01  -1.9612269e-04
  -8.1450000e+01  -1.9025568e-04
  -8.1000000e+01  -1.8285797e-04
  -8.0550000e+01  -1.7378738e-04
  -8.0100000e+01  -1.6289344e-04
  -7.9650000e+01  -1.5001725e-04
  -7.9200000e+01  -1.3499123e-04
  -7.8750000e+01  -1.1763898e-04
  -7.8300000e+01  -9.7775083e-05
  -7.7850000e+01  -7.5204965e-05
  -7.7400000e+01  -4.9724787e-05
  -7.6950000e+01  -2.1121327e-05
  -7.6500000e+01   1.0828095e-05
  -7.6050000e+01   4.6355664e-05
  -7.5600000e+01   8.5703104e-05
  -7.5150000e+01   1.2912166e-04
  -7.4700000e+01   1.7687208e-04
  -7.4250000e+01   2.2922451e-04
  -7.3800000e+01   2.8645844e-04
  -7.3350000e+01   3.4886251e-04
  -7.2900000e+01   4.1673435e-04
  -7.2450000e+01   4.9038039e-04
  -7.2000000e+01   5.7011554e-04
  -7.1550000e+01   6.5626294e-04
  -7.1100000e+01   7.4915357e-04
  -7.0650000e+01   8.4912588e-04
  -7.0200000e+01   9.5652534e-04
  -6.9750000e+01   1.0717040e-03
  -6.9300000e+01   1.1950197e-03
  -6.8850000e+01   1.3268360e-03
  -6.8400000e+01   1.4675211e-03
  -6.7950000e+01   1.6174470e-03
  -6.7500000e+01   1.7769894e-03
  -6.7050000e+01   1.9465263e-03
  -6.6600000e+01   2.1264375e-03
  -6.6150000e+01   2.3171034e-03
  -6.5700000e+01   2.5189044e-03
  -6.5250000e+01   2.7322193e-03
  -6.4800000e+01   2.9574250e-03
  -6.4350000e+01   3.1948946e-03
  -6.3900000e+01   3.4449970e-03
  -6.3450000e+01   3.7080947e-03
  -6.3000000e+01   3.9845435e-03
  -6.2550000e+01   4.2746905e-03
  -6.2100000e+01   4.5788730e-03
  -6.1650000e+01   4.8974168e-03
  -6.1200000e+01   5.2306351e-03
  -6.0750000e+01   5.5788266e-03
  -6.0300000e+01   5.9422745e-03
  -5.9850000e+01   6.3212442e-03
  -5.9400000e+01   6.7159821e-03
  -5.8950000e+01   7.1267142e-03
  -5.8500000e+01   7.5536438e-03
  -5.8050000e+01   7.9969506e-03
  -5.7600000e+01   8.4567885e-03
  -5.7150000e+01   8.9332842e-03
  -5.6700000e+01   9.4265359e-03
  -5.6250000e+01   9.9366109e-03
  -5.5800000e+01   1.0463545e-02
  -5.5350000e+01   1.1007340e-02
  -5.4900000e+01   1.1567964e-02
  -5.4450000e+01   1.2145348e-02
  -5.4000000e+01   1.2739385e-02
  -5.3550000e+01   1.3349931e-02
  -5.3100000e+01   1.3976801e-02
  -5.2650000e+01   1.4619770e-02
  -5.2200000e+01   1.5278571e-02
  -5.1750000e+01   1.5952895e-02
  -5.1300000e+01   1.6642392e-02
  -5.0850000e+01   1.7346665e-02
  -5.0400000e+01   1.8065278e-02
  -4.9950000e+01   1.8797749e-02
  -4.9500000e+01   1.9543555e-02
  -4.9050000e+01   2.0302128e-02
  -4.8600000e+01   2.1072859e-02
  -4.8150000e+01   2.1855098e-02
  -4.7700000e+01   2.2648152e-02
  -4.7250000e+01   2.3451292e-02
  -4.6800000e+01   2.4263748e-02
  -4.6350000e+01   2.5084714e-02
  -4.5900000e+01   2.5913350e-02
  -4.5450000e+01   2.6748781e-02
  -4.5000000e+01   2.7590104e-02
  -4.4550000e+01   2.8436383e-02
  -4.4100000e+01   2.9286660e-02
  -4.3650000e+01   3.0139948e-02
  -4.3200000e+01   3.0995244e-02
  -4.2750000e+01   3.1851522e-02
  -4.2300000e+01   3.2707744e-02
  -4.1850000e+01   3.3562856e-02
  -4.1400000e+01   3.4415797e-02
  -4.0950000e+01   3.5265498e-02
  -4.0500000e+01   3.6110887e-02
  -4.0050000e+01   3.6950892e-02
  -3.9600000e+01   3.7784445e-02
  -3.9150000e+01   3.8610482e-02
  -3.8700000e+01   3.9427950e-02
  -3.8250000e+01   4.0235809e-02
  -3.7800000e+01   4.1033032e-02
  -3.7350000e+01   4.1818614e-02
  -3.6900000e+01   4.2591570e-02
  -3.6450000e+01   4.3350939e-02
  -3.6000000e+01   4.4095787e-02
  -3.5550000e+01   4.4825210e-02
  -3.5100000e+01   4.5538336e-02
  -3.4650000e+01   4.6234328e-02
  -3.4200000e+01   4.6912385e-02
  -3.3750000e+01   4.7571744e-02
  -3.3300000e+01   4.8211682e-02
  -3.2850000e+01   4.8831521e-02
  -3.2400000e+01   4.9430622e-02
  -3.1950000e+01   5.0008396e-02
  -3.1500000e+01   5.0564294e-02
  -3.1050000e+01   5.1097820e-02
  -3.0600000e+01   5.1608522e-02
  -3.0150000e+01   5.2095997e-02
  -2.9700000e+01   5.2559892e-02
  -2.9250000e+01   5.2999904e-02
  -2.8800000e+01   5.3415779e-02
  -2.8350000e+01   5.3807311e-02
  -2.7900000e+01   5.4174346e-02
  -2.7450000e+01   5.4516780e-02
  -2.7000000e+01   5.4834557e-02
  -2.6550000e+01   5.5127671e-02
  -2.6100000e+01   5.5396164e-02
  -2.5650000e+01   5.5640127e-02
  -2.5200000e+01   5.5859699e-02
  -2.4750000e+01   5.6055064e-02
  -2.4300000e+01   5.6226456e-02
  -2.3850000e+01   5.6374151e-02
  -2.3400000e+01   5.6498473e-02
  -2.2950000e+01   5.6599789e-02
  -2.2500000e+01   5.6678509e-02
  -2.2050000e+01   5.6735085e-02
  -2.1600000e+01   5.6770011e-02
  -2.1150000e+01   5.6783824e-02
  -2.0700000e+01   5.6777097e-02
  -2.0250000e+01   5.6750443e-02
  -1.9800000e+01   5.6704514e-02
  -1.9350000e+01   5.6639996e-02
  -1.8900000e+01   5.6557611e-02
  -1.8450000e+01   5.6458117e-02
  -1.8000000e+01   5.6342301e-02
  -1.7550000e+01   5.6210986e-02
  -1.7100000e+01   5.6065021e-02
  -1.6650000e+01   5.5905285e-02
  -1.6200000e+01   5.5732684e-02
  -1.5750000e+01   5.5548148e-02
  -1.5300000e+01   5.5352632e-02
  -1.4850000e+01   5.5147110e-02
  -1.4400000e+01   5.4932578e-02
  -1.3950000e+01   5.4710046e-02
  -1.3500000e+01   5.4480541e-02
  -1.3050000e+01   5.4245101e-02
  -1.2600000e+01   5.4004775e-02
  -1.2150000e+01   5.3760617e-02
  -1.1700000e+01   5.3513689e-02
  -1.1250000e+01   5.3265050e-02
  -1.0800000e+01   5.3015760e-02
  -1.0350000e+01   5.2766874e-02
  -9.9000000e+00   5.2519439e-02
  -9.4500000e+00   5.2274491e-02
  -9.0000000e+00   5.2033051e-02
  -8.5500000e+00   5.1796122e-02
  -8.1000000e+00   5.1564687e-02
  -7.6500000e+00   5.1339703e-02
  -7.2000000e+00   5.1122101e-02
  -6.7500000e+00   5.0912777e-02
  -6.3000000e+00   5.0712596e-02
  -5.8500000e+00   5.0522382e-02
  -5.4000000e+00   5.0342920e-02
  -4.9500000e+00   5.0174950e-02
  -4.5000000e+00   5.0019164e-02
  -4.0500000e+00   4.9876204e-02
  -3.6000000e+00   4.9746660e-02
  -3.1500000e+00   4.9631067e-02
  -2.7000000e+00   4.9529903e-02
  -2.2500000e+00   4.9443583e-02
  -1.8000000e+00   4.9372467e-02
  -1.3500000e+00   4.9316847e-02
  -9.0000000e-01   4.9276953e-02
  -4.5000000e-01   4.9252951e-02
   0.0000000e+00   4.9244939e-02
   4.5000000e-01   4.9252951e-02
   9.0000000e-01   4.9276953e-02
   1.3500000e+00   4.9316847e-02
   1.8000000e+00   4.9372467e-02
   2.2500000e+00   4.9443583e-02
   2.7000000e+00   4.9529903e-02
   3.1500000e+00   4.9631067e-02
   3.6000000e+00   4.9746660e-02
   4.0500000e+00   4.9876204e-02
   4.5000000e+00   5.0019164e-02
   4.9500000e+00   5.0174950e-02
   5.4000000e+00   5.0342920e-02
   5.8500000e+00   5.0522382e-02
   6.3000000e+00   5.0712596e-02
   6.7500000e+00   5.0912777e-02
   7.2000000e+00   5.1122101e-02
   7.6500000e+00   5.1339703e-02
   8.1000000e+00   5.1564687e-02
   8.5500000e+00   5.1796122e-02
   9.0000000e+00   5.2033051e-02
   9.4500000e+00   5.2274491e-02
   9.9000000e+00   5.2519439e-02
   1.0350000e+01   5.2766874e-02
   1.0800000e+01   5.3015760e-02
   1.1250000e+01   5.3265050e-02
   1.1700000e+01   5.3513689e-02
   1.2150000e+01   5.3760617e-02
   1.2600000e+01   5.4004775e-02
   1.3050000e+01   5.4245101e-02
   1.3500000e+01   5.4480541e-02
   1.3950000e+01   5.4710046e-02
   1.4400000e+01   5.4932578e-02
   1.4850000e+01   5.5147110e-02
   1.5300000e+01   5.5352632e-02
   1.5750000e+01   5.5548148e-02
   1.6200000e+01   5.5732684e-02
   1.6650000e+01   5.5905285e-02
   1.7100000e+01   5.6065021e-02
   1.7550000e+01   5.6210986e-02
   1.8000000e+01   5.6342301e-02
   1.8450000e+01   5.6458117e-02
   1.8900000e+01   5.6557611e-02
   1.9350000e+01   5.6639996e-02
   1.9800000e+01   5.6704514e-02
   2.0250000e+01   5.6750443e-02
   2.0700000e+01   5.6777097e-02
   2.1150000e+01   5.6783824e-02
   2.1600000e+01   5.6770011e-02
   2.2050000e+01   5.6735085e-02
   2.2500000e+01   5.6678509e-02
   2.2950000e+01   5.6599789e-02
   2.3400000e+01   5.6498473e-02
   2.3850000e+01   5.6374151e-02
   2.4300000e+01   5.6226456e-02
   2.4750000e+01   5.6055064e-02
   2.5200000e+01   5.5859699e-02
   2.5650000e+01   5.5640127e-02
   2.6100000e+01   5.5396164e-02
   2.6550000e+01   5.5127671e-02
   2.7000000e+01   5.4834557e-02
   2.7450000e+01   5.4516780e-02
   2.7900000e+01   5.4174346e-02
   2.8350000e+01   5.3807311e-02
   2.8800000e+01   5.3415779e-02
   2.9250000e+01   5.2999904e-02
   2.9700000e+01   5.2559892e-02
   3.0150000e+01   5.2095997e-02
   3.0600000e+01   5.1608522e-02
   3.1050000e+01   5.1097820e-02
   3.1500000e+01   5.0564294e-02
   3.1950000e+01   5.0008396e-02
   3.2400000e+01   4.9430622e-02
   3.2850000e+01   4.8831521e-02
   3.3300000e+01   4.8211682e-02
   3.3750000e+01   4.7571744e-02
   3.4200000e+01   4.6912385e-02
   3.4650000e+01   4.6234328e-02
   3.5100000e+01   4.5538336e-02
   3.5550000e+01   4.4825210e-02
   3.6000000e+01   4.4095787e-02
   3.6450000e+01   4.3350939e-02
   3.6900000e+01   4.2591570e-02
   3.7350000e+01   4.1818614e-02
   3.7800000e+01   4.1033032e-02
   3.8250000e+01   4.0235809e-02
   3.8700000e+01   3.9427950e-02
   3.9150000e+01   3.8610482e-02
   3.9600000e+01   3.7784445e-02
   4.0050000e+01   3.6950892e-02
   4.0500000e+01   3.6110887e-02
   4.0950000e+01   3.5265498e-02
   4.1400000e+01   3.4415797e-02
   4.1850000e+01   3.3562856e-02
   4.2300000e+01   3.2707744e-02
   4.2750000e+01   3.1851522e-02
   4.3200000e+01   3.0995244e-02
   4.3650000e+01   3.0139948e-02
   4.4100000e+01   2.9286660e-02
   4.4550000e+01   2.8436383e-02
   4.5000000e+01   2.7590104e-02
   4.5450000e+01   2.6748781e-02
   4.5900000e+01   2.5913350e-02
   4.6350000e+01   2.5084714e-02
   4.6800000e+01   2.4263748e-02
   4.7250000e+01   2.3451292e-02
   4.7700000e+01   2.2648152e-02
   4.8150000e+01   2.1855098e-02
   4.8600000e+01   2.1072859e-02
   4.9050000e+01   2.0302128e-02
   4.9500000e+01   1.9543555e-02
   4.9950000e+01   1.8797749e-02
   5.0400000e+01   1.8065278e-02
   5.0850000e+01   1.7346665e-02
   5.1300000e+01   1.6642392e-02
   5.1750000e+01   1.5952895e-02
   5.2200000e+01   1.5278571e-02
   5.2650000e+01   1.4619770e-02
   5.3100000e+01   1.3976801e-02
   5.3550000e+01   1.3349931e-02
   5.4000000e+01   1.2739385e-02
   5.4450000e+01   1.2145348e-02
   5.4900000e+01   1.1567964e-02
   5.5350000e+01   1.1007340e-02
   5.5800000e+01   1.0463545e-02
   5.6250000e+01   9.9366109e-03
   5.6700000e+01   9.4265359e-03
   5.7150000e+01   8.9332842e-03
   5.7600000e+01   8.4567885e-03
   5.8050000e+01   7.9969506e-03
   5.8500000e+01   7.5536438e-03
   5.8950000e+01   7.1267142e-03
   5.9400000e+01   6.7159821e-03
   5.9850000e+01   6.3212442e-03
   6.0300000e+01   5.9422745e-03
   6.0750000e+01   5.5788266e-03
   6.1200000e+01   5.2306351e-03
   6.1650000e+01   4.8974168e-03
   6.2100000e+01   4.5788730e-03
   6.2550000e+01   4.2746905e-03
   6.3000000e+01   3.9845435e-03
   6.3450000e+01   3.7080947e-03
   6.3900000e+01   3.4449970e-03
   6.4350000e+01   3.1948946e-03
   6.4800000e+01   2.9574250e-03
   6.5250000e+01   2.7322193e-03
   6.5700000e+01   2.5189044e-03
   6.6150000e+01   2.3171034e-03
   6.6600000e+01   2.1264375e-03
   6.7050000e+01   1.9465263e-03
   6.7500000e+01   1.7769894e-03
   6.7950000e+01   1.6174470e-03
   6.8400000e+01   1.4675211e-03
   6.8850000e+01   1.3268360e-03
   6.9300000e+01   1.1950197e-03
   6.9750000e+01   1.0717040e-03
   7.0200000e+01   9.5652534e-04
   7.0650000e+01   8.4912588e-04
   7.1100000e+01   7.4915357e-04
   7.1550000e+01   6.5626294e-04
   7.2000000e+01   5.7011554e-04
   7.2450000e+01   4.9038039e-04
   7.2900000e+01   4.1673435e-04
   7.3350000e+01   3.4886251e-04
   7.3800000e+01   2.8645844e-04
   7.4250000e+01   2.2922451e-04
   7.4700000e+01   1.7687208e-04
   7.5150000e+01   1.2912166e-04
   7.5600000e+01   8.5703104e-05
   7.6050000e+01   4.6355664e-05
   7.6500000e+01   1.0828095e-05
   7.6950000e+01  -2.1121327e-05
   7.7400000e+01  -4.9724787e-05
   7.7850000e+01  -7.5204965e-05
   7.8300000e+01  -9.7775083e-05
   7.8750000e+01  -1.1763898e-04
   7.9200000e+01  -1.3499123e-04
   7.9650000e+01  -1.5001725e-04
   8.0100000e+01  -1.6289344e-04
   8.0550000e+01  -1.7378738e-04
   8.1000000e+01  -1.8285797e-04
   8.1450000e+01  -1.9025568e-04
   8.1900000e+01  -1.9612269e-04
   8.2350000e+01  -2.0059318e-04
   8.2800000e+01  -2.0379354e-04
   8.3250000e+01  -2.0584258e-04
   8.3700000e+01  -2.0685185e-04
   8.4150000e+01  -2.0692582e-04
   8.4600000e+01  -2.0616219e-04
   8.5050000e+01  -2.0465212e-04
   8.5500000e+01  -2.0248055e-04
   8.5950000e+01  -1.9972640e-04
   8.6400000e+01  -1.9646287e-04
   8.6850000e+01  -1.9275770e-04
   8.7300000e+01  -1.8867343e-04
   8.7750000e+01  -1.8426766e-04
   8.8200000e+01  -1.7959333e-04
   8.8650000e+01  -1.7469889e-04
   8.9100000e+01  -1.6962866e-04
   8.9550000e+01  -1.6442297e-04
   9.0000000e+01  -1.5911846e-04
