  -9.0000000e+01   0.0000000e+00 -5.8319098e-252  -5.6632407e-88  -1.6871542e-31  -4.7404476e-12  -1.7471149e-05  -3.3176680e-03  -1.4079556e-02  -3.2024191e-03   1.4835339e-02   2.3103894e-02
  -8.9550000e+01   0.0000000e+00 -6.7089703e-248  -9.7633383e-87  -4.3040479e-31  -6.2166243e-12  -1.8557478e-05  -3.3167125e-03  -1.3780622e-02  -2.8537837e-03   1.4990087e-02   2.3159912e-02
  -8.9100000e+01   0.0000000e+00 -7.1433829e-244  -1.6345676e-85  -1.0902637e-30  -8.1256044e-12  -1.9682842e-05  -3.3132247e-03  -1.3478658e-02  -2.5061509e-03   1.5144089e-02   2.3215651e-02
  -8.8650000e+01   0.0000000e+00 -6.5579837e-240  -2.6445789e-84  -2.7402297e-30  -1.0583653e-11  -2.0844818e-05  -3.3071023e-03  -1.3173689e-02  -2.1595322e-03   1.5297345e-02   2.3271109e-02
  -8.8200000e+01   0.0000000e+00 -4.4831012e-236  -4.1016038e-83  -6.8273741e-30  -1.3734008e-11  -2.2040281e-05  -3.2982413e-03  -1.2865739e-02  -1.8139389e-03   1.5449853e-02   2.3326288e-02
  -8.7750000e+01   0.0000000e+00 -1.5310478e-232  -6.0176927e-82  -1.6844829e-29  -1.7751352e-11  -2.3265315e-05  -3.2865363e-03  -1.2554832e-02  -1.4693824e-03   1.5601613e-02   2.3381188e-02
  -8.7300000e+01   0.0000000e+00  7.0861079e-229  -8.1612699e-81  -4.1101790e-29  -2.2846200e-11  -2.4515113e-05  -3.2718801e-03  -1.2240994e-02  -1.1258739e-03   1.5752626e-02   2.3435807e-02
  -8.6850000e+01   0.0000000e+00  1.5511481e-224  -9.7744139e-80  -9.9022773e-29  -2.9268661e-11  -2.5783875e-05  -3.2541644e-03  -1.1924253e-02  -7.8342490e-04   1.5902890e-02   2.3490147e-02
  -8.6400000e+01   0.0000000e+00  1.4642627e-220  -9.1863841e-79  -2.3506961e-28  -3.7310736e-11  -2.7064692e-05  -3.2332792e-03  -1.1604634e-02  -4.4204643e-04   1.6052404e-02   2.3544207e-02
  -8.5950000e+01   0.0000000e+00  1.0239588e-216  -3.5251060e-78  -5.4836502e-28  -4.7305852e-11  -2.8349421e-05  -3.2091133e-03  -1.1282167e-02  -1.0174969e-04   1.6201170e-02   2.3597987e-02
  -8.5500000e+01   0.0000000e+00  5.3473503e-213   1.0923327e-76  -1.2524074e-27  -5.9623695e-11  -2.9628553e-05  -3.1815542e-03  -1.0956880e-02   2.3745420e-04   1.6349185e-02   2.3651487e-02
  -8.5050000e+01   0.0000000e+00  1.0799920e-209   3.7053216e-75  -2.7855317e-27  -7.4657523e-11  -3.0891071e-05  -3.1504882e-03  -1.0628802e-02   5.7555418e-04   1.6496450e-02   2.3704708e-02
  -8.4600000e+01   0.0000000e+00 -2.2727775e-205   7.5723615e-74  -5.9841736e-27  -9.2799910e-11  -3.2124292e-05  -3.1158005e-03  -1.0297964e-02   9.1253925e-04   1.6642964e-02   2.3757649e-02
  -8.4150000e+01   0.0000000e+00 -4.6223077e-201   1.3881730e-72  -1.2248905e-26  -1.1440121e-10  -3.3313706e-05  -3.0773752e-03  -9.9643963e-03   1.2483984e-03   1.6788727e-02   2.3810309e-02
  -8.3700000e+01   0.0000000e+00 -5.7587480e-197   3.2541392e-71  -2.3279894e-26  -1.3970278e-10  -3.4442800e-05  -3.0350957e-03  -9.6281309e-03   1.5831209e-03   1.6933738e-02   2.3862690e-02
  -8.3250000e+01   0.0000000e+00 -5.1531155e-193   1.0656447e-69  -3.8721269e-26  -1.6873393e-10  -3.5492869e-05  -2.9888443e-03  -9.2892002e-03   1.9166956e-03   1.7077997e-02   2.3914791e-02
  -8.2800000e+01   0.0000000e+00 -2.2640330e-189   3.6199965e-68  -4.6135321e-26  -2.0115770e-10  -3.6442819e-05  -2.9385027e-03  -8.9476371e-03   2.2491120e-03   1.7221503e-02   2.3966612e-02
  -8.2350000e+01   0.0000000e+00  7.5590871e-186   1.0630157e-66   1.3944267e-26  -2.3604495e-10  -3.7268952e-05  -2.8839518e-03  -8.6034756e-03   2.5803591e-03   1.7364257e-02   2.4018153e-02
  -8.1900000e+01   0.0000000e+00  9.3565538e-182   2.6047251e-65   3.5844444e-25  -2.7154969e-10  -3.7944748e-05  -2.8250721e-03  -8.2567501e-03   2.9104264e-03   1.7506257e-02   2.4069414e-02
  -8.1450000e+01   0.0000000e+00  3.6878283e-178   5.3877421e-64   1.6903048e-24  -3.0444911e-10  -3.8440624e-05  -2.7617436e-03  -7.9074959e-03   3.2393032e-03   1.7647503e-02   2.4120395e-02
  -8.1000000e+01   0.0000000e+00  1.0187394e-174   9.6063367e-63   6.1357833e-24  -3.2950021e-10  -3.8723690e-05  -2.6938461e-03  -7.5557489e-03   3.5669789e-03   1.7787995e-02   2.4171097e-02
  -8.0550000e+01   0.0000000e+00  2.1263866e-171   1.5037201e-61   1.9834972e-23  -3.3854979e-10  -3.8757483e-05  -2.6212589e-03  -7.2015457e-03   3.8934430e-03   1.7927732e-02   2.4221518e-02
  -8.0100000e+01   0.0000000e+00  2.1662595e-168   2.0953135e-60   5.9922053e-23  -3.1931499e-10  -3.8501697e-05  -2.5438617e-03  -6.8449237e-03   4.2186849e-03   1.8066714e-02   2.4271659e-02
  -7.9650000e+01   0.0000000e+00 -9.7363898e-165   2.6472403e-59   1.7293939e-22  -2.5372691e-10  -3.7911896e-05  -2.4615338e-03  -6.4859207e-03   4.5426944e-03   1.8204940e-02   2.4321520e-02
  -7.9200000e+01   0.0000000e+00 -8.6379387e-161   3.2001474e-58   4.8253235e-22  -1.1569869e-10  -3.6939212e-05  -2.3741548e-03  -6.1245755e-03   4.8654610e-03   1.8342411e-02   2.4371101e-02
  -7.8750000e+01   0.0000000e+00 -4.3021552e-157   4.2506332e-57   1.3109894e-21   1.3186051e-10  -3.5530038e-05  -2.2816049e-03  -5.7609274e-03   5.1869745e-03   1.8479125e-02   2.4420402e-02
  -7.8300000e+01   0.0000000e+00 -1.5532823e-153   7.1923913e-56   3.4844062e-21   5.4101320e-10  -3.3625703e-05  -2.1837644e-03  -5.3950164e-03   5.5072245e-03   1.8615082e-02   2.4469423e-02
  -7.7850000e+01   0.0000000e+00 -3.0334197e-150   1.4390508e-54   9.0884346e-21   1.1840327e-09  -3.1162138e-05  -2.0805144e-03  -5.0268831e-03   5.8262009e-03   1.8750283e-02   2.4518164e-02
  -7.7400000e+01   0.0000000e+00  2.4792831e-147   2.8109951e-53   2.3315808e-20   2.1602802e-09  -2.8069530e-05  -1.9717366e-03  -4.6565688e-03   6.1438937e-03   1.8884725e-02   2.4566625e-02
  -7.6950000e+01   0.0000000e+00  1.6547127e-143   4.8428734e-52   5.8927208e-20   3.6051800e-09  -2.4271968e-05  -1.8573138e-03  -4.2841155e-03   6.4602926e-03   1.9018410e-02   2.4614806e-02
  -7.6500000e+01   0.0000000e+00  2.6098695e-140   7.2019554e-51   1.4689370e-19   5.7018721e-09  -1.9687074e-05  -1.7371296e-03  -3.9095657e-03   6.7753877e-03   1.9151337e-02   2.4662706e-02
  -7.6050000e+01   0.0000000e+00  2.8172814e-137   9.3296609e-50   3.6149155e-19   8.6962598e-09  -1.4225634e-05  -1.6110690e-03  -3.5329625e-03   7.0891691e-03   1.9283504e-02   2.4710326e-02
  -7.5600000e+01   0.0000000e+00  2.3323754e-134   1.0693364e-48   8.7879970e-19   1.2916346e-08  -7.7912114e-06  -1.4790183e-03  -3.1543499e-03   7.4016269e-03   1.9414913e-02   2.4757667e-02
  -7.5150000e+01   0.0000000e+00  1.0938151e-131   1.1007056e-47   2.1115219e-18   1.8796962e-08  -2.7975911e-07  -1.3408652e-03  -2.7737721e-03   7.7127512e-03   1.9545562e-02   2.4804727e-02
  -7.4700000e+01   0.0000000e+00 -1.0868059e-128   1.0378761e-46   5.0162384e-18   2.6911231e-08   8.4207737e-06  -1.1964994e-03  -2.3912742e-03   8.0225322e-03   1.9675452e-02   2.4851507e-02
  -7.4250000e+01   0.0000000e+00 -4.4364440e-125   9.3968209e-46   1.1785814e-17   3.8010438e-08   1.8430842e-05  -1.0458122e-03  -2.0069018e-03   8.3309604e-03   1.9804581e-02   2.4898006e-02
  -7.3800000e+01   0.0000000e+00 -8.8865399e-122   9.0885828e-45   2.7392418e-17   5.3074290e-08   2.9879707e-05  -8.8869688e-04  -1.6207011e-03   8.6380260e-03   1.9932949e-02   2.4944226e-02
  -7.3350000e+01   0.0000000e+00 -1.2963952e-118   1.0577796e-43   6.2987937e-17   7.3374010e-08   4.2905839e-05  -7.2504919e-04  -1.2327188e-03   8.9437194e-03   2.0060557e-02   2.4990165e-02
  -7.2900000e+01   0.0000000e+00 -1.1096069e-115   1.4340873e-42   1.4331427e-16   1.0055117e-07   5.7657321e-05  -5.5476705e-04  -8.4300214e-04   9.2480311e-03   2.0187403e-02   2.5035824e-02
  -7.2450000e+01   0.0000000e+00  1.8262009e-113   1.9466469e-41   3.2267249e-16   1.3671573e-07   7.4292249e-05  -3.7775097e-04  -4.5159906e-04   9.5509516e-03   2.0313487e-02   2.5081203e-02
  -7.2000000e+01  3.4662590e-313  8.1777482e-110   2.3852638e-40   7.1895311e-16   1.8456748e-07   9.2979132e-05  -1.9390421e-04  -5.8557926e-05   9.8524717e-03   2.0438810e-02   2.5126301e-02
  -7.1550000e+01  1.6836666e-304  5.1446370e-107   2.5564154e-39   1.5853453e-15   2.4754564e-07   1.1389728e-04  -3.1329089e-06   3.3607234e-04   1.0152582e-02   2.0563370e-02   2.5171119e-02
  -7.1100000e+01  2.1335697e-296  2.1595351e-104   2.4055131e-38   3.4597554e-15   3.3001243e-07   1.3723719e-04   1.9465370e-04   7.3224230e-04   1.0451273e-02   2.0687167e-02   2.5215657e-02
  -7.0650000e+01  5.3680944e-289  7.0489727e-102   2.0158638e-37   7.4726539e-15   4.3747725e-07   1.6320091e-04   3.9954313e-04   1.1299020e-03   1.0748536e-02   2.0810200e-02   2.5259915e-02
  -7.0200000e+01  7.3541295e-282   1.4476303e-99   1.5282938e-36   1.5974195e-14   5.7686904e-07   1.9200241e-04   6.1161945e-04   1.5290010e-03   1.1044361e-02   2.0932471e-02   2.5303892e-02
  -6.9750000e+01 -3.7587121e-274  -2.9791940e-97   1.0696226e-35   3.3797275e-14   7.5686576e-07   2.2386792e-04   8.3096312e-04   1.9294884e-03   1.1338739e-02   2.1053977e-02   2.5347589e-02
  -6.9300000e+01 -9.9485685e-266  -6.2179757e-94   7.1992878e-35   7.0772435e-14   9.8829081e-07   2.5903626e-04   1.0576508e-03   2.3313127e-03   1.1631662e-02   2.1174720e-02   2.5391005e-02
  -6.8850000e+01 -1.7664323e-257  -5.0475909e-91   5.0666922e-34   1.4667795e-13   1.2845878e-06   2.9775914e-04   1.2917552e-03   2.7344221e-03   1.1923121e-02   2.1294697e-02   2.5434141e-02
  -6.8400000e+01 -2.7162888e-249  -2.9768775e-88   4.1084140e-33   3.0087054e-13   1.6623861e-06   3.4030142e-04   1.5333448e-03   3.1387642e-03   1.2213106e-02   2.1413910e-02   2.5476997e-02
  -6.7950000e+01 -3.1101953e-241  -1.1005782e-85   3.8151335e-32   6.1080464e-13   2.1421712e-06   3.8694140e-04   1.7824838e-03   3.5442864e-03   1.2501609e-02   2.1532358e-02   2.5519573e-02
  -6.7500000e+01  3.1825783e-239   1.0458185e-84   3.6129375e-31   1.2272274e-12   2.7490747e-06   4.3797103e-04   2.0392320e-03   3.9509354e-03   1.2788621e-02   2.1650040e-02   2.5561868e-02
  -6.7050000e+01  6.6759198e-227   1.0807418e-80   3.1567704e-30   2.4402784e-12   3.5138012e-06   4.9369606e-04   2.3036445e-03   4.3586575e-03   1.3074133e-02   2.1766956e-02   2.5603882e-02
  -6.6600000e+01  1.2515569e-220   2.7241635e-78   2.4469567e-29   4.8021675e-12   4.4737079e-06   5.5443625e-04   2.5757713e-03   4.7673989e-03   1.3358137e-02   2.1883105e-02   2.5645617e-02
  -6.6150000e+01  1.7482871e-214   4.4671704e-76   1.6806115e-28   9.3521625e-12   5.6740576e-06   6.2052543e-04   2.8556577e-03   5.1771050e-03   1.3640624e-02   2.1998488e-02   2.5687070e-02
  -6.5700000e+01  2.1303820e-208   5.7694937e-74   1.0361556e-27   1.8024312e-11   7.1694618e-06   6.9231160e-04   3.1433438e-03   5.5877212e-03   1.3921586e-02   2.2113105e-02   2.5728244e-02
  -6.5250000e+01  1.9472943e-202   5.0868977e-72   5.8301560e-27   3.4377525e-11   9.0255352e-06   7.7015690e-04   3.4388642e-03   5.9991922e-03   1.4201013e-02   2.2226954e-02   2.5769136e-02
  -6.4800000e+01 -4.3228400e-196  -1.5026979e-70   3.0554908e-26   6.4887239e-11   1.1320778e-05   8.5443761e-04   3.7422481e-03   6.4114626e-03   1.4478899e-02   2.2340035e-02   2.5809749e-02
  -6.4350000e+01 -7.9503803e-189  -2.2821564e-67   1.5428906e-25   1.2120323e-10   1.4148711e-05   9.4554406e-04   4.0535193e-03   6.8244766e-03   1.4755235e-02   2.2452349e-02   2.5850081e-02
  -6.3900000e+01 -6.8455335e-182  -7.5300219e-65   7.9671611e-25   2.2404851e-10   1.7620264e-05   1.0438804e-03   4.3726953e-03   7.2381780e-03   1.5030011e-02   2.2563894e-02   2.5890132e-02
  -6.3450000e+01 -1.1596024e-175  -1.7468715e-62   4.5079947e-24   4.0987044e-10   2.1866461e-05   1.1498645e-03   4.6997882e-03   7.6525102e-03   1.5303221e-02   2.2674671e-02   2.5929903e-02
  -6.3000000e+01 -5.1158866e-170  -2.5968329e-60   2.8258737e-23   7.4204784e-10   2.7041380e-05   1.2639276e-03   5.0348037e-03   8.0674166e-03   1.5574856e-02   2.2784679e-02   2.5969393e-02
  -6.2550000e+01 -3.4815649e-165  -3.7131535e-59   1.8253462e-22   1.3295425e-09   3.3325424e-05   1.3865138e-03   5.3777415e-03   8.4828401e-03   1.5844908e-02   2.2893918e-02   2.6008603e-02
  -6.2100000e+01  2.3377852e-158   3.4423546e-56   1.1164278e-21   2.3575551e-09   4.0928882e-05   1.5180800e-03   5.7285949e-03   8.8987234e-03   1.6113369e-02   2.3002388e-02   2.6047532e-02
  -6.1650000e+01  3.5651092e-152   3.7229509e-54   6.1847681e-21   4.1372817e-09   5.0095801e-05   1.6590948e-03   6.0873507e-03   9.3150088e-03   1.6380231e-02   2.3110087e-02   2.6086181e-02
  -6.1200000e+01  2.7250851e-146   2.4591418e-52   3.0778606e-20   7.1856544e-09   6.1108135e-05   1.8100385e-03   6.4539892e-03   9.7316386e-03   1.6645486e-02   2.3217017e-02   2.6124549e-02
  -6.0750000e+01  5.1459405e-141   1.2705989e-50   1.3890139e-19   1.2351511e-08   7.4290164e-05   1.9714021e-03   6.8284841e-03   1.0148555e-02   1.6909127e-02   2.3323176e-02   2.6162637e-02
  -6.0300000e+01  3.6175111e-136   4.7427627e-49   5.7736793e-19   2.1012660e-08   9.0013153e-05   2.1436864e-03   7.2108023e-03   1.0565699e-02   1.7171146e-02   2.3428565e-02   2.6200444e-02
  -5.9850000e+01 -2.4574732e-131   1.4145247e-48   2.2541470e-18   3.5379661e-08   1.0870021e-04   2.3274013e-03   7.6009038e-03   1.0983012e-02   1.7431536e-02   2.3533183e-02   2.6237970e-02
  -5.9400000e+01 -3.5938612e-125  -2.1595435e-45   8.5062171e-18   5.8957940e-08   1.3083127e-04   2.5230648e-03   7.9987418e-03   1.1400437e-02   1.7690288e-02   2.3637029e-02   2.6275216e-02
  -5.8950000e+01 -1.7429912e-119  -2.9577416e-43   3.2412219e-17   9.7241313e-08   1.5694822e-04   2.7312017e-03   8.4042623e-03   1.1817913e-02   1.7947395e-02   2.3740105e-02   2.6312181e-02
  -5.8500000e+01 -1.6799515e-114  -2.7055589e-41   1.3085565e-16   1.5873859e-07   1.8765993e-04   2.9523429e-03   8.8174044e-03   1.2235383e-02   1.8202850e-02   2.3842408e-02   2.6348866e-02
  -5.8050000e+01 -4.9754423e-110  -1.6141191e-39   5.6705189e-16   2.5647213e-07   2.2364729e-04   3.1870235e-03   9.2381001e-03   1.2652786e-02   1.8456645e-02   2.3943939e-02   2.6385270e-02
  -5.7600000e+01 -4.1610900e-106  -1.8543731e-38   2.5223633e-15   4.1013445e-07   2.6566803e-04   3.4357819e-03   9.6662740e-03   1.3070064e-02   1.8708774e-02   2.4044698e-02   2.6421393e-02
  -5.7150000e+01  7.8649122e-101   2.9771593e-36   1.0792027e-14   6.4914708e-07   3.1456118e-04   3.6991578e-03   1.0101844e-02   1.3487157e-02   1.8959229e-02   2.4144684e-02   2.6457235e-02
  -5.6700000e+01   8.6377593e-96   1.3996093e-34   4.2581870e-14   1.0169356e-06   3.7125116e-04   3.9776910e-03   1.0544719e-02   1.3904006e-02   1.9208002e-02   2.4243897e-02   2.6492797e-02
  -5.6250000e+01   5.2807026e-91   3.7356872e-33   1.5310004e-13   1.5768144e-06   4.3675127e-04   4.2719197e-03   1.0994804e-02   1.4320551e-02   1.9455087e-02   2.4342337e-02   2.6528078e-02
  -5.5800000e+01   9.1414838e-87   7.7363422e-32   5.0478271e-13   2.4199634e-06   5.1216647e-04   4.5823782e-03   1.1451993e-02   1.4736732e-02   1.9700477e-02   2.4440004e-02   2.6563079e-02
  -5.5350000e+01   4.6810571e-83   1.2147591e-30   1.5475984e-12   3.6760668e-06   5.9869526e-04   4.9095955e-03   1.1916175e-02   1.5152490e-02   1.9944164e-02   2.4536897e-02   2.6597799e-02
  -5.4900000e+01  -6.5593633e-80   7.0115908e-30   4.4907591e-12   5.5272707e-06   6.9763058e-04   5.2540930e-03   1.2387232e-02   1.5567765e-02   2.0186142e-02   2.4633016e-02   2.6632238e-02
  -5.4450000e+01  -1.1868922e-74  -5.0906259e-28   1.2622071e-11   8.2261783e-06   8.1035949e-04   5.6163824e-03   1.2865037e-02   1.5982497e-02   2.0426404e-02   2.4728360e-02   2.6666396e-02
  -5.4000000e+01  -3.5763570e-70  -3.0858064e-26   3.5438459e-11   1.2118635e-05   9.3836158e-04   5.9969635e-03   1.3349456e-02   1.6396627e-02   2.0664943e-02   2.4822930e-02   2.6700274e-02
  -5.3550000e+01  -2.2217064e-66  -1.1340945e-24   1.0261011e-10   1.7672028e-05   1.0832059e-03   6.3963221e-03   1.3840350e-02   1.6810094e-02   2.0901753e-02   2.4916725e-02   2.6733870e-02
  -5.3100000e+01  -4.4822019e-63  -2.7407496e-23   3.0989880e-10   2.5509726e-05   1.2465462e-03   6.8149273e-03   1.4337570e-02   1.7222838e-02   2.1136827e-02   2.5009746e-02   2.6767187e-02
  -5.2650000e+01  -3.4588638e-60  -1.7989190e-22   9.5192655e-10   3.6452096e-05   1.4301149e-03   7.2532294e-03   1.4840962e-02   1.7634800e-02   2.1370158e-02   2.5101991e-02   2.6800222e-02
  -5.2200000e+01   2.4087546e-56   7.0564113e-21   2.8414838e-09   5.1564185e-05   1.6357148e-03   7.7116569e-03   1.5350364e-02   1.8045921e-02   2.1601741e-02   2.5193460e-02   2.6832976e-02
  -5.1750000e+01   1.9145378e-52   1.4575732e-19   7.9536052e-09   7.2209755e-05   1.8652095e-03   8.1906148e-03   1.5865608e-02   1.8456140e-02   2.1831567e-02   2.5284153e-02   2.6865450e-02
  -5.1300000e+01   8.4447832e-49   1.5787617e-18   2.0599017e-08   1.0011070e-04   2.1205116e-03   8.6904812e-03   1.6386517e-02   1.8865397e-02   2.2059632e-02   2.5374071e-02   2.6897643e-02
  -5.0850000e+01   1.1554709e-45   1.3178360e-17   4.9534969e-08   1.3741020e-04   2.4035696e-03   9.2116050e-03   1.6912911e-02   1.9273634e-02   2.2285928e-02   2.5463212e-02   2.6929555e-02
  -5.0400000e+01   4.1600946e-43   8.7306207e-17   1.1189014e-07   1.8673700e-04   2.7163527e-03   9.7543033e-03   1.7444600e-02   1.9680791e-02   2.2510450e-02   2.5551577e-02   2.6961187e-02
  -4.9950000e+01   1.7641155e-41   3.3809654e-16   2.4096175e-07   2.5126740e-04   3.0608347e-03   1.0318859e-02   1.7981389e-02   2.0086808e-02   2.2733192e-02   2.5639165e-02   2.6992537e-02
  -4.9500000e+01  -2.6156285e-37  -2.4070510e-15   5.0345273e-07   3.3478053e-04   3.4389760e-03   1.0905517e-02   1.8523076e-02   2.0491626e-02   2.2954147e-02   2.5725976e-02   2.7023607e-02
  -4.9050000e+01  -5.1785649e-34  -8.1174742e-14   1.0413062e-06   4.4170142e-04   3.8527045e-03   1.1514483e-02   1.9069454e-02   2.0895186e-02   2.3173309e-02   2.5812009e-02   2.7054396e-02
  -4.8600000e+01  -2.1820907e-31  -1.2487788e-12   2.1732146e-06   5.7712629e-04   4.3038963e-03   1.2145922e-02   1.9620309e-02   2.1297430e-02   2.3390673e-02   2.5897266e-02   2.7084904e-02
  -4.8150000e+01  -3.0194650e-29  -1.2422538e-11   4.6118574e-06   7.4682349e-04   4.7943549e-03   1.2799951e-02   2.0175422e-02   2.1698297e-02   2.3606232e-02   2.5981744e-02   2.7115131e-02
  -4.7700000e+01  -1.9130190e-27  -4.0918745e-11   9.8238597e-06   9.5720449e-04   5.3257909e-03   1.3476642e-02   2.0734567e-02   2.2097731e-02   2.3819981e-02   2.6065444e-02   2.7145077e-02
  -4.7250000e+01   5.4203142e-25   4.6203307e-10   2.0424235e-05   1.2152595e-03   5.8998018e-03   1.4176016e-02   2.1297515e-02   2.2495671e-02   2.4031914e-02   2.6148367e-02   2.7174742e-02
  -4.6800000e+01   3.1859191e-22   4.2395008e-09   4.0391711e-05   1.5284544e-03   6.5178518e-03   1.4898043e-02   2.1864028e-02   2.2892061e-02   2.4242025e-02   2.6230511e-02   2.7204127e-02
  -4.6350000e+01   9.8579011e-20   1.8793957e-08   7.5097374e-05   1.9045864e-03   7.1812536e-03   1.5642639e-02   2.2433867e-02   2.3286842e-02   2.4450309e-02   2.6311876e-02   2.7233231e-02
  -4.5900000e+01   9.9683447e-18   6.4111653e-08   1.3146878e-04   2.3516010e-03   7.8911504e-03   1.6409661e-02   2.3006786e-02   2.3679956e-02   2.4656759e-02   2.6392463e-02   2.7262053e-02
  -4.5450000e+01   2.4746339e-16   1.8265888e-07   2.1861389e-04   2.8773710e-03   8.6485009e-03   1.7198912e-02   2.3582535e-02   2.4071345e-02   2.4861371e-02   2.6472270e-02   2.7290595e-02
  -4.5000000e+01   2.4075154e-15   3.9956458e-07   3.4915729e-04   3.4894470e-03   9.4540649e-03   1.8010131e-02   2.4160859e-02   2.4460953e-02   2.5064140e-02   2.6551298e-02   2.7318856e-02
  -4.4550000e+01  -3.1375700e-13   2.7447821e-07   5.4181952e-04   4.1947861e-03   1.0308393e-02   1.8842998e-02   2.4741500e-02   2.4848723e-02   2.5265059e-02   2.6629547e-02   2.7346836e-02
  -4.4100000e+01  -4.4667920e-11  -3.7774952e-06   8.2604845e-04   4.9994730e-03   1.1211819e-02   1.9697129e-02   2.5324197e-02   2.5234597e-02   2.5464123e-02   2.6707016e-02   2.7374535e-02
  -4.3650000e+01  -1.3465089e-09  -2.9746591e-05   1.2484935e-03   5.9084452e-03   1.2164452e-02   2.0572073e-02   2.5908682e-02   2.5618519e-02   2.5661328e-02   2.6783705e-02   2.7401953e-02
  -4.3200000e+01  -1.3053164e-08  -1.2815749e-04   1.8767907e-03   6.9252396e-03   1.3166177e-02   2.1467317e-02   2.6494688e-02   2.6000432e-02   2.5856667e-02   2.6859614e-02   2.7429090e-02
  -4.2750000e+01  -6.4562412e-08  -1.9134349e-04   2.7895859e-03   8.0517736e-03   1.4216655e-02   2.2382281e-02   2.7081942e-02   2.6380282e-02   2.6050137e-02   2.6934743e-02   2.7455946e-02
  -4.2300000e+01   8.0818798e-07   8.1683722e-04   4.0452624e-03   9.2881758e-03   1.5315327e-02   2.3316315e-02   2.7670171e-02   2.6758013e-02   2.6241731e-02   2.7009091e-02   2.7482521e-02
  -4.1850000e+01   3.7042344e-05   3.2630372e-03   5.6474269e-03   1.0632677e-02   1.6461420e-02   2.4268705e-02   2.8259098e-02   2.7133568e-02   2.6431445e-02   2.7082659e-02   2.7508815e-02
  -4.1400000e+01   8.2307483e-04   6.0122853e-03   7.5423466e-03   1.2081566e-02   1.7653960e-02   2.5238666e-02   2.8848445e-02   2.7506894e-02   2.6619275e-02   2.7155445e-02   2.7534829e-02
  -4.0950000e+01   6.1720346e-03   8.6924004e-03   9.6512383e-03   1.3629222e-02   1.8891781e-02   2.6225348e-02   2.9437931e-02   2.7877936e-02   2.6805214e-02   2.7227451e-02   2.7560561e-02
  -4.0500000e+01   1.1091281e-02   1.1312079e-02   1.1903397e-02   1.5268206e-02   2.0173545e-02   2.7227832e-02   3.0027274e-02   2.8246640e-02   2.6989258e-02   2.7298675e-02   2.7586012e-02
  -4.0050000e+01   1.3959545e-02   1.3904736e-02   1.4248509e-02   1.6989421e-02   2.1497750e-02   2.8245132e-02   3.0616194e-02   2.8612951e-02   2.7171403e-02   2.7369118e-02   2.7611182e-02
  -3.9600000e+01   1.6781843e-02   1.6494946e-02   1.6653651e-02   1.8782329e-02   2.2862758e-02   2.9276198e-02   3.1204406e-02   2.8976817e-02   2.7351644e-02   2.7438779e-02   2.7636071e-02
  -3.9150000e+01   2.1345915e-02   1.9102889e-02   1.9096397e-02   2.0635214e-02   2.4266804e-02   3.0319912e-02   3.1791628e-02   2.9338184e-02   2.7529976e-02   2.7507658e-02   2.7660679e-02
  -3.8700000e+01   2.7170781e-02   2.1742766e-02   2.1559343e-02   2.2535478e-02   2.5708020e-02   3.1375096e-02   3.2377577e-02   2.9697001e-02   2.7706395e-02   2.7575755e-02   2.7685007e-02
  -3.8250000e+01   2.8328308e-02   2.4393205e-02   2.4026867e-02   2.4469973e-02   2.7184451e-02   3.2440507e-02   3.2961970e-02   3.0053214e-02   2.7880896e-02   2.7643070e-02   2.7709053e-02
  -3.7800000e+01   2.8393147e-02   2.6899842e-02   2.6484172e-02   2.6425357e-02   2.8694069e-02   3.3514846e-02   3.3544525e-02   3.0406772e-02   2.8053475e-02   2.7709603e-02   2.7732818e-02
  -3.7350000e+01   2.8395786e-02   2.9079791e-02   2.8918694e-02   2.8388465e-02   3.0234792e-02   3.4596753e-02   3.4124962e-02   3.0757624e-02   2.8224128e-02   2.7775353e-02   2.7756302e-02
  -3.6900000e+01   2.8422447e-02   3.1303130e-02   3.1322390e-02   3.0346691e-02   3.1804488e-02   3.5684816e-02   3.4703003e-02   3.1105718e-02   2.8392849e-02   2.7840320e-02   2.7779505e-02
  -3.6450000e+01   2.9060495e-02   3.3706674e-02   3.3691838e-02   3.2288385e-02   3.3400995e-02   3.6777569e-02   3.5278370e-02   3.1451005e-02   2.8559635e-02   2.7904505e-02   2.7802426e-02
  -3.6000000e+01   3.3830393e-02   3.6131605e-02   3.6025229e-02   3.4203241e-02   3.5022117e-02   3.7873499e-02   3.5850789e-02   3.1793434e-02   2.8724482e-02   2.7967906e-02   2.7825067e-02
  -3.5550000e+01   3.8369371e-02   3.8529996e-02   3.8318697e-02   3.6082689e-02   3.6665630e-02   3.8971046e-02   3.6419987e-02   3.2132956e-02   2.8887386e-02   2.8030524e-02   2.7847427e-02
  -3.5100000e+01   4.0990696e-02   4.0909264e-02   4.0563759e-02   3.7920256e-02   3.8329281e-02   4.0068611e-02   3.6985697e-02   3.2469522e-02   2.9048342e-02   2.8092359e-02   2.7869506e-02
  -3.4650000e+01   4.3529936e-02   4.3285468e-02   4.2745064e-02   3.9711906e-02   4.0010782e-02   4.1164556e-02   3.7547653e-02   3.2803083e-02   2.9207346e-02   2.8153410e-02   2.7891303e-02
  -3.4200000e+01   4.7380301e-02   4.5675775e-02   4.4836601e-02   4.1456312e-02   4.1707800e-02   4.2257210e-02   3.8105593e-02   3.3133591e-02   2.9364396e-02   2.8213678e-02   2.7912820e-02
  -3.3750000e+01   5.2967541e-02   4.8103699e-02   4.6795666e-02   4.3155066e-02   4.3417947e-02   4.3344873e-02   3.8659260e-02   3.3460999e-02   2.9519485e-02   2.8273161e-02   2.7934055e-02
  -3.3300000e+01   5.4410770e-02   5.0602618e-02   4.8558053e-02   4.4812777e-02   4.5138763e-02   4.4425823e-02   3.9208401e-02   3.3785260e-02   2.9672612e-02   2.8331860e-02   2.7955009e-02
  -3.2850000e+01   5.4502960e-02   5.3064916e-02   5.0045017e-02   4.6437051e-02   4.6867701e-02   4.5498318e-02   3.9752768e-02   3.4106327e-02   2.9823772e-02   2.8389776e-02   2.7975682e-02
  -3.2400000e+01   5.4506315e-02   5.4509397e-02   5.1192703e-02   4.8038318e-02   4.8602105e-02   4.6560604e-02   4.0292118e-02   3.4424154e-02   2.9972961e-02   2.8446907e-02   2.7996074e-02
  -3.1950000e+01   5.4503467e-02   5.4361665e-02   5.1991665e-02   4.9629496e-02   5.0339191e-02   4.7610918e-02   4.0826214e-02   3.4738695e-02   3.0120176e-02   2.8503253e-02   2.8016185e-02
  -3.1500000e+01   5.4428023e-02   5.3913249e-02   5.2498960e-02   5.1225484e-02   5.2076027e-02   4.8647498e-02   4.1354825e-02   3.5049907e-02   3.0265413e-02   2.8558815e-02   2.8036015e-02
  -3.1050000e+01   5.3828245e-02   5.3558165e-02   5.2809545e-02   5.2842492e-02   5.3809515e-02   4.9668582e-02   4.1877725e-02   3.5357743e-02   3.0408668e-02   2.8613592e-02   2.8055563e-02
  -3.0600000e+01   5.3262206e-02   5.3244399e-02   5.3019544e-02   5.4497214e-02   5.5536372e-02   5.0672422e-02   4.2394696e-02   3.5662161e-02   3.0549939e-02   2.8667584e-02   2.8074831e-02
  -3.0150000e+01   5.2932494e-02   5.2940623e-02   5.3211068e-02   5.6205895e-02   5.7253113e-02   5.1657283e-02   4.2905525e-02   3.5963118e-02   3.0689221e-02   2.8720791e-02   2.8093817e-02
  -2.9700000e+01   5.2617597e-02   5.2638163e-02   5.3458058e-02   5.7983319e-02   5.8956043e-02   5.2621457e-02   4.3410009e-02   3.6260569e-02   3.0826512e-02   2.8773212e-02   2.8112522e-02
  -2.9250000e+01   5.2195909e-02   5.2330674e-02   5.3842372e-02   5.9841780e-02   6.0641247e-02   5.3563261e-02   4.3907949e-02   3.6554474e-02   3.0961808e-02   2.8824849e-02   2.8130946e-02
  -2.8800000e+01   5.1485327e-02   5.1992825e-02   5.4474055e-02   6.1790110e-02   6.2304585e-02   5.4481050e-02   4.4399156e-02   3.6844791e-02   3.1095105e-02   2.8875699e-02   2.8149089e-02
  -2.8350000e+01   5.1190692e-02   5.1528185e-02   5.5508218e-02   6.3832804e-02   6.3941700e-02   5.5373221e-02   4.4883447e-02   3.7131478e-02   3.1226401e-02   2.8925765e-02   2.8166951e-02
  -2.7900000e+01   5.1166699e-02   5.0881078e-02   5.7136779e-02   6.5969340e-02   6.5548022e-02   5.6238222e-02   4.5360649e-02   3.7414496e-02   3.1355693e-02   2.8975044e-02   2.8184531e-02
  -2.7450000e+01   5.1166044e-02   5.1790289e-02   5.9528406e-02   6.8193724e-02   6.7118783e-02   5.7074553e-02   4.5830595e-02   3.7693803e-02   3.1482976e-02   2.9023538e-02   2.8201830e-02
  -2.7000000e+01   5.1211756e-02   5.6743705e-02   6.2736482e-02   7.0494318e-02   6.8649038e-02   5.7880778e-02   4.6293128e-02   3.7969362e-02   3.1608250e-02   2.9071245e-02   2.8218848e-02
  -2.6550000e+01   5.2682938e-02   6.2912995e-02   6.6660316e-02   7.2853982e-02   7.0133691e-02   5.8655530e-02   4.6748100e-02   3.8241133e-02   3.1731509e-02   2.9118167e-02   2.8235585e-02
  -2.6100000e+01   6.4290757e-02   6.8883987e-02   7.1103900e-02   7.5250522e-02   7.1567526e-02   5.9397516e-02   4.7195371e-02   3.8509079e-02   3.1852752e-02   2.9164302e-02   2.8252041e-02
  -2.5650000e+01   7.4218764e-02   7.4721492e-02   7.5865021e-02   7.7657444e-02   7.2945247e-02   6.0105524e-02   4.7634809e-02   3.8773161e-02   3.1971975e-02   2.9209651e-02   2.8268216e-02
  -2.5200000e+01   8.0373041e-02   8.0515180e-02   8.0779575e-02   8.0044960e-02   7.4261517e-02   6.0778431e-02   4.8066292e-02   3.9033343e-02   3.2089177e-02   2.9254213e-02   2.8284109e-02
  -2.4750000e+01   8.6186325e-02   8.6297276e-02   8.5717049e-02   8.2381197e-02   7.5511005e-02   6.1415203e-02   4.8489708e-02   3.9289589e-02   3.2204353e-02   2.9297989e-02   2.8299721e-02
  -2.4300000e+01   9.1987519e-02   9.2082929e-02   9.0554322e-02   8.4633537e-02   7.6688437e-02   6.2014908e-02   4.8904952e-02   3.9541863e-02   3.2317502e-02   2.9340978e-02   2.8315052e-02
  -2.3850000e+01   9.7795216e-02   9.7903177e-02   9.5144183e-02   8.6769992e-02   7.7788644e-02   6.2576716e-02   4.9311930e-02   3.9790130e-02   3.2428620e-02   2.9383180e-02   2.8330101e-02
  -2.3400000e+01   1.0360879e-01   1.0387656e-01   9.9288268e-02   8.8760540e-02   7.8806616e-02   6.3099906e-02   4.9710556e-02   4.0034355e-02   3.2537705e-02   2.9424595e-02   2.8344870e-02
  -2.2950000e+01   1.0945659e-01   1.1016091e-01   1.0273835e-01   9.0578327e-02   7.9737556e-02   6.3583869e-02   5.0100754e-02   4.0274505e-02   3.2644755e-02   2.9465223e-02   2.8359357e-02
  -2.2500000e+01   1.1524627e-01   1.1484105e-01   1.0526109e-01   9.2200666e-02   8.0576932e-02   6.4028114e-02   5.0482457e-02   4.0510547e-02   3.2749767e-02   2.9505064e-02   2.8373563e-02
  -2.2050000e+01   1.1354150e-01   1.1423064e-01   1.0675257e-01   9.3609761e-02   8.1320526e-02   6.4432271e-02   5.0855606e-02   4.0742447e-02   3.2852738e-02   2.9544118e-02   2.8387488e-02
  -2.1600000e+01   1.1177656e-01   1.1201249e-01   1.0730064e-01   9.4793131e-02   8.1964486e-02   6.4796095e-02   5.1220154e-02   4.0970175e-02   3.2953667e-02   2.9582384e-02   2.8401131e-02
  -2.1150000e+01   1.1004297e-01   1.1010204e-01   1.0712257e-01   9.5743704e-02   8.2505366e-02   6.5119467e-02   5.1576059e-02   4.1193698e-02   3.3052550e-02   2.9619863e-02   2.8414493e-02
  -2.0700000e+01   1.0831132e-01   1.0834171e-01   1.0644917e-01   9.6459606e-02   8.2940174e-02   6.5402396e-02   5.1923290e-02   4.1412987e-02   3.3149386e-02   2.9656555e-02   2.8427574e-02
  -2.0250000e+01   1.0658160e-01   1.0661380e-01   1.0545744e-01   9.6943670e-02   8.3266402e-02   6.5645026e-02   5.2261826e-02   4.1628010e-02   3.3244173e-02   2.9692459e-02   2.8440374e-02
  -1.9800000e+01   1.0484827e-01   1.0489000e-01   1.0426509e-01   9.7202719e-02   8.3482064e-02   6.5847629e-02   5.2591651e-02   4.1838740e-02   3.3336907e-02   2.9727575e-02   2.8452892e-02
  -1.9350000e+01   1.0301328e-01   1.0316315e-01   1.0295054e-01   9.7246694e-02   8.3585719e-02   6.6010613e-02   5.2912761e-02   4.2045146e-02   3.3427588e-02   2.9761903e-02   2.8465130e-02
  -1.8900000e+01   1.0005309e-01   1.0142586e-01   1.0157295e-01   9.7087700e-02   8.3576493e-02   6.6134519e-02   5.3225157e-02   4.2247201e-02   3.3516213e-02   2.9795443e-02   2.8477086e-02
  -1.8450000e+01   9.6592032e-02   9.9662194e-02   1.0018550e-01   9.6739036e-02   8.3454099e-02   6.6220017e-02   5.3528850e-02   4.2444877e-02   3.3602780e-02   2.9828195e-02   2.8488760e-02
  -1.8000000e+01   9.6153393e-02   9.7870198e-02   9.8840593e-02   9.6214284e-02   8.3218844e-02   6.6267912e-02   5.3823857e-02   4.2638148e-02   3.3687286e-02   2.9860159e-02   2.8500154e-02
  -1.7550000e+01   9.6139765e-02   9.6319440e-02   9.7584257e-02   9.5526513e-02   8.2871634e-02   6.6279138e-02   5.4110204e-02   4.2826987e-02   3.3769731e-02   2.9891335e-02   2.8511266e-02
  -1.7100000e+01   9.6137396e-02   9.5460977e-02   9.6441736e-02   9.4687630e-02   8.2413982e-02   6.6254753e-02   5.4387923e-02   4.3011369e-02   3.3850112e-02   2.9921723e-02   2.8522097e-02
  -1.6650000e+01   9.6082310e-02   9.4824872e-02   9.5407593e-02   9.3707927e-02   8.1847994e-02   6.6195942e-02   5.4657052e-02   4.3191269e-02   3.3928427e-02   2.9951322e-02   2.8532646e-02
  -1.6200000e+01   9.5403134e-02   9.4144920e-02   9.4452487e-02   9.2595818e-02   8.1176371e-02   6.6104009e-02   5.4917637e-02   4.3366662e-02   3.4004675e-02   2.9980133e-02   2.8542914e-02
  -1.5750000e+01   9.3765081e-02   9.3446360e-02   9.3539204e-02   9.1357786e-02   8.0402388e-02   6.5980373e-02   5.5169729e-02   4.3537526e-02   3.4078854e-02   3.0008156e-02   2.8552901e-02
  -1.5300000e+01   9.2792993e-02   9.2746809e-02   9.2632940e-02   8.9998501e-02   7.9529886e-02   6.5826567e-02   5.5413384e-02   4.3703836e-02   3.4150962e-02   3.0035390e-02   2.8562607e-02
  -1.4850000e+01   9.2067083e-02   9.2048311e-02   9.1701760e-02   8.8521104e-02   7.8563249e-02   6.5644224e-02   5.5648665e-02   4.3865571e-02   3.4220998e-02   3.0061835e-02   2.8572031e-02
  -1.4400000e+01   9.1307020e-02   9.1349682e-02   9.0711007e-02   8.6927610e-02   7.7507383e-02   6.5435082e-02   5.5875639e-02   4.4022710e-02   3.4288960e-02   3.0087492e-02   2.8581175e-02
  -1.3950000e+01   9.0002171e-02   9.0655017e-02   8.9614712e-02   8.5219399e-02   7.6367691e-02   6.5200967e-02   5.6094377e-02   4.4175230e-02   3.4354846e-02   3.0112360e-02   2.8590036e-02
  -1.3500000e+01   8.8619559e-02   8.9996371e-02   8.8346534e-02   8.3397735e-02   7.5150048e-02   6.4943793e-02   5.6304955e-02   4.4323112e-02   3.4418655e-02   3.0136439e-02   2.8598617e-02
  -1.3050000e+01   8.8445744e-02   8.9449493e-02   8.6818005e-02   8.1464297e-02   7.3860768e-02   6.4665550e-02   5.6507452e-02   4.4466336e-02   3.4480386e-02   3.0159729e-02   2.8606916e-02
  -1.2600000e+01   8.8439303e-02   8.8642255e-02   8.4937972e-02   7.9421653e-02   7.2506578e-02   6.4368299e-02   5.6701949e-02   4.4604882e-02   3.4540037e-02   3.0182230e-02   2.8614934e-02
  -1.2150000e+01   8.8433943e-02   8.6099675e-02   8.2654745e-02   7.7273670e-02   7.1094580e-02   6.4054160e-02   5.6888531e-02   4.4738733e-02   3.4597607e-02   3.0203942e-02   2.8622671e-02
  -1.1700000e+01   8.8290826e-02   8.2334355e-02   7.9988366e-02   7.5025826e-02   6.9632220e-02   6.3725306e-02   5.7067287e-02   4.4867871e-02   3.4653095e-02   3.0224866e-02   2.8630126e-02
  -1.1250000e+01   8.6049980e-02   7.8489347e-02   7.7017425e-02   7.2685408e-02   6.8127248e-02   6.3383952e-02   5.7238305e-02   4.4992279e-02   3.4706499e-02   3.0245000e-02   2.8637300e-02
  -1.0800000e+01   7.7374872e-02   7.4727476e-02   7.3835779e-02   7.0261594e-02   6.6587681e-02   6.3032346e-02   5.7401674e-02   4.5111939e-02   3.4757818e-02   3.0264345e-02   2.8644192e-02
  -1.0350000e+01   7.1396549e-02   7.1017253e-02   7.0520930e-02   6.7765433e-02   6.5021765e-02   6.2672758e-02   5.7557487e-02   4.5226837e-02   3.4807051e-02   3.0282900e-02   2.8650804e-02
  -9.9000000e+00   6.7453963e-02   6.7327889e-02   6.7127614e-02   6.5209718e-02   6.3437928e-02   6.2307471e-02   5.7705835e-02   4.5336956e-02   3.4854197e-02   3.0300667e-02   2.8657134e-02
  -9.4500000e+00   6.3383925e-02   6.3633363e-02   6.3694926e-02   6.2608790e-02   6.1844741e-02   6.1938771e-02   5.7846810e-02   4.5442283e-02   3.4899255e-02   3.0317644e-02   2.8663182e-02
  -9.0000000e+00   5.6336417e-02   5.9906105e-02   6.0255636e-02   5.9978281e-02   6.0250873e-02   6.1568934e-02   5.7980503e-02   4.5542804e-02   3.4942224e-02   3.0333832e-02   2.8668950e-02
  -8.5500000e+00   4.8930367e-02   5.6121921e-02   5.6843557e-02   5.7334819e-02   5.8665042e-02   6.1200219e-02   5.8107004e-02   4.5638505e-02   3.4983103e-02   3.0349230e-02   2.8674436e-02
  -8.1000000e+00   4.7939683e-02   5.2327825e-02   5.3496942e-02   5.4695726e-02   5.7095971e-02   6.0834855e-02   5.8226403e-02   4.5729374e-02   3.5021891e-02   3.0363839e-02   2.8679641e-02
  -7.6500000e+00   4.7898265e-02   4.8900522e-02   5.0254362e-02   5.2078708e-02   5.5552337e-02   6.0475034e-02   5.8338786e-02   4.5815399e-02   3.5058587e-02   3.0377659e-02   2.8684564e-02
  -7.2000000e+00   4.7895245e-02   4.6235205e-02   4.7142330e-02   4.9501573e-02   5.4042724e-02   6.0122893e-02   5.8444240e-02   4.5896569e-02   3.5093190e-02   3.0390689e-02   2.8689206e-02
  -6.7500000e+00   4.7827480e-02   4.3661233e-02   4.4164446e-02   4.6981966e-02   5.2575569e-02   5.9780515e-02   5.8542846e-02   4.5972872e-02   3.5125701e-02   3.0402929e-02   2.8693567e-02
  -6.3000000e+00   4.6617282e-02   4.0931016e-02   4.1304651e-02   4.4537144e-02   5.1159118e-02   5.9449909e-02   5.8634684e-02   4.6044300e-02   3.5156117e-02   3.0414380e-02   2.8697646e-02
  -5.8500000e+00   4.0527346e-02   3.8180962e-02   3.8541701e-02   4.2183780e-02   4.9801372e-02   5.9133005e-02   5.8719831e-02   4.6110842e-02   3.5184438e-02   3.0425041e-02   2.8701444e-02
  -5.4000000e+00   3.5755578e-02   3.5455788e-02   3.5861387e-02   3.9937803e-02   4.8510038e-02   5.8831647e-02   5.8798360e-02   4.6172489e-02   3.5210664e-02   3.0434913e-02   2.8704961e-02
  -4.9500000e+00   3.2804846e-02   3.2747713e-02   3.3261211e-02   3.7814264e-02   4.7292480e-02   5.8547579e-02   5.8870338e-02   4.6229235e-02   3.5234794e-02   3.0443995e-02   2.8708196e-02
  -4.5000000e+00   2.9806057e-02   3.0036978e-02   3.0751656e-02   3.5827236e-02   4.6155675e-02   5.8282439e-02   5.8935832e-02   4.6281071e-02   3.5256827e-02   3.0452288e-02   2.8711150e-02
  -4.0500000e+00   2.4662952e-02   2.7298037e-02   2.8358976e-02   3.3989720e-02   4.5106162e-02   5.8037751e-02   5.8994900e-02   4.6327991e-02   3.5276764e-02   3.0459790e-02   2.8713823e-02
  -3.6000000e+00   1.9070578e-02   2.4495940e-02   2.6130460e-02   3.2313583e-02   4.4150005e-02   5.7814919e-02   5.9047598e-02   4.6369988e-02   3.5294603e-02   3.0466503e-02   2.8716214e-02
  -3.1500000e+00   1.8248776e-02   2.1621577e-02   2.4136676e-02   3.0809503e-02   4.3292744e-02   5.7615216e-02   5.9093975e-02   4.6407057e-02   3.5310344e-02   3.0472427e-02   2.8718325e-02
  -2.7000000e+00   1.8210893e-02   1.9064057e-02   2.2458396e-02   2.9486925e-02   4.2539367e-02   5.7439782e-02   5.9134077e-02   4.6439194e-02   3.5323987e-02   3.0477560e-02   2.8720153e-02
  -2.2500000e+00   1.8209980e-02   1.8009997e-02   2.1152111e-02   2.8354039e-02   4.1894268e-02   5.7289617e-02   5.9167942e-02   4.6466393e-02   3.5335532e-02   3.0481904e-02   2.8721701e-02
  -1.8000000e+00   1.8210034e-02   1.8076063e-02   2.0216436e-02   2.7417760e-02   4.1361218e-02   5.7165574e-02   5.9195604e-02   4.6488652e-02   3.5344978e-02   3.0485458e-02   2.8722967e-02
  -1.3500000e+00   1.8210046e-02   1.8178967e-02   1.9594802e-02   2.6683730e-02   4.0943342e-02   5.7068359e-02   5.9217090e-02   4.6505968e-02   3.5352325e-02   3.0488222e-02   2.8723951e-02
  -9.0000000e-01   1.8210048e-02   1.8206165e-02   1.9211602e-02   2.6156317e-02   4.0643091e-02   5.6998524e-02   5.9232422e-02   4.6518338e-02   3.5357573e-02   3.0490197e-02   2.8724655e-02
  -4.5000000e-01   1.8210048e-02   1.8210526e-02   1.9005347e-02   2.5838630e-02   4.0462231e-02   5.6956463e-02   5.9241614e-02   4.6525760e-02   3.5360722e-02   3.0491381e-02   2.8725077e-02
   0.0000000e+00   1.8210048e-02   1.8210883e-02   1.8940344e-02   2.5732528e-02   4.0401826e-02   5.6942417e-02   5.9244678e-02   4.6528234e-02   3.5361772e-02   3.0491776e-02   2.8725217e-02
   4.5000000e-01   1.8210048e-02   1.8210526e-02   1.9005347e-02   2.5838630e-02   4.0462231e-02   5.6956463e-02   5.9241614e-02   4.6525760e-02   3.5360722e-02   3.0491381e-02   2.8725077e-02
   9.0000000e-01   1.8210048e-02   1.8206165e-02   1.9211602e-02   2.6156317e-02   4.0643091e-02   5.6998524e-02   5.9232422e-02   4.6518338e-02   3.5357573e-02   3.0490197e-02   2.8724655e-02
   1.3500000e+00   1.8210046e-02   1.8178967e-02   1.9594802e-02   2.6683730e-02   4.0943342e-02   5.7068359e-02   5.9217090e-02   4.6505968e-02   3.5352325e-02   3.0488222e-02   2.8723951e-02
   1.8000000e+00   1.8210034e-02   1.8076063e-02   2.0216436e-02   2.7417760e-02   4.1361218e-02   5.7165574e-02   5.9195604e-02   4.6488652e-02   3.5344978e-02   3.0485458e-02   2.8722967e-02
   2.2500000e+00   1.8209980e-02   1.8009997e-02   2.1152111e-02   2.8354039e-02   4.1894268e-02   5.7289617e-02   5.9167942e-02   4.6466393e-02   3.5335532e-02   3.0481904e-02   2.8721701e-02
   2.7000000e+00   1.8210893e-02   1.9064057e-02   2.2458396e-02   2.9486925e-02   4.2539367e-02   5.7439782e-02   5.9134077e-02   4.6439194e-02   3.5323987e-02   3.0477560e-02   2.8720153e-02
   3.1500000e+00   1.8248776e-02   2.1621577e-02   2.4136676e-02   3.0809503e-02   4.3292744e-02   5.7615216e-02   5.9093975e-02   4.6407057e-02   3.5310344e-02   3.0472427e-02   2.8718325e-02
   3.6000000e+00   1.9070578e-02   2.4495940e-02   2.6130460e-02   3.2313583e-02   4.4150005e-02   5.7814919e-02   5.9047598e-02   4.6369988e-02   3.5294603e-02   3.0466503e-02   2.8716214e-02
   4.0500000e+00   2.4662952e-02   2.7298037e-02   2.8358976e-02   3.3989720e-02   4.5106162e-02   5.8037751e-02   5.8994900e-02   4.6327991e-02   3.5276764e-02   3.0459790e-02   2.8713823e-02
   4.5000000e+00   2.9806057e-02   3.0036978e-02   3.0751656e-02   3.5827236e-02   4.6155675e-02   5.8282439e-02   5.8935832e-02   4.6281071e-02   3.5256827e-02   3.0452288e-02   2.8711150e-02
   4.9500000e+00   3.2804846e-02   3.2747713e-02   3.3261211e-02   3.7814264e-02   4.7292480e-02   5.8547579e-02   5.8870338e-02   4.6229235e-02   3.5234794e-02   3.0443995e-02   2.8708196e-02
   5.4000000e+00   3.5755578e-02   3.5455788e-02   3.5861387e-02   3.9937803e-02   4.8510038e-02   5.8831647e-02   5.8798360e-02   4.6172489e-02   3.5210664e-02   3.0434913e-02   2.8704961e-02
   5.8500000e+00   4.0527346e-02   3.8180962e-02   3.8541701e-02   4.2183780e-02   4.9801372e-02   5.9133005e-02   5.8719831e-02   4.6110842e-02   3.5184438e-02   3.0425041e-02   2.8701444e-02
   6.3000000e+00   4.6617282e-02   4.0931016e-02   4.1304651e-02   4.4537144e-02   5.1159118e-02   5.9449909e-02   5.8634684e-02   4.6044300e-02   3.5156117e-02   3.0414380e-02   2.8697646e-02
   6.7500000e+00   4.7827480e-02   4.3661233e-02   4.4164446e-02   4.6981966e-02   5.2575569e-02   5.9780515e-02   5.8542846e-02   4.5972872e-02   3.5125701e-02   3.0402929e-02   2.8693567e-02
   7.2000000e+00   4.7895245e-02   4.6235205e-02   4.7142330e-02   4.9501573e-02   5.4042724e-02   6.0122893e-02   5.8444240e-02   4.5896569e-02   3.5093190e-02   3.0390689e-02   2.8689206e-02
   7.6500000e+00   4.7898265e-02   4.8900522e-02   5.0254362e-02   5.2078708e-02   5.5552337e-02   6.0475034e-02   5.8338786e-02   4.5815399e-02   3.5058587e-02   3.0377659e-02   2.8684564e-02
   8.1000000e+00   4.7939683e-02   5.2327825e-02   5.3496942e-02   5.4695726e-02   5.7095971e-02   6.0834855e-02   5.8226403e-02   4.5729374e-02   3.5021891e-02   3.0363839e-02   2.8679641e-02
   8.5500000e+00   4.8930367e-02   5.6121921e-02   5.6843557e-02   5.7334819e-02   5.8665042e-02   6.1200219e-02   5.8107004e-02   4.5638505e-02   3.4983103e-02   3.0349230e-02   2.8674436e-02
   9.0000000e+00   5.6336417e-02   5.9906105e-02   6.0255636e-02   5.9978281e-02   6.0250873e-02   6.1568934e-02   5.7980503e-02   4.5542804e-02   3.4942224e-02   3.0333832e-02   2.8668950e-02
   9.4500000e+00   6.3383925e-02   6.3633363e-02   6.3694926e-02   6.2608790e-02   6.1844741e-02   6.1938771e-02   5.7846810e-02   4.5442283e-02   3.4899255e-02   3.0317644e-02   2.8663182e-02
   9.9000000e+00   6.7453963e-02   6.7327889e-02   6.7127614e-02   6.5209718e-02   6.3437928e-02   6.2307471e-02   5.7705835e-02   4.5336956e-02   3.4854197e-02   3.0300667e-02   2.8657134e-02
   1.0350000e+01   7.1396549e-02   7.1017253e-02   7.0520930e-02   6.7765433e-02   6.5021765e-02   6.2672758e-02   5.7557487e-02   4.5226837e-02   3.4807051e-02   3.0282900e-02   2.8650804e-02
   1.0800000e+01   7.7374872e-02   7.4727476e-02   7.3835779e-02   7.0261594e-02   6.6587681e-02   6.3032346e-02   5.7401674e-02   4.5111939e-02   3.4757818e-02   3.0264345e-02   2.8644192e-02
   1.1250000e+01   8.6049980e-02   7.8489347e-02   7.7017425e-02   7.2685408e-02   6.8127248e-02   6.3383952e-02   5.7238305e-02   4.4992279e-02   3.4706499e-02   3.0245000e-02   2.8637300e-02
   1.1700000e+01   8.8290826e-02   8.2334355e-02   7.9988366e-02   7.5025826e-02   6.9632220e-02   6.3725306e-02   5.7067287e-02   4.4867871e-02   3.4653095e-02   3.0224866e-02   2.8630126e-02
   1.2150000e+01   8.8433943e-02   8.6099675e-02   8.2654745e-02   7.7273670e-02   7.1094580e-02   6.4054160e-02   5.6888531e-02   4.4738733e-02   3.4597607e-02   3.0203942e-02   2.8622671e-02
   1.2600000e+01   8.8439303e-02   8.8642255e-02   8.4937972e-02   7.9421653e-02   7.2506578e-02   6.4368299e-02   5.6701949e-02   4.4604882e-02   3.4540037e-02   3.0182230e-02   2.8614934e-02
   1.3050000e+01   8.8445744e-02   8.9449493e-02   8.6818005e-02   8.1464297e-02   7.3860768e-02   6.4665550e-02   5.6507452e-02   4.4466336e-02   3.4480386e-02   3.0159729e-02   2.8606916e-02
   1.3500000e+01   8.8619559e-02   8.9996371e-02   8.8346534e-02   8.3397735e-02   7.5150048e-02   6.4943793e-02   5.6304955e-02   4.4323112e-02   3.4418655e-02   3.0136439e-02   2.8598617e-02
   1.3950000e+01   9.0002171e-02   9.0655017e-02   8.9614712e-02   8.5219399e-02   7.6367691e-02   6.5200967e-02   5.6094377e-02   4.4175230e-02   3.4354846e-02   3.0112360e-02   2.8590036e-02
   1.4400000e+01   9.1307020e-02   9.1349682e-02   9.0711007e-02   8.6927610e-02   7.7507383e-02   6.5435082e-02   5.5875639e-02   4.4022710e-02   3.4288960e-02   3.0087492e-02   2.8581175e-02
   1.4850000e+01   9.2067083e-02   9.2048311e-02   9.1701760e-02   8.8521104e-02   7.8563249e-02   6.5644224e-02   5.5648665e-02   4.3865571e-02   3.4220998e-02   3.0061835e-02   2.8572031e-02
   1.5300000e+01   9.2792993e-02   9.2746809e-02   9.2632940e-02   8.9998501e-02   7.9529886e-02   6.5826567e-02   5.5413384e-02   4.3703836e-02   3.4150962e-02   3.0035390e-02   2.8562607e-02
   1.5750000e+01   9.3765081e-02   9.3446360e-02   9.3539204e-02   9.1357786e-02   8.0402388e-02   6.5980373e-02   5.5169729e-02   4.3537526e-02   3.4078854e-02   3.0008156e-02   2.8552901e-02
   1.6200000e+01   9.5403134e-02   9.4144920e-02   9.4452487e-02   9.2595818e-02   8.1176371e-02   6.6104009e-02   5.4917637e-02   4.3366662e-02   3.4004675e-02   2.9980133e-02   2.8542914e-02
   1.6650000e+01   9.6082310e-02   9.4824872e-02   9.5407593e-02   9.3707927e-02   8.1847994e-02   6.6195942e-02   5.4657052e-02   4.3191269e-02   3.3928427e-02   2.9951322e-02   2.8532646e-02
   1.7100000e+01   9.6137396e-02   9.5460977e-02   9.6441736e-02   9.4687630e-02   8.2413982e-02   6.6254753e-02   5.4387923e-02   4.3011369e-02   3.3850112e-02   2.9921723e-02   2.8522097e-02
   1.7550000e+01   9.6139765e-02   9.6319440e-02   9.7584257e-02   9.5526513e-02   8.2871634e-02   6.6279138e-02   5.4110204e-02   4.2826987e-02   3.3769731e-02   2.9891335e-02   2.8511266e-02
   1.8000000e+01   9.6153393e-02   9.7870198e-02   9.8840593e-02   9.6214284e-02   8.3218844e-02   6.6267912e-02   5.3823857e-02   4.2638148e-02   3.3687286e-02   2.9860159e-02   2.8500154e-02
   1.8450000e+01   9.6592032e-02   9.9662194e-02   1.0018550e-01   9.6739036e-02   8.3454099e-02   6.6220017e-02   5.3528850e-02   4.2444877e-02   3.3602780e-02   2.9828195e-02   2.8488760e-02
   1.8900000e+01   1.0005309e-01   1.0142586e-01   1.0157295e-01   9.7087700e-02   8.3576493e-02   6.6134519e-02   5.3225157e-02   4.2247201e-02   3.3516213e-02   2.9795443e-02   2.8477086e-02
   1.9350000e+01   1.0301328e-01   1.0316315e-01   1.0295054e-01   9.7246694e-02   8.3585719e-02   6.6010613e-02   5.2912761e-02   4.2045146e-02   3.3427588e-02   2.9761903e-02   2.8465130e-02
   1.9800000e+01   1.0484827e-01   1.0489000e-01   1.0426509e-01   9.7202719e-02   8.3482064e-02   6.5847629e-02   5.2591651e-02   4.1838740e-02   3.3336907e-02   2.9727575e-02   2.8452892e-02
   2.0250000e+01   1.0658160e-01   1.0661380e-01   1.0545744e-01   9.6943670e-02   8.3266402e-02   6.5645026e-02   5.2261826e-02   4.1628010e-02   3.3244173e-02   2.9692459e-02   2.8440374e-02
   2.0700000e+01   1.0831132e-01   1.0834171e-01   1.0644917e-01   9.6459606e-02   8.2940174e-02   6.5402396e-02   5.1923290e-02   4.1412987e-02   3.3149386e-02   2.9656555e-02   2.8427574e-02
   2.1150000e+01   1.1004297e-01   1.1010204e-01   1.0712257e-01   9.5743704e-02   8.2505366e-02   6.5119467e-02   5.1576059e-02   4.1193698e-02   3.3052550e-02   2.9619863e-02   2.8414493e-02
   2.1600000e+01   1.1177656e-01   1.1201249e-01   1.0730064e-01   9.4793131e-02   8.1964486e-02   6.4796095e-02   5.1220154e-02   4.0970175e-02   3.2953667e-02   2.9582384e-02   2.8401131e-02
   2.2050000e+01   1.1354150e-01   1.1423064e-01   1.0675257e-01   9.3609761e-02   8.1320526e-02   6.4432271e-02   5.0855606e-02   4.0742447e-02   3.2852738e-02   2.9544118e-02   2.8387488e-02
   2.2500000e+01   1.1524627e-01   1.1484105e-01   1.0526109e-01   9.2200666e-02   8.0576932e-02   6.4028114e-02   5.0482457e-02   4.0510547e-02   3.2749767e-02   2.9505064e-02   2.8373563e-02
   2.2950000e+01   1.0945659e-01   1.1016091e-01   1.0273835e-01   9.0578327e-02   7.9737556e-02   6.3583869e-02   5.0100754e-02   4.0274505e-02   3.2644755e-02   2.9465223e-02   2.8359357e-02
   2.3400000e+01   1.0360879e-01   1.0387656e-01   9.9288268e-02   8.8760540e-02   7.8806616e-02   6.3099906e-02   4.9710556e-02   4.0034355e-02   3.2537705e-02   2.9424595e-02   2.8344870e-02
   2.3850000e+01   9.7795216e-02   9.7903177e-02   9.5144183e-02   8.6769992e-02   7.7788644e-02   6.2576716e-02   4.9311930e-02   3.9790130e-02   3.2428620e-02   2.9383180e-02   2.8330101e-02
   2.4300000e+01   9.1987519e-02   9.2082929e-02   9.0554322e-02   8.4633537e-02   7.6688437e-02   6.2014908e-02   4.8904952e-02   3.9541863e-02   3.2317502e-02   2.9340978e-02   2.8315052e-02
   2.4750000e+01   8.6186325e-02   8.6297276e-02   8.5717049e-02   8.2381197e-02   7.5511005e-02   6.1415203e-02   4.8489708e-02   3.9289589e-02   3.2204353e-02   2.9297989e-02   2.8299721e-02
   2.5200000e+01   8.0373041e-02   8.0515180e-02   8.0779575e-02   8.0044960e-02   7.4261517e-02   6.0778431e-02   4.8066292e-02   3.9033343e-02   3.2089177e-02   2.9254213e-02   2.8284109e-02
   2.5650000e+01   7.4218764e-02   7.4721492e-02   7.5865021e-02   7.7657444e-02   7.2945247e-02   6.0105524e-02   4.7634809e-02   3.8773161e-02   3.1971975e-02   2.9209651e-02   2.8268216e-02
   2.6100000e+01   6.4290757e-02   6.8883987e-02   7.1103900e-02   7.5250522e-02   7.1567526e-02   5.9397516e-02   4.7195371e-02   3.8509079e-02   3.1852752e-02   2.9164302e-02   2.8252041e-02
   2.6550000e+01   5.2682938e-02   6.2912995e-02   6.6660316e-02   7.2853982e-02   7.0133691e-02   5.8655530e-02   4.6748100e-02   3.8241133e-02   3.1731509e-02   2.9118167e-02   2.8235585e-02
   2.7000000e+01   5.1211756e-02   5.6743705e-02   6.2736482e-02   7.0494318e-02   6.8649038e-02   5.7880778e-02   4.6293128e-02   3.7969362e-02   3.1608250e-02   2.9071245e-02   2.8218848e-02
   2.7450000e+01   5.1166044e-02   5.1790289e-02   5.9528406e-02   6.8193724e-02   6.7118783e-02   5.7074553e-02   4.5830595e-02   3.7693803e-02   3.1482976e-02   2.9023538e-02   2.8201830e-02
   2.7900000e+01   5.1166699e-02   5.0881078e-02   5.7136779e-02   6.5969340e-02   6.5548022e-02   5.6238222e-02   4.5360649e-02   3.7414496e-02   3.1355693e-02   2.8975044e-02   2.8184531e-02
   2.8350000e+01   5.1190692e-02   5.1528185e-02   5.5508218e-02   6.3832804e-02   6.3941700e-02   5.5373221e-02   4.4883447e-02   3.7131478e-02   3.1226401e-02   2.8925765e-02   2.8166951e-02
   2.8800000e+01   5.1485327e-02   5.1992825e-02   5.4474055e-02   6.1790110e-02   6.2304585e-02   5.4481050e-02   4.4399156e-02   3.6844791e-02   3.1095105e-02   2.8875699e-02   2.8149089e-02
   2.9250000e+01   5.2195909e-02   5.2330674e-02   5.3842372e-02   5.9841780e-02   6.0641247e-02   5.3563261e-02   4.3907949e-02   3.6554474e-02   3.0961808e-02   2.8824849e-02   2.8130946e-02
   2.9700000e+01   5.2617597e-02   5.2638163e-02   5.3458058e-02   5.7983319e-02   5.8956043e-02   5.2621457e-02   4.3410009e-02   3.6260569e-02   3.0826512e-02   2.8773212e-02   2.8112522e-02
   3.0150000e+01   5.2932494e-02   5.2940623e-02   5.3211068e-02   5.6205895e-02   5.7253113e-02   5.1657283e-02   4.2905525e-02   3.5963118e-02   3.0689221e-02   2.8720791e-02   2.8093817e-02
   3.0600000e+01   5.3262206e-02   5.3244399e-02   5.3019544e-02   5.4497214e-02   5.5536372e-02   5.0672422e-02   4.2394696e-02   3.5662161e-02   3.0549939e-02   2.8667584e-02   2.8074831e-02
   3.1050000e+01   5.3828245e-02   5.3558165e-02   5.2809545e-02   5.2842492e-02   5.3809515e-02   4.9668582e-02   4.1877725e-02   3.5357743e-02   3.0408668e-02   2.8613592e-02   2.8055563e-02
   3.1500000e+01   5.4428023e-02   5.3913249e-02   5.2498960e-02   5.1225484e-02   5.2076027e-02   4.8647498e-02   4.1354825e-02   3.5049907e-02   3.0265413e-02   2.8558815e-02   2.8036015e-02
   3.1950000e+01   5.4503467e-02   5.4361665e-02   5.1991665e-02   4.9629496e-02   5.0339191e-02   4.7610918e-02   4.0826214e-02   3.4738695e-02   3.0120176e-02   2.8503253e-02   2.8016185e-02
   3.2400000e+01   5.4506315e-02   5.4509397e-02   5.1192703e-02   4.8038318e-02   4.8602105e-02   4.6560604e-02   4.0292118e-02   3.4424154e-02   2.9972961e-02   2.8446907e-02   2.7996074e-02
   3.2850000e+01   5.4502960e-02   5.3064916e-02   5.0045017e-02   4.6437051e-02   4.6867701e-02   4.5498318e-02   3.9752768e-02   3.4106327e-02   2.9823772e-02   2.8389776e-02   2.7975682e-02
   3.3300000e+01   5.4410770e-02   5.0602618e-02   4.8558053e-02   4.4812777e-02   4.5138763e-02   4.4425823e-02   3.9208401e-02   3.3785260e-02   2.9672612e-02   2.8331860e-02   2.7955009e-02
   3.3750000e+01   5.2967541e-02   4.8103699e-02   4.6795666e-02   4.3155066e-02   4.3417947e-02   4.3344873e-02   3.8659260e-02   3.3460999e-02   2.9519485e-02   2.8273161e-02   2.7934055e-02
   3.4200000e+01   4.7380301e-02   4.5675775e-02   4.4836601e-02   4.1456312e-02   4.1707800e-02   4.2257210e-02   3.8105593e-02   3.3133591e-02   2.9364396e-02   2.8213678e-02   2.7912820e-02
   3.4650000e+01   4.3529936e-02   4.3285468e-02   4.2745064e-02   3.9711906e-02   4.0010782e-02   4.1164556e-02   3.7547653e-02   3.2803083e-02   2.9207346e-02   2.8153410e-02   2.7891303e-02
   3.5100000e+01   4.0990696e-02   4.0909264e-02   4.0563759e-02   3.7920256e-02   3.8329281e-02   4.0068611e-02   3.6985697e-02   3.2469522e-02   2.9048342e-02   2.8092359e-02   2.7869506e-02
   3.5550000e+01   3.8369371e-02   3.8529996e-02   3.8318697e-02   3.6082689e-02   3.6665630e-02   3.8971046e-02   3.6419987e-02   3.2132956e-02   2.8887386e-02   2.8030524e-02   2.7847427e-02
   3.6000000e+01   3.3830393e-02   3.6131605e-02   3.6025229e-02   3.4203241e-02   3.5022117e-02   3.7873499e-02   3.5850789e-02   3.1793434e-02   2.8724482e-02   2.7967906e-02   2.7825067e-02
   3.6450000e+01   2.9060495e-02   3.3706674e-02   3.3691838e-02   3.2288385e-02   3.3400995e-02   3.6777569e-02   3.5278370e-02   3.1451005e-02   2.8559635e-02   2.7904505e-02   2.7802426e-02
   3.6900000e+01   2.8422447e-02   3.1303130e-02   3.1322390e-02   3.0346691e-02   3.1804488e-02   3.5684816e-02   3.4703003e-02   3.1105718e-02   2.8392849e-02   2.7840320e-02   2.7779505e-02
   3.7350000e+01   2.8395786e-02   2.9079791e-02   2.8918694e-02   2.8388465e-02   3.0234792e-02   3.4596753e-02   3.4124962e-02   3.0757624e-02   2.8224128e-02   2.7775353e-02   2.7756302e-02
   3.7800000e+01   2.8393147e-02   2.6899842e-02   2.6484172e-02   2.6425357e-02   2.8694069e-02   3.3514846e-02   3.3544525e-02   3.0406772e-02   2.8053475e-02   2.7709603e-02   2.7732818e-02
   3.8250000e+01   2.8328308e-02   2.4393205e-02   2.4026867e-02   2.4469973e-02   2.7184451e-02   3.2440507e-02   3.2961970e-02   3.0053214e-02   2.7880896e-02   2.7643070e-02   2.7709053e-02
   3.8700000e+01   2.7170781e-02   2.1742766e-02   2.1559343e-02   2.2535478e-02   2.5708020e-02   3.1375096e-02   3.2377577e-02   2.9697001e-02   2.7706395e-02   2.7575755e-02   2.7685007e-02
   3.9150000e+01   2.1345915e-02   1.9102889e-02   1.9096397e-02   2.0635214e-02   2.4266804e-02   3.0319912e-02   3.1791628e-02   2.9338184e-02   2.7529976e-02   2.7507658e-02   2.7660679e-02
   3.9600000e+01   1.6781843e-02   1.6494946e-02   1.6653651e-02   1.8782329e-02   2.2862758e-02   2.9276198e-02   3.1204406e-02   2.8976817e-02   2.7351644e-02   2.7438779e-02   2.7636071e-02
   4.0050000e+01   1.3959545e-02   1.3904736e-02   1.4248509e-02   1.6989421e-02   2.1497750e-02   2.8245132e-02   3.0616194e-02   2.8612951e-02   2.7171403e-02   2.7369118e-02   2.7611182e-02
   4.0500000e+01   1.1091281e-02   1.1312079e-02   1.1903397e-02   1.5268206e-02   2.0173545e-02   2.7227832e-02   3.0027274e-02   2.8246640e-02   2.6989258e-02   2.7298675e-02   2.7586012e-02
   4.0950000e+01   6.1720346e-03   8.6924004e-03   9.6512383e-03   1.3629222e-02   1.8891781e-02   2.6225348e-02   2.9437931e-02   2.7877936e-02   2.6805214e-02   2.7227451e-02   2.7560561e-02
   4.1400000e+01   8.2307483e-04   6.0122853e-03   7.5423466e-03   1.2081566e-02   1.7653960e-02   2.5238666e-02   2.8848445e-02   2.7506894e-02   2.6619275e-02   2.7155445e-02   2.7534829e-02
   4.1850000e+01   3.7042344e-05   3.2630372e-03   5.6474269e-03   1.0632677e-02   1.6461420e-02   2.4268705e-02   2.8259098e-02   2.7133568e-02   2.6431445e-02   2.7082659e-02   2.7508815e-02
   4.2300000e+01   8.0818798e-07   8.1683722e-04   4.0452624e-03   9.2881758e-03   1.5315327e-02   2.3316315e-02   2.7670171e-02   2.6758013e-02   2.6241731e-02   2.7009091e-02   2.7482521e-02
   4.2750000e+01  -6.4562412e-08  -1.9134349e-04   2.7895859e-03   8.0517736e-03   1.4216655e-02   2.2382281e-02   2.7081942e-02   2.6380282e-02   2.6050137e-02   2.6934743e-02   2.7455946e-02
   4.3200000e+01  -1.3053164e-08  -1.2815749e-04   1.8767907e-03   6.9252396e-03   1.3166177e-02   2.1467317e-02   2.6494688e-02   2.6000432e-02   2.5856667e-02   2.6859614e-02   2.7429090e-02
   4.3650000e+01  -1.3465089e-09  -2.9746591e-05   1.2484935e-03   5.9084452e-03   1.2164452e-02   2.0572073e-02   2.5908682e-02   2.5618519e-02   2.5661328e-02   2.6783705e-02   2.7401953e-02
   4.4100000e+01  -4.4667920e-11  -3.7774952e-06   8.2604845e-04   4.9994730e-03   1.1211819e-02   1.9697129e-02   2.5324197e-02   2.5234597e-02   2.5464123e-02   2.6707016e-02   2.7374535e-02
   4.4550000e+01  -3.1375700e-13   2.7447821e-07   5.4181952e-04   4.1947861e-03   1.0308393e-02   1.8842998e-02   2.4741500e-02   2.4848723e-02   2.5265059e-02   2.6629547e-02   2.7346836e-02
   4.5000000e+01   2.4075154e-15   3.9956458e-07   3.4915729e-04   3.4894470e-03   9.4540649e-03   1.8010131e-02   2.4160859e-02   2.4460953e-02   2.5064140e-02   2.6551298e-02   2.7318856e-02
   4.5450000e+01   2.4746339e-16   1.8265888e-07   2.1861389e-04   2.8773710e-03   8.6485009e-03   1.7198912e-02   2.3582535e-02   2.4071345e-02   2.4861371e-02   2.6472270e-02   2.7290595e-02
   4.5900000e+01   9.9683447e-18   6.4111653e-08   1.3146878e-04   2.3516010e-03   7.8911504e-03   1.6409661e-02   2.3006786e-02   2.3679956e-02   2.4656759e-02   2.6392463e-02   2.7262053e-02
   4.6350000e+01   9.8579011e-20   1.8793957e-08   7.5097374e-05   1.9045864e-03   7.1812536e-03   1.5642639e-02   2.2433867e-02   2.3286842e-02   2.4450309e-02   2.6311876e-02   2.7233231e-02
   4.6800000e+01   3.1859191e-22   4.2395008e-09   4.0391711e-05   1.5284544e-03   6.5178518e-03   1.4898043e-02   2.1864028e-02   2.2892061e-02   2.4242025e-02   2.6230511e-02   2.7204127e-02
   4.7250000e+01   5.4203142e-25   4.6203307e-10   2.0424235e-05   1.2152595e-03   5.8998018e-03   1.4176016e-02   2.1297515e-02   2.2495671e-02   2.4031914e-02   2.6148367e-02   2.7174742e-02
   4.7700000e+01  -1.9130190e-27  -4.0918745e-11   9.8238597e-06   9.5720449e-04   5.3257909e-03   1.3476642e-02   2.0734567e-02   2.2097731e-02   2.3819981e-02   2.6065444e-02   2.7145077e-02
   4.8150000e+01  -3.0194650e-29  -1.2422538e-11   4.6118574e-06   7.4682349e-04   4.7943549e-03   1.2799951e-02   2.0175422e-02   2.1698297e-02   2.3606232e-02   2.5981744e-02   2.7115131e-02
   4.8600000e+01  -2.1820907e-31  -1.2487788e-12   2.1732146e-06   5.7712629e-04   4.3038963e-03   1.2145922e-02   1.9620309e-02   2.1297430e-02   2.3390673e-02   2.5897266e-02   2.7084904e-02
   4.9050000e+01  -5.1785649e-34  -8.1174742e-14   1.0413062e-06   4.4170142e-04   3.8527045e-03   1.1514483e-02   1.9069454e-02   2.0895186e-02   2.3173309e-02   2.5812009e-02   2.7054396e-02
   4.9500000e+01  -2.6156285e-37  -2.4070510e-15   5.0345273e-07   3.3478053e-04   3.4389760e-03   1.0905517e-02   1.8523076e-02   2.0491626e-02   2.2954147e-02   2.5725976e-02   2.7023607e-02
   4.9950000e+01   1.7641155e-41   3.3809654e-16   2.4096175e-07   2.5126740e-04   3.0608347e-03   1.0318859e-02   1.7981389e-02   2.0086808e-02   2.2733192e-02   2.5639165e-02   2.6992537e-02
   5.0400000e+01   4.1600946e-43   8.7306207e-17   1.1189014e-07   1.8673700e-04   2.7163527e-03   9.7543033e-03   1.7444600e-02   1.9680791e-02   2.2510450e-02   2.5551577e-02   2.6961187e-02
   5.0850000e+01   1.1554709e-45   1.3178360e-17   4.9534969e-08   1.3741020e-04   2.4035696e-03   9.2116050e-03   1.6912911e-02   1.9273634e-02   2.2285928e-02   2.5463212e-02   2.6929555e-02
   5.1300000e+01   8.4447832e-49   1.5787617e-18   2.0599017e-08   1.0011070e-04   2.1205116e-03   8.6904812e-03   1.6386517e-02   1.8865397e-02   2.2059632e-02   2.5374071e-02   2.6897643e-02
   5.1750000e+01   1.9145378e-52   1.4575732e-19   7.9536052e-09   7.2209755e-05   1.8652095e-03   8.1906148e-03   1.5865608e-02   1.8456140e-02   2.1831567e-02   2.5284153e-02   2.6865450e-02
   5.2200000e+01   2.4087546e-56   7.0564113e-21   2.8414838e-09   5.1564185e-05   1.6357148e-03   7.7116569e-03   1.5350364e-02   1.8045921e-02   2.1601741e-02   2.5193460e-02   2.6832976e-02
   5.2650000e+01  -3.4588638e-60  -1.7989190e-22   9.5192655e-10   3.6452096e-05   1.4301149e-03   7.2532294e-03   1.4840962e-02   1.7634800e-02   2.1370158e-02   2.5101991e-02   2.6800222e-02
   5.3100000e+01  -4.4822019e-63  -2.7407496e-23   3.0989880e-10   2.5509726e-05   1.2465462e-03   6.8149273e-03   1.4337570e-02   1.7222838e-02   2.1136827e-02   2.5009746e-02   2.6767187e-02
   5.3550000e+01  -2.2217064e-66  -1.1340945e-24   1.0261011e-10   1.7672028e-05   1.0832059e-03   6.3963221e-03   1.3840350e-02   1.6810094e-02   2.0901753e-02   2.4916725e-02   2.6733870e-02
   5.4000000e+01  -3.5763570e-70  -3.0858064e-26   3.5438459e-11   1.2118635e-05   9.3836158e-04   5.9969635e-03   1.3349456e-02   1.6396627e-02   2.0664943e-02   2.4822930e-02   2.6700274e-02
   5.4450000e+01  -1.1868922e-74  -5.0906259e-28   1.2622071e-11   8.2261783e-06   8.1035949e-04   5.6163824e-03   1.2865037e-02   1.5982497e-02   2.0426404e-02   2.4728360e-02   2.6666396e-02
   5.4900000e+01  -6.5593633e-80   7.0115908e-30   4.4907591e-12   5.5272707e-06   6.9763058e-04   5.2540930e-03   1.2387232e-02   1.5567765e-02   2.0186142e-02   2.4633016e-02   2.6632238e-02
   5.5350000e+01   4.6810571e-83   1.2147591e-30   1.5475984e-12   3.6760668e-06   5.9869526e-04   4.9095955e-03   1.1916175e-02   1.5152490e-02   1.9944164e-02   2.4536897e-02   2.6597799e-02
   5.5800000e+01   9.1414838e-87   7.7363422e-32   5.0478271e-13   2.4199634e-06   5.1216647e-04   4.5823782e-03   1.1451993e-02   1.4736732e-02   1.9700477e-02   2.4440004e-02   2.6563079e-02
   5.6250000e+01   5.2807026e-91   3.7356872e-33   1.5310004e-13   1.5768144e-06   4.3675127e-04   4.2719197e-03   1.0994804e-02   1.4320551e-02   1.9455087e-02   2.4342337e-02   2.6528078e-02
   5.6700000e+01   8.6377593e-96   1.3996093e-34   4.2581870e-14   1.0169356e-06   3.7125116e-04   3.9776910e-03   1.0544719e-02   1.3904006e-02   1.9208002e-02   2.4243897e-02   2.6492797e-02
   5.7150000e+01  7.8649122e-101   2.9771593e-36   1.0792027e-14   6.4914708e-07   3.1456118e-04   3.6991578e-03   1.0101844e-02   1.3487157e-02   1.8959229e-02   2.4144684e-02   2.6457235e-02
   5.7600000e+01 -4.1610900e-106  -1.8543731e-38   2.5223633e-15   4.1013445e-07   2.6566803e-04   3.4357819e-03   9.6662740e-03   1.3070064e-02   1.8708774e-02   2.4044698e-02   2.6421393e-02
   5.8050000e+01 -4.9754423e-110  -1.6141191e-39   5.6705189e-16   2.5647213e-07   2.2364729e-04   3.1870235e-03   9.2381001e-03   1.2652786e-02   1.8456645e-02   2.3943939e-02   2.6385270e-02
   5.8500000e+01 -1.6799515e-114  -2.7055589e-41   1.3085565e-16   1.5873859e-07   1.8765993e-04   2.9523429e-03   8.8174044e-03   1.2235383e-02   1.8202850e-02   2.3842408e-02   2.6348866e-02
   5.8950000e+01 -1.7429912e-119  -2.9577416e-43   3.2412219e-17   9.7241313e-08   1.5694822e-04   2.7312017e-03   8.4042623e-03   1.1817913e-02   1.7947395e-02   2.3740105e-02   2.6312181e-02
   5.9400000e+01 -3.5938612e-125  -2.1595435e-45   8.5062171e-18   5.8957940e-08   1.3083127e-04   2.5230648e-03   7.9987418e-03   1.1400437e-02   1.7690288e-02   2.3637029e-02   2.6275216e-02
   5.9850000e+01 -2.4574732e-131   1.4145247e-48   2.2541470e-18   3.5379661e-08   1.0870021e-04   2.3274013e-03   7.6009038e-03   1.0983012e-02   1.7431536e-02   2.3533183e-02   2.6237970e-02
   6.0300000e+01  3.6175111e-136   4.7427627e-49   5.7736793e-19   2.1012660e-08   9.0013153e-05   2.1436864e-03   7.2108023e-03   1.0565699e-02   1.7171146e-02   2.3428565e-02   2.6200444e-02
   6.0750000e+01  5.1459405e-141   1.2705989e-50   1.3890139e-19   1.2351511e-08   7.4290164e-05   1.9714021e-03   6.8284841e-03   1.0148555e-02   1.6909127e-02   2.3323176e-02   2.6162637e-02
   6.1200000e+01  2.7250851e-146   2.4591418e-52   3.0778606e-20   7.1856544e-09   6.1108135e-05   1.8100385e-03   6.4539892e-03   9.7316386e-03   1.6645486e-02   2.3217017e-02   2.6124549e-02
   6.1650000e+01  3.5651092e-152   3.7229509e-54   6.1847681e-21   4.1372817e-09   5.0095801e-05   1.6590948e-03   6.0873507e-03   9.3150088e-03   1.6380231e-02   2.3110087e-02   2.6086181e-02
   6.2100000e+01  2.3377852e-158   3.4423546e-56   1.1164278e-21   2.3575551e-09   4.0928882e-05   1.5180800e-03   5.7285949e-03   8.8987234e-03   1.6113369e-02   2.3002388e-02   2.6047532e-02
   6.2550000e+01 -3.4815649e-165  -3.7131535e-59   1.8253462e-22   1.3295425e-09   3.3325424e-05   1.3865138e-03   5.3777415e-03   8.4828401e-03   1.5844908e-02   2.2893918e-02   2.6008603e-02
   6.3000000e+01 -5.1158866e-170  -2.5968329e-60   2.8258737e-23   7.4204784e-10   2.7041380e-05   1.2639276e-03   5.0348037e-03   8.0674166e-03   1.5574856e-02   2.2784679e-02   2.5969393e-02
   6.3450000e+01 -1.1596024e-175  -1.7468715e-62   4.5079947e-24   4.0987044e-10   2.1866461e-05   1.1498645e-03   4.6997882e-03   7.6525102e-03   1.5303221e-02   2.2674671e-02   2.5929903e-02
   6.3900000e+01 -6.8455335e-182  -7.5300219e-65   7.9671611e-25   2.2404851e-10   1.7620264e-05   1.0438804e-03   4.3726953e-03   7.2381780e-03   1.5030011e-02   2.2563894e-02   2.5890132e-02
   6.4350000e+01 -7.9503803e-189  -2.2821564e-67   1.5428906e-25   1.2120323e-10   1.4148711e-05   9.4554406e-04   4.0535193e-03   6.8244766e-03   1.4755235e-02   2.2452349e-02   2.5850081e-02
   6.4800000e+01 -4.3228400e-196  -1.5026979e-70   3.0554908e-26   6.4887239e-11   1.1320778e-05   8.5443761e-04   3.7422481e-03   6.4114626e-03   1.4478899e-02   2.2340035e-02   2.5809749e-02
   6.5250000e+01  1.9472943e-202   5.0868977e-72   5.8301560e-27   3.4377525e-11   9.0255352e-06   7.7015690e-04   3.4388642e-03   5.9991922e-03   1.4201013e-02   2.2226954e-02   2.5769136e-02
   6.5700000e+01  2.1303820e-208   5.7694937e-74   1.0361556e-27   1.8024312e-11   7.1694618e-06   6.9231160e-04   3.1433438e-03   5.5877212e-03   1.3921586e-02   2.2113105e-02   2.5728244e-02
   6.6150000e+01  1.7482871e-214   4.4671704e-76   1.6806115e-28   9.3521625e-12   5.6740576e-06   6.2052543e-04   2.8556577e-03   5.1771050e-03   1.3640624e-02   2.1998488e-02   2.5687070e-02
   6.6600000e+01  1.2515569e-220   2.7241635e-78   2.4469567e-29   4.8021675e-12   4.4737079e-06   5.5443625e-04   2.5757713e-03   4.7673989e-03   1.3358137e-02   2.1883105e-02   2.5645617e-02
   6.7050000e+01  6.6759198e-227   1.0807418e-80   3.1567704e-30   2.4402784e-12   3.5138012e-06   4.9369606e-04   2.3036445e-03   4.3586575e-03   1.3074133e-02   2.1766956e-02   2.5603882e-02
   6.7500000e+01  3.1825783e-239   1.0458185e-84   3.6129375e-31   1.2272274e-12   2.7490747e-06   4.3797103e-04   2.0392320e-03   3.9509354e-03   1.2788621e-02   2.1650040e-02   2.5561868e-02
   6.7950000e+01 -3.1101953e-241  -1.1005782e-85   3.8151335e-32   6.1080464e-13   2.1421712e-06   3.8694140e-04   1.7824838e-03   3.5442864e-03   1.2501609e-02   2.1532358e-02   2.5519573e-02
   6.8400000e+01 -2.7162888e-249  -2.9768775e-88   4.1084140e-33   3.0087054e-13   1.6623861e-06   3.4030142e-04   1.5333448e-03   3.1387642e-03   1.2213106e-02   2.1413910e-02   2.5476997e-02
   6.8850000e+01 -1.7664323e-257  -5.0475909e-91   5.0666922e-34   1.4667795e-13   1.2845878e-06   2.9775914e-04   1.2917552e-03   2.7344221e-03   1.1923121e-02   2.1294697e-02   2.5434141e-02
   6.9300000e+01 -9.9485685e-266  -6.2179757e-94   7.1992878e-35   7.0772435e-14   9.8829081e-07   2.5903626e-04   1.0576508e-03   2.3313127e-03   1.1631662e-02   2.1174720e-02   2.5391005e-02
   6.9750000e+01 -3.7587121e-274  -2.9791940e-97   1.0696226e-35   3.3797275e-14   7.5686576e-07   2.2386792e-04   8.3096312e-04   1.9294884e-03   1.1338739e-02   2.1053977e-02   2.5347589e-02
   7.0200000e+01  7.3541295e-282   1.4476303e-99   1.5282938e-36   1.5974195e-14   5.7686904e-07   1.9200241e-04   6.1161945e-04   1.5290010e-03   1.1044361e-02   2.0932471e-02   2.5303892e-02
   7.0650000e+01  5.3680944e-289  7.0489727e-102   2.0158638e-37   7.4726539e-15   4.3747725e-07   1.6320091e-04   3.9954313e-04   1.1299020e-03   1.0748536e-02   2.0810200e-02   2.5259915e-02
   7.1100000e+01  2.1335697e-296  2.1595351e-104   2.4055131e-38   3.4597554e-15   3.3001243e-07   1.3723719e-04   1.9465370e-04   7.3224230e-04   1.0451273e-02   2.0687167e-02   2.5215657e-02
   7.1550000e+01  1.6836666e-304  5.1446370e-107   2.5564154e-39   1.5853453e-15   2.4754564e-07   1.1389728e-04  -3.1329089e-06   3.3607234e-04   1.0152582e-02   2.0563370e-02   2.5171119e-02
   7.2000000e+01  3.4662590e-313  8.1777482e-110   2.3852638e-40   7.1895311e-16   1.8456748e-07   9.2979132e-05  -1.9390421e-04  -5.8557926e-05   9.8524717e-03   2.0438810e-02   2.5126301e-02
   7.2450000e+01   0.0000000e+00  1.8262009e-113   1.9466469e-41   3.2267249e-16   1.3671573e-07   7.4292249e-05  -3.7775097e-04  -4.5159906e-04   9.5509516e-03   2.0313487e-02   2.5081203e-02
   7.2900000e+01   0.0000000e+00 -1.1096069e-115   1.4340873e-42   1.4331427e-16   1.0055117e-07   5.7657321e-05  -5.5476705e-04  -8.4300214e-04   9.2480311e-03   2.0187403e-02   2.5035824e-02
   7.3350000e+01   0.0000000e+00 -1.2963952e-118   1.0577796e-43   6.2987937e-17   7.3374010e-08   4.2905839e-05  -7.2504919e-04  -1.2327188e-03   8.9437194e-03   2.0060557e-02   2.4990165e-02
   7.3800000e+01   0.0000000e+00 -8.8865399e-122   9.0885828e-45   2.7392418e-17   5.3074290e-08   2.9879707e-05  -8.8869688e-04  -1.6207011e-03   8.6380260e-03   1.9932949e-02   2.4944226e-02
   7.4250000e+01   0.0000000e+00 -4.4364440e-125   9.3968209e-46   1.1785814e-17   3.8010438e-08   1.8430842e-05  -1.0458122e-03  -2.0069018e-03   8.3309604e-03   1.9804581e-02   2.4898006e-02
   7.4700000e+01   0.0000000e+00 -1.0868059e-128   1.0378761e-46   5.0162384e-18   2.6911231e-08   8.4207737e-06  -1.1964994e-03  -2.3912742e-03   8.0225322e-03   1.9675452e-02   2.4851507e-02
   7.5150000e+01   0.0000000e+00  1.0938151e-131   1.1007056e-47   2.1115219e-18   1.8796962e-08  -2.7975911e-07  -1.3408652e-03  -2.7737721e-03   7.7127512e-03   1.9545562e-02   2.4804727e-02
   7.5600000e+01   0.0000000e+00  2.3323754e-134   1.0693364e-48   8.7879970e-19   1.2916346e-08  -7.7912114e-06  -1.4790183e-03  -3.1543499e-03   7.4016269e-03   1.9414913e-02   2.4757667e-02
   7.6050000e+01   0.0000000e+00  2.8172814e-137   9.3296609e-50   3.6149155e-19   8.6962598e-09  -1.4225634e-05  -1.6110690e-03  -3.5329625e-03   7.0891691e-03   1.9283504e-02   2.4710326e-02
   7.6500000e+01   0.0000000e+00  2.6098695e-140   7.2019554e-51   1.4689370e-19   5.7018721e-09  -1.9687074e-05  -1.7371296e-03  -3.9095657e-03   6.7753877e-03   1.9151337e-02   2.4662706e-02
   7.6950000e+01   0.0000000e+00  1.6547127e-143   4.8428734e-52   5.8927208e-20   3.6051800e-09  -2.4271968e-05  -1.8573138e-03  -4.2841155e-03   6.4602926e-03   1.9018410e-02   2.4614806e-02
   7.7400000e+01   0.0000000e+00  2.4792831e-147   2.8109951e-53   2.3315808e-20   2.1602802e-09  -2.8069530e-05  -1.9717366e-03  -4.6565688e-03   6.1438937e-03   1.8884725e-02   2.4566625e-02
   7.7850000e+01   0.0000000e+00 -3.0334197e-150   1.4390508e-54   9.0884346e-21   1.1840327e-09  -3.1162138e-05  -2.0805144e-03  -5.0268831e-03   5.8262009e-03   1.8750283e-02   2.4518164e-02
   7.8300000e+01   0.0000000e+00 -1.5532823e-153   7.1923913e-56   3.4844062e-21   5.4101320e-10  -3.3625703e-05  -2.1837644e-03  -5.3950164e-03   5.5072245e-03   1.8615082e-02   2.4469423e-02
   7.8750000e+01   0.0000000e+00 -4.3021552e-157   4.2506332e-57   1.3109894e-21   1.3186051e-10  -3.5530038e-05  -2.2816049e-03  -5.7609274e-03   5.1869745e-03   1.8479125e-02   2.4420402e-02
   7.9200000e+01   0.0000000e+00 -8.6379387e-161   3.2001474e-58   4.8253235e-22  -1.1569869e-10  -3.6939212e-05  -2.3741548e-03  -6.1245755e-03   4.8654610e-03   1.8342411e-02   2.4371101e-02
   7.9650000e+01   0.0000000e+00 -9.7363898e-165   2.6472403e-59   1.7293939e-22  -2.5372691e-10  -3.7911896e-05  -2.4615338e-03  -6.4859207e-03   4.5426944e-03   1.8204940e-02   2.4321520e-02
   8.0100000e+01   0.0000000e+00  2.1662595e-168   2.0953135e-60   5.9922053e-23  -3.1931499e-10  -3.8501697e-05  -2.5438617e-03  -6.8449237e-03   4.2186849e-03   1.8066714e-02   2.4271659e-02
   8.0550000e+01   0.0000000e+00  2.1263866e-171   1.5037201e-61   1.9834972e-23  -3.3854979e-10  -3.8757483e-05  -2.6212589e-03  -7.2015457e-03   3.8934430e-03   1.7927732e-02   2.4221518e-02
   8.1000000e+01   0.0000000e+00  1.0187394e-174   9.6063367e-63   6.1357833e-24  -3.2950021e-10  -3.8723690e-05  -2.6938461e-03  -7.5557489e-03   3.5669789e-03   1.7787995e-02   2.4171097e-02
   8.1450000e+01   0.0000000e+00  3.6878283e-178   5.3877421e-64   1.6903048e-24  -3.0444911e-10  -3.8440624e-05  -2.7617436e-03  -7.9074959e-03   3.2393032e-03   1.7647503e-02   2.4120395e-02
   8.1900000e+01   0.0000000e+00  9.3565538e-182   2.6047251e-65   3.5844444e-25  -2.7154969e-10  -3.7944748e-05  -2.8250721e-03  -8.2567501e-03   2.9104264e-03   1.7506257e-02   2.4069414e-02
   8.2350000e+01   0.0000000e+00  7.5590871e-186   1.0630157e-66   1.3944267e-26  -2.3604495e-10  -3.7268952e-05  -2.8839518e-03  -8.6034756e-03   2.5803591e-03   1.7364257e-02   2.4018153e-02
   8.2800000e+01   0.0000000e+00 -2.2640330e-189   3.6199965e-68  -4.6135321e-26  -2.0115770e-10  -3.6442819e-05  -2.9385027e-03  -8.9476371e-03   2.2491120e-03   1.7221503e-02   2.3966612e-02
   8.3250000e+01   0.0000000e+00 -5.1531155e-193   1.0656447e-69  -3.8721269e-26  -1.6873393e-10  -3.5492869e-05  -2.9888443e-03  -9.2892002e-03   1.9166956e-03   1.7077997e-02   2.3914791e-02
   8.3700000e+01   0.0000000e+00 -5.7587480e-197   3.2541392e-71  -2.3279894e-26  -1.3970278e-10  -3.4442800e-05  -3.0350957e-03  -9.6281309e-03   1.5831209e-03   1.6933738e-02   2.3862690e-02
   8.4150000e+01   0.0000000e+00 -4.6223077e-201   1.3881730e-72  -1.2248905e-26  -1.1440121e-10  -3.3313706e-05  -3.0773752e-03  -9.9643963e-03   1.2483984e-03   1.6788727e-02   2.3810309e-02
   8.4600000e+01   0.0000000e+00 -2.2727775e-205   7.5723615e-74  -5.9841736e-27  -9.2799910e-11  -3.2124292e-05  -3.1158005e-03  -1.0297964e-02   9.1253925e-04   1.6642964e-02   2.3757649e-02
   8.5050000e+01   0.0000000e+00  1.0799920e-209   3.7053216e-75  -2.7855317e-27  -7.4657523e-11  -3.0891071e-05  -3.1504882e-03  -1.0628802e-02   5.7555418e-04   1.6496450e-02   2.3704708e-02
   8.5500000e+01   0.0000000e+00  5.3473503e-213   1.0923327e-76  -1.2524074e-27  -5.9623695e-11  -2.9628553e-05  -3.1815542e-03  -1.0956880e-02   2.3745420e-04   1.6349185e-02   2.3651487e-02
   8.5950000e+01   0.0000000e+00  1.0239588e-216  -3.5251060e-78  -5.4836502e-28  -4.7305852e-11  -2.8349421e-05  -3.2091133e-03  -1.1282167e-02  -1.0174969e-04   1.6201170e-02   2.3597987e-02
   8.6400000e+01   0.0000000e+00  1.4642627e-220  -9.1863841e-79  -2.3506961e-28  -3.7310736e-11  -2.7064692e-05  -3.2332792e-03  -1.1604634e-02  -4.4204643e-04   1.6052404e-02   2.3544207e-02
   8.6850000e+01   0.0000000e+00  1.5511481e-224  -9.7744139e-80  -9.9022773e-29  -2.9268661e-11  -2.5783875e-05  -3.2541644e-03  -1.1924253e-02  -7.8342490e-04   1.5902890e-02   2.3490147e-02
   8.7300000e+01   0.0000000e+00  7.0861079e-229  -8.1612699e-81  -4.1101790e-29  -2.2846200e-11  -2.4515113e-05  -3.2718801e-03  -1.2240994e-02  -1.1258739e-03   1.5752626e-02   2.3435807e-02
   8.7750000e+01   0.0000000e+00 -1.5310478e-232  -6.0176927e-82  -1.6844829e-29  -1.7751352e-11  -2.3265315e-05  -3.2865363e-03  -1.2554832e-02  -1.4693824e-03   1.5601613e-02   2.3381188e-02
   8.8200000e+01   0.0000000e+00 -4.4831012e-236  -4.1016038e-83  -6.8273741e-30  -1.3734008e-11  -2.2040281e-05  -3.2982413e-03  -1.2865739e-02  -1.8139389e-03   1.5449853e-02   2.3326288e-02
   8.8650000e+01   0.0000000e+00 -6.5579837e-240  -2.6445789e-84  -2.7402297e-30  -1.0583653e-11  -2.0844818e-05  -3.3071023e-03  -1.3173689e-02  -2.1595322e-03   1.5297345e-02   2.3271109e-02
   8.9100000e+01   0.0000000e+00 -7.1433829e-244  -1.6345676e-85  -1.0902637e-30  -8.1256044e-12  -1.9682842e-05  -3.3132247e-03  -1.3478658e-02  -2.5061509e-03   1.5144089e-02   2.3215651e-02
   8.9550000e+01   0.0000000e+00 -6.7089703e-248  -9.7633383e-87  -4.3040479e-31  -6.2166243e-12  -1.8557478e-05  -3.3167125e-03  -1.3780622e-02  -2.8537837e-03   1.4990087e-02   2.3159912e-02
   9.0000000e+01   0.0000000e+00 -5.8319098e-252  -5.6632407e-88  -1.6871542e-31  -4.7404476e-12  -1.7471149e-05  -3.3176680e-03  -1.4079556e-02  -3.2024191e-03   1.4835339e-02   2.3103894e-02
