  -9.0000000e+01  -2.3031355e-03
  -8.9550000e+01  -2.2116359e-03
  -8.9100000e+01  -2.1148444e-03
  -8.8650000e+01  -2.0127718e-03
  -8.8200000e+01  -1.9054417e-03
  -8.7750000e+01  -1.7928903e-03
  -8.7300000e+01  -1.6751673e-03
  -8.6850000e+01  -1.5523356e-03
  -8.6400000e+01  -1.4244717e-03
  -8.5950000e+01  -1.2916656e-03
  -8.5500000e+01  -1.1540209e-03
  -8.5050000e+01  -1.0116551e-03
  -8.4600000e+01  -8.6469867e-04
  -8.4150000e+01  -7.1329595e-04
  -8.3700000e+01  -5.5760415e-04
  -8.3250000e+01  -3.9779338e-04
  -8.2800000e+01  -2.3404625e-04
  -8.2350000e+01  -6.6557427e-05
  -8.1900000e+01   1.0446684e-04
  -8.1450000e+01   2.7880926e-04
  -8.1000000e+01   4.5624216e-04
  -8.0550000e+01   6.3652810e-04
  -8.0100000e+01   8.1942069e-04
  -7.9650000e+01   1.0046653e-03
  -7.9200000e+01   1.1920001e-03
  -7.8750000e+01   1.3811565e-03
  -7.8300000e+01   1.5718608e-03
  -7.7850000e+01   1.7638345e-03
  -7.7400000e+01   1.9567957e-03
  -7.6950000e+01   2.1504602e-03
  -7.6500000e+01   2.3445422e-03
  -7.6050000e+01   2.5387557e-03
  -7.5600000e+01   2.7328156e-03
  -7.5150000e+01   2.9264387e-03
  -7.4700000e+01   3.1193448e-03
  -7.4250000e+01   3.3112580e-03
  -7.3800000e+01   3.5019073e-03
  -7.3350000e+01   3.6910283e-03
  -7.2900000e+01   3.8783637e-03
  -7.2450000e+01   4.0636647e-03
  -7.2000000e+01   4.2466916e-03
  -7.1550000e+01   4.4272151e-03
  -7.1100000e+01   4.6050168e-03
  -7.0650000e+01   4.7798901e-03
  -7.0200000e+01   4.9516412e-03
  -6.9750000e+01   5.1200894e-03
  -6.9300000e+01   5.2850682e-03
  -6.8850000e+01   5.4464253e-03
  -6.8400000e+01   5.6040234e-03
  -6.7950000e+01   5.7577405e-03
  -6.7500000e+01   5.9074706e-03
  -6.7050000e+01   6.0531232e-03
  -6.6600000e+01   6.1946243e-03
  -6.6150000e+01   6.3319158e-03
  -6.5700000e+01   6.4649563e-03
  -6.5250000e+01   6.5937205e-03
  -6.4800000e+01   6.7181991e-03
  -6.4350000e+01   6.8383991e-03
  -6.3900000e+01   6.9543433e-03
  -6.3450000e+01   7.0660702e-03
  -6.3000000e+01   7.1736335e-03
  -6.2550000e+01   7.2771019e-03
  -6.2100000e+01   7.3765586e-03
  -6.1650000e+01   7.4721013e-03
  -6.1200000e+01   7.5638412e-03
  -6.0750000e+01   7.6519031e-03
  -6.0300000e+01   7.7364246e-03
  -5.9850000e+01   7.8175556e-03
  -5.9400000e+01   7.8954585e-03
  -5.8950000e+01   7.9703068e-03
  -5.8500000e+01   8.0422855e-03
  -5.8050000e+01   8.1115904e-03
  -5.7600000e+01   8.1784277e-03
  -5.7150000e+01   8.2430140e-03
  -5.6700000e+01   8.3055756e-03
  -5.6250000e+01   8.3663486e-03
  -5.5800000e+01   8.4255791e-03
  -5.5350000e+01   8.4835222e-03
  -5.4900000e+01   8.5404430e-03
  -5.4450000e+01   8.5966159e-03
  -5.4000000e+01   8.6523255e-03
  -5.3550000e+01   8.7078660e-03
  -5.3100000e+01   8.7635422e-03
  -5.2650000e+01   8.8196696e-03
  -5.2200000e+01   8.8765748e-03
  -5.1750000e+01   8.9345961e-03
  -5.1300000e+01   8.9940842e-03
  -5.0850000e+01   9.0554029e-03
  -5.0400000e+01   9.1189295e-03
  -4.9950000e+01   9.1850560e-03
  -4.9500000e+01   9.2541897e-03
  -4.9050000e+01   9.3267541e-03
  -4.8600000e+01   9.4031897e-03
  -4.8150000e+01   9.4839549e-03
  -4.7700000e+01   9.5695271e-03
  -4.7250000e+01   9.6604031e-03
  -4.6800000e+01   9.7571002e-03
  -4.6350000e+01   9.8601570e-03
  -4.5900000e+01   9.9701339e-03
  -4.5450000e+01   1.0087614e-02
  -4.5000000e+01   1.0213202e-02
  -4.4550000e+01   1.0347528e-02
  -4.4100000e+01   1.0491245e-02
  -4.3650000e+01   1.0645028e-02
  -4.3200000e+01   1.0809578e-02
  -4.2750000e+01   1.0985617e-02
  -4.2300000e+01   1.1173892e-02
  -4.1850000e+01   1.1375170e-02
  -4.1400000e+01   1.1590241e-02
  -4.0950000e+01   1.1819914e-02
  -4.0500000e+01   1.2065018e-02
  -4.0050000e+01   1.2326399e-02
  -3.9600000e+01   1.2604919e-02
  -3.9150000e+01   1.2901451e-02
  -3.8700000e+01   1.3216883e-02
  -3.8250000e+01   1.3552111e-02
  -3.7800000e+01   1.3908034e-02
  -3.7350000e+01   1.4285559e-02
  -3.6900000e+01   1.4685590e-02
  -3.6450000e+01   1.5109029e-02
  -3.6000000e+01   1.5556770e-02
  -3.5550000e+01   1.6029699e-02
  -3.5100000e+01   1.6528687e-02
  -3.4650000e+01   1.7054584e-02
  -3.4200000e+01   1.7608222e-02
  -3.3750000e+01   1.8190404e-02
  -3.3300000e+01   1.8801903e-02
  -3.2850000e+01   1.9443455e-02
  -3.2400000e+01   2.0115759e-02
  -3.1950000e+01   2.0819467e-02
  -3.1500000e+01   2.1555186e-02
  -3.1050000e+01   2.2323467e-02
  -3.0600000e+01   2.3124804e-02
  -3.0150000e+01   2.3959630e-02
  -2.9700000e+01   2.4828311e-02
  -2.9250000e+01   2.5731144e-02
  -2.8800000e+01   2.6668350e-02
  -2.8350000e+01   2.7640074e-02
  -2.7900000e+01   2.8646377e-02
  -2.7450000e+01   2.9687235e-02
  -2.7000000e+01   3.0762537e-02
  -2.6550000e+01   3.1872076e-02
  -2.6100000e+01   3.3015555e-02
  -2.5650000e+01   3.4192577e-02
  -2.5200000e+01   3.5402646e-02
  -2.4750000e+01   3.6645164e-02
  -2.4300000e+01   3.7919429e-02
  -2.3850000e+01   3.9224637e-02
  -2.3400000e+01   4.0559875e-02
  -2.2950000e+01   4.1924125e-02
  -2.2500000e+01   4.3316263e-02
  -2.2050000e+01   4.4735056e-02
  -2.1600000e+01   4.6179169e-02
  -2.1150000e+01   4.7647156e-02
  -2.0700000e+01   4.9137472e-02
  -2.0250000e+01   5.0648466e-02
  -1.9800000e+01   5.2178388e-02
  -1.9350000e+01   5.3725390e-02
  -1.8900000e+01   5.5287528e-02
  -1.8450000e+01   5.6862767e-02
  -1.8000000e+01   5.8448982e-02
  -1.7550000e+01   6.0043967e-02
  -1.7100000e+01   6.1645433e-02
  -1.6650000e+01   6.3251017e-02
  -1.6200000e+01   6.4858286e-02
  -1.5750000e+01   6.6464744e-02
  -1.5300000e+01   6.8067834e-02
  -1.4850000e+01   6.9664949e-02
  -1.4400000e+01   7.1253436e-02
  -1.3950000e+01   7.2830602e-02
  -1.3500000e+01   7.4393723e-02
  -1.3050000e+01   7.5940050e-02
  -1.2600000e+01   7.7466817e-02
  -1.2150000e+01   7.8971251e-02
  -1.1700000e+01   8.0450574e-02
  -1.1250000e+01   8.1902017e-02
  -1.0800000e+01   8.3322825e-02
  -1.0350000e+01   8.4710267e-02
  -9.9000000e+00   8.6061644e-02
  -9.4500000e+00   8.7374293e-02
  -9.0000000e+00   8.8645604e-02
  -8.5500000e+00   8.9873020e-02
  -8.1000000e+00   9.1054050e-02
  -7.6500000e+00   9.2186272e-02
  -7.2000000e+00   9.3267350e-02
  -6.7500000e+00   9.4295029e-02
  -6.3000000e+00   9.5267156e-02
  -5.8500000e+00   9.6181675e-02
  -5.4000000e+00   9.7036642e-02
  -4.9500000e+00   9.7830229e-02
  -4.5000000e+00   9.8560729e-02
  -4.0500000e+00   9.9226563e-02
  -3.6000000e+00   9.9826287e-02
  -3.1500000e+00   1.0035859e-01
  -2.7000000e+00   1.0082232e-01
  -2.2500000e+00   1.0121644e-01
  -1.8000000e+00   1.0154010e-01
  -1.3500000e+00   1.0179258e-01
  -9.0000000e-01   1.0197332e-01
  -4.5000000e-01   1.0208193e-01
   0.0000000e+00   1.0211816e-01
   4.5000000e-01   1.0208193e-01
   9.0000000e-01   1.0197332e-01
   1.3500000e+00   1.0179258e-01
   1.8000000e+00   1.0154010e-01
   2.2500000e+00   1.0121644e-01
   2.7000000e+00   1.0082232e-01
   3.1500000e+00   1.0035859e-01
   3.6000000e+00   9.9826287e-02
   4.0500000e+00   9.9226563e-02
   4.5000000e+00   9.8560729e-02
   4.9500000e+00   9.7830229e-02
   5.4000000e+00   9.7036642e-02
   5.8500000e+00   9.6181675e-02
   6.3000000e+00   9.5267156e-02
   6.7500000e+00   9.4295029e-02
   7.2000000e+00   9.3267350e-02
   7.6500000e+00   9.2186272e-02
   8.1000000e+00   9.1054050e-02
   8.5500000e+00   8.9873020e-02
   9.0000000e+00   8.8645604e-02
   9.4500000e+00   8.7374293e-02
   9.9000000e+00   8.6061644e-02
   1.0350000e+01   8.4710267e-02
   1.0800000e+01   8.3322825e-02
   1.1250000e+01   8.1902017e-02
   1.1700000e+01   8.0450574e-02
   1.2150000e+01   7.8971251e-02
   1.2600000e+01   7.7466817e-02
   1.3050000e+01   7.5940050e-02
   1.3500000e+01   7.4393723e-02
   1.3950000e+01   7.2830602e-02
   1.4400000e+01   7.1253436e-02
   1.4850000e+01   6.9664949e-02
   1.5300000e+01   6.8067834e-02
   1.5750000e+01   6.6464744e-02
   1.6200000e+01   6.4858286e-02
   1.6650000e+01   6.3251017e-02
   1.7100000e+01   6.1645433e-02
   1.7550000e+01   6.0043967e-02
   1.8000000e+01   5.8448982e-02
   1.8450000e+01   5.6862767e-02
   1.8900000e+01   5.5287528e-02
   1.9350000e+01   5.3725390e-02
   1.9800000e+01   5.2178388e-02
   2.0250000e+01   5.0648466e-02
   2.0700000e+01   4.9137472e-02
   2.1150000e+01   4.7647156e-02
   2.1600000e+01   4.6179169e-02
   2.2050000e+01   4.4735056e-02
   2.2500000e+01   4.3316263e-02
   2.2950000e+01   4.1924125e-02
   2.3400000e+01   4.0559875e-02
   2.3850000e+01   3.9224637e-02
   2.4300000e+01   3.7919429e-02
   2.4750000e+01   3.6645164e-02
   2.5200000e+01   3.5402646e-02
   2.5650000e+01   3.4192577e-02
   2.6100000e+01   3.3015555e-02
   2.6550000e+01   3.1872076e-02
   2.7000000e+01   3.0762537e-02
   2.7450000e+01   2.9687235e-02
   2.7900000e+01   2.8646377e-02
   2.8350000e+01   2.7640074e-02
   2.8800000e+01   2.6668350e-02
   2.9250000e+01   2.5731144e-02
   2.9700000e+01   2.4828311e-02
   3.0150000e+01   2.3959630e-02
   3.0600000e+01   2.3124804e-02
   3.1050000e+01   2.2323467e-02
   3.1500000e+01   2.1555186e-02
   3.1950000e+01   2.0819467e-02
   3.2400000e+01   2.0115759e-02
   3.2850000e+01   1.9443455e-02
   3.3300000e+01   1.8801903e-02
   3.3750000e+01   1.8190404e-02
   3.4200000e+01   1.7608222e-02
   3.4650000e+01   1.7054584e-02
   3.5100000e+01   1.6528687e-02
   3.5550000e+01   1.6029699e-02
   3.6000000e+01   1.5556770e-02
   3.6450000e+01   1.5109029e-02
   3.6900000e+01   1.4685590e-02
   3.7350000e+01   1.4285559e-02
   3.7800000e+01   1.3908034e-02
   3.8250000e+01   1.3552111e-02
   3.8700000e+01   1.3216883e-02
   3.9150000e+01   1.2901451e-02
   3.9600000e+01   1.2604919e-02
   4.0050000e+01   1.2326399e-02
   4.0500000e+01   1.2065018e-02
   4.0950000e+01   1.1819914e-02
   4.1400000e+01   1.1590241e-02
   4.1850000e+01   1.1375170e-02
   4.2300000e+01   1.1173892e-02
   4.2750000e+01   1.0985617e-02
   4.3200000e+01   1.0809578e-02
   4.3650000e+01   1.0645028e-02
   4.4100000e+01   1.0491245e-02
   4.4550000e+01   1.0347528e-02
   4.5000000e+01   1.0213202e-02
   4.5450000e+01   1.0087614e-02
   4.5900000e+01   9.9701339e-03
   4.6350000e+01   9.8601570e-03
   4.6800000e+01   9.7571002e-03
   4.7250000e+01   9.6604031e-03
   4.7700000e+01   9.5695271e-03
   4.8150000e+01   9.4839549e-03
   4.8600000e+01   9.4031897e-03
   4.9050000e+01   9.3267541e-03
   4.9500000e+01   9.2541897e-03
   4.9950000e+01   9.1850560e-03
   5.0400000e+01   9.1189295e-03
   5.0850000e+01   9.0554029e-03
   5.1300000e+01   8.9940842e-03
   5.1750000e+01   8.9345961e-03
   5.2200000e+01   8.8765748e-03
   5.2650000e+01   8.8196696e-03
   5.3100000e+01   8.7635422e-03
   5.3550000e+01   8.7078660e-03
   5.4000000e+01   8.6523255e-03
   5.4450000e+01   8.5966159e-03
   5.4900000e+01   8.5404430e-03
   5.5350000e+01   8.4835222e-03
   5.5800000e+01   8.4255791e-03
   5.6250000e+01   8.3663486e-03
   5.6700000e+01   8.3055756e-03
   5.7150000e+01   8.2430140e-03
   5.7600000e+01   8.1784277e-03
   5.8050000e+01   8.1115904e-03
   5.8500000e+01   8.0422855e-03
   5.8950000e+01   7.9703068e-03
   5.9400000e+01   7.8954585e-03
   5.9850000e+01   7.8175556e-03
   6.0300000e+01   7.7364246e-03
   6.0750000e+01   7.6519031e-03
   6.1200000e+01   7.5638412e-03
   6.1650000e+01   7.4721013e-03
   6.2100000e+01   7.3765586e-03
   6.2550000e+01   7.2771019e-03
   6.3000000e+01   7.1736335e-03
   6.3450000e+01   7.0660702e-03
   6.3900000e+01   6.9543433e-03
   6.4350000e+01   6.8383991e-03
   6.4800000e+01   6.7181991e-03
   6.5250000e+01   6.5937205e-03
   6.5700000e+01   6.4649563e-03
   6.6150000e+01   6.3319158e-03
   6.6600000e+01   6.1946243e-03
   6.7050000e+01   6.0531232e-03
   6.7500000e+01   5.9074706e-03
   6.7950000e+01   5.7577405e-03
   6.8400000e+01   5.6040234e-03
   6.8850000e+01   5.4464253e-03
   6.9300000e+01   5.2850682e-03
   6.9750000e+01   5.1200894e-03
   7.0200000e+01   4.9516412e-03
   7.0650000e+01   4.7798901e-03
   7.1100000e+01   4.6050168e-03
   7.1550000e+01   4.4272151e-03
   7.2000000e+01   4.2466916e-03
   7.2450000e+01   4.0636647e-03
   7.2900000e+01   3.8783637e-03
   7.3350000e+01   3.6910283e-03
   7.3800000e+01   3.5019073e-03
   7.4250000e+01   3.3112580e-03
   7.4700000e+01   3.1193448e-03
   7.5150000e+01   2.9264387e-03
   7.5600000e+01   2.7328156e-03
   7.6050000e+01   2.5387557e-03
   7.6500000e+01   2.3445422e-03
   7.6950000e+01   2.1504602e-03
   7.7400000e+01   1.9567957e-03
   7.7850000e+01   1.7638345e-03
   7.8300000e+01   1.5718608e-03
   7.8750000e+01   1.3811565e-03
   7.9200000e+01   1.1920001e-03
   7.9650000e+01   1.0046653e-03
   8.0100000e+01   8.1942069e-04
   8.0550000e+01   6.3652810e-04
   8.1000000e+01   4.5624216e-04
   8.1450000e+01   2.7880926e-04
   8.1900000e+01   1.0446684e-04
   8.2350000e+01  -6.6557427e-05
   8.2800000e+01  -2.3404625e-04
   8.3250000e+01  -3.9779338e-04
   8.3700000e+01  -5.5760415e-04
   8.4150000e+01  -7.1329595e-04
   8.4600000e+01  -8.6469867e-04
   8.5050000e+01  -1.0116551e-03
   8.5500000e+01  -1.1540209e-03
   8.5950000e+01  -1.2916656e-03
   8.6400000e+01  -1.4244717e-03
   8.6850000e+01  -1.5523356e-03
   8.7300000e+01  -1.6751673e-03
   8.7750000e+01  -1.7928903e-03
   8.8200000e+01  -1.9054417e-03
   8.8650000e+01  -2.0127718e-03
   8.9100000e+01  -2.1148444e-03
   8.9550000e+01  -2.2116359e-03
   9.0000000e+01  -2.3031355e-03
