  -9.0000000e+01  -8.7579984e-04
  -8.9550000e+01  -7.0740395e-04
  -8.9100000e+01  -5.4043494e-04
  -8.8650000e+01  -3.7488988e-04
  -8.8200000e+01  -2.1076086e-04
  -8.7750000e+01  -4.8034993e-05
  -8.7300000e+01   1.1330564e-04
  -8.6850000e+01   2.7328393e-04
  -8.6400000e+01   4.3192778e-04
  -8.5950000e+01   5.8927004e-04
  -8.5500000e+01   7.4534849e-04
  -8.5050000e+01   9.0020582e-04
  -8.4600000e+01   1.0538895e-03
  -8.4150000e+01   1.2064519e-03
  -8.3700000e+01   1.3579499e-03
  -8.3250000e+01   1.5084452e-03
  -8.2800000e+01   1.6580039e-03
  -8.2350000e+01   1.8066967e-03
  -8.1900000e+01   1.9545985e-03
  -8.1450000e+01   2.1017887e-03
  -8.1000000e+01   2.2483507e-03
  -8.0550000e+01   2.3943719e-03
  -8.0100000e+01   2.5399439e-03
  -7.9650000e+01   2.6851619e-03
  -7.9200000e+01   2.8301249e-03
  -7.8750000e+01   2.9749356e-03
  -7.8300000e+01   3.1197002e-03
  -7.7850000e+01   3.2645282e-03
  -7.7400000e+01   3.4095324e-03
  -7.6950000e+01   3.5548290e-03
  -7.6500000e+01   3.7005368e-03
  -7.6050000e+01   3.8467781e-03
  -7.5600000e+01   3.9936777e-03
  -7.5150000e+01   4.1413632e-03
  -7.4700000e+01   4.2899649e-03
  -7.4250000e+01   4.4396157e-03
  -7.3800000e+01   4.5904508e-03
  -7.3350000e+01   4.7426077e-03
  -7.2900000e+01   4.8962263e-03
  -7.2450000e+01   5.0514486e-03
  -7.2000000e+01   5.2084184e-03
  -7.1550000e+01   5.3672816e-03
  -7.1100000e+01   5.5281859e-03
  -7.0650000e+01   5.6912806e-03
  -7.0200000e+01   5.8567165e-03
  -6.9750000e+01   6.0246459e-03
  -6.9300000e+01   6.1952222e-03
  -6.8850000e+01   6.3686002e-03
  -6.8400000e+01   6.5449353e-03
  -6.7950000e+01   6.7243839e-03
  -6.7500000e+01   6.9071029e-03
  -6.7050000e+01   7.0932495e-03
  -6.6600000e+01   7.2829812e-03
  -6.6150000e+01   7.4764550e-03
  -6.5700000e+01   7.6738280e-03
  -6.5250000e+01   7.8752564e-03
  -6.4800000e+01   8.0808952e-03
  -6.4350000e+01   8.2908985e-03
  -6.3900000e+01   8.5054184e-03
  -6.3450000e+01   8.7246051e-03
  -6.3000000e+01   8.9486064e-03
  -6.2550000e+01   9.1775670e-03
  -6.2100000e+01   9.4116284e-03
  -6.1650000e+01   9.6509282e-03
  -6.1200000e+01   9.8955998e-03
  -6.0750000e+01   1.0145772e-02
  -6.0300000e+01   1.0401567e-02
  -5.9850000e+01   1.0663103e-02
  -5.9400000e+01   1.0930490e-02
  -5.8950000e+01   1.1203832e-02
  -5.8500000e+01   1.1483224e-02
  -5.8050000e+01   1.1768755e-02
  -5.7600000e+01   1.2060503e-02
  -5.7150000e+01   1.2358537e-02
  -5.6700000e+01   1.2662916e-02
  -5.6250000e+01   1.2973689e-02
  -5.5800000e+01   1.3290893e-02
  -5.5350000e+01   1.3614554e-02
  -5.4900000e+01   1.3944686e-02
  -5.4450000e+01   1.4281288e-02
  -5.4000000e+01   1.4624349e-02
  -5.3550000e+01   1.4973844e-02
  -5.3100000e+01   1.5329732e-02
  -5.2650000e+01   1.5691961e-02
  -5.2200000e+01   1.6060462e-02
  -5.1750000e+01   1.6435156e-02
  -5.1300000e+01   1.6815945e-02
  -5.0850000e+01   1.7202722e-02
  -5.0400000e+01   1.7595361e-02
  -4.9950000e+01   1.7993726e-02
  -4.9500000e+01   1.8397667e-02
  -4.9050000e+01   1.8807022e-02
  -4.8600000e+01   1.9221616e-02
  -4.8150000e+01   1.9641262e-02
  -4.7700000e+01   2.0065765e-02
  -4.7250000e+01   2.0494919e-02
  -4.6800000e+01   2.0928508e-02
  -4.6350000e+01   2.1366313e-02
  -4.5900000e+01   2.1808103e-02
  -4.5450000e+01   2.2253648e-02
  -4.5000000e+01   2.2702711e-02
  -4.4550000e+01   2.3155053e-02
  -4.4100000e+01   2.3610436e-02
  -4.3650000e+01   2.4068622e-02
  -4.3200000e+01   2.4529376e-02
  -4.2750000e+01   2.4992467e-02
  -4.2300000e+01   2.5457669e-02
  -4.1850000e+01   2.5924765e-02
  -4.1400000e+01   2.6393546e-02
  -4.0950000e+01   2.6863813e-02
  -4.0500000e+01   2.7335378e-02
  -4.0050000e+01   2.7808069e-02
  -3.9600000e+01   2.8281726e-02
  -3.9150000e+01   2.8756206e-02
  -3.8700000e+01   2.9231380e-02
  -3.8250000e+01   2.9707141e-02
  -3.7800000e+01   3.0183396e-02
  -3.7350000e+01   3.0660073e-02
  -3.6900000e+01   3.1137120e-02
  -3.6450000e+01   3.1614502e-02
  -3.6000000e+01   3.2092206e-02
  -3.5550000e+01   3.2570238e-02
  -3.5100000e+01   3.3048621e-02
  -3.4650000e+01   3.3527400e-02
  -3.4200000e+01   3.4006633e-02
  -3.3750000e+01   3.4486399e-02
  -3.3300000e+01   3.4966790e-02
  -3.2850000e+01   3.5447914e-02
  -3.2400000e+01   3.5929890e-02
  -3.1950000e+01   3.6412847e-02
  -3.1500000e+01   3.6896926e-02
  -3.1050000e+01   3.7382273e-02
  -3.0600000e+01   3.7869038e-02
  -3.0150000e+01   3.8357375e-02
  -2.9700000e+01   3.8847437e-02
  -2.9250000e+01   3.9339374e-02
  -2.8800000e+01   3.9833333e-02
  -2.8350000e+01   4.0329452e-02
  -2.7900000e+01   4.0827860e-02
  -2.7450000e+01   4.1328670e-02
  -2.7000000e+01   4.1831986e-02
  -2.6550000e+01   4.2337888e-02
  -2.6100000e+01   4.2846440e-02
  -2.5650000e+01   4.3357682e-02
  -2.5200000e+01   4.3871632e-02
  -2.4750000e+01   4.4388280e-02
  -2.4300000e+01   4.4907586e-02
  -2.3850000e+01   4.5429485e-02
  -2.3400000e+01   4.5953878e-02
  -2.2950000e+01   4.6480633e-02
  -2.2500000e+01   4.7009588e-02
  -2.2050000e+01   4.7540543e-02
  -2.1600000e+01   4.8073268e-02
  -2.1150000e+01   4.8607495e-02
  -2.0700000e+01   4.9142922e-02
  -2.0250000e+01   4.9679216e-02
  -1.9800000e+01   5.0216006e-02
  -1.9350000e+01   5.0752890e-02
  -1.8900000e+01   5.1289434e-02
  -1.8450000e+01   5.1825174e-02
  -1.8000000e+01   5.2359616e-02
  -1.7550000e+01   5.2892238e-02
  -1.7100000e+01   5.3422492e-02
  -1.6650000e+01   5.3949808e-02
  -1.6200000e+01   5.4473593e-02
  -1.5750000e+01   5.4993236e-02
  -1.5300000e+01   5.5508106e-02
  -1.4850000e+01   5.6017562e-02
  -1.4400000e+01   5.6520946e-02
  -1.3950000e+01   5.7017595e-02
  -1.3500000e+01   5.7506837e-02
  -1.3050000e+01   5.7987997e-02
  -1.2600000e+01   5.8460396e-02
  -1.2150000e+01   5.8923359e-02
  -1.1700000e+01   5.9376212e-02
  -1.1250000e+01   5.9818289e-02
  -1.0800000e+01   6.0248932e-02
  -1.0350000e+01   6.0667491e-02
  -9.9000000e+00   6.1073331e-02
  -9.4500000e+00   6.1465833e-02
  -9.0000000e+00   6.1844391e-02
  -8.5500000e+00   6.2208420e-02
  -8.1000000e+00   6.2557355e-02
  -7.6500000e+00   6.2890653e-02
  -7.2000000e+00   6.3207792e-02
  -6.7500000e+00   6.3508278e-02
  -6.3000000e+00   6.3791638e-02
  -5.8500000e+00   6.4057429e-02
  -5.4000000e+00   6.4305235e-02
  -4.9500000e+00   6.4534667e-02
  -4.5000000e+00   6.4745366e-02
  -4.0500000e+00   6.4937003e-02
  -3.6000000e+00   6.5109278e-02
  -3.1500000e+00   6.5261922e-02
  -2.7000000e+00   6.5394697e-02
  -2.2500000e+00   6.5507396e-02
  -1.8000000e+00   6.5599845e-02
  -1.3500000e+00   6.5671898e-02
  -9.0000000e-01   6.5723445e-02
  -4.5000000e-01   6.5754405e-02
   0.0000000e+00   6.5764731e-02
   4.5000000e-01   6.5754405e-02
   9.0000000e-01   6.5723445e-02
   1.3500000e+00   6.5671898e-02
   1.8000000e+00   6.5599845e-02
   2.2500000e+00   6.5507396e-02
   2.7000000e+00   6.5394697e-02
   3.1500000e+00   6.5261922e-02
   3.6000000e+00   6.5109278e-02
   4.0500000e+00   6.4937003e-02
   4.5000000e+00   6.4745366e-02
   4.9500000e+00   6.4534667e-02
   5.4000000e+00   6.4305235e-02
   5.8500000e+00   6.4057429e-02
   6.3000000e+00   6.3791638e-02
   6.7500000e+00   6.3508278e-02
   7.2000000e+00   6.3207792e-02
   7.6500000e+00   6.2890653e-02
   8.1000000e+00   6.2557355e-02
   8.5500000e+00   6.2208420e-02
   9.0000000e+00   6.1844391e-02
   9.4500000e+00   6.1465833e-02
   9.9000000e+00   6.1073331e-02
   1.0350000e+01   6.0667491e-02
   1.0800000e+01   6.0248932e-02
   1.1250000e+01   5.9818289e-02
   1.1700000e+01   5.9376212e-02
   1.2150000e+01   5.8923359e-02
   1.2600000e+01   5.8460396e-02
   1.3050000e+01   5.7987997e-02
   1.3500000e+01   5.7506837e-02
   1.3950000e+01   5.7017595e-02
   1.4400000e+01   5.6520946e-02
   1.4850000e+01   5.6017562e-02
   1.5300000e+01   5.5508106e-02
   1.5750000e+01   5.4993236e-02
   1.6200000e+01   5.4473593e-02
   1.6650000e+01   5.3949808e-02
   1.7100000e+01   5.3422492e-02
   1.7550000e+01   5.2892238e-02
   1.8000000e+01   5.2359616e-02
   1.8450000e+01   5.1825174e-02
   1.8900000e+01   5.1289434e-02
   1.9350000e+01   5.0752890e-02
   1.9800000e+01   5.0216006e-02
   2.0250000e+01   4.9679216e-02
   2.0700000e+01   4.9142922e-02
   2.1150000e+01   4.8607495e-02
   2.1600000e+01   4.8073268e-02
   2.2050000e+01   4.7540543e-02
   2.2500000e+01   4.7009588e-02
   2.2950000e+01   4.6480633e-02
   2.3400000e+01   4.5953878e-02
   2.3850000e+01   4.5429485e-02
   2.4300000e+01   4.4907586e-02
   2.4750000e+01   4.4388280e-02
   2.5200000e+01   4.3871632e-02
   2.5650000e+01   4.3357682e-02
   2.6100000e+01   4.2846440e-02
   2.6550000e+01   4.2337888e-02
   2.7000000e+01   4.1831986e-02
   2.7450000e+01   4.1328670e-02
   2.7900000e+01   4.0827860e-02
   2.8350000e+01   4.0329452e-02
   2.8800000e+01   3.9833333e-02
   2.9250000e+01   3.9339374e-02
   2.9700000e+01   3.8847437e-02
   3.0150000e+01   3.8357375e-02
   3.0600000e+01   3.7869038e-02
   3.1050000e+01   3.7382273e-02
   3.1500000e+01   3.6896926e-02
   3.1950000e+01   3.6412847e-02
   3.2400000e+01   3.5929890e-02
   3.2850000e+01   3.5447914e-02
   3.3300000e+01   3.4966790e-02
   3.3750000e+01   3.4486399e-02
   3.4200000e+01   3.4006633e-02
   3.4650000e+01   3.3527400e-02
   3.5100000e+01   3.3048621e-02
   3.5550000e+01   3.2570238e-02
   3.6000000e+01   3.2092206e-02
   3.6450000e+01   3.1614502e-02
   3.6900000e+01   3.1137120e-02
   3.7350000e+01   3.0660073e-02
   3.7800000e+01   3.0183396e-02
   3.8250000e+01   2.9707141e-02
   3.8700000e+01   2.9231380e-02
   3.9150000e+01   2.8756206e-02
   3.9600000e+01   2.8281726e-02
   4.0050000e+01   2.7808069e-02
   4.0500000e+01   2.7335378e-02
   4.0950000e+01   2.6863813e-02
   4.1400000e+01   2.6393546e-02
   4.1850000e+01   2.5924765e-02
   4.2300000e+01   2.5457669e-02
   4.2750000e+01   2.4992467e-02
   4.3200000e+01   2.4529376e-02
   4.3650000e+01   2.4068622e-02
   4.4100000e+01   2.3610436e-02
   4.4550000e+01   2.3155053e-02
   4.5000000e+01   2.2702711e-02
   4.5450000e+01   2.2253648e-02
   4.5900000e+01   2.1808103e-02
   4.6350000e+01   2.1366313e-02
   4.6800000e+01   2.0928508e-02
   4.7250000e+01   2.0494919e-02
   4.7700000e+01   2.0065765e-02
   4.8150000e+01   1.9641262e-02
   4.8600000e+01   1.9221616e-02
   4.9050000e+01   1.8807022e-02
   4.9500000e+01   1.8397667e-02
   4.9950000e+01   1.7993726e-02
   5.0400000e+01   1.7595361e-02
   5.0850000e+01   1.7202722e-02
   5.1300000e+01   1.6815945e-02
   5.1750000e+01   1.6435156e-02
   5.2200000e+01   1.6060462e-02
   5.2650000e+01   1.5691961e-02
   5.3100000e+01   1.5329732e-02
   5.3550000e+01   1.4973844e-02
   5.4000000e+01   1.4624349e-02
   5.4450000e+01   1.4281288e-02
   5.4900000e+01   1.3944686e-02
   5.5350000e+01   1.3614554e-02
   5.5800000e+01   1.3290893e-02
   5.6250000e+01   1.2973689e-02
   5.6700000e+01   1.2662916e-02
   5.7150000e+01   1.2358537e-02
   5.7600000e+01   1.2060503e-02
   5.8050000e+01   1.1768755e-02
   5.8500000e+01   1.1483224e-02
   5.8950000e+01   1.1203832e-02
   5.9400000e+01   1.0930490e-02
   5.9850000e+01   1.0663103e-02
   6.0300000e+01   1.0401567e-02
   6.0750000e+01   1.0145772e-02
   6.1200000e+01   9.8955998e-03
   6.1650000e+01   9.6509282e-03
   6.2100000e+01   9.4116284e-03
   6.2550000e+01   9.1775670e-03
   6.3000000e+01   8.9486064e-03
   6.3450000e+01   8.7246051e-03
   6.3900000e+01   8.5054184e-03
   6.4350000e+01   8.2908985e-03
   6.4800000e+01   8.0808952e-03
   6.5250000e+01   7.8752564e-03
   6.5700000e+01   7.6738280e-03
   6.6150000e+01   7.4764550e-03
   6.6600000e+01   7.2829812e-03
   6.7050000e+01   7.0932495e-03
   6.7500000e+01   6.9071029e-03
   6.7950000e+01   6.7243839e-03
   6.8400000e+01   6.5449353e-03
   6.8850000e+01   6.3686002e-03
   6.9300000e+01   6.1952222e-03
   6.9750000e+01   6.0246459e-03
   7.0200000e+01   5.8567165e-03
   7.0650000e+01   5.6912806e-03
   7.1100000e+01   5.5281859e-03
   7.1550000e+01   5.3672816e-03
   7.2000000e+01   5.2084184e-03
   7.2450000e+01   5.0514486e-03
   7.2900000e+01   4.8962263e-03
   7.3350000e+01   4.7426077e-03
   7.3800000e+01   4.5904508e-03
   7.4250000e+01   4.4396157e-03
   7.4700000e+01   4.2899649e-03
   7.5150000e+01   4.1413632e-03
   7.5600000e+01   3.9936777e-03
   7.6050000e+01   3.8467781e-03
   7.6500000e+01   3.7005368e-03
   7.6950000e+01   3.5548290e-03
   7.7400000e+01   3.4095324e-03
   7.7850000e+01   3.2645282e-03
   7.8300000e+01   3.1197002e-03
   7.8750000e+01   2.9749356e-03
   7.9200000e+01   2.8301249e-03
   7.9650000e+01   2.6851619e-03
   8.0100000e+01   2.5399439e-03
   8.0550000e+01   2.3943719e-03
   8.1000000e+01   2.2483507e-03
   8.1450000e+01   2.1017887e-03
   8.1900000e+01   1.9545985e-03
   8.2350000e+01   1.8066967e-03
   8.2800000e+01   1.6580039e-03
   8.3250000e+01   1.5084452e-03
   8.3700000e+01   1.3579499e-03
   8.4150000e+01   1.2064519e-03
   8.4600000e+01   1.0538895e-03
   8.5050000e+01   9.0020582e-04
   8.5500000e+01   7.4534849e-04
   8.5950000e+01   5.8927004e-04
   8.6400000e+01   4.3192778e-04
   8.6850000e+01   2.7328393e-04
   8.7300000e+01   1.1330564e-04
   8.7750000e+01  -4.8034993e-05
   8.8200000e+01  -2.1076086e-04
   8.8650000e+01  -3.7488988e-04
   8.9100000e+01  -5.4043494e-04
   8.9550000e+01  -7.0740395e-04
   9.0000000e+01  -8.7579984e-04
