  -9.0000000e+01  -3.8780247e-02
  -8.9550000e+01  -3.5527423e-02
  -8.9100000e+01  -3.2225186e-02
  -8.8650000e+01  -2.8878199e-02
  -8.8200000e+01  -2.5491309e-02
  -8.7750000e+01  -2.2069536e-02
  -8.7300000e+01  -1.8618064e-02
  -8.6850000e+01  -1.5142223e-02
  -8.6400000e+01  -1.1647484e-02
  -8.5950000e+01  -8.1394406e-03
  -8.5500000e+01  -4.6237936e-03
  -8.5050000e+01  -1.1063384e-03
  -8.4600000e+01   2.4070527e-03
  -8.4150000e+01   5.9104466e-03
  -8.3700000e+01   9.3978670e-03
  -8.3250000e+01   1.2863312e-02
  -8.2800000e+01   1.6300774e-02
  -8.2350000e+01   1.9704254e-02
  -8.1900000e+01   2.3067785e-02
  -8.1450000e+01   2.6385452e-02
  -8.1000000e+01   2.9651404e-02
  -8.0550000e+01   3.2859882e-02
  -8.0100000e+01   3.6005232e-02
  -7.9650000e+01   3.9081926e-02
  -7.9200000e+01   4.2084583e-02
  -7.8750000e+01   4.5007982e-02
  -7.8300000e+01   4.7847086e-02
  -7.7850000e+01   5.0597054e-02
  -7.7400000e+01   5.3253261e-02
  -7.6950000e+01   5.5811312e-02
  -7.6500000e+01   5.8267057e-02
  -7.6050000e+01   6.0616609e-02
  -7.5600000e+01   6.2856350e-02
  -7.5150000e+01   6.4982949e-02
  -7.4700000e+01   6.6993371e-02
  -7.4250000e+01   6.8884886e-02
  -7.3800000e+01   7.0655079e-02
  -7.3350000e+01   7.2301855e-02
  -7.2900000e+01   7.3823449e-02
  -7.2450000e+01   7.5218426e-02
  -7.2000000e+01   7.6485686e-02
  -7.1550000e+01   7.7624469e-02
  -7.1100000e+01   7.8634350e-02
  -7.0650000e+01   7.9515244e-02
  -7.0200000e+01   8.0267398e-02
  -6.9750000e+01   8.0891392e-02
  -6.9300000e+01   8.1388135e-02
  -6.8850000e+01   8.1758853e-02
  -6.8400000e+01   8.2005089e-02
  -6.7950000e+01   8.2128691e-02
  -6.7500000e+01   8.2131803e-02
  -6.7050000e+01   8.2016854e-02
  -6.6600000e+01   8.1786549e-02
  -6.6150000e+01   8.1443854e-02
  -6.5700000e+01   8.0991984e-02
  -6.5250000e+01   8.0434388e-02
  -6.4800000e+01   7.9774736e-02
  -6.4350000e+01   7.9016903e-02
  -6.3900000e+01   7.8164952e-02
  -6.3450000e+01   7.7223119e-02
  -6.3000000e+01   7.6195795e-02
  -6.2550000e+01   7.5087508e-02
  -6.2100000e+01   7.3902909e-02
  -6.1650000e+01   7.2646749e-02
  -6.1200000e+01   7.1323867e-02
  -6.0750000e+01   6.9939165e-02
  -6.0300000e+01   6.8497597e-02
  -5.9850000e+01   6.7004146e-02
  -5.9400000e+01   6.5463810e-02
  -5.8950000e+01   6.3881581e-02
  -5.8500000e+01   6.2262428e-02
  -5.8050000e+01   6.0611285e-02
  -5.7600000e+01   5.8933026e-02
  -5.7150000e+01   5.7232457e-02
  -5.6700000e+01   5.5514295e-02
  -5.6250000e+01   5.3783156e-02
  -5.5800000e+01   5.2043539e-02
  -5.5350000e+01   5.0299816e-02
  -5.4900000e+01   4.8556215e-02
  -5.4450000e+01   4.6816808e-02
  -5.4000000e+01   4.5085506e-02
  -5.3550000e+01   4.3366044e-02
  -5.3100000e+01   4.1661974e-02
  -5.2650000e+01   3.9976654e-02
  -5.2200000e+01   3.8313249e-02
  -5.1750000e+01   3.6674716e-02
  -5.1300000e+01   3.5063808e-02
  -5.0850000e+01   3.3483063e-02
  -5.0400000e+01   3.1934809e-02
  -4.9950000e+01   3.0421158e-02
  -4.9500000e+01   2.8944008e-02
  -4.9050000e+01   2.7505044e-02
  -4.8600000e+01   2.6105739e-02
  -4.8150000e+01   2.4747361e-02
  -4.7700000e+01   2.3430971e-02
  -4.7250000e+01   2.2157434e-02
  -4.6800000e+01   2.0927423e-02
  -4.6350000e+01   1.9741423e-02
  -4.5900000e+01   1.8599743e-02
  -4.5450000e+01   1.7502520e-02
  -4.5000000e+01   1.6449731e-02
  -4.4550000e+01   1.5441198e-02
  -4.4100000e+01   1.4476602e-02
  -4.3650000e+01   1.3555491e-02
  -4.3200000e+01   1.2677287e-02
  -4.2750000e+01   1.1841300e-02
  -4.2300000e+01   1.1046737e-02
  -4.1850000e+01   1.0292713e-02
  -4.1400000e+01   9.5782567e-03
  -4.0950000e+01   8.9023270e-03
  -4.0500000e+01   8.2638178e-03
  -4.0050000e+01   7.6615693e-03
  -3.9600000e+01   7.0943771e-03
  -3.9150000e+01   6.5610006e-03
  -3.8700000e+01   6.0601715e-03
  -3.8250000e+01   5.5906017e-03
  -3.7800000e+01   5.1509910e-03
  -3.7350000e+01   4.7400337e-03
  -3.6900000e+01   4.3564257e-03
  -3.6450000e+01   3.9988697e-03
  -3.6000000e+01   3.6660817e-03
  -3.5550000e+01   3.3567949e-03
  -3.5100000e+01   3.0697652e-03
  -3.4650000e+01   2.8037744e-03
  -3.4200000e+01   2.5576342e-03
  -3.3750000e+01   2.3301891e-03
  -3.3300000e+01   2.1203190e-03
  -3.2850000e+01   1.9269412e-03
  -3.2400000e+01   1.7490123e-03
  -3.1950000e+01   1.5855296e-03
  -3.1500000e+01   1.4355321e-03
  -3.1050000e+01   1.2981009e-03
  -3.0600000e+01   1.1723599e-03
  -3.0150000e+01   1.0574757e-03
  -2.9700000e+01   9.5265736e-04
  -2.9250000e+01   8.5715616e-04
  -2.8800000e+01   7.7026479e-04
  -2.8350000e+01   6.9131662e-04
  -2.7900000e+01   6.1968474e-04
  -2.7450000e+01   5.5478083e-04
  -2.7000000e+01   4.9605398e-04
  -2.6550000e+01   4.4298935e-04
  -2.6100000e+01   3.9510680e-04
  -2.5650000e+01   3.5195941e-04
  -2.5200000e+01   3.1313208e-04
  -2.4750000e+01   2.7823992e-04
  -2.4300000e+01   2.4692681e-04
  -2.3850000e+01   2.1886384e-04
  -2.3400000e+01   1.9374779e-04
  -2.2950000e+01   1.7129966e-04
  -2.2500000e+01   1.5126320e-04
  -2.2050000e+01   1.3340347e-04
  -2.1600000e+01   1.1750547e-04
  -2.1150000e+01   1.0337278e-04
  -2.0700000e+01   9.0826260e-05
  -2.0250000e+01   7.9702858e-05
  -1.9800000e+01   6.9854373e-05
  -1.9350000e+01   6.1146357e-05
  -1.8900000e+01   5.3457038e-05
  -1.8450000e+01   4.6676314e-05
  -1.8000000e+01   4.0704798e-05
  -1.7550000e+01   3.5452927e-05
  -1.7100000e+01   3.0840120e-05
  -1.6650000e+01   2.6794000e-05
  -1.6200000e+01   2.3249660e-05
  -1.5750000e+01   2.0148991e-05
  -1.5300000e+01   1.7440048e-05
  -1.4850000e+01   1.5076476e-05
  -1.4400000e+01   1.3016969e-05
  -1.3950000e+01   1.1224782e-05
  -1.3500000e+01   9.6672773e-06
  -1.3050000e+01   8.3155106e-06
  -1.2600000e+01   7.1438533e-06
  -1.2150000e+01   6.1296480e-06
  -1.1700000e+01   5.2528952e-06
  -1.1250000e+01   4.4959685e-06
  -1.0800000e+01   3.8433572e-06
  -1.0350000e+01   3.2814335e-06
  -9.9000000e+00   2.7982420e-06
  -9.4500000e+00   2.3833116e-06
  -9.0000000e+00   2.0274846e-06
  -8.5500000e+00   1.7227656e-06
  -8.1000000e+00   1.4621846e-06
  -7.6500000e+00   1.2396757e-06
  -7.2000000e+00   1.0499694e-06
  -6.7500000e+00   8.8849565e-07
  -6.3000000e+00   7.5129918e-07
  -5.8500000e+00   6.3496391e-07
  -5.4000000e+00   5.3654648e-07
  -4.9500000e+00   4.5351785e-07
  -4.5000000e+00   3.8371202e-07
  -4.0500000e+00   3.2528139e-07
  -3.6000000e+00   2.7665796e-07
  -3.1500000e+00   2.3651978e-07
  -2.7000000e+00   2.0376233e-07
  -2.2500000e+00   1.7747420e-07
  -1.8000000e+00   1.5691671e-07
  -1.3500000e+00   1.4150729e-07
  -9.0000000e-01   1.3080619e-07
  -4.5000000e-01   1.2450638e-07
   0.0000000e+00   1.2242644e-07
   4.5000000e-01   1.2450638e-07
   9.0000000e-01   1.3080619e-07
   1.3500000e+00   1.4150729e-07
   1.8000000e+00   1.5691671e-07
   2.2500000e+00   1.7747420e-07
   2.7000000e+00   2.0376233e-07
   3.1500000e+00   2.3651978e-07
   3.6000000e+00   2.7665796e-07
   4.0500000e+00   3.2528139e-07
   4.5000000e+00   3.8371202e-07
   4.9500000e+00   4.5351785e-07
   5.4000000e+00   5.3654648e-07
   5.8500000e+00   6.3496391e-07
   6.3000000e+00   7.5129918e-07
   6.7500000e+00   8.8849565e-07
   7.2000000e+00   1.0499694e-06
   7.6500000e+00   1.2396757e-06
   8.1000000e+00   1.4621846e-06
   8.5500000e+00   1.7227656e-06
   9.0000000e+00   2.0274846e-06
   9.4500000e+00   2.3833116e-06
   9.9000000e+00   2.7982420e-06
   1.0350000e+01   3.2814335e-06
   1.0800000e+01   3.8433572e-06
   1.1250000e+01   4.4959685e-06
   1.1700000e+01   5.2528952e-06
   1.2150000e+01   6.1296480e-06
   1.2600000e+01   7.1438533e-06
   1.3050000e+01   8.3155106e-06
   1.3500000e+01   9.6672773e-06
   1.3950000e+01   1.1224782e-05
   1.4400000e+01   1.3016969e-05
   1.4850000e+01   1.5076476e-05
   1.5300000e+01   1.7440048e-05
   1.5750000e+01   2.0148991e-05
   1.6200000e+01   2.3249660e-05
   1.6650000e+01   2.6794000e-05
   1.7100000e+01   3.0840120e-05
   1.7550000e+01   3.5452927e-05
   1.8000000e+01   4.0704798e-05
   1.8450000e+01   4.6676314e-05
   1.8900000e+01   5.3457038e-05
   1.9350000e+01   6.1146357e-05
   1.9800000e+01   6.9854373e-05
   2.0250000e+01   7.9702858e-05
   2.0700000e+01   9.0826260e-05
   2.1150000e+01   1.0337278e-04
   2.1600000e+01   1.1750547e-04
   2.2050000e+01   1.3340347e-04
   2.2500000e+01   1.5126320e-04
   2.2950000e+01   1.7129966e-04
   2.3400000e+01   1.9374779e-04
   2.3850000e+01   2.1886384e-04
   2.4300000e+01   2.4692681e-04
   2.4750000e+01   2.7823992e-04
   2.5200000e+01   3.1313208e-04
   2.5650000e+01   3.5195941e-04
   2.6100000e+01   3.9510680e-04
   2.6550000e+01   4.4298935e-04
   2.7000000e+01   4.9605398e-04
   2.7450000e+01   5.5478083e-04
   2.7900000e+01   6.1968474e-04
   2.8350000e+01   6.9131662e-04
   2.8800000e+01   7.7026479e-04
   2.9250000e+01   8.5715616e-04
   2.9700000e+01   9.5265736e-04
   3.0150000e+01   1.0574757e-03
   3.0600000e+01   1.1723599e-03
   3.1050000e+01   1.2981009e-03
   3.1500000e+01   1.4355321e-03
   3.1950000e+01   1.5855296e-03
   3.2400000e+01   1.7490123e-03
   3.2850000e+01   1.9269412e-03
   3.3300000e+01   2.1203190e-03
   3.3750000e+01   2.3301891e-03
   3.4200000e+01   2.5576342e-03
   3.4650000e+01   2.8037744e-03
   3.5100000e+01   3.0697652e-03
   3.5550000e+01   3.3567949e-03
   3.6000000e+01   3.6660817e-03
   3.6450000e+01   3.9988697e-03
   3.6900000e+01   4.3564257e-03
   3.7350000e+01   4.7400337e-03
   3.7800000e+01   5.1509910e-03
   3.8250000e+01   5.5906017e-03
   3.8700000e+01   6.0601715e-03
   3.9150000e+01   6.5610006e-03
   3.9600000e+01   7.0943771e-03
   4.0050000e+01   7.6615693e-03
   4.0500000e+01   8.2638178e-03
   4.0950000e+01   8.9023270e-03
   4.1400000e+01   9.5782567e-03
   4.1850000e+01   1.0292713e-02
   4.2300000e+01   1.1046737e-02
   4.2750000e+01   1.1841300e-02
   4.3200000e+01   1.2677287e-02
   4.3650000e+01   1.3555491e-02
   4.4100000e+01   1.4476602e-02
   4.4550000e+01   1.5441198e-02
   4.5000000e+01   1.6449731e-02
   4.5450000e+01   1.7502520e-02
   4.5900000e+01   1.8599743e-02
   4.6350000e+01   1.9741423e-02
   4.6800000e+01   2.0927423e-02
   4.7250000e+01   2.2157434e-02
   4.7700000e+01   2.3430971e-02
   4.8150000e+01   2.4747361e-02
   4.8600000e+01   2.6105739e-02
   4.9050000e+01   2.7505044e-02
   4.9500000e+01   2.8944008e-02
   4.9950000e+01   3.0421158e-02
   5.0400000e+01   3.1934809e-02
   5.0850000e+01   3.3483063e-02
   5.1300000e+01   3.5063808e-02
   5.1750000e+01   3.6674716e-02
   5.2200000e+01   3.8313249e-02
   5.2650000e+01   3.9976654e-02
   5.3100000e+01   4.1661974e-02
   5.3550000e+01   4.3366044e-02
   5.4000000e+01   4.5085506e-02
   5.4450000e+01   4.6816808e-02
   5.4900000e+01   4.8556215e-02
   5.5350000e+01   5.0299816e-02
   5.5800000e+01   5.2043539e-02
   5.6250000e+01   5.3783156e-02
   5.6700000e+01   5.5514295e-02
   5.7150000e+01   5.7232457e-02
   5.7600000e+01   5.8933026e-02
   5.8050000e+01   6.0611285e-02
   5.8500000e+01   6.2262428e-02
   5.8950000e+01   6.3881581e-02
   5.9400000e+01   6.5463810e-02
   5.9850000e+01   6.7004146e-02
   6.0300000e+01   6.8497597e-02
   6.0750000e+01   6.9939165e-02
   6.1200000e+01   7.1323867e-02
   6.1650000e+01   7.2646749e-02
   6.2100000e+01   7.3902909e-02
   6.2550000e+01   7.5087508e-02
   6.3000000e+01   7.6195795e-02
   6.3450000e+01   7.7223119e-02
   6.3900000e+01   7.8164952e-02
   6.4350000e+01   7.9016903e-02
   6.4800000e+01   7.9774736e-02
   6.5250000e+01   8.0434388e-02
   6.5700000e+01   8.0991984e-02
   6.6150000e+01   8.1443854e-02
   6.6600000e+01   8.1786549e-02
   6.7050000e+01   8.2016854e-02
   6.7500000e+01   8.2131803e-02
   6.7950000e+01   8.2128691e-02
   6.8400000e+01   8.2005089e-02
   6.8850000e+01   8.1758853e-02
   6.9300000e+01   8.1388135e-02
   6.9750000e+01   8.0891392e-02
   7.0200000e+01   8.0267398e-02
   7.0650000e+01   7.9515244e-02
   7.1100000e+01   7.8634350e-02
   7.1550000e+01   7.7624469e-02
   7.2000000e+01   7.6485686e-02
   7.2450000e+01   7.5218426e-02
   7.2900000e+01   7.3823449e-02
   7.3350000e+01   7.2301855e-02
   7.3800000e+01   7.0655079e-02
   7.4250000e+01   6.8884886e-02
   7.4700000e+01   6.6993371e-02
   7.5150000e+01   6.4982949e-02
   7.5600000e+01   6.2856350e-02
   7.6050000e+01   6.0616609e-02
   7.6500000e+01   5.8267057e-02
   7.6950000e+01   5.5811312e-02
   7.7400000e+01   5.3253261e-02
   7.7850000e+01   5.0597054e-02
   7.8300000e+01   4.7847086e-02
   7.8750000e+01   4.5007982e-02
   7.9200000e+01   4.2084583e-02
   7.9650000e+01   3.9081926e-02
   8.0100000e+01   3.6005232e-02
   8.0550000e+01   3.2859882e-02
   8.1000000e+01   2.9651404e-02
   8.1450000e+01   2.6385452e-02
   8.1900000e+01   2.3067785e-02
   8.2350000e+01   1.9704254e-02
   8.2800000e+01   1.6300774e-02
   8.3250000e+01   1.2863312e-02
   8.3700000e+01   9.3978670e-03
   8.4150000e+01   5.9104466e-03
   8.4600000e+01   2.4070527e-03
   8.5050000e+01  -1.1063384e-03
   8.5500000e+01  -4.6237936e-03
   8.5950000e+01  -8.1394406e-03
   8.6400000e+01  -1.1647484e-02
   8.6850000e+01  -1.5142223e-02
   8.7300000e+01  -1.8618064e-02
   8.7750000e+01  -2.2069536e-02
   8.8200000e+01  -2.5491309e-02
   8.8650000e+01  -2.8878199e-02
   8.9100000e+01  -3.2225186e-02
   8.9550000e+01  -3.5527423e-02
   9.0000000e+01  -3.8780247e-02
