  -9.0000000e+01   1.8802215e-03
  -8.9550000e+01   2.6269907e-03
  -8.9100000e+01   3.3243131e-03
  -8.8650000e+01   3.9729304e-03
  -8.8200000e+01   4.5737779e-03
  -8.7750000e+01   5.1279866e-03
  -8.7300000e+01   5.6368820e-03
  -8.6850000e+01   6.1019832e-03
  -8.6400000e+01   6.5249987e-03
  -8.5950000e+01   6.9078218e-03
  -8.5500000e+01   7.2525232e-03
  -8.5050000e+01   7.5613432e-03
  -8.4600000e+01   7.8366809e-03
  -8.4150000e+01   8.0810832e-03
  -8.3700000e+01   8.2972310e-03
  -8.3250000e+01   8.4879257e-03
  -8.2800000e+01   8.6560732e-03
  -8.2350000e+01   8.8046675e-03
  -8.1900000e+01   8.9367741e-03
  -8.1450000e+01   9.0555122e-03
  -8.1000000e+01   9.1640369e-03
  -8.0550000e+01   9.2655217e-03
  -8.0100000e+01   9.3631408e-03
  -7.9650000e+01   9.4600523e-03
  -7.9200000e+01   9.5593818e-03
  -7.8750000e+01   9.6642075e-03
  -7.8300000e+01   9.7775454e-03
  -7.7850000e+01   9.9023368e-03
  -7.7400000e+01   1.0041436e-02
  -7.6950000e+01   1.0197601e-02
  -7.6500000e+01   1.0373484e-02
  -7.6050000e+01   1.0571624e-02
  -7.5600000e+01   1.0794440e-02
  -7.5150000e+01   1.1044226e-02
  -7.4700000e+01   1.1323151e-02
  -7.4250000e+01   1.1633249e-02
  -7.3800000e+01   1.1976421e-02
  -7.3350000e+01   1.2354434e-02
  -7.2900000e+01   1.2768915e-02
  -7.2450000e+01   1.3221353e-02
  -7.2000000e+01   1.3713093e-02
  -7.1550000e+01   1.4245339e-02
  -7.1100000e+01   1.4819143e-02
  -7.0650000e+01   1.5435405e-02
  -7.0200000e+01   1.6094865e-02
  -6.9750000e+01   1.6798096e-02
  -6.9300000e+01   1.7545496e-02
  -6.8850000e+01   1.8337273e-02
  -6.8400000e+01   1.9173436e-02
  -6.7950000e+01   2.0053782e-02
  -6.7500000e+01   2.0977876e-02
  -6.7050000e+01   2.1945038e-02
  -6.6600000e+01   2.2954325e-02
  -6.6150000e+01   2.4004514e-02
  -6.5700000e+01   2.5094079e-02
  -6.5250000e+01   2.6221184e-02
  -6.4800000e+01   2.7383659e-02
  -6.4350000e+01   2.8578992e-02
  -6.3900000e+01   2.9804314e-02
  -6.3450000e+01   3.1056401e-02
  -6.3000000e+01   3.2331663e-02
  -6.2550000e+01   3.3626152e-02
  -6.2100000e+01   3.4935572e-02
  -6.1650000e+01   3.6255289e-02
  -6.1200000e+01   3.7580360e-02
  -6.0750000e+01   3.8905552e-02
  -6.0300000e+01   4.0225386e-02
  -5.9850000e+01   4.1534171e-02
  -5.9400000e+01   4.2826055e-02
  -5.8950000e+01   4.4095077e-02
  -5.8500000e+01   4.5335223e-02
  -5.8050000e+01   4.6540484e-02
  -5.7600000e+01   4.7704925e-02
  -5.7150000e+01   4.8822743e-02
  -5.6700000e+01   4.9888334e-02
  -5.6250000e+01   5.0896350e-02
  -5.5800000e+01   5.1841766e-02
  -5.5350000e+01   5.2719928e-02
  -5.4900000e+01   5.3526602e-02
  -5.4450000e+01   5.4258021e-02
  -5.4000000e+01   5.4910916e-02
  -5.3550000e+01   5.5482542e-02
  -5.3100000e+01   5.5970697e-02
  -5.2650000e+01   5.6373733e-02
  -5.2200000e+01   5.6690548e-02
  -5.1750000e+01   5.6920585e-02
  -5.1300000e+01   5.7063810e-02
  -5.0850000e+01   5.7120687e-02
  -5.0400000e+01   5.7092147e-02
  -4.9950000e+01   5.6979553e-02
  -4.9500000e+01   5.6784656e-02
  -4.9050000e+01   5.6509553e-02
  -4.8600000e+01   5.6156641e-02
  -4.8150000e+01   5.5728573e-02
  -4.7700000e+01   5.5228211e-02
  -4.7250000e+01   5.4658587e-02
  -4.6800000e+01   5.4022864e-02
  -4.6350000e+01   5.3324301e-02
  -4.5900000e+01   5.2566224e-02
  -4.5450000e+01   5.1752003e-02
  -4.5000000e+01   5.0885034e-02
  -4.4550000e+01   4.9968726e-02
  -4.4100000e+01   4.9006493e-02
  -4.3650000e+01   4.8001752e-02
  -4.3200000e+01   4.6957924e-02
  -4.2750000e+01   4.5878441e-02
  -4.2300000e+01   4.4766754e-02
  -4.1850000e+01   4.3626338e-02
  -4.1400000e+01   4.2460708e-02
  -4.0950000e+01   4.1273428e-02
  -4.0500000e+01   4.0068117e-02
  -4.0050000e+01   3.8848458e-02
  -3.9600000e+01   3.7618202e-02
  -3.9150000e+01   3.6381171e-02
  -3.8700000e+01   3.5141249e-02
  -3.8250000e+01   3.3902384e-02
  -3.7800000e+01   3.2668570e-02
  -3.7350000e+01   3.1443837e-02
  -3.6900000e+01   3.0232227e-02
  -3.6450000e+01   2.9037779e-02
  -3.6000000e+01   2.7864495e-02
  -3.5550000e+01   2.6716320e-02
  -3.5100000e+01   2.5597108e-02
  -3.4650000e+01   2.4510595e-02
  -3.4200000e+01   2.3460362e-02
  -3.3750000e+01   2.2449814e-02
  -3.3300000e+01   2.1482140e-02
  -3.2850000e+01   2.0560297e-02
  -3.2400000e+01   1.9686976e-02
  -3.1950000e+01   1.8864586e-02
  -3.1500000e+01   1.8095233e-02
  -3.1050000e+01   1.7380710e-02
  -3.0600000e+01   1.6722483e-02
  -3.0150000e+01   1.6121687e-02
  -2.9700000e+01   1.5579127e-02
  -2.9250000e+01   1.5095280e-02
  -2.8800000e+01   1.4670302e-02
  -2.8350000e+01   1.4304045e-02
  -2.7900000e+01   1.3996064e-02
  -2.7450000e+01   1.3745644e-02
  -2.7000000e+01   1.3551819e-02
  -2.6550000e+01   1.3413396e-02
  -2.6100000e+01   1.3328982e-02
  -2.5650000e+01   1.3297011e-02
  -2.5200000e+01   1.3315771e-02
  -2.4750000e+01   1.3383436e-02
  -2.4300000e+01   1.3498091e-02
  -2.3850000e+01   1.3657759e-02
  -2.3400000e+01   1.3860429e-02
  -2.2950000e+01   1.4104074e-02
  -2.2500000e+01   1.4386680e-02
  -2.2050000e+01   1.4706258e-02
  -2.1600000e+01   1.5060861e-02
  -2.1150000e+01   1.5448599e-02
  -2.0700000e+01   1.5867643e-02
  -2.0250000e+01   1.6316234e-02
  -1.9800000e+01   1.6792685e-02
  -1.9350000e+01   1.7295376e-02
  -1.8900000e+01   1.7822755e-02
  -1.8450000e+01   1.8373326e-02
  -1.8000000e+01   1.8945643e-02
  -1.7550000e+01   1.9538297e-02
  -1.7100000e+01   2.0149903e-02
  -1.6650000e+01   2.0779086e-02
  -1.6200000e+01   2.1424467e-02
  -1.5750000e+01   2.2084646e-02
  -1.5300000e+01   2.2758193e-02
  -1.4850000e+01   2.3443626e-02
  -1.4400000e+01   2.4139409e-02
  -1.3950000e+01   2.4843936e-02
  -1.3500000e+01   2.5555525e-02
  -1.3050000e+01   2.6272412e-02
  -1.2600000e+01   2.6992751e-02
  -1.2150000e+01   2.7714611e-02
  -1.1700000e+01   2.8435980e-02
  -1.1250000e+01   2.9154775e-02
  -1.0800000e+01   2.9868842e-02
  -1.0350000e+01   3.0575974e-02
  -9.9000000e+00   3.1273920e-02
  -9.4500000e+00   3.1960401e-02
  -9.0000000e+00   3.2633125e-02
  -8.5500000e+00   3.3289801e-02
  -8.1000000e+00   3.3928160e-02
  -7.6500000e+00   3.4545970e-02
  -7.2000000e+00   3.5141049e-02
  -6.7500000e+00   3.5711286e-02
  -6.3000000e+00   3.6254652e-02
  -5.8500000e+00   3.6769213e-02
  -5.4000000e+00   3.7253142e-02
  -4.9500000e+00   3.7704729e-02
  -4.5000000e+00   3.8122389e-02
  -4.0500000e+00   3.8504664e-02
  -3.6000000e+00   3.8850236e-02
  -3.1500000e+00   3.9157921e-02
  -2.7000000e+00   3.9426678e-02
  -2.2500000e+00   3.9655605e-02
  -1.8000000e+00   3.9843941e-02
  -1.3500000e+00   3.9991066e-02
  -9.0000000e-01   4.0096498e-02
  -4.5000000e-01   4.0159894e-02
   0.0000000e+00   4.0181049e-02
   4.5000000e-01   4.0159894e-02
   9.0000000e-01   4.0096498e-02
   1.3500000e+00   3.9991066e-02
   1.8000000e+00   3.9843941e-02
   2.2500000e+00   3.9655605e-02
   2.7000000e+00   3.9426678e-02
   3.1500000e+00   3.9157921e-02
   3.6000000e+00   3.8850236e-02
   4.0500000e+00   3.8504664e-02
   4.5000000e+00   3.8122389e-02
   4.9500000e+00   3.7704729e-02
   5.4000000e+00   3.7253142e-02
   5.8500000e+00   3.6769213e-02
   6.3000000e+00   3.6254652e-02
   6.7500000e+00   3.5711286e-02
   7.2000000e+00   3.5141049e-02
   7.6500000e+00   3.4545970e-02
   8.1000000e+00   3.3928160e-02
   8.5500000e+00   3.3289801e-02
   9.0000000e+00   3.2633125e-02
   9.4500000e+00   3.1960401e-02
   9.9000000e+00   3.1273920e-02
   1.0350000e+01   3.0575974e-02
   1.0800000e+01   2.9868842e-02
   1.1250000e+01   2.9154775e-02
   1.1700000e+01   2.8435980e-02
   1.2150000e+01   2.7714611e-02
   1.2600000e+01   2.6992751e-02
   1.3050000e+01   2.6272412e-02
   1.3500000e+01   2.5555525e-02
   1.3950000e+01   2.4843936e-02
   1.4400000e+01   2.4139409e-02
   1.4850000e+01   2.3443626e-02
   1.5300000e+01   2.2758193e-02
   1.5750000e+01   2.2084646e-02
   1.6200000e+01   2.1424467e-02
   1.6650000e+01   2.0779086e-02
   1.7100000e+01   2.0149903e-02
   1.7550000e+01   1.9538297e-02
   1.8000000e+01   1.8945643e-02
   1.8450000e+01   1.8373326e-02
   1.8900000e+01   1.7822755e-02
   1.9350000e+01   1.7295376e-02
   1.9800000e+01   1.6792685e-02
   2.0250000e+01   1.6316234e-02
   2.0700000e+01   1.5867643e-02
   2.1150000e+01   1.5448599e-02
   2.1600000e+01   1.5060861e-02
   2.2050000e+01   1.4706258e-02
   2.2500000e+01   1.4386680e-02
   2.2950000e+01   1.4104074e-02
   2.3400000e+01   1.3860429e-02
   2.3850000e+01   1.3657759e-02
   2.4300000e+01   1.3498091e-02
   2.4750000e+01   1.3383436e-02
   2.5200000e+01   1.3315771e-02
   2.5650000e+01   1.3297011e-02
   2.6100000e+01   1.3328982e-02
   2.6550000e+01   1.3413396e-02
   2.7000000e+01   1.3551819e-02
   2.7450000e+01   1.3745644e-02
   2.7900000e+01   1.3996064e-02
   2.8350000e+01   1.4304045e-02
   2.8800000e+01   1.4670302e-02
   2.9250000e+01   1.5095280e-02
   2.9700000e+01   1.5579127e-02
   3.0150000e+01   1.6121687e-02
   3.0600000e+01   1.6722483e-02
   3.1050000e+01   1.7380710e-02
   3.1500000e+01   1.8095233e-02
   3.1950000e+01   1.8864586e-02
   3.2400000e+01   1.9686976e-02
   3.2850000e+01   2.0560297e-02
   3.3300000e+01   2.1482140e-02
   3.3750000e+01   2.2449814e-02
   3.4200000e+01   2.3460362e-02
   3.4650000e+01   2.4510595e-02
   3.5100000e+01   2.5597108e-02
   3.5550000e+01   2.6716320e-02
   3.6000000e+01   2.7864495e-02
   3.6450000e+01   2.9037779e-02
   3.6900000e+01   3.0232227e-02
   3.7350000e+01   3.1443837e-02
   3.7800000e+01   3.2668570e-02
   3.8250000e+01   3.3902384e-02
   3.8700000e+01   3.5141249e-02
   3.9150000e+01   3.6381171e-02
   3.9600000e+01   3.7618202e-02
   4.0050000e+01   3.8848458e-02
   4.0500000e+01   4.0068117e-02
   4.0950000e+01   4.1273428e-02
   4.1400000e+01   4.2460708e-02
   4.1850000e+01   4.3626338e-02
   4.2300000e+01   4.4766754e-02
   4.2750000e+01   4.5878441e-02
   4.3200000e+01   4.6957924e-02
   4.3650000e+01   4.8001752e-02
   4.4100000e+01   4.9006493e-02
   4.4550000e+01   4.9968726e-02
   4.5000000e+01   5.0885034e-02
   4.5450000e+01   5.1752003e-02
   4.5900000e+01   5.2566224e-02
   4.6350000e+01   5.3324301e-02
   4.6800000e+01   5.4022864e-02
   4.7250000e+01   5.4658587e-02
   4.7700000e+01   5.5228211e-02
   4.8150000e+01   5.5728573e-02
   4.8600000e+01   5.6156641e-02
   4.9050000e+01   5.6509553e-02
   4.9500000e+01   5.6784656e-02
   4.9950000e+01   5.6979553e-02
   5.0400000e+01   5.7092147e-02
   5.0850000e+01   5.7120687e-02
   5.1300000e+01   5.7063810e-02
   5.1750000e+01   5.6920585e-02
   5.2200000e+01   5.6690548e-02
   5.2650000e+01   5.6373733e-02
   5.3100000e+01   5.5970697e-02
   5.3550000e+01   5.5482542e-02
   5.4000000e+01   5.4910916e-02
   5.4450000e+01   5.4258021e-02
   5.4900000e+01   5.3526602e-02
   5.5350000e+01   5.2719928e-02
   5.5800000e+01   5.1841766e-02
   5.6250000e+01   5.0896350e-02
   5.6700000e+01   4.9888334e-02
   5.7150000e+01   4.8822743e-02
   5.7600000e+01   4.7704925e-02
   5.8050000e+01   4.6540484e-02
   5.8500000e+01   4.5335223e-02
   5.8950000e+01   4.4095077e-02
   5.9400000e+01   4.2826055e-02
   5.9850000e+01   4.1534171e-02
   6.0300000e+01   4.0225386e-02
   6.0750000e+01   3.8905552e-02
   6.1200000e+01   3.7580360e-02
   6.1650000e+01   3.6255289e-02
   6.2100000e+01   3.4935572e-02
   6.2550000e+01   3.3626152e-02
   6.3000000e+01   3.2331663e-02
   6.3450000e+01   3.1056401e-02
   6.3900000e+01   2.9804314e-02
   6.4350000e+01   2.8578992e-02
   6.4800000e+01   2.7383659e-02
   6.5250000e+01   2.6221184e-02
   6.5700000e+01   2.5094079e-02
   6.6150000e+01   2.4004514e-02
   6.6600000e+01   2.2954325e-02
   6.7050000e+01   2.1945038e-02
   6.7500000e+01   2.0977876e-02
   6.7950000e+01   2.0053782e-02
   6.8400000e+01   1.9173436e-02
   6.8850000e+01   1.8337273e-02
   6.9300000e+01   1.7545496e-02
   6.9750000e+01   1.6798096e-02
   7.0200000e+01   1.6094865e-02
   7.0650000e+01   1.5435405e-02
   7.1100000e+01   1.4819143e-02
   7.1550000e+01   1.4245339e-02
   7.2000000e+01   1.3713093e-02
   7.2450000e+01   1.3221353e-02
   7.2900000e+01   1.2768915e-02
   7.3350000e+01   1.2354434e-02
   7.3800000e+01   1.1976421e-02
   7.4250000e+01   1.1633249e-02
   7.4700000e+01   1.1323151e-02
   7.5150000e+01   1.1044226e-02
   7.5600000e+01   1.0794440e-02
   7.6050000e+01   1.0571624e-02
   7.6500000e+01   1.0373484e-02
   7.6950000e+01   1.0197601e-02
   7.7400000e+01   1.0041436e-02
   7.7850000e+01   9.9023368e-03
   7.8300000e+01   9.7775454e-03
   7.8750000e+01   9.6642075e-03
   7.9200000e+01   9.5593818e-03
   7.9650000e+01   9.4600523e-03
   8.0100000e+01   9.3631408e-03
   8.0550000e+01   9.2655217e-03
   8.1000000e+01   9.1640369e-03
   8.1450000e+01   9.0555122e-03
   8.1900000e+01   8.9367741e-03
   8.2350000e+01   8.8046675e-03
   8.2800000e+01   8.6560732e-03
   8.3250000e+01   8.4879257e-03
   8.3700000e+01   8.2972310e-03
   8.4150000e+01   8.0810832e-03
   8.4600000e+01   7.8366809e-03
   8.5050000e+01   7.5613432e-03
   8.5500000e+01   7.2525232e-03
   8.5950000e+01   6.9078218e-03
   8.6400000e+01   6.5249987e-03
   8.6850000e+01   6.1019832e-03
   8.7300000e+01   5.6368820e-03
   8.7750000e+01   5.1279866e-03
   8.8200000e+01   4.5737779e-03
   8.8650000e+01   3.9729304e-03
   8.9100000e+01   3.3243131e-03
   8.9550000e+01   2.6269907e-03
   9.0000000e+01   1.8802215e-03
