  -9.0000000e+01  -1.0440469e-12  -1.3259987e-04  -9.1195132e-03  -7.0473842e-03   1.8802215e-03   1.9856526e-03  -1.3136660e-03   1.2518948e-02   2.1593688e-02   2.5008159e-02   2.6672240e-02
  -8.9550000e+01  -1.1163236e-11  -2.7078340e-04  -7.6260580e-03  -5.3522888e-03   2.6269907e-03   2.2270708e-03  -7.6550316e-04   1.2850514e-02   2.1691779e-02   2.5043319e-02   2.6685644e-02
  -8.9100000e+01  -1.1530448e-10  -5.1228534e-04  -6.0289051e-03  -3.7007277e-03   3.3243131e-03   2.4692208e-03  -2.1532692e-04   1.3178426e-02   2.1788959e-02   2.5078276e-02   2.6698979e-02
  -8.8650000e+01  -1.1148516e-09  -8.3531542e-04  -4.3614981e-03  -2.1000793e-03   3.9729304e-03   2.7128649e-03   3.3669163e-04   1.3502679e-02   2.1885232e-02   2.5113030e-02   2.6712245e-02
  -8.8200000e+01  -9.2787588e-09  -1.0078996e-03  -2.6486430e-03  -5.5797118e-04   4.5737779e-03   2.9587607e-03   8.9037669e-04   1.3823269e-02   2.1980605e-02   2.5147583e-02   2.6725444e-02
  -8.7750000e+01  -4.5364529e-08  -5.7212190e-04  -9.0866579e-04   9.1781914e-04   5.1279866e-03   3.2076600e-03   1.4455479e-03   1.4140191e-02   2.2075083e-02   2.5181935e-02   2.6738574e-02
  -8.7300000e+01   5.6736200e-07   6.6293826e-04   8.4451641e-04   2.3194891e-03   5.6368820e-03   3.4603068e-03   2.0020206e-03   1.4453445e-02   2.2168671e-02   2.5216086e-02   2.6751635e-02
  -8.6850000e+01   2.6003014e-05   2.3837127e-03   2.5995907e-03   3.6393621e-03   6.1019832e-03   3.7174355e-03   2.5596058e-03   1.4763028e-02   2.2261376e-02   2.5250036e-02   2.6764628e-02
  -8.6400000e+01   5.7778029e-04   4.2449798e-03   4.3463250e-03   4.8700607e-03   6.5249987e-03   3.9797692e-03   3.1181104e-03   1.5068938e-02   2.2353202e-02   2.5283787e-02   2.6777553e-02
  -8.5950000e+01   4.3326302e-03   6.1052902e-03   6.0742351e-03   6.0046968e-03   6.9078218e-03   4.2480177e-03   3.6773373e-03   1.5371175e-02   2.2444155e-02   2.5317337e-02   2.6790410e-02
  -8.5500000e+01   7.7858310e-03   7.9405517e-03   7.7712369e-03   7.0370724e-03   7.2525232e-03   4.5228760e-03   4.2370858e-03   1.5669740e-02   2.2534241e-02   2.5350688e-02   2.6803198e-02
  -8.5050000e+01   9.7992883e-03   9.7601219e-03   9.4218636e-03   7.9618820e-03   7.5613432e-03   4.8050218e-03   4.7971517e-03   1.5964632e-02   2.2623464e-02   2.5383840e-02   2.6815919e-02
  -8.4600000e+01   1.1780478e-02   1.1578562e-02   1.1004288e-02   8.7749075e-03   7.8366809e-03   5.0951141e-03   5.3573270e-03   1.6255854e-02   2.2711831e-02   2.5416793e-02   2.6828570e-02
  -8.4150000e+01   1.4984355e-02   1.3412759e-02   1.2485178e-02   9.4731956e-03   8.0810832e-03   5.3937912e-03   5.9174011e-03   1.6543407e-02   2.2799347e-02   2.5449548e-02   2.6841154e-02
  -8.3700000e+01   1.9073281e-02   1.5289245e-02   1.3812456e-02   1.0055208e-02   8.2972310e-03   5.7016683e-03   6.4771598e-03   1.6827295e-02   2.2886018e-02   2.5482105e-02   2.6853670e-02
  -8.3250000e+01   1.9885849e-02   1.7245429e-02   1.4910496e-02   1.0520939e-02   8.4879257e-03   6.0193360e-03   7.0363866e-03   1.7107521e-02   2.2971848e-02   2.5514465e-02   2.6866117e-02
  -8.2800000e+01   1.9931421e-02   1.9114472e-02   1.5689642e-02   1.0871991e-02   8.6560732e-03   6.3473583e-03   7.5948620e-03   1.7384089e-02   2.3056843e-02   2.5546627e-02   2.6878496e-02
  -8.2350000e+01   1.9932666e-02   1.9740446e-02   1.6079764e-02   1.1111615e-02   8.8046675e-03   6.6862702e-03   8.1523646e-03   1.7657004e-02   2.3141009e-02   2.5578593e-02   2.6890807e-02
  -8.1900000e+01   1.9919664e-02   1.8718726e-02   1.6070729e-02   1.1244701e-02   8.9367741e-03   7.0365766e-03   8.7086704e-03   1.7926272e-02   2.3224351e-02   2.5610362e-02   2.6903050e-02
  -8.1450000e+01   1.9609767e-02   1.7405776e-02   1.5719733e-02   1.1277738e-02   9.0555122e-03   7.3987494e-03   9.2635539e-03   1.8191898e-02   2.3306875e-02   2.5641935e-02   2.6915225e-02
  -8.1000000e+01   1.7293219e-02   1.6183427e-02   1.5116910e-02   1.1218737e-02   9.1640369e-03   7.7732264e-03   9.8167876e-03   1.8453889e-02   2.3388585e-02   2.5673313e-02   2.6927331e-02
  -8.0550000e+01   1.5088823e-02   1.5010817e-02   1.4345975e-02   1.1077126e-02   9.2655217e-03   8.1604092e-03   1.0368143e-02   1.8712254e-02   2.3469488e-02   2.5704495e-02   2.6939370e-02
  -8.0100000e+01   1.3815752e-02   1.3854686e-02   1.3467859e-02   1.0863617e-02   9.3631408e-03   8.5606611e-03   1.0917390e-02   1.8966999e-02   2.3549588e-02   2.5735482e-02   2.6951340e-02
  -7.9650000e+01   1.2582547e-02   1.2700897e-02   1.2523319e-02   1.0590052e-02   9.4600523e-03   8.9743057e-03   1.1464297e-02   1.9218135e-02   2.3628891e-02   2.5766274e-02   2.6963243e-02
  -7.9200000e+01   1.0712581e-02   1.1540911e-02   1.1541229e-02   1.0269235e-02   9.5593818e-03   9.4016254e-03   1.2008634e-02   1.9465670e-02   2.3707403e-02   2.5796873e-02   2.6975077e-02
  -7.8750000e+01   7.9990867e-03   1.0367240e-02   1.0545748e-02   9.9147259e-03   9.6642075e-03   9.8428591e-03   1.2550168e-02   1.9709614e-02   2.3785128e-02   2.5827277e-02   2.6986844e-02
  -7.8300000e+01   7.2981716e-03   9.1777157e-03   9.5608761e-03   9.5406332e-03   9.7775454e-03   1.0298201e-02   1.3088667e-02   1.9949979e-02   2.3862073e-02   2.5857487e-02   2.6998542e-02
  -7.7850000e+01   7.2534141e-03   8.0216844e-03   8.6113761e-03   9.1613689e-03   9.9023368e-03   1.0767800e-02   1.3623899e-02   2.0186775e-02   2.3938241e-02   2.5887505e-02   2.7010172e-02
  -7.7400000e+01   7.2516818e-03   7.1137271e-03   7.7187782e-03   8.7913893e-03   1.0041436e-02   1.1251757e-02   1.4155632e-02   2.0420014e-02   2.4013640e-02   2.5917329e-02   2.7021735e-02
  -7.6950000e+01   7.2455845e-03   6.4716596e-03   6.8948204e-03   8.4449151e-03   1.0197601e-02   1.1750124e-02   1.4683636e-02   2.0649710e-02   2.4088273e-02   2.5946961e-02   2.7033229e-02
  -7.6500000e+01   7.0818733e-03   5.8334251e-03   6.1394301e-03   8.1356350e-03   1.0373484e-02   1.2262903e-02   1.5207681e-02   2.0875875e-02   2.4162146e-02   2.5976401e-02   2.7044656e-02
  -7.6050000e+01   5.7798321e-03   5.1726867e-03   5.4463790e-03   7.8764008e-03   1.0571624e-02   1.2790047e-02   1.5727537e-02   2.1098523e-02   2.4235265e-02   2.6005649e-02   2.7056015e-02
  -7.5600000e+01   4.5510246e-03   4.5112523e-03   4.8111655e-03   7.6789198e-03   1.0794440e-02   1.3331454e-02   1.6242978e-02   2.1317668e-02   2.4307635e-02   2.6034705e-02   2.7067305e-02
  -7.5150000e+01   3.8352559e-03   3.8529138e-03   4.2358097e-03   7.5534552e-03   1.1044226e-02   1.3886971e-02   1.6753777e-02   2.1533326e-02   2.4379260e-02   2.6063570e-02   2.7078528e-02
  -7.4700000e+01   3.1516493e-03   3.1954369e-03   3.7311585e-03   7.5085463e-03   1.1323151e-02   1.4456394e-02   1.7259712e-02   2.1745512e-02   2.4450147e-02   2.6092245e-02   2.7089683e-02
  -7.4250000e+01   2.2362114e-03   2.5343787e-03   3.3199227e-03   7.5507603e-03   1.1633249e-02   1.5039462e-02   1.7760561e-02   2.1954243e-02   2.4520300e-02   2.6120728e-02   2.7100771e-02
  -7.3800000e+01   6.9361841e-04   1.8568284e-03   3.0422703e-03   7.6844921e-03   1.1976421e-02   1.5635861e-02   1.8256105e-02   2.2159534e-02   2.4589724e-02   2.6149022e-02   2.7111790e-02
  -7.3350000e+01   5.4016490e-05   1.1204839e-03   2.9613736e-03   7.9118265e-03   1.2354434e-02   1.6245224e-02   1.8746129e-02   2.2361403e-02   2.4658425e-02   2.6177126e-02   2.7122741e-02
  -7.2900000e+01   2.0857101e-06   3.1141268e-04   3.1587126e-03   8.2324795e-03   1.2768915e-02   1.6867129e-02   1.9230420e-02   2.2559869e-02   2.4726408e-02   2.6205040e-02   2.7133625e-02
  -7.2450000e+01   6.6200220e-08   2.2821693e-04   3.7067329e-03   8.6438316e-03   1.3221353e-02   1.7501099e-02   1.9708768e-02   2.2754950e-02   2.4793677e-02   2.6232765e-02   2.7144441e-02
  -7.2000000e+01   1.6445114e-05   1.9515548e-03   4.6275215e-03   9.1410636e-03   1.3713093e-02   1.8146604e-02   2.0180969e-02   2.2946664e-02   2.4860239e-02   2.6260301e-02   2.7155189e-02
  -7.1550000e+01   5.4355954e-04   4.1949652e-03   5.8754763e-03   9.7174014e-03   1.4245339e-02   1.8803062e-02   2.0646821e-02   2.3135031e-02   2.4926098e-02   2.6287648e-02   2.7165869e-02
  -7.1100000e+01   4.7024706e-03   6.3458657e-03   7.3636217e-03   1.0364465e-02   1.4819143e-02   1.9469835e-02   2.1106126e-02   2.3320071e-02   2.4991258e-02   2.6314807e-02   2.7176482e-02
  -7.0650000e+01   8.2595280e-03   8.4395287e-03   9.0034645e-03   1.1072716e-02   1.5435405e-02   2.0146237e-02   2.1558691e-02   2.3501805e-02   2.5055727e-02   2.6341778e-02   2.7187027e-02
  -7.0200000e+01   1.0464514e-02   1.0515552e-02   1.0724926e-02   1.1831982e-02   1.6094865e-02   2.0831528e-02   2.2004329e-02   2.3680253e-02   2.5119507e-02   2.6368562e-02   2.7197504e-02
  -6.9750000e+01   1.2547327e-02   1.2587166e-02   1.2474813e-02   1.2632039e-02   1.6798096e-02   2.1524921e-02   2.2442855e-02   2.3855438e-02   2.5182605e-02   2.6395158e-02   2.7207914e-02
  -6.9300000e+01   1.4625809e-02   1.4659931e-02   1.4206303e-02   1.3463216e-02   1.7545496e-02   2.2225579e-02   2.2874093e-02   2.4027381e-02   2.5245025e-02   2.6421567e-02   2.7218255e-02
  -6.8850000e+01   1.6706621e-02   1.6744183e-02   1.5867008e-02   1.4316991e-02   1.8337273e-02   2.2932618e-02   2.3297870e-02   2.4196104e-02   2.5306772e-02   2.6447790e-02   2.7228530e-02
  -6.8400000e+01   1.8789532e-02   1.8878934e-02   1.7389255e-02   1.5186542e-02   1.9173436e-02   2.3645111e-02   2.3714019e-02   2.4361632e-02   2.5367851e-02   2.6473826e-02   2.7238736e-02
  -6.7950000e+01   2.0883818e-02   2.1116109e-02   1.8690332e-02   1.6067221e-02   2.0053782e-02   2.4362084e-02   2.4122378e-02   2.4523987e-02   2.5428268e-02   2.6499676e-02   2.7248875e-02
  -6.7500000e+01   2.2959074e-02   2.2825795e-02   1.9693977e-02   1.6956904e-02   2.0977876e-02   2.5082527e-02   2.4522795e-02   2.4683193e-02   2.5488027e-02   2.6525340e-02   2.7258946e-02
  -6.7050000e+01   2.2569376e-02   2.2795405e-02   2.0368350e-02   1.7856221e-02   2.1945038e-02   2.5805386e-02   2.4915119e-02   2.4839274e-02   2.5547132e-02   2.6550819e-02   2.7268950e-02
  -6.6600000e+01   2.2159804e-02   2.2236080e-02   2.0746636e-02   1.8768616e-02   2.2954325e-02   2.6529574e-02   2.5299210e-02   2.4992256e-02   2.5605589e-02   2.6576112e-02   2.7278885e-02
  -6.6150000e+01   2.1760423e-02   2.1777839e-02   2.0906545e-02   1.9700252e-02   2.4004514e-02   2.7253969e-02   2.5674932e-02   2.5142163e-02   2.5663403e-02   2.6601221e-02   2.7288754e-02
  -6.5700000e+01   2.1361511e-02   2.1368901e-02   2.0932496e-02   2.0659759e-02   2.5094079e-02   2.7977417e-02   2.6042158e-02   2.5289022e-02   2.5720579e-02   2.6626145e-02   2.7298555e-02
  -6.5250000e+01   2.0963045e-02   2.0970643e-02   2.0894349e-02   2.1657832e-02   2.6221184e-02   2.8698736e-02   2.6400767e-02   2.5432857e-02   2.5777121e-02   2.6650885e-02   2.7308288e-02
  -6.4800000e+01   2.0563749e-02   2.0573783e-02   2.0847570e-02   2.2706711e-02   2.7383659e-02   2.9416720e-02   2.6750645e-02   2.5573697e-02   2.5833033e-02   2.6675440e-02   2.7317954e-02
  -6.4350000e+01   2.0141032e-02   2.0174822e-02   2.0843652e-02   2.3819565e-02   2.8578992e-02   3.0130140e-02   2.7091686e-02   2.5711566e-02   2.5888322e-02   2.6699812e-02   2.7327552e-02
  -6.3900000e+01   1.9459109e-02   1.9762681e-02   2.0943283e-02   2.5009815e-02   2.9804314e-02   3.0837746e-02   2.7423792e-02   2.5846494e-02   2.5942991e-02   2.6724001e-02   2.7337082e-02
  -6.3450000e+01   1.8661795e-02   1.9292510e-02   2.1228306e-02   2.6290427e-02   3.1056401e-02   3.1538277e-02   2.7746872e-02   2.5978506e-02   2.5997046e-02   2.6748006e-02   2.7346545e-02
  -6.3000000e+01   1.8560684e-02   1.8697384e-02   2.1803371e-02   2.7673207e-02   3.2331663e-02   3.2230456e-02   2.8060843e-02   2.6107631e-02   2.6050490e-02   2.6771828e-02   2.7355941e-02
  -6.2550000e+01   1.8557539e-02   1.8623718e-02   2.2772189e-02   2.9168129e-02   3.3626152e-02   3.2913001e-02   2.8365631e-02   2.6233898e-02   2.6103329e-02   2.6795468e-02   2.7365269e-02
  -6.2100000e+01   1.8566841e-02   2.0682248e-02   2.4189982e-02   3.0782720e-02   3.4935572e-02   3.3584624e-02   2.8661170e-02   2.6357335e-02   2.6155567e-02   2.6818926e-02   2.7374530e-02
  -6.1650000e+01   1.8793237e-02   2.3720378e-02   2.6031934e-02   3.2521513e-02   3.6255289e-02   3.4244038e-02   2.8947400e-02   2.6477970e-02   2.6207209e-02   2.6842201e-02   2.7383723e-02
  -6.1200000e+01   2.1583203e-02   2.6707815e-02   2.8213721e-02   3.4385598e-02   3.7580360e-02   3.4889959e-02   2.9224273e-02   2.6595833e-02   2.6258259e-02   2.6865295e-02   2.7392849e-02
  -6.0750000e+01   2.8312080e-02   2.9617129e-02   3.0640902e-02   3.6372258e-02   3.8905552e-02   3.5521110e-02   2.9491746e-02   2.6710953e-02   2.6308723e-02   2.6888207e-02   2.7401907e-02
  -6.0300000e+01   3.2305272e-02   3.2495050e-02   3.3241926e-02   3.8474716e-02   4.0225386e-02   3.6136228e-02   2.9749786e-02   2.6823360e-02   2.6358604e-02   2.6910938e-02   2.7410898e-02
  -5.9850000e+01   3.5287203e-02   3.5363282e-02   3.5974425e-02   4.0681975e-02   4.1534171e-02   3.6734066e-02   2.9998368e-02   2.6933084e-02   2.6407907e-02   2.6933488e-02   2.7419822e-02
  -5.9400000e+01   3.8409426e-02   3.8235645e-02   3.8819863e-02   4.2978775e-02   4.2826055e-02   3.7313396e-02   3.0237477e-02   2.7040156e-02   2.6456636e-02   2.6955857e-02   2.7428678e-02
  -5.8950000e+01   4.3769554e-02   4.1122642e-02   4.1778991e-02   4.5345658e-02   4.4095077e-02   3.7873017e-02   3.0467105e-02   2.7144606e-02   2.6504797e-02   2.6978046e-02   2.7437466e-02
  -5.8500000e+01   4.9449133e-02   4.4013434e-02   4.4870669e-02   4.7759161e-02   4.5335223e-02   3.8411756e-02   3.0687254e-02   2.7246464e-02   2.6552392e-02   2.7000055e-02   2.7446188e-02
  -5.8050000e+01   5.0163256e-02   4.6823428e-02   4.8128935e-02   5.0192139e-02   4.6540484e-02   3.8928475e-02   3.0897932e-02   2.7345762e-02   2.6599428e-02   2.7021884e-02   2.7454842e-02
  -5.7600000e+01   5.0189859e-02   4.9599291e-02   5.1589285e-02   5.2614237e-02   4.7704925e-02   3.9422074e-02   3.1099158e-02   2.7442531e-02   2.6645908e-02   2.7043533e-02   2.7463429e-02
  -5.7150000e+01   5.0196717e-02   5.3246796e-02   5.5263079e-02   5.4992520e-02   4.8822743e-02   3.9891494e-02   3.1290960e-02   2.7536802e-02   2.6691836e-02   2.7065003e-02   2.7471948e-02
  -5.6700000e+01   5.0372993e-02   5.7786154e-02   5.9118575e-02   5.7292264e-02   4.9888334e-02   4.0335724e-02   3.1473372e-02   2.7628607e-02   2.6737218e-02   2.7086293e-02   2.7480400e-02
  -5.6250000e+01   5.3133607e-02   6.2462877e-02   6.3087818e-02   5.9477905e-02   5.0896350e-02   4.0753804e-02   3.1646438e-02   2.7717978e-02   2.6782056e-02   2.7107405e-02   2.7488785e-02
  -5.5800000e+01   6.3820938e-02   6.7083644e-02   6.7089413e-02   6.1514128e-02   5.1841766e-02   4.1144830e-02   3.1810210e-02   2.7804946e-02   2.6826356e-02   2.7128338e-02   2.7497102e-02
  -5.5350000e+01   7.1185956e-02   7.1652178e-02   7.1042928e-02   6.3367071e-02   5.2719928e-02   4.1507954e-02   3.1964750e-02   2.7889544e-02   2.6870121e-02   2.7149093e-02   2.7505352e-02
  -5.4900000e+01   7.6043041e-02   7.6196608e-02   7.4866422e-02   6.5005595e-02   5.3526602e-02   4.1842395e-02   3.2110126e-02   2.7971805e-02   2.6913357e-02   2.7169670e-02   2.7513535e-02
  -5.4450000e+01   8.1057139e-02   8.0749868e-02   7.8461323e-02   6.6402571e-02   5.4258021e-02   4.2147434e-02   3.2246415e-02   2.8051759e-02   2.6956066e-02   2.7190069e-02   2.7521651e-02
  -5.4000000e+01   8.9739344e-02   8.5364421e-02   8.1688101e-02   6.7536103e-02   5.4910916e-02   4.2422427e-02   3.2373703e-02   2.8129441e-02   2.6998254e-02   2.7210290e-02   2.7529699e-02
  -5.3550000e+01   9.8863265e-02   9.0156470e-02   8.4338176e-02   6.8390621e-02   5.5482542e-02   4.2666799e-02   3.2492082e-02   2.8204882e-02   2.7039924e-02   2.7230334e-02   2.7537680e-02
  -5.3100000e+01   1.0008381e-01   9.5254962e-02   8.6125738e-02   6.8957759e-02   5.5970697e-02   4.2880055e-02   3.2601653e-02   2.8278116e-02   2.7081080e-02   2.7250200e-02   2.7545594e-02
  -5.2650000e+01   1.0013499e-01   9.9308068e-02   8.6745774e-02   6.9236940e-02   5.6373733e-02   4.3061777e-02   3.2702525e-02   2.8349174e-02   2.7121727e-02   2.7269890e-02   2.7553441e-02
  -5.2200000e+01   1.0013135e-01   9.7683287e-02   8.6011932e-02   6.9235610e-02   5.6690548e-02   4.3211630e-02   3.2794814e-02   2.8418091e-02   2.7161868e-02   2.7289403e-02   2.7561220e-02
  -5.1750000e+01   9.9990314e-02   9.1862053e-02   8.3975761e-02   6.8969074e-02   5.6920585e-02   4.3329362e-02   3.2878644e-02   2.8484899e-02   2.7201508e-02   2.7308739e-02   2.7568933e-02
  -5.1300000e+01   9.7475944e-02   8.5775982e-02   8.0899375e-02   6.8459916e-02   5.7063810e-02   4.3414807e-02   3.2954144e-02   2.8549631e-02   2.7240651e-02   2.7327900e-02   2.7576578e-02
  -5.0850000e+01   8.4823395e-02   7.9961594e-02   7.7114193e-02   6.7737019e-02   5.7120687e-02   4.3467888e-02   3.3021453e-02   2.8612320e-02   2.7279300e-02   2.7346884e-02   2.7584156e-02
  -5.0400000e+01   7.4909496e-02   7.4285180e-02   7.2907300e-02   6.6834226e-02   5.7092147e-02   4.3488616e-02   3.3080715e-02   2.8672999e-02   2.7317459e-02   2.7365692e-02   2.7591666e-02
  -4.9950000e+01   6.8779011e-02   6.8658965e-02   6.8494546e-02   6.5788715e-02   5.6979553e-02   4.3477091e-02   3.3132080e-02   2.8731702e-02   2.7355133e-02   2.7384325e-02   2.7599110e-02
  -4.9500000e+01   6.2548680e-02   6.3027822e-02   6.4046715e-02   6.4639184e-02   5.6784656e-02   4.3433503e-02   3.3175707e-02   2.8788461e-02   2.7392324e-02   2.7402783e-02   2.7606486e-02
  -4.9050000e+01   5.1863285e-02   5.7333220e-02   5.9729571e-02   6.3423957e-02   5.6509553e-02   4.3358134e-02   3.3211759e-02   2.8843310e-02   2.7429038e-02   2.7421066e-02   2.7613796e-02
  -4.8600000e+01   4.0244482e-02   5.1483785e-02   5.5740831e-02   6.2179126e-02   5.6156641e-02   4.3251355e-02   3.3240404e-02   2.8896282e-02   2.7465277e-02   2.7439173e-02   2.7621038e-02
  -4.8150000e+01   3.8537080e-02   4.5413924e-02   5.2327841e-02   6.0936851e-02   5.5728573e-02   4.3113626e-02   3.3261819e-02   2.8947410e-02   2.7501046e-02   2.7457106e-02   2.7628213e-02
  -4.7700000e+01   3.8458330e-02   4.0087487e-02   4.9753822e-02   5.9723912e-02   5.5228211e-02   4.2945497e-02   3.3276183e-02   2.8996727e-02   2.7536349e-02   2.7474865e-02   2.7635321e-02
  -4.7250000e+01   3.8457633e-02   3.8971835e-02   4.8197660e-02   5.8560625e-02   5.4658587e-02   4.2747604e-02   3.3283682e-02   2.9044266e-02   2.7571188e-02   2.7492449e-02   2.7642362e-02
  -4.6800000e+01   3.8499694e-02   4.1362568e-02   4.7654749e-02   5.7460149e-02   5.4022864e-02   4.2520668e-02   3.3284507e-02   2.9090060e-02   2.7605567e-02   2.7509860e-02   2.7649336e-02
  -4.6350000e+01   3.9328309e-02   4.4025041e-02   4.7944525e-02   5.6428256e-02   5.3324301e-02   4.2265494e-02   3.3278852e-02   2.9134143e-02   2.7639491e-02   2.7527096e-02   2.7656243e-02
  -4.5900000e+01   4.4294876e-02   4.6467131e-02   4.8816592e-02   5.5463526e-02   5.2566224e-02   4.1982968e-02   3.3266917e-02   2.9176546e-02   2.7672963e-02   2.7544159e-02   2.7663082e-02
  -4.5450000e+01   4.8574864e-02   4.8811719e-02   5.0046845e-02   5.4557972e-02   5.1752003e-02   4.1674053e-02   3.3248905e-02   2.9217303e-02   2.7705987e-02   2.7561049e-02   2.7669855e-02
  -4.5000000e+01   5.1125242e-02   5.1125634e-02   5.1466717e-02   5.3698004e-02   5.0885034e-02   4.1339787e-02   3.3225024e-02   2.9256447e-02   2.7738565e-02   2.7577765e-02   2.7676561e-02
  -4.4550000e+01   5.3675621e-02   5.3439214e-02   5.2947047e-02   5.2865672e-02   4.9968726e-02   4.0981279e-02   3.3195483e-02   2.9294010e-02   2.7770702e-02   2.7594308e-02   2.7683199e-02
  -4.4100000e+01   5.7955608e-02   5.5779714e-02   5.4368949e-02   5.2040086e-02   4.9006493e-02   4.0599705e-02   3.3160497e-02   2.9330024e-02   2.7802400e-02   2.7610679e-02   2.7689771e-02
  -4.3650000e+01   6.2922174e-02   5.8196304e-02   5.5596295e-02   5.1198914e-02   4.8001752e-02   4.0196306e-02   3.3120282e-02   2.9364523e-02   2.7833665e-02   2.7626877e-02   2.7696275e-02
  -4.3200000e+01   6.3750778e-02   6.0762300e-02   5.6460111e-02   5.0319853e-02   4.6957924e-02   3.9772379e-02   3.3075057e-02   2.9397538e-02   2.7864498e-02   2.7642903e-02   2.7702713e-02
  -4.2750000e+01   6.3792788e-02   6.3091093e-02   5.6775544e-02   4.9381993e-02   4.5878441e-02   3.9329277e-02   3.3025044e-02   2.9429101e-02   2.7894903e-02   2.7658756e-02   2.7709083e-02
  -4.2300000e+01   6.3792947e-02   6.2963669e-02   5.6405318e-02   4.8366996e-02   4.4766754e-02   3.8868404e-02   3.2970464e-02   2.9459246e-02   2.7924884e-02   2.7674437e-02   2.7715387e-02
  -4.1850000e+01   6.3749714e-02   6.0035016e-02   5.5331017e-02   4.7260027e-02   4.3626338e-02   3.8391206e-02   3.2911543e-02   2.9488002e-02   2.7954443e-02   2.7689947e-02   2.7721623e-02
  -4.1400000e+01   6.2812790e-02   5.6659955e-02   5.3657942e-02   4.6050410e-02   4.2460708e-02   3.7899170e-02   3.2848506e-02   2.9515403e-02   2.7983585e-02   2.7705285e-02   2.7727793e-02
  -4.0950000e+01   5.6437099e-02   5.3437461e-02   5.1546933e-02   4.4732003e-02   4.1273428e-02   3.7393816e-02   3.2781580e-02   2.9541479e-02   2.8012312e-02   2.7720451e-02   2.7733896e-02
  -4.0500000e+01   5.0573606e-02   5.0310329e-02   4.9144266e-02   4.3303285e-02   4.0068117e-02   3.6876694e-02   3.2710991e-02   2.9566262e-02   2.8040628e-02   2.7735446e-02   2.7739931e-02
  -4.0050000e+01   4.7154780e-02   4.7219813e-02   4.6555252e-02   4.1767205e-02   3.8848458e-02   3.6349376e-02   3.2636968e-02   2.9589784e-02   2.8068536e-02   2.7750270e-02   2.7745900e-02
  -3.9600000e+01   4.3790743e-02   4.4132606e-02   4.3850280e-02   4.0130815e-02   3.7618202e-02   3.5813453e-02   3.2559737e-02   2.9612074e-02   2.8096039e-02   2.7764924e-02   2.7751802e-02
  -3.9150000e+01   3.8350601e-02   4.1023505e-02   4.1079497e-02   3.8404752e-02   3.6381171e-02   3.5270528e-02   3.2479524e-02   2.9633165e-02   2.8123140e-02   2.7779406e-02   2.7757637e-02
  -3.8700000e+01   3.1407655e-02   3.7872259e-02   3.8284949e-02   3.6602614e-02   3.5141249e-02   3.4722211e-02   3.2396556e-02   2.9653086e-02   2.8149842e-02   2.7793718e-02   2.7763405e-02
  -3.8250000e+01   3.0027940e-02   3.4693849e-02   3.5507795e-02   3.4740272e-02   3.3902384e-02   3.4170111e-02   3.2311057e-02   2.9671867e-02   2.8176148e-02   2.7807859e-02   2.7769106e-02
  -3.7800000e+01   2.9950643e-02   3.1684054e-02   3.2788864e-02   3.2835185e-02   3.2668570e-02   3.3615836e-02   3.2223251e-02   2.9689540e-02   2.8202061e-02   2.7821831e-02   2.7774740e-02
  -3.7350000e+01   2.9947620e-02   2.9267578e-02   3.0160991e-02   3.0905727e-02   3.1443837e-02   3.3060982e-02   3.2133357e-02   2.9706134e-02   2.8227585e-02   2.7835632e-02   2.7780307e-02
  -3.6900000e+01   2.9922222e-02   2.7136967e-02   2.7638411e-02   2.8970580e-02   3.0232227e-02   3.2507131e-02   3.2041596e-02   2.9721679e-02   2.8252722e-02   2.7849263e-02   2.7785808e-02
  -3.6450000e+01   2.9314141e-02   2.4875591e-02   2.5215069e-02   2.7048187e-02   2.9037779e-02   3.1955844e-02   3.1948185e-02   2.9736203e-02   2.8277475e-02   2.7862725e-02   2.7791241e-02
  -3.6000000e+01   2.4768240e-02   2.2573513e-02   2.2874924e-02   2.5156297e-02   2.7864495e-02   3.1408659e-02   3.1853336e-02   2.9749737e-02   2.8301847e-02   2.7876017e-02   2.7796608e-02
  -3.5550000e+01   2.0442415e-02   2.0289304e-02   2.0604145e-02   2.3311592e-02   2.6716320e-02   3.0867080e-02   3.1757261e-02   2.9762309e-02   2.8325841e-02   2.7889140e-02   2.7801907e-02
  -3.5100000e+01   1.7944188e-02   1.8021853e-02   1.8397296e-02   2.1529391e-02   2.5597108e-02   3.0332581e-02   3.1660168e-02   2.9773948e-02   2.8349459e-02   2.7902094e-02   2.7807140e-02
  -3.4650000e+01   1.5524193e-02   1.5757177e-02   1.6258979e-02   1.9823434e-02   2.4510595e-02   2.9806592e-02   3.1562259e-02   2.9784683e-02   2.8372705e-02   2.7914878e-02   2.7812306e-02
  -3.4200000e+01   1.1854642e-02   1.3479431e-02   1.4205467e-02   1.8205736e-02   2.3460362e-02   2.9290502e-02   3.1463735e-02   2.9794541e-02   2.8395581e-02   2.7927494e-02   2.7817406e-02
  -3.3750000e+01   6.5297813e-03   1.1168082e-02   1.2268510e-02   1.6686489e-02   2.2449814e-02   2.8785653e-02   3.1364791e-02   2.9803550e-02   2.8418090e-02   2.7939940e-02   2.7822438e-02
  -3.3300000e+01   5.1543282e-03   8.7979640e-03   1.0498876e-02   1.5274026e-02   2.1482140e-02   2.8293333e-02   3.1265617e-02   2.9811738e-02   2.8440234e-02   2.7952219e-02   2.7827403e-02
  -3.2850000e+01   5.0664748e-03   6.4702313e-03   8.9609850e-03   1.3974821e-02   2.0560297e-02   2.7814776e-02   3.1166400e-02   2.9819132e-02   2.8462017e-02   2.7964328e-02   2.7832302e-02
  -3.2400000e+01   5.0632280e-03   4.9953670e-03   7.7097530e-03   1.2793534e-02   1.9686976e-02   2.7351157e-02   3.1067319e-02   2.9825760e-02   2.8483440e-02   2.7976270e-02   2.7837134e-02
  -3.1950000e+01   5.0623835e-03   4.7965445e-03   6.7591872e-03   1.1733091e-02   1.8864586e-02   2.6903591e-02   3.0968552e-02   2.9831648e-02   2.8504507e-02   2.7988043e-02   2.7841899e-02
  -3.1500000e+01   5.0389612e-03   4.8166400e-03   6.0727915e-03   1.0794799e-02   1.8095233e-02   2.6473127e-02   3.0870266e-02   2.9836822e-02   2.8525220e-02   2.7999649e-02   2.7846598e-02
  -3.1050000e+01   4.8524982e-03   4.7586694e-03   5.5869011e-03   9.9784821e-03   1.7380710e-02   2.6060746e-02   3.0772627e-02   2.9841309e-02   2.8545581e-02   2.8011086e-02   2.7851229e-02
  -3.0600000e+01   4.6765199e-03   4.6706046e-03   5.2413060e-03   9.2826476e-03   1.6722483e-02   2.5667362e-02   3.0675793e-02   2.9845134e-02   2.8565593e-02   2.8022356e-02   2.7855794e-02
  -3.0150000e+01   4.5740142e-03   4.5769241e-03   4.9937369e-03   8.7046616e-03   1.6121687e-02   2.5293817e-02   3.0579913e-02   2.9848323e-02   2.8585259e-02   2.8033458e-02   2.7860292e-02
  -2.9700000e+01   4.4761144e-03   4.4826161e-03   4.8196050e-03   8.2409325e-03   1.5579127e-02   2.4940878e-02   3.0485135e-02   2.9850900e-02   2.8604580e-02   2.8044392e-02   2.7864723e-02
  -2.9250000e+01   4.3450138e-03   4.3876365e-03   4.7074991e-03   7.8870920e-03   1.5095280e-02   2.4609241e-02   3.0391597e-02   2.9852892e-02   2.8623559e-02   2.8055160e-02   2.7869087e-02
  -2.8800000e+01   4.1240979e-03   4.2889976e-03   4.6562689e-03   7.6381675e-03   1.4670302e-02   2.4299524e-02   3.0299430e-02   2.9854322e-02   2.8642198e-02   2.8065760e-02   2.7873385e-02
  -2.8350000e+01   4.0324996e-03   4.1759587e-03   4.6739459e-03   7.4887376e-03   1.4304045e-02   2.4012269e-02   3.0208759e-02   2.9855214e-02   2.8660500e-02   2.8076193e-02   2.7877616e-02
  -2.7900000e+01   4.0250582e-03   4.0435302e-03   4.7753743e-03   7.4330662e-03   1.3996064e-02   2.3747940e-02   3.0119701e-02   2.9855593e-02   2.8678468e-02   2.8086459e-02   2.7881780e-02
  -2.7450000e+01   4.0247856e-03   4.0887796e-03   4.9748919e-03   7.4652130e-03   1.3745644e-02   2.3506927e-02   3.0032368e-02   2.9855482e-02   2.8696102e-02   2.8096558e-02   2.7885877e-02
  -2.7000000e+01   4.0294339e-03   4.5865289e-03   5.2759049e-03   7.5791167e-03   1.3551819e-02   2.3289539e-02   2.9946863e-02   2.9854903e-02   2.8713406e-02   2.8106491e-02   2.7889908e-02
  -2.6550000e+01   4.1790302e-03   5.2176616e-03   5.6665682e-03   7.7686529e-03   1.3413396e-02   2.3096008e-02   2.9863281e-02   2.9853881e-02   2.8730381e-02   2.8116257e-02   2.7893872e-02
  -2.6100000e+01   5.3593545e-03   5.8261612e-03   6.1262767e-03   8.0276677e-03   1.3328982e-02   2.2926492e-02   2.9781712e-02   2.9852437e-02   2.8747030e-02   2.8125856e-02   2.7897769e-02
  -2.5650000e+01   6.3688694e-03   6.4200219e-03   6.6355058e-03   8.3499894e-03   1.3297011e-02   2.2781070e-02   2.9702235e-02   2.9850593e-02   2.8763355e-02   2.8135290e-02   2.7901599e-02
  -2.5200000e+01   6.9946581e-03   7.0092438e-03   7.1808894e-03   8.7294253e-03   1.3315771e-02   2.2659747e-02   2.9624924e-02   2.9848372e-02   2.8779357e-02   2.8144557e-02   2.7905363e-02
  -2.4750000e+01   7.5857733e-03   7.5972488e-03   7.7554404e-03   9.1597464e-03   1.3383436e-02   2.2562452e-02   2.9549846e-02   2.9845794e-02   2.8795040e-02   2.8153658e-02   2.7909060e-02
  -2.4300000e+01   8.1756593e-03   8.1849023e-03   8.3573673e-03   9.6346704e-03   1.3498091e-02   2.2489044e-02   2.9477058e-02   2.9842881e-02   2.8810404e-02   2.8162593e-02   2.7912690e-02
  -2.3850000e+01   8.7662062e-03   8.7709038e-03   8.9895798e-03   1.0147848e-02   1.3657759e-02   2.2439309e-02   2.9406611e-02   2.9839654e-02   2.8825451e-02   2.8171362e-02   2.7916254e-02
  -2.3400000e+01   9.3573107e-03   9.3480669e-03   9.6598466e-03   1.0692865e-02   1.3860429e-02   2.2412963e-02   2.9338549e-02   2.9836132e-02   2.8840185e-02   2.8179965e-02   2.7919751e-02
  -2.2950000e+01   9.9469532e-03   9.9066236e-03   1.0379774e-02   1.1263263e-02   1.4104074e-02   2.2409656e-02   2.9272908e-02   2.9832336e-02   2.8854606e-02   2.8188403e-02   2.7923181e-02
  -2.2500000e+01   1.0540694e-02   1.0565938e-02   1.1160134e-02   1.1852591e-02   1.4386680e-02   2.2428970e-02   2.9209716e-02   2.9828285e-02   2.8868716e-02   2.8196675e-02   2.7926545e-02
  -2.2050000e+01   1.1601305e-02   1.1554828e-02   1.2003391e-02   1.2454492e-02   1.4706258e-02   2.2470424e-02   2.9148994e-02   2.9823999e-02   2.8882517e-02   2.8204781e-02   2.7929842e-02
  -2.1600000e+01   1.2665186e-02   1.2643051e-02   1.2899803e-02   1.3062822e-02   1.5060861e-02   2.2533478e-02   2.9090757e-02   2.9819497e-02   2.8896011e-02   2.8212723e-02   2.7933072e-02
  -2.1150000e+01   1.3726445e-02   1.3711336e-02   1.3831297e-02   1.3671811e-02   1.5448599e-02   2.2617531e-02   2.9035013e-02   2.9814796e-02   2.8909200e-02   2.8220499e-02   2.7936235e-02
  -2.0700000e+01   1.4786659e-02   1.4769560e-02   1.4778359e-02   1.4276252e-02   1.5867643e-02   2.2721928e-02   2.8981761e-02   2.9809916e-02   2.8922086e-02   2.8228109e-02   2.7939332e-02
  -2.0250000e+01   1.5845686e-02   1.5825245e-02   1.5723506e-02   1.4871715e-02   1.6316234e-02   2.2845957e-02   2.8930995e-02   2.9804874e-02   2.8934669e-02   2.8235555e-02   2.7942362e-02
  -1.9800000e+01   1.6906920e-02   1.6880799e-02   1.6650418e-02   1.5454769e-02   1.6792685e-02   2.2988860e-02   2.8882702e-02   2.9799687e-02   2.8946952e-02   2.8242836e-02   2.7945326e-02
  -1.9350000e+01   1.8030404e-02   1.7938714e-02   1.7540577e-02   1.6023206e-02   1.7295376e-02   2.3149829e-02   2.8836864e-02   2.9794372e-02   2.8958936e-02   2.8249952e-02   2.7948223e-02
  -1.8900000e+01   1.9842795e-02   1.9006412e-02   1.8368583e-02   1.6576237e-02   1.7822755e-02   2.3328012e-02   2.8793455e-02   2.9788946e-02   2.8970622e-02   2.8256903e-02   2.7951053e-02
  -1.8450000e+01   2.1961842e-02   2.0107238e-02   1.9097513e-02   1.7114651e-02   1.8373326e-02   2.3522514e-02   2.8752443e-02   2.9783426e-02   2.8982013e-02   2.8263689e-02   2.7953816e-02
  -1.8000000e+01   2.2230423e-02   2.1264264e-02   1.9679143e-02   1.7640907e-02   1.8945643e-02   2.3732403e-02   2.8713794e-02   2.9777826e-02   2.8993110e-02   2.8270311e-02   2.7956513e-02
  -1.7550000e+01   2.2238768e-02   2.2120623e-02   2.0066733e-02   1.8159155e-02   1.9538297e-02   2.3956713e-02   2.8677463e-02   2.9772164e-02   2.9003914e-02   2.8276768e-02   2.7959144e-02
  -1.7100000e+01   2.2236985e-02   2.1905449e-02   2.0239382e-02   1.8675157e-02   2.0149903e-02   2.4194442e-02   2.8643405e-02   2.9766453e-02   2.9014426e-02   2.8283061e-02   2.7961707e-02
  -1.6650000e+01   2.2192216e-02   2.1249339e-02   2.0217875e-02   1.9196108e-02   2.0779086e-02   2.4444562e-02   2.8611567e-02   2.9760708e-02   2.9024649e-02   2.8289189e-02   2.7964204e-02
  -1.6200000e+01   2.1640690e-02   2.0633416e-02   2.0054448e-02   1.9730357e-02   2.1424467e-02   2.4706021e-02   2.8581894e-02   2.9754944e-02   2.9034583e-02   2.8295153e-02   2.7966635e-02
  -1.5750000e+01   2.0310517e-02   2.0053163e-02   1.9808750e-02   2.0287022e-02   2.2084646e-02   2.4977740e-02   2.8554323e-02   2.9749176e-02   2.9044229e-02   2.8300952e-02   2.7968998e-02
  -1.5300000e+01   1.9521137e-02   1.9483829e-02   1.9532915e-02   2.0875527e-02   2.2758193e-02   2.5258625e-02   2.8528792e-02   2.9743415e-02   2.9053590e-02   2.8306588e-02   2.7971296e-02
  -1.4850000e+01   1.8931665e-02   1.8917156e-02   1.9271253e-02   2.1505077e-02   2.3443626e-02   2.5547566e-02   2.8505231e-02   2.9737677e-02   2.9062665e-02   2.8312059e-02   2.7973526e-02
  -1.4400000e+01   1.8314459e-02   1.8348361e-02   1.9068139e-02   2.2184098e-02   2.4139409e-02   2.5843437e-02   2.8483570e-02   2.9731972e-02   2.9071457e-02   2.8317367e-02   2.7975690e-02
  -1.3950000e+01   1.7254861e-02   1.7765806e-02   1.8979087e-02   2.2919682e-02   2.4843936e-02   2.6145108e-02   2.8463734e-02   2.9726315e-02   2.9079966e-02   2.8322510e-02   2.7977787e-02
  -1.3500000e+01   1.6132109e-02   1.7128928e-02   1.9081763e-02   2.3717063e-02   2.5555525e-02   2.6451440e-02   2.8445647e-02   2.9720717e-02   2.9088194e-02   2.8327489e-02   2.7979818e-02
  -1.3050000e+01   1.5990899e-02   1.6374399e-02   1.9478128e-02   2.4579176e-02   2.6272412e-02   2.6761293e-02   2.8429230e-02   2.9715189e-02   2.9096141e-02   2.8332305e-02   2.7981782e-02
  -1.2600000e+01   1.5985589e-02   1.6016455e-02   2.0272029e-02   2.5506318e-02   2.6992751e-02   2.7073525e-02   2.8414402e-02   2.9709743e-02   2.9103810e-02   2.8336957e-02   2.7983679e-02
  -1.2150000e+01   1.5989587e-02   1.7696267e-02   2.1520793e-02   2.6495952e-02   2.7714611e-02   2.7387002e-02   2.8401080e-02   2.9704390e-02   2.9111200e-02   2.8341445e-02   2.7985510e-02
  -1.1700000e+01   1.6100137e-02   2.0658919e-02   2.3198375e-02   2.7542660e-02   2.8435980e-02   2.7700594e-02   2.8389182e-02   2.9699141e-02   2.9118313e-02   2.8345769e-02   2.7987275e-02
  -1.1250000e+01   1.7830734e-02   2.3661483e-02   2.5210600e-02   2.8638265e-02   2.9154775e-02   2.8013183e-02   2.8378623e-02   2.9694005e-02   2.9125149e-02   2.8349930e-02   2.7988972e-02
  -1.0800000e+01   2.4530476e-02   2.6574136e-02   2.7444557e-02   2.9772109e-02   2.9868842e-02   2.8323662e-02   2.8369319e-02   2.9688993e-02   2.9131710e-02   2.8353927e-02   2.7990603e-02
  -1.0350000e+01   2.9147504e-02   2.9440387e-02   2.9804153e-02   3.0931481e-02   3.0575974e-02   2.8630943e-02   2.8361185e-02   2.9684113e-02   2.9137997e-02   2.8357761e-02   2.7992168e-02
  -9.9000000e+00   3.2192343e-02   3.2289439e-02   3.2216198e-02   3.2102156e-02   3.1273920e-02   2.8933955e-02   2.8354137e-02   2.9679375e-02   2.9144010e-02   2.8361431e-02   2.7993666e-02
  -9.4500000e+00   3.5335613e-02   3.5143065e-02   3.4619920e-02   3.3269022e-02   3.1960401e-02   2.9231650e-02   2.8348091e-02   2.9674787e-02   2.9149750e-02   2.8364938e-02   2.7995097e-02
  -9.0000000e+00   4.0778367e-02   3.8027707e-02   3.6952286e-02   3.4416746e-02   3.2633125e-02   2.9523005e-02   2.8342965e-02   2.9670358e-02   2.9155218e-02   2.8368281e-02   2.7996462e-02
  -8.5500000e+00   4.6498025e-02   4.0985415e-02   3.9134486e-02   3.5530449e-02   3.3289801e-02   2.9807025e-02   2.8338676e-02   2.9666095e-02   2.9160414e-02   2.8371461e-02   2.7997760e-02
  -8.1000000e+00   4.7263143e-02   4.4030443e-02   4.1066756e-02   3.6596331e-02   3.3928160e-02   3.0082745e-02   2.8335147e-02   2.9662006e-02   2.9165340e-02   2.8374478e-02   2.7998991e-02
  -7.6500000e+00   4.7295172e-02   4.6631533e-02   4.2645067e-02   3.7602225e-02   3.4545970e-02   3.0349231e-02   2.8332297e-02   2.9658097e-02   2.9169996e-02   2.8377331e-02   2.8000156e-02
  -7.2000000e+00   4.7295512e-02   4.7361211e-02   4.3803465e-02   3.8538037e-02   3.5141049e-02   3.0605588e-02   2.8330054e-02   2.9654377e-02   2.9174383e-02   2.8380021e-02   2.8001255e-02
  -6.7500000e+00   4.7287067e-02   4.6914787e-02   4.4551005e-02   3.9396064e-02   3.5711286e-02   3.0850956e-02   2.8328342e-02   2.9650850e-02   2.9178500e-02   2.8382548e-02   2.8002287e-02
  -6.3000000e+00   4.7137429e-02   4.6465224e-02   4.4962888e-02   4.0171159e-02   3.6254652e-02   3.1084516e-02   2.8327093e-02   2.9647523e-02   2.9182350e-02   2.8384912e-02   2.8003252e-02
  -5.8500000e+00   4.6384482e-02   4.6097904e-02   4.5135645e-02   4.0860761e-02   3.6769213e-02   3.1305491e-02   2.8326239e-02   2.9644402e-02   2.9185931e-02   2.8387113e-02   2.8004151e-02
  -5.4000000e+00   4.5794511e-02   4.5757000e-02   4.5150593e-02   4.1464786e-02   3.7253142e-02   3.1513148e-02   2.8325718e-02   2.9641491e-02   2.9189246e-02   2.8389150e-02   2.8004983e-02
  -4.9500000e+00   4.5429690e-02   4.5422160e-02   4.5063959e-02   4.1985405e-02   3.7704729e-02   3.1706801e-02   2.8325469e-02   2.9638795e-02   2.9192293e-02   2.8391025e-02   2.8005748e-02
  -4.5000000e+00   4.5058926e-02   4.5087273e-02   4.4912634e-02   4.2426722e-02   3.8122389e-02   3.1885811e-02   2.8325436e-02   2.9636319e-02   2.9195075e-02   2.8392736e-02   2.8006447e-02
  -4.0500000e+00   4.4423045e-02   4.4748770e-02   4.4722607e-02   4.2794389e-02   3.8504664e-02   3.2049589e-02   2.8325568e-02   2.9634067e-02   2.9197590e-02   2.8394284e-02   2.8007079e-02
  -3.6000000e+00   4.3731616e-02   4.4402376e-02   4.4515178e-02   4.3095182e-02   3.8850236e-02   3.2197598e-02   2.8325817e-02   2.9632042e-02   2.9199840e-02   2.8395669e-02   2.8007645e-02
  -3.1500000e+00   4.3630011e-02   4.4047012e-02   4.4310303e-02   4.3336555e-02   3.9157921e-02   3.2329352e-02   2.8326140e-02   2.9630248e-02   2.9201824e-02   2.8396892e-02   2.8008145e-02
  -2.7000000e+00   4.3625327e-02   4.3730810e-02   4.4126541e-02   4.3526214e-02   3.9426678e-02   3.2444421e-02   2.8326499e-02   2.9628687e-02   2.9203543e-02   2.8397951e-02   2.8008577e-02
  -2.2500000e+00   4.3625214e-02   4.3600489e-02   4.3977513e-02   4.3671704e-02   3.9655605e-02   3.2542430e-02   2.8326860e-02   2.9627362e-02   2.9204997e-02   2.8398847e-02   2.8008943e-02
  -1.8000000e+00   4.3625221e-02   4.3608657e-02   4.3867910e-02   4.3780042e-02   3.9843941e-02   3.2623057e-02   2.8327195e-02   2.9626275e-02   2.9206187e-02   2.8399581e-02   2.8009243e-02
  -1.3500000e+00   4.3625222e-02   4.3621380e-02   4.3793875e-02   4.3857407e-02   3.9991066e-02   3.2686041e-02   2.8327481e-02   2.9625428e-02   2.9207112e-02   2.8400151e-02   2.8009476e-02
  -9.0000000e-01   4.3625222e-02   4.3624742e-02   4.3747782e-02   4.3908871e-02   4.0096498e-02   3.2731177e-02   2.8327697e-02   2.9624822e-02   2.9207772e-02   2.8400558e-02   2.8009642e-02
  -4.5000000e-01   4.3625222e-02   4.3625281e-02   4.3722836e-02   4.3938203e-02   4.0159894e-02   3.2758317e-02   2.8327833e-02   2.9624458e-02   2.9208169e-02   2.8400803e-02   2.8009742e-02
   0.0000000e+00   4.3625222e-02   4.3625326e-02   4.3714955e-02   4.3947719e-02   4.0181049e-02   3.2767374e-02   2.8327879e-02   2.9624337e-02   2.9208301e-02   2.8400884e-02   2.8009775e-02
   4.5000000e-01   4.3625222e-02   4.3625281e-02   4.3722836e-02   4.3938203e-02   4.0159894e-02   3.2758317e-02   2.8327833e-02   2.9624458e-02   2.9208169e-02   2.8400803e-02   2.8009742e-02
   9.0000000e-01   4.3625222e-02   4.3624742e-02   4.3747782e-02   4.3908871e-02   4.0096498e-02   3.2731177e-02   2.8327697e-02   2.9624822e-02   2.9207772e-02   2.8400558e-02   2.8009642e-02
   1.3500000e+00   4.3625222e-02   4.3621380e-02   4.3793875e-02   4.3857407e-02   3.9991066e-02   3.2686041e-02   2.8327481e-02   2.9625428e-02   2.9207112e-02   2.8400151e-02   2.8009476e-02
   1.8000000e+00   4.3625221e-02   4.3608657e-02   4.3867910e-02   4.3780042e-02   3.9843941e-02   3.2623057e-02   2.8327195e-02   2.9626275e-02   2.9206187e-02   2.8399581e-02   2.8009243e-02
   2.2500000e+00   4.3625214e-02   4.3600489e-02   4.3977513e-02   4.3671704e-02   3.9655605e-02   3.2542430e-02   2.8326860e-02   2.9627362e-02   2.9204997e-02   2.8398847e-02   2.8008943e-02
   2.7000000e+00   4.3625327e-02   4.3730810e-02   4.4126541e-02   4.3526214e-02   3.9426678e-02   3.2444421e-02   2.8326499e-02   2.9628687e-02   2.9203543e-02   2.8397951e-02   2.8008577e-02
   3.1500000e+00   4.3630011e-02   4.4047012e-02   4.4310303e-02   4.3336555e-02   3.9157921e-02   3.2329352e-02   2.8326140e-02   2.9630248e-02   2.9201824e-02   2.8396892e-02   2.8008145e-02
   3.6000000e+00   4.3731616e-02   4.4402376e-02   4.4515178e-02   4.3095182e-02   3.8850236e-02   3.2197598e-02   2.8325817e-02   2.9632042e-02   2.9199840e-02   2.8395669e-02   2.8007645e-02
   4.0500000e+00   4.4423045e-02   4.4748770e-02   4.4722607e-02   4.2794389e-02   3.8504664e-02   3.2049589e-02   2.8325568e-02   2.9634067e-02   2.9197590e-02   2.8394284e-02   2.8007079e-02
   4.5000000e+00   4.5058926e-02   4.5087273e-02   4.4912634e-02   4.2426722e-02   3.8122389e-02   3.1885811e-02   2.8325436e-02   2.9636319e-02   2.9195075e-02   2.8392736e-02   2.8006447e-02
   4.9500000e+00   4.5429690e-02   4.5422160e-02   4.5063959e-02   4.1985405e-02   3.7704729e-02   3.1706801e-02   2.8325469e-02   2.9638795e-02   2.9192293e-02   2.8391025e-02   2.8005748e-02
   5.4000000e+00   4.5794511e-02   4.5757000e-02   4.5150593e-02   4.1464786e-02   3.7253142e-02   3.1513148e-02   2.8325718e-02   2.9641491e-02   2.9189246e-02   2.8389150e-02   2.8004983e-02
   5.8500000e+00   4.6384482e-02   4.6097904e-02   4.5135645e-02   4.0860761e-02   3.6769213e-02   3.1305491e-02   2.8326239e-02   2.9644402e-02   2.9185931e-02   2.8387113e-02   2.8004151e-02
   6.3000000e+00   4.7137429e-02   4.6465224e-02   4.4962888e-02   4.0171159e-02   3.6254652e-02   3.1084516e-02   2.8327093e-02   2.9647523e-02   2.9182350e-02   2.8384912e-02   2.8003252e-02
   6.7500000e+00   4.7287067e-02   4.6914787e-02   4.4551005e-02   3.9396064e-02   3.5711286e-02   3.0850956e-02   2.8328342e-02   2.9650850e-02   2.9178500e-02   2.8382548e-02   2.8002287e-02
   7.2000000e+00   4.7295512e-02   4.7361211e-02   4.3803465e-02   3.8538037e-02   3.5141049e-02   3.0605588e-02   2.8330054e-02   2.9654377e-02   2.9174383e-02   2.8380021e-02   2.8001255e-02
   7.6500000e+00   4.7295172e-02   4.6631533e-02   4.2645067e-02   3.7602225e-02   3.4545970e-02   3.0349231e-02   2.8332297e-02   2.9658097e-02   2.9169996e-02   2.8377331e-02   2.8000156e-02
   8.1000000e+00   4.7263143e-02   4.4030443e-02   4.1066756e-02   3.6596331e-02   3.3928160e-02   3.0082745e-02   2.8335147e-02   2.9662006e-02   2.9165340e-02   2.8374478e-02   2.7998991e-02
   8.5500000e+00   4.6498025e-02   4.0985415e-02   3.9134486e-02   3.5530449e-02   3.3289801e-02   2.9807025e-02   2.8338676e-02   2.9666095e-02   2.9160414e-02   2.8371461e-02   2.7997760e-02
   9.0000000e+00   4.0778367e-02   3.8027707e-02   3.6952286e-02   3.4416746e-02   3.2633125e-02   2.9523005e-02   2.8342965e-02   2.9670358e-02   2.9155218e-02   2.8368281e-02   2.7996462e-02
   9.4500000e+00   3.5335613e-02   3.5143065e-02   3.4619920e-02   3.3269022e-02   3.1960401e-02   2.9231650e-02   2.8348091e-02   2.9674787e-02   2.9149750e-02   2.8364938e-02   2.7995097e-02
   9.9000000e+00   3.2192343e-02   3.2289439e-02   3.2216198e-02   3.2102156e-02   3.1273920e-02   2.8933955e-02   2.8354137e-02   2.9679375e-02   2.9144010e-02   2.8361431e-02   2.7993666e-02
   1.0350000e+01   2.9147504e-02   2.9440387e-02   2.9804153e-02   3.0931481e-02   3.0575974e-02   2.8630943e-02   2.8361185e-02   2.9684113e-02   2.9137997e-02   2.8357761e-02   2.7992168e-02
   1.0800000e+01   2.4530476e-02   2.6574136e-02   2.7444557e-02   2.9772109e-02   2.9868842e-02   2.8323662e-02   2.8369319e-02   2.9688993e-02   2.9131710e-02   2.8353927e-02   2.7990603e-02
   1.1250000e+01   1.7830734e-02   2.3661483e-02   2.5210600e-02   2.8638265e-02   2.9154775e-02   2.8013183e-02   2.8378623e-02   2.9694005e-02   2.9125149e-02   2.8349930e-02   2.7988972e-02
   1.1700000e+01   1.6100137e-02   2.0658919e-02   2.3198375e-02   2.7542660e-02   2.8435980e-02   2.7700594e-02   2.8389182e-02   2.9699141e-02   2.9118313e-02   2.8345769e-02   2.7987275e-02
   1.2150000e+01   1.5989587e-02   1.7696267e-02   2.1520793e-02   2.6495952e-02   2.7714611e-02   2.7387002e-02   2.8401080e-02   2.9704390e-02   2.9111200e-02   2.8341445e-02   2.7985510e-02
   1.2600000e+01   1.5985589e-02   1.6016455e-02   2.0272029e-02   2.5506318e-02   2.6992751e-02   2.7073525e-02   2.8414402e-02   2.9709743e-02   2.9103810e-02   2.8336957e-02   2.7983679e-02
   1.3050000e+01   1.5990899e-02   1.6374399e-02   1.9478128e-02   2.4579176e-02   2.6272412e-02   2.6761293e-02   2.8429230e-02   2.9715189e-02   2.9096141e-02   2.8332305e-02   2.7981782e-02
   1.3500000e+01   1.6132109e-02   1.7128928e-02   1.9081763e-02   2.3717063e-02   2.5555525e-02   2.6451440e-02   2.8445647e-02   2.9720717e-02   2.9088194e-02   2.8327489e-02   2.7979818e-02
   1.3950000e+01   1.7254861e-02   1.7765806e-02   1.8979087e-02   2.2919682e-02   2.4843936e-02   2.6145108e-02   2.8463734e-02   2.9726315e-02   2.9079966e-02   2.8322510e-02   2.7977787e-02
   1.4400000e+01   1.8314459e-02   1.8348361e-02   1.9068139e-02   2.2184098e-02   2.4139409e-02   2.5843437e-02   2.8483570e-02   2.9731972e-02   2.9071457e-02   2.8317367e-02   2.7975690e-02
   1.4850000e+01   1.8931665e-02   1.8917156e-02   1.9271253e-02   2.1505077e-02   2.3443626e-02   2.5547566e-02   2.8505231e-02   2.9737677e-02   2.9062665e-02   2.8312059e-02   2.7973526e-02
   1.5300000e+01   1.9521137e-02   1.9483829e-02   1.9532915e-02   2.0875527e-02   2.2758193e-02   2.5258625e-02   2.8528792e-02   2.9743415e-02   2.9053590e-02   2.8306588e-02   2.7971296e-02
   1.5750000e+01   2.0310517e-02   2.0053163e-02   1.9808750e-02   2.0287022e-02   2.2084646e-02   2.4977740e-02   2.8554323e-02   2.9749176e-02   2.9044229e-02   2.8300952e-02   2.7968998e-02
   1.6200000e+01   2.1640690e-02   2.0633416e-02   2.0054448e-02   1.9730357e-02   2.1424467e-02   2.4706021e-02   2.8581894e-02   2.9754944e-02   2.9034583e-02   2.8295153e-02   2.7966635e-02
   1.6650000e+01   2.2192216e-02   2.1249339e-02   2.0217875e-02   1.9196108e-02   2.0779086e-02   2.4444562e-02   2.8611567e-02   2.9760708e-02   2.9024649e-02   2.8289189e-02   2.7964204e-02
   1.7100000e+01   2.2236985e-02   2.1905449e-02   2.0239382e-02   1.8675157e-02   2.0149903e-02   2.4194442e-02   2.8643405e-02   2.9766453e-02   2.9014426e-02   2.8283061e-02   2.7961707e-02
   1.7550000e+01   2.2238768e-02   2.2120623e-02   2.0066733e-02   1.8159155e-02   1.9538297e-02   2.3956713e-02   2.8677463e-02   2.9772164e-02   2.9003914e-02   2.8276768e-02   2.7959144e-02
   1.8000000e+01   2.2230423e-02   2.1264264e-02   1.9679143e-02   1.7640907e-02   1.8945643e-02   2.3732403e-02   2.8713794e-02   2.9777826e-02   2.8993110e-02   2.8270311e-02   2.7956513e-02
   1.8450000e+01   2.1961842e-02   2.0107238e-02   1.9097513e-02   1.7114651e-02   1.8373326e-02   2.3522514e-02   2.8752443e-02   2.9783426e-02   2.8982013e-02   2.8263689e-02   2.7953816e-02
   1.8900000e+01   1.9842795e-02   1.9006412e-02   1.8368583e-02   1.6576237e-02   1.7822755e-02   2.3328012e-02   2.8793455e-02   2.9788946e-02   2.8970622e-02   2.8256903e-02   2.7951053e-02
   1.9350000e+01   1.8030404e-02   1.7938714e-02   1.7540577e-02   1.6023206e-02   1.7295376e-02   2.3149829e-02   2.8836864e-02   2.9794372e-02   2.8958936e-02   2.8249952e-02   2.7948223e-02
   1.9800000e+01   1.6906920e-02   1.6880799e-02   1.6650418e-02   1.5454769e-02   1.6792685e-02   2.2988860e-02   2.8882702e-02   2.9799687e-02   2.8946952e-02   2.8242836e-02   2.7945326e-02
   2.0250000e+01   1.5845686e-02   1.5825245e-02   1.5723506e-02   1.4871715e-02   1.6316234e-02   2.2845957e-02   2.8930995e-02   2.9804874e-02   2.8934669e-02   2.8235555e-02   2.7942362e-02
   2.0700000e+01   1.4786659e-02   1.4769560e-02   1.4778359e-02   1.4276252e-02   1.5867643e-02   2.2721928e-02   2.8981761e-02   2.9809916e-02   2.8922086e-02   2.8228109e-02   2.7939332e-02
   2.1150000e+01   1.3726445e-02   1.3711336e-02   1.3831297e-02   1.3671811e-02   1.5448599e-02   2.2617531e-02   2.9035013e-02   2.9814796e-02   2.8909200e-02   2.8220499e-02   2.7936235e-02
   2.1600000e+01   1.2665186e-02   1.2643051e-02   1.2899803e-02   1.3062822e-02   1.5060861e-02   2.2533478e-02   2.9090757e-02   2.9819497e-02   2.8896011e-02   2.8212723e-02   2.7933072e-02
   2.2050000e+01   1.1601305e-02   1.1554828e-02   1.2003391e-02   1.2454492e-02   1.4706258e-02   2.2470424e-02   2.9148994e-02   2.9823999e-02   2.8882517e-02   2.8204781e-02   2.7929842e-02
   2.2500000e+01   1.0540694e-02   1.0565938e-02   1.1160134e-02   1.1852591e-02   1.4386680e-02   2.2428970e-02   2.9209716e-02   2.9828285e-02   2.8868716e-02   2.8196675e-02   2.7926545e-02
   2.2950000e+01   9.9469532e-03   9.9066236e-03   1.0379774e-02   1.1263263e-02   1.4104074e-02   2.2409656e-02   2.9272908e-02   2.9832336e-02   2.8854606e-02   2.8188403e-02   2.7923181e-02
   2.3400000e+01   9.3573107e-03   9.3480669e-03   9.6598466e-03   1.0692865e-02   1.3860429e-02   2.2412963e-02   2.9338549e-02   2.9836132e-02   2.8840185e-02   2.8179965e-02   2.7919751e-02
   2.3850000e+01   8.7662062e-03   8.7709038e-03   8.9895798e-03   1.0147848e-02   1.3657759e-02   2.2439309e-02   2.9406611e-02   2.9839654e-02   2.8825451e-02   2.8171362e-02   2.7916254e-02
   2.4300000e+01   8.1756593e-03   8.1849023e-03   8.3573673e-03   9.6346704e-03   1.3498091e-02   2.2489044e-02   2.9477058e-02   2.9842881e-02   2.8810404e-02   2.8162593e-02   2.7912690e-02
   2.4750000e+01   7.5857733e-03   7.5972488e-03   7.7554404e-03   9.1597464e-03   1.3383436e-02   2.2562452e-02   2.9549846e-02   2.9845794e-02   2.8795040e-02   2.8153658e-02   2.7909060e-02
   2.5200000e+01   6.9946581e-03   7.0092438e-03   7.1808894e-03   8.7294253e-03   1.3315771e-02   2.2659747e-02   2.9624924e-02   2.9848372e-02   2.8779357e-02   2.8144557e-02   2.7905363e-02
   2.5650000e+01   6.3688694e-03   6.4200219e-03   6.6355058e-03   8.3499894e-03   1.3297011e-02   2.2781070e-02   2.9702235e-02   2.9850593e-02   2.8763355e-02   2.8135290e-02   2.7901599e-02
   2.6100000e+01   5.3593545e-03   5.8261612e-03   6.1262767e-03   8.0276677e-03   1.3328982e-02   2.2926492e-02   2.9781712e-02   2.9852437e-02   2.8747030e-02   2.8125856e-02   2.7897769e-02
   2.6550000e+01   4.1790302e-03   5.2176616e-03   5.6665682e-03   7.7686529e-03   1.3413396e-02   2.3096008e-02   2.9863281e-02   2.9853881e-02   2.8730381e-02   2.8116257e-02   2.7893872e-02
   2.7000000e+01   4.0294339e-03   4.5865289e-03   5.2759049e-03   7.5791167e-03   1.3551819e-02   2.3289539e-02   2.9946863e-02   2.9854903e-02   2.8713406e-02   2.8106491e-02   2.7889908e-02
   2.7450000e+01   4.0247856e-03   4.0887796e-03   4.9748919e-03   7.4652130e-03   1.3745644e-02   2.3506927e-02   3.0032368e-02   2.9855482e-02   2.8696102e-02   2.8096558e-02   2.7885877e-02
   2.7900000e+01   4.0250582e-03   4.0435302e-03   4.7753743e-03   7.4330662e-03   1.3996064e-02   2.3747940e-02   3.0119701e-02   2.9855593e-02   2.8678468e-02   2.8086459e-02   2.7881780e-02
   2.8350000e+01   4.0324996e-03   4.1759587e-03   4.6739459e-03   7.4887376e-03   1.4304045e-02   2.4012269e-02   3.0208759e-02   2.9855214e-02   2.8660500e-02   2.8076193e-02   2.7877616e-02
   2.8800000e+01   4.1240979e-03   4.2889976e-03   4.6562689e-03   7.6381675e-03   1.4670302e-02   2.4299524e-02   3.0299430e-02   2.9854322e-02   2.8642198e-02   2.8065760e-02   2.7873385e-02
   2.9250000e+01   4.3450138e-03   4.3876365e-03   4.7074991e-03   7.8870920e-03   1.5095280e-02   2.4609241e-02   3.0391597e-02   2.9852892e-02   2.8623559e-02   2.8055160e-02   2.7869087e-02
   2.9700000e+01   4.4761144e-03   4.4826161e-03   4.8196050e-03   8.2409325e-03   1.5579127e-02   2.4940878e-02   3.0485135e-02   2.9850900e-02   2.8604580e-02   2.8044392e-02   2.7864723e-02
   3.0150000e+01   4.5740142e-03   4.5769241e-03   4.9937369e-03   8.7046616e-03   1.6121687e-02   2.5293817e-02   3.0579913e-02   2.9848323e-02   2.8585259e-02   2.8033458e-02   2.7860292e-02
   3.0600000e+01   4.6765199e-03   4.6706046e-03   5.2413060e-03   9.2826476e-03   1.6722483e-02   2.5667362e-02   3.0675793e-02   2.9845134e-02   2.8565593e-02   2.8022356e-02   2.7855794e-02
   3.1050000e+01   4.8524982e-03   4.7586694e-03   5.5869011e-03   9.9784821e-03   1.7380710e-02   2.6060746e-02   3.0772627e-02   2.9841309e-02   2.8545581e-02   2.8011086e-02   2.7851229e-02
   3.1500000e+01   5.0389612e-03   4.8166400e-03   6.0727915e-03   1.0794799e-02   1.8095233e-02   2.6473127e-02   3.0870266e-02   2.9836822e-02   2.8525220e-02   2.7999649e-02   2.7846598e-02
   3.1950000e+01   5.0623835e-03   4.7965445e-03   6.7591872e-03   1.1733091e-02   1.8864586e-02   2.6903591e-02   3.0968552e-02   2.9831648e-02   2.8504507e-02   2.7988043e-02   2.7841899e-02
   3.2400000e+01   5.0632280e-03   4.9953670e-03   7.7097530e-03   1.2793534e-02   1.9686976e-02   2.7351157e-02   3.1067319e-02   2.9825760e-02   2.8483440e-02   2.7976270e-02   2.7837134e-02
   3.2850000e+01   5.0664748e-03   6.4702313e-03   8.9609850e-03   1.3974821e-02   2.0560297e-02   2.7814776e-02   3.1166400e-02   2.9819132e-02   2.8462017e-02   2.7964328e-02   2.7832302e-02
   3.3300000e+01   5.1543282e-03   8.7979640e-03   1.0498876e-02   1.5274026e-02   2.1482140e-02   2.8293333e-02   3.1265617e-02   2.9811738e-02   2.8440234e-02   2.7952219e-02   2.7827403e-02
   3.3750000e+01   6.5297813e-03   1.1168082e-02   1.2268510e-02   1.6686489e-02   2.2449814e-02   2.8785653e-02   3.1364791e-02   2.9803550e-02   2.8418090e-02   2.7939940e-02   2.7822438e-02
   3.4200000e+01   1.1854642e-02   1.3479431e-02   1.4205467e-02   1.8205736e-02   2.3460362e-02   2.9290502e-02   3.1463735e-02   2.9794541e-02   2.8395581e-02   2.7927494e-02   2.7817406e-02
   3.4650000e+01   1.5524193e-02   1.5757177e-02   1.6258979e-02   1.9823434e-02   2.4510595e-02   2.9806592e-02   3.1562259e-02   2.9784683e-02   2.8372705e-02   2.7914878e-02   2.7812306e-02
   3.5100000e+01   1.7944188e-02   1.8021853e-02   1.8397296e-02   2.1529391e-02   2.5597108e-02   3.0332581e-02   3.1660168e-02   2.9773948e-02   2.8349459e-02   2.7902094e-02   2.7807140e-02
   3.5550000e+01   2.0442415e-02   2.0289304e-02   2.0604145e-02   2.3311592e-02   2.6716320e-02   3.0867080e-02   3.1757261e-02   2.9762309e-02   2.8325841e-02   2.7889140e-02   2.7801907e-02
   3.6000000e+01   2.4768240e-02   2.2573513e-02   2.2874924e-02   2.5156297e-02   2.7864495e-02   3.1408659e-02   3.1853336e-02   2.9749737e-02   2.8301847e-02   2.7876017e-02   2.7796608e-02
   3.6450000e+01   2.9314141e-02   2.4875591e-02   2.5215069e-02   2.7048187e-02   2.9037779e-02   3.1955844e-02   3.1948185e-02   2.9736203e-02   2.8277475e-02   2.7862725e-02   2.7791241e-02
   3.6900000e+01   2.9922222e-02   2.7136967e-02   2.7638411e-02   2.8970580e-02   3.0232227e-02   3.2507131e-02   3.2041596e-02   2.9721679e-02   2.8252722e-02   2.7849263e-02   2.7785808e-02
   3.7350000e+01   2.9947620e-02   2.9267578e-02   3.0160991e-02   3.0905727e-02   3.1443837e-02   3.3060982e-02   3.2133357e-02   2.9706134e-02   2.8227585e-02   2.7835632e-02   2.7780307e-02
   3.7800000e+01   2.9950643e-02   3.1684054e-02   3.2788864e-02   3.2835185e-02   3.2668570e-02   3.3615836e-02   3.2223251e-02   2.9689540e-02   2.8202061e-02   2.7821831e-02   2.7774740e-02
   3.8250000e+01   3.0027940e-02   3.4693849e-02   3.5507795e-02   3.4740272e-02   3.3902384e-02   3.4170111e-02   3.2311057e-02   2.9671867e-02   2.8176148e-02   2.7807859e-02   2.7769106e-02
   3.8700000e+01   3.1407655e-02   3.7872259e-02   3.8284949e-02   3.6602614e-02   3.5141249e-02   3.4722211e-02   3.2396556e-02   2.9653086e-02   2.8149842e-02   2.7793718e-02   2.7763405e-02
   3.9150000e+01   3.8350601e-02   4.1023505e-02   4.1079497e-02   3.8404752e-02   3.6381171e-02   3.5270528e-02   3.2479524e-02   2.9633165e-02   2.8123140e-02   2.7779406e-02   2.7757637e-02
   3.9600000e+01   4.3790743e-02   4.4132606e-02   4.3850280e-02   4.0130815e-02   3.7618202e-02   3.5813453e-02   3.2559737e-02   2.9612074e-02   2.8096039e-02   2.7764924e-02   2.7751802e-02
   4.0050000e+01   4.7154780e-02   4.7219813e-02   4.6555252e-02   4.1767205e-02   3.8848458e-02   3.6349376e-02   3.2636968e-02   2.9589784e-02   2.8068536e-02   2.7750270e-02   2.7745900e-02
   4.0500000e+01   5.0573606e-02   5.0310329e-02   4.9144266e-02   4.3303285e-02   4.0068117e-02   3.6876694e-02   3.2710991e-02   2.9566262e-02   2.8040628e-02   2.7735446e-02   2.7739931e-02
   4.0950000e+01   5.6437099e-02   5.3437461e-02   5.1546933e-02   4.4732003e-02   4.1273428e-02   3.7393816e-02   3.2781580e-02   2.9541479e-02   2.8012312e-02   2.7720451e-02   2.7733896e-02
   4.1400000e+01   6.2812790e-02   5.6659955e-02   5.3657942e-02   4.6050410e-02   4.2460708e-02   3.7899170e-02   3.2848506e-02   2.9515403e-02   2.7983585e-02   2.7705285e-02   2.7727793e-02
   4.1850000e+01   6.3749714e-02   6.0035016e-02   5.5331017e-02   4.7260027e-02   4.3626338e-02   3.8391206e-02   3.2911543e-02   2.9488002e-02   2.7954443e-02   2.7689947e-02   2.7721623e-02
   4.2300000e+01   6.3792947e-02   6.2963669e-02   5.6405318e-02   4.8366996e-02   4.4766754e-02   3.8868404e-02   3.2970464e-02   2.9459246e-02   2.7924884e-02   2.7674437e-02   2.7715387e-02
   4.2750000e+01   6.3792788e-02   6.3091093e-02   5.6775544e-02   4.9381993e-02   4.5878441e-02   3.9329277e-02   3.3025044e-02   2.9429101e-02   2.7894903e-02   2.7658756e-02   2.7709083e-02
   4.3200000e+01   6.3750778e-02   6.0762300e-02   5.6460111e-02   5.0319853e-02   4.6957924e-02   3.9772379e-02   3.3075057e-02   2.9397538e-02   2.7864498e-02   2.7642903e-02   2.7702713e-02
   4.3650000e+01   6.2922174e-02   5.8196304e-02   5.5596295e-02   5.1198914e-02   4.8001752e-02   4.0196306e-02   3.3120282e-02   2.9364523e-02   2.7833665e-02   2.7626877e-02   2.7696275e-02
   4.4100000e+01   5.7955608e-02   5.5779714e-02   5.4368949e-02   5.2040086e-02   4.9006493e-02   4.0599705e-02   3.3160497e-02   2.9330024e-02   2.7802400e-02   2.7610679e-02   2.7689771e-02
   4.4550000e+01   5.3675621e-02   5.3439214e-02   5.2947047e-02   5.2865672e-02   4.9968726e-02   4.0981279e-02   3.3195483e-02   2.9294010e-02   2.7770702e-02   2.7594308e-02   2.7683199e-02
   4.5000000e+01   5.1125242e-02   5.1125634e-02   5.1466717e-02   5.3698004e-02   5.0885034e-02   4.1339787e-02   3.3225024e-02   2.9256447e-02   2.7738565e-02   2.7577765e-02   2.7676561e-02
   4.5450000e+01   4.8574864e-02   4.8811719e-02   5.0046845e-02   5.4557972e-02   5.1752003e-02   4.1674053e-02   3.3248905e-02   2.9217303e-02   2.7705987e-02   2.7561049e-02   2.7669855e-02
   4.5900000e+01   4.4294876e-02   4.6467131e-02   4.8816592e-02   5.5463526e-02   5.2566224e-02   4.1982968e-02   3.3266917e-02   2.9176546e-02   2.7672963e-02   2.7544159e-02   2.7663082e-02
   4.6350000e+01   3.9328309e-02   4.4025041e-02   4.7944525e-02   5.6428256e-02   5.3324301e-02   4.2265494e-02   3.3278852e-02   2.9134143e-02   2.7639491e-02   2.7527096e-02   2.7656243e-02
   4.6800000e+01   3.8499694e-02   4.1362568e-02   4.7654749e-02   5.7460149e-02   5.4022864e-02   4.2520668e-02   3.3284507e-02   2.9090060e-02   2.7605567e-02   2.7509860e-02   2.7649336e-02
   4.7250000e+01   3.8457633e-02   3.8971835e-02   4.8197660e-02   5.8560625e-02   5.4658587e-02   4.2747604e-02   3.3283682e-02   2.9044266e-02   2.7571188e-02   2.7492449e-02   2.7642362e-02
   4.7700000e+01   3.8458330e-02   4.0087487e-02   4.9753822e-02   5.9723912e-02   5.5228211e-02   4.2945497e-02   3.3276183e-02   2.8996727e-02   2.7536349e-02   2.7474865e-02   2.7635321e-02
   4.8150000e+01   3.8537080e-02   4.5413924e-02   5.2327841e-02   6.0936851e-02   5.5728573e-02   4.3113626e-02   3.3261819e-02   2.8947410e-02   2.7501046e-02   2.7457106e-02   2.7628213e-02
   4.8600000e+01   4.0244482e-02   5.1483785e-02   5.5740831e-02   6.2179126e-02   5.6156641e-02   4.3251355e-02   3.3240404e-02   2.8896282e-02   2.7465277e-02   2.7439173e-02   2.7621038e-02
   4.9050000e+01   5.1863285e-02   5.7333220e-02   5.9729571e-02   6.3423957e-02   5.6509553e-02   4.3358134e-02   3.3211759e-02   2.8843310e-02   2.7429038e-02   2.7421066e-02   2.7613796e-02
   4.9500000e+01   6.2548680e-02   6.3027822e-02   6.4046715e-02   6.4639184e-02   5.6784656e-02   4.3433503e-02   3.3175707e-02   2.8788461e-02   2.7392324e-02   2.7402783e-02   2.7606486e-02
   4.9950000e+01   6.8779011e-02   6.8658965e-02   6.8494546e-02   6.5788715e-02   5.6979553e-02   4.3477091e-02   3.3132080e-02   2.8731702e-02   2.7355133e-02   2.7384325e-02   2.7599110e-02
   5.0400000e+01   7.4909496e-02   7.4285180e-02   7.2907300e-02   6.6834226e-02   5.7092147e-02   4.3488616e-02   3.3080715e-02   2.8672999e-02   2.7317459e-02   2.7365692e-02   2.7591666e-02
   5.0850000e+01   8.4823395e-02   7.9961594e-02   7.7114193e-02   6.7737019e-02   5.7120687e-02   4.3467888e-02   3.3021453e-02   2.8612320e-02   2.7279300e-02   2.7346884e-02   2.7584156e-02
   5.1300000e+01   9.7475944e-02   8.5775982e-02   8.0899375e-02   6.8459916e-02   5.7063810e-02   4.3414807e-02   3.2954144e-02   2.8549631e-02   2.7240651e-02   2.7327900e-02   2.7576578e-02
   5.1750000e+01   9.9990314e-02   9.1862053e-02   8.3975761e-02   6.8969074e-02   5.6920585e-02   4.3329362e-02   3.2878644e-02   2.8484899e-02   2.7201508e-02   2.7308739e-02   2.7568933e-02
   5.2200000e+01   1.0013135e-01   9.7683287e-02   8.6011932e-02   6.9235610e-02   5.6690548e-02   4.3211630e-02   3.2794814e-02   2.8418091e-02   2.7161868e-02   2.7289403e-02   2.7561220e-02
   5.2650000e+01   1.0013499e-01   9.9308068e-02   8.6745774e-02   6.9236940e-02   5.6373733e-02   4.3061777e-02   3.2702525e-02   2.8349174e-02   2.7121727e-02   2.7269890e-02   2.7553441e-02
   5.3100000e+01   1.0008381e-01   9.5254962e-02   8.6125738e-02   6.8957759e-02   5.5970697e-02   4.2880055e-02   3.2601653e-02   2.8278116e-02   2.7081080e-02   2.7250200e-02   2.7545594e-02
   5.3550000e+01   9.8863265e-02   9.0156470e-02   8.4338176e-02   6.8390621e-02   5.5482542e-02   4.2666799e-02   3.2492082e-02   2.8204882e-02   2.7039924e-02   2.7230334e-02   2.7537680e-02
   5.4000000e+01   8.9739344e-02   8.5364421e-02   8.1688101e-02   6.7536103e-02   5.4910916e-02   4.2422427e-02   3.2373703e-02   2.8129441e-02   2.6998254e-02   2.7210290e-02   2.7529699e-02
   5.4450000e+01   8.1057139e-02   8.0749868e-02   7.8461323e-02   6.6402571e-02   5.4258021e-02   4.2147434e-02   3.2246415e-02   2.8051759e-02   2.6956066e-02   2.7190069e-02   2.7521651e-02
   5.4900000e+01   7.6043041e-02   7.6196608e-02   7.4866422e-02   6.5005595e-02   5.3526602e-02   4.1842395e-02   3.2110126e-02   2.7971805e-02   2.6913357e-02   2.7169670e-02   2.7513535e-02
   5.5350000e+01   7.1185956e-02   7.1652178e-02   7.1042928e-02   6.3367071e-02   5.2719928e-02   4.1507954e-02   3.1964750e-02   2.7889544e-02   2.6870121e-02   2.7149093e-02   2.7505352e-02
   5.5800000e+01   6.3820938e-02   6.7083644e-02   6.7089413e-02   6.1514128e-02   5.1841766e-02   4.1144830e-02   3.1810210e-02   2.7804946e-02   2.6826356e-02   2.7128338e-02   2.7497102e-02
   5.6250000e+01   5.3133607e-02   6.2462877e-02   6.3087818e-02   5.9477905e-02   5.0896350e-02   4.0753804e-02   3.1646438e-02   2.7717978e-02   2.6782056e-02   2.7107405e-02   2.7488785e-02
   5.6700000e+01   5.0372993e-02   5.7786154e-02   5.9118575e-02   5.7292264e-02   4.9888334e-02   4.0335724e-02   3.1473372e-02   2.7628607e-02   2.6737218e-02   2.7086293e-02   2.7480400e-02
   5.7150000e+01   5.0196717e-02   5.3246796e-02   5.5263079e-02   5.4992520e-02   4.8822743e-02   3.9891494e-02   3.1290960e-02   2.7536802e-02   2.6691836e-02   2.7065003e-02   2.7471948e-02
   5.7600000e+01   5.0189859e-02   4.9599291e-02   5.1589285e-02   5.2614237e-02   4.7704925e-02   3.9422074e-02   3.1099158e-02   2.7442531e-02   2.6645908e-02   2.7043533e-02   2.7463429e-02
   5.8050000e+01   5.0163256e-02   4.6823428e-02   4.8128935e-02   5.0192139e-02   4.6540484e-02   3.8928475e-02   3.0897932e-02   2.7345762e-02   2.6599428e-02   2.7021884e-02   2.7454842e-02
   5.8500000e+01   4.9449133e-02   4.4013434e-02   4.4870669e-02   4.7759161e-02   4.5335223e-02   3.8411756e-02   3.0687254e-02   2.7246464e-02   2.6552392e-02   2.7000055e-02   2.7446188e-02
   5.8950000e+01   4.3769554e-02   4.1122642e-02   4.1778991e-02   4.5345658e-02   4.4095077e-02   3.7873017e-02   3.0467105e-02   2.7144606e-02   2.6504797e-02   2.6978046e-02   2.7437466e-02
   5.9400000e+01   3.8409426e-02   3.8235645e-02   3.8819863e-02   4.2978775e-02   4.2826055e-02   3.7313396e-02   3.0237477e-02   2.7040156e-02   2.6456636e-02   2.6955857e-02   2.7428678e-02
   5.9850000e+01   3.5287203e-02   3.5363282e-02   3.5974425e-02   4.0681975e-02   4.1534171e-02   3.6734066e-02   2.9998368e-02   2.6933084e-02   2.6407907e-02   2.6933488e-02   2.7419822e-02
   6.0300000e+01   3.2305272e-02   3.2495050e-02   3.3241926e-02   3.8474716e-02   4.0225386e-02   3.6136228e-02   2.9749786e-02   2.6823360e-02   2.6358604e-02   2.6910938e-02   2.7410898e-02
   6.0750000e+01   2.8312080e-02   2.9617129e-02   3.0640902e-02   3.6372258e-02   3.8905552e-02   3.5521110e-02   2.9491746e-02   2.6710953e-02   2.6308723e-02   2.6888207e-02   2.7401907e-02
   6.1200000e+01   2.1583203e-02   2.6707815e-02   2.8213721e-02   3.4385598e-02   3.7580360e-02   3.4889959e-02   2.9224273e-02   2.6595833e-02   2.6258259e-02   2.6865295e-02   2.7392849e-02
   6.1650000e+01   1.8793237e-02   2.3720378e-02   2.6031934e-02   3.2521513e-02   3.6255289e-02   3.4244038e-02   2.8947400e-02   2.6477970e-02   2.6207209e-02   2.6842201e-02   2.7383723e-02
   6.2100000e+01   1.8566841e-02   2.0682248e-02   2.4189982e-02   3.0782720e-02   3.4935572e-02   3.3584624e-02   2.8661170e-02   2.6357335e-02   2.6155567e-02   2.6818926e-02   2.7374530e-02
   6.2550000e+01   1.8557539e-02   1.8623718e-02   2.2772189e-02   2.9168129e-02   3.3626152e-02   3.2913001e-02   2.8365631e-02   2.6233898e-02   2.6103329e-02   2.6795468e-02   2.7365269e-02
   6.3000000e+01   1.8560684e-02   1.8697384e-02   2.1803371e-02   2.7673207e-02   3.2331663e-02   3.2230456e-02   2.8060843e-02   2.6107631e-02   2.6050490e-02   2.6771828e-02   2.7355941e-02
   6.3450000e+01   1.8661795e-02   1.9292510e-02   2.1228306e-02   2.6290427e-02   3.1056401e-02   3.1538277e-02   2.7746872e-02   2.5978506e-02   2.5997046e-02   2.6748006e-02   2.7346545e-02
   6.3900000e+01   1.9459109e-02   1.9762681e-02   2.0943283e-02   2.5009815e-02   2.9804314e-02   3.0837746e-02   2.7423792e-02   2.5846494e-02   2.5942991e-02   2.6724001e-02   2.7337082e-02
   6.4350000e+01   2.0141032e-02   2.0174822e-02   2.0843652e-02   2.3819565e-02   2.8578992e-02   3.0130140e-02   2.7091686e-02   2.5711566e-02   2.5888322e-02   2.6699812e-02   2.7327552e-02
   6.4800000e+01   2.0563749e-02   2.0573783e-02   2.0847570e-02   2.2706711e-02   2.7383659e-02   2.9416720e-02   2.6750645e-02   2.5573697e-02   2.5833033e-02   2.6675440e-02   2.7317954e-02
   6.5250000e+01   2.0963045e-02   2.0970643e-02   2.0894349e-02   2.1657832e-02   2.6221184e-02   2.8698736e-02   2.6400767e-02   2.5432857e-02   2.5777121e-02   2.6650885e-02   2.7308288e-02
   6.5700000e+01   2.1361511e-02   2.1368901e-02   2.0932496e-02   2.0659759e-02   2.5094079e-02   2.7977417e-02   2.6042158e-02   2.5289022e-02   2.5720579e-02   2.6626145e-02   2.7298555e-02
   6.6150000e+01   2.1760423e-02   2.1777839e-02   2.0906545e-02   1.9700252e-02   2.4004514e-02   2.7253969e-02   2.5674932e-02   2.5142163e-02   2.5663403e-02   2.6601221e-02   2.7288754e-02
   6.6600000e+01   2.2159804e-02   2.2236080e-02   2.0746636e-02   1.8768616e-02   2.2954325e-02   2.6529574e-02   2.5299210e-02   2.4992256e-02   2.5605589e-02   2.6576112e-02   2.7278885e-02
   6.7050000e+01   2.2569376e-02   2.2795405e-02   2.0368350e-02   1.7856221e-02   2.1945038e-02   2.5805386e-02   2.4915119e-02   2.4839274e-02   2.5547132e-02   2.6550819e-02   2.7268950e-02
   6.7500000e+01   2.2959074e-02   2.2825795e-02   1.9693977e-02   1.6956904e-02   2.0977876e-02   2.5082527e-02   2.4522795e-02   2.4683193e-02   2.5488027e-02   2.6525340e-02   2.7258946e-02
   6.7950000e+01   2.0883818e-02   2.1116109e-02   1.8690332e-02   1.6067221e-02   2.0053782e-02   2.4362084e-02   2.4122378e-02   2.4523987e-02   2.5428268e-02   2.6499676e-02   2.7248875e-02
   6.8400000e+01   1.8789532e-02   1.8878934e-02   1.7389255e-02   1.5186542e-02   1.9173436e-02   2.3645111e-02   2.3714019e-02   2.4361632e-02   2.5367851e-02   2.6473826e-02   2.7238736e-02
   6.8850000e+01   1.6706621e-02   1.6744183e-02   1.5867008e-02   1.4316991e-02   1.8337273e-02   2.2932618e-02   2.3297870e-02   2.4196104e-02   2.5306772e-02   2.6447790e-02   2.7228530e-02
   6.9300000e+01   1.4625809e-02   1.4659931e-02   1.4206303e-02   1.3463216e-02   1.7545496e-02   2.2225579e-02   2.2874093e-02   2.4027381e-02   2.5245025e-02   2.6421567e-02   2.7218255e-02
   6.9750000e+01   1.2547327e-02   1.2587166e-02   1.2474813e-02   1.2632039e-02   1.6798096e-02   2.1524921e-02   2.2442855e-02   2.3855438e-02   2.5182605e-02   2.6395158e-02   2.7207914e-02
   7.0200000e+01   1.0464514e-02   1.0515552e-02   1.0724926e-02   1.1831982e-02   1.6094865e-02   2.0831528e-02   2.2004329e-02   2.3680253e-02   2.5119507e-02   2.6368562e-02   2.7197504e-02
   7.0650000e+01   8.2595280e-03   8.4395287e-03   9.0034645e-03   1.1072716e-02   1.5435405e-02   2.0146237e-02   2.1558691e-02   2.3501805e-02   2.5055727e-02   2.6341778e-02   2.7187027e-02
   7.1100000e+01   4.7024706e-03   6.3458657e-03   7.3636217e-03   1.0364465e-02   1.4819143e-02   1.9469835e-02   2.1106126e-02   2.3320071e-02   2.4991258e-02   2.6314807e-02   2.7176482e-02
   7.1550000e+01   5.4355954e-04   4.1949652e-03   5.8754763e-03   9.7174014e-03   1.4245339e-02   1.8803062e-02   2.0646821e-02   2.3135031e-02   2.4926098e-02   2.6287648e-02   2.7165869e-02
   7.2000000e+01   1.6445114e-05   1.9515548e-03   4.6275215e-03   9.1410636e-03   1.3713093e-02   1.8146604e-02   2.0180969e-02   2.2946664e-02   2.4860239e-02   2.6260301e-02   2.7155189e-02
   7.2450000e+01   6.6200220e-08   2.2821693e-04   3.7067329e-03   8.6438316e-03   1.3221353e-02   1.7501099e-02   1.9708768e-02   2.2754950e-02   2.4793677e-02   2.6232765e-02   2.7144441e-02
   7.2900000e+01   2.0857101e-06   3.1141268e-04   3.1587126e-03   8.2324795e-03   1.2768915e-02   1.6867129e-02   1.9230420e-02   2.2559869e-02   2.4726408e-02   2.6205040e-02   2.7133625e-02
   7.3350000e+01   5.4016490e-05   1.1204839e-03   2.9613736e-03   7.9118265e-03   1.2354434e-02   1.6245224e-02   1.8746129e-02   2.2361403e-02   2.4658425e-02   2.6177126e-02   2.7122741e-02
   7.3800000e+01   6.9361841e-04   1.8568284e-03   3.0422703e-03   7.6844921e-03   1.1976421e-02   1.5635861e-02   1.8256105e-02   2.2159534e-02   2.4589724e-02   2.6149022e-02   2.7111790e-02
   7.4250000e+01   2.2362114e-03   2.5343787e-03   3.3199227e-03   7.5507603e-03   1.1633249e-02   1.5039462e-02   1.7760561e-02   2.1954243e-02   2.4520300e-02   2.6120728e-02   2.7100771e-02
   7.4700000e+01   3.1516493e-03   3.1954369e-03   3.7311585e-03   7.5085463e-03   1.1323151e-02   1.4456394e-02   1.7259712e-02   2.1745512e-02   2.4450147e-02   2.6092245e-02   2.7089683e-02
   7.5150000e+01   3.8352559e-03   3.8529138e-03   4.2358097e-03   7.5534552e-03   1.1044226e-02   1.3886971e-02   1.6753777e-02   2.1533326e-02   2.4379260e-02   2.6063570e-02   2.7078528e-02
   7.5600000e+01   4.5510246e-03   4.5112523e-03   4.8111655e-03   7.6789198e-03   1.0794440e-02   1.3331454e-02   1.6242978e-02   2.1317668e-02   2.4307635e-02   2.6034705e-02   2.7067305e-02
   7.6050000e+01   5.7798321e-03   5.1726867e-03   5.4463790e-03   7.8764008e-03   1.0571624e-02   1.2790047e-02   1.5727537e-02   2.1098523e-02   2.4235265e-02   2.6005649e-02   2.7056015e-02
   7.6500000e+01   7.0818733e-03   5.8334251e-03   6.1394301e-03   8.1356350e-03   1.0373484e-02   1.2262903e-02   1.5207681e-02   2.0875875e-02   2.4162146e-02   2.5976401e-02   2.7044656e-02
   7.6950000e+01   7.2455845e-03   6.4716596e-03   6.8948204e-03   8.4449151e-03   1.0197601e-02   1.1750124e-02   1.4683636e-02   2.0649710e-02   2.4088273e-02   2.5946961e-02   2.7033229e-02
   7.7400000e+01   7.2516818e-03   7.1137271e-03   7.7187782e-03   8.7913893e-03   1.0041436e-02   1.1251757e-02   1.4155632e-02   2.0420014e-02   2.4013640e-02   2.5917329e-02   2.7021735e-02
   7.7850000e+01   7.2534141e-03   8.0216844e-03   8.6113761e-03   9.1613689e-03   9.9023368e-03   1.0767800e-02   1.3623899e-02   2.0186775e-02   2.3938241e-02   2.5887505e-02   2.7010172e-02
   7.8300000e+01   7.2981716e-03   9.1777157e-03   9.5608761e-03   9.5406332e-03   9.7775454e-03   1.0298201e-02   1.3088667e-02   1.9949979e-02   2.3862073e-02   2.5857487e-02   2.6998542e-02
   7.8750000e+01   7.9990867e-03   1.0367240e-02   1.0545748e-02   9.9147259e-03   9.6642075e-03   9.8428591e-03   1.2550168e-02   1.9709614e-02   2.3785128e-02   2.5827277e-02   2.6986844e-02
   7.9200000e+01   1.0712581e-02   1.1540911e-02   1.1541229e-02   1.0269235e-02   9.5593818e-03   9.4016254e-03   1.2008634e-02   1.9465670e-02   2.3707403e-02   2.5796873e-02   2.6975077e-02
   7.9650000e+01   1.2582547e-02   1.2700897e-02   1.2523319e-02   1.0590052e-02   9.4600523e-03   8.9743057e-03   1.1464297e-02   1.9218135e-02   2.3628891e-02   2.5766274e-02   2.6963243e-02
   8.0100000e+01   1.3815752e-02   1.3854686e-02   1.3467859e-02   1.0863617e-02   9.3631408e-03   8.5606611e-03   1.0917390e-02   1.8966999e-02   2.3549588e-02   2.5735482e-02   2.6951340e-02
   8.0550000e+01   1.5088823e-02   1.5010817e-02   1.4345975e-02   1.1077126e-02   9.2655217e-03   8.1604092e-03   1.0368143e-02   1.8712254e-02   2.3469488e-02   2.5704495e-02   2.6939370e-02
   8.1000000e+01   1.7293219e-02   1.6183427e-02   1.5116910e-02   1.1218737e-02   9.1640369e-03   7.7732264e-03   9.8167876e-03   1.8453889e-02   2.3388585e-02   2.5673313e-02   2.6927331e-02
   8.1450000e+01   1.9609767e-02   1.7405776e-02   1.5719733e-02   1.1277738e-02   9.0555122e-03   7.3987494e-03   9.2635539e-03   1.8191898e-02   2.3306875e-02   2.5641935e-02   2.6915225e-02
   8.1900000e+01   1.9919664e-02   1.8718726e-02   1.6070729e-02   1.1244701e-02   8.9367741e-03   7.0365766e-03   8.7086704e-03   1.7926272e-02   2.3224351e-02   2.5610362e-02   2.6903050e-02
   8.2350000e+01   1.9932666e-02   1.9740446e-02   1.6079764e-02   1.1111615e-02   8.8046675e-03   6.6862702e-03   8.1523646e-03   1.7657004e-02   2.3141009e-02   2.5578593e-02   2.6890807e-02
   8.2800000e+01   1.9931421e-02   1.9114472e-02   1.5689642e-02   1.0871991e-02   8.6560732e-03   6.3473583e-03   7.5948620e-03   1.7384089e-02   2.3056843e-02   2.5546627e-02   2.6878496e-02
   8.3250000e+01   1.9885849e-02   1.7245429e-02   1.4910496e-02   1.0520939e-02   8.4879257e-03   6.0193360e-03   7.0363866e-03   1.7107521e-02   2.2971848e-02   2.5514465e-02   2.6866117e-02
   8.3700000e+01   1.9073281e-02   1.5289245e-02   1.3812456e-02   1.0055208e-02   8.2972310e-03   5.7016683e-03   6.4771598e-03   1.6827295e-02   2.2886018e-02   2.5482105e-02   2.6853670e-02
   8.4150000e+01   1.4984355e-02   1.3412759e-02   1.2485178e-02   9.4731956e-03   8.0810832e-03   5.3937912e-03   5.9174011e-03   1.6543407e-02   2.2799347e-02   2.5449548e-02   2.6841154e-02
   8.4600000e+01   1.1780478e-02   1.1578562e-02   1.1004288e-02   8.7749075e-03   7.8366809e-03   5.0951141e-03   5.3573270e-03   1.6255854e-02   2.2711831e-02   2.5416793e-02   2.6828570e-02
   8.5050000e+01   9.7992883e-03   9.7601219e-03   9.4218636e-03   7.9618820e-03   7.5613432e-03   4.8050218e-03   4.7971517e-03   1.5964632e-02   2.2623464e-02   2.5383840e-02   2.6815919e-02
   8.5500000e+01   7.7858310e-03   7.9405517e-03   7.7712369e-03   7.0370724e-03   7.2525232e-03   4.5228760e-03   4.2370858e-03   1.5669740e-02   2.2534241e-02   2.5350688e-02   2.6803198e-02
   8.5950000e+01   4.3326302e-03   6.1052902e-03   6.0742351e-03   6.0046968e-03   6.9078218e-03   4.2480177e-03   3.6773373e-03   1.5371175e-02   2.2444155e-02   2.5317337e-02   2.6790410e-02
   8.6400000e+01   5.7778029e-04   4.2449798e-03   4.3463250e-03   4.8700607e-03   6.5249987e-03   3.9797692e-03   3.1181104e-03   1.5068938e-02   2.2353202e-02   2.5283787e-02   2.6777553e-02
   8.6850000e+01   2.6003014e-05   2.3837127e-03   2.5995907e-03   3.6393621e-03   6.1019832e-03   3.7174355e-03   2.5596058e-03   1.4763028e-02   2.2261376e-02   2.5250036e-02   2.6764628e-02
   8.7300000e+01   5.6736200e-07   6.6293826e-04   8.4451641e-04   2.3194891e-03   5.6368820e-03   3.4603068e-03   2.0020206e-03   1.4453445e-02   2.2168671e-02   2.5216086e-02   2.6751635e-02
   8.7750000e+01  -4.5364529e-08  -5.7212190e-04  -9.0866579e-04   9.1781914e-04   5.1279866e-03   3.2076600e-03   1.4455479e-03   1.4140191e-02   2.2075083e-02   2.5181935e-02   2.6738574e-02
   8.8200000e+01  -9.2787588e-09  -1.0078996e-03  -2.6486430e-03  -5.5797118e-04   4.5737779e-03   2.9587607e-03   8.9037669e-04   1.3823269e-02   2.1980605e-02   2.5147583e-02   2.6725444e-02
   8.8650000e+01  -1.1148516e-09  -8.3531542e-04  -4.3614981e-03  -2.1000793e-03   3.9729304e-03   2.7128649e-03   3.3669163e-04   1.3502679e-02   2.1885232e-02   2.5113030e-02   2.6712245e-02
   8.9100000e+01  -1.1530448e-10  -5.1228534e-04  -6.0289051e-03  -3.7007277e-03   3.3243131e-03   2.4692208e-03  -2.1532692e-04   1.3178426e-02   2.1788959e-02   2.5078276e-02   2.6698979e-02
   8.9550000e+01  -1.1163236e-11  -2.7078340e-04  -7.6260580e-03  -5.3522888e-03   2.6269907e-03   2.2270708e-03  -7.6550316e-04   1.2850514e-02   2.1691779e-02   2.5043319e-02   2.6685644e-02
   9.0000000e+01  -1.0440469e-12  -1.3259987e-04  -9.1195132e-03  -7.0473842e-03   1.8802215e-03   1.9856526e-03  -1.3136660e-03   1.2518948e-02   2.1593688e-02   2.5008159e-02   2.6672240e-02
