  -9.0000000e+01  -3.2818519e-13  -4.1681379e-05  -2.8722988e-03  -3.0036947e-03  -2.5883599e-03  -8.5742975e-03  -2.5270623e-03   2.1411702e-02   2.9714577e-02   2.8320647e-02   2.7827089e-02
  -8.9550000e+01  -3.5090462e-12  -8.5117925e-05  -2.4039329e-03  -2.4462680e-03  -2.1036858e-03  -7.8973630e-03  -1.5884277e-03   2.1761603e-02   2.9731585e-02   2.8316989e-02   2.7826712e-02
  -8.9100000e+01  -3.6244755e-11  -1.6103153e-04  -1.9028645e-03  -1.8889437e-03  -1.6227799e-03  -7.2053403e-03  -6.5508036e-04   2.2105077e-02   2.9747682e-02   2.8313304e-02   2.7826336e-02
  -8.8650000e+01  -3.5044192e-10  -2.6257266e-04  -1.3793900e-03  -1.3321903e-03  -1.1452017e-03  -6.4980465e-03   2.7269086e-04   2.2442142e-02   2.9762878e-02   2.8309591e-02   2.7825959e-02
  -8.8200000e+01  -2.9166806e-09  -3.1682272e-04  -8.4096104e-04  -7.7651412e-04  -6.7041548e-04  -5.7753307e-03   1.1945974e-03   2.2772819e-02   2.9777185e-02   2.8305852e-02   2.7825582e-02
  -8.7750000e+01  -1.4259864e-08  -1.7984057e-04  -2.9280871e-04  -2.2246979e-04  -1.9778408e-04  -5.0370757e-03   2.1103512e-03   2.3097129e-02   2.9790615e-02   2.8302086e-02   2.7825205e-02
  -8.7300000e+01   1.7834430e-07   2.0838782e-04   2.6147519e-04   3.2933038e-04   2.7343666e-04  -4.2832000e-03   3.0196652e-03   2.3415095e-02   2.9803179e-02   2.8298296e-02   2.7824827e-02
  -8.6850000e+01   8.1737749e-06   7.4929630e-04   8.1945704e-04   8.7820775e-04   7.4410267e-04  -3.5136593e-03   3.9222532e-03   2.3726738e-02   2.9814889e-02   2.8294481e-02   2.7824450e-02
  -8.6400000e+01   1.8161918e-04   1.3343702e-03   1.3794890e-03   1.4234106e-03   1.2151858e-03  -2.7284476e-03   4.8178305e-03   2.4032084e-02   2.9825757e-02   2.8290642e-02   2.7824073e-02
  -8.5950000e+01   1.3619169e-03   1.9191524e-03   1.9404305e-03   1.9641100e-03   1.6877771e-03  -1.9275998e-03   5.7061136e-03   2.4331157e-02   2.9835793e-02   2.8286780e-02   2.7823696e-02
  -8.5500000e+01   2.4473944e-03   2.4960826e-03   2.5014386e-03   2.4993995e-03   2.1630883e-03  -1.1111920e-03   6.5868211e-03   2.4623983e-02   2.9845010e-02   2.8282895e-02   2.7823318e-02
  -8.5050000e+01   3.0803036e-03   3.0681140e-03   3.0618011e-03   3.0282995e-03   2.6424533e-03  -2.7934354e-04   7.4596735e-03   2.4910589e-02   2.9853418e-02   2.8278989e-02   2.7822941e-02
  -8.4600000e+01   3.7030699e-03   3.6397163e-03   3.6207769e-03   3.5497679e-03   3.1273271e-03   5.6778187e-04   8.3243934e-03   2.5191002e-02   2.9861030e-02   2.8275062e-02   2.7822564e-02
  -8.4150000e+01   4.7101749e-03   4.2152380e-03   4.1774118e-03   4.0627188e-03   3.6192837e-03   1.4299752e-03   9.1807060e-03   2.5465251e-02   2.9867856e-02   2.8271114e-02   2.7822187e-02
  -8.3700000e+01   5.9954857e-03   4.7979439e-03   4.7303196e-03   4.5660491e-03   4.1200121e-03   2.3069811e-03   1.0028339e-02   2.5733365e-02   2.9873908e-02   2.8267146e-02   2.7821810e-02
  -8.3250000e+01   6.2509049e-03   5.3835347e-03   5.2775236e-03   5.0586763e-03   4.6313111e-03   3.1984967e-03   1.0867024e-02   2.5995374e-02   2.9879197e-02   2.8263160e-02   2.7821434e-02
  -8.2800000e+01   6.2652127e-03   5.9374990e-03   5.8166138e-03   5.5395874e-03   5.1550814e-03   4.1041712e-03   1.1696495e-02   2.6251310e-02   2.9883735e-02   2.8259155e-02   2.7821057e-02
  -8.2350000e+01   6.2657904e-03   6.4114960e-03   6.3454283e-03   6.0078996e-03   5.6933162e-03   5.0236053e-03   1.2516489e-02   2.6501205e-02   2.9887532e-02   2.8255132e-02   2.7820681e-02
  -8.1900000e+01   6.2714268e-03   6.8820228e-03   6.8628733e-03   6.4629342e-03   6.2480902e-03   5.9563504e-03   1.3326748e-02   2.6745092e-02   2.9890600e-02   2.8251091e-02   2.7820306e-02
  -8.1450000e+01   6.4063277e-03   7.3890663e-03   7.3689919e-03   6.9043024e-03   6.8215455e-03   6.9019087e-03   1.4127016e-02   2.6983005e-02   2.9892949e-02   2.8247035e-02   2.7819930e-02
  -8.1000000e+01   7.4148166e-03   7.9014152e-03   7.8640910e-03   7.3320036e-03   7.4158767e-03   7.8597330e-03   1.4917044e-02   2.7214977e-02   2.9894592e-02   2.8242962e-02   2.7819555e-02
  -8.0550000e+01   8.3744826e-03   8.4084363e-03   8.3477109e-03   7.7465334e-03   8.0333133e-03   8.8292267e-03   1.5696584e-02   2.7441045e-02   2.9895539e-02   2.8238875e-02   2.7819180e-02
  -8.0100000e+01   8.9287035e-03   8.9114652e-03   8.8179753e-03   8.1489988e-03   8.6761006e-03   9.8097438e-03   1.6465397e-02   2.7661246e-02   2.9895801e-02   2.8234772e-02   2.7818806e-02
  -7.9650000e+01   9.4655693e-03   9.4138596e-03   9.2710652e-03   8.5412377e-03   9.3464782e-03   1.0800590e-02   1.7223244e-02   2.7875615e-02   2.9895389e-02   2.8230656e-02   2.7818432e-02
  -7.9200000e+01   1.0279643e-02   9.9193644e-03   9.7002862e-03   8.9259350e-03   1.0046658e-02   1.1801023e-02   1.7969894e-02   2.8084192e-02   2.9894313e-02   2.8226527e-02   2.7818058e-02
  -7.8750000e+01   1.1460941e-02   1.0433637e-02   1.0094539e-02   9.3067296e-03   1.0778799e-02   1.2810252e-02   1.8705122e-02   2.8287014e-02   2.9892586e-02   2.8222384e-02   2.7817685e-02
  -7.8300000e+01   1.1766080e-02   1.0966172e-02   1.0437119e-02   9.6883046e-03   1.1544983e-02   1.3827441e-02   1.9428707e-02   2.8484122e-02   2.9890218e-02   2.8218230e-02   2.7817312e-02
  -7.7850000e+01   1.1785575e-02   1.1493704e-02   1.0707662e-02   1.0076450e-02   1.2347186e-02   1.4851710e-02   2.0140432e-02   2.8675556e-02   2.9887219e-02   2.8214064e-02   2.7816940e-02
  -7.7400000e+01   1.1786266e-02   1.1763147e-02   1.0890034e-02   1.0478089e-02   1.3187254e-02   1.5882132e-02   2.0840091e-02   2.8861357e-02   2.9883600e-02   2.8209887e-02   2.7816569e-02
  -7.6950000e+01   1.1784361e-02   1.1607567e-02   1.0982867e-02   1.0901262e-02   1.4066871e-02   1.6917740e-02   2.1527480e-02   2.9041567e-02   2.9879373e-02   2.8205700e-02   2.7816198e-02
  -7.6500000e+01   1.1733509e-02   1.1363644e-02   1.1002790e-02   1.1355061e-02   1.4987532e-02   1.7957527e-02   2.2202403e-02   2.9216228e-02   2.9874547e-02   2.8201504e-02   2.7815828e-02
  -7.6050000e+01   1.1329145e-02   1.1143432e-02   1.0976924e-02   1.1849507e-02   1.5950514e-02   1.9000445e-02   2.2864670e-02   2.9385385e-02   2.9869134e-02   2.8197298e-02   2.7815458e-02
  -7.5600000e+01   1.0947525e-02   1.0935332e-02   1.0933342e-02   1.2395375e-02   1.6956851e-02   2.0045412e-02   2.3514098e-02   2.9549080e-02   2.9863143e-02   2.8193084e-02   2.7815089e-02
  -7.5150000e+01   1.0725235e-02   1.0730735e-02   1.0897417e-02   1.3003978e-02   1.8007301e-02   2.1091310e-02   2.4150511e-02   2.9707360e-02   2.9856586e-02   2.8188862e-02   2.7814721e-02
  -7.4700000e+01   1.0512934e-02   1.0526673e-02   1.0894066e-02   1.3686889e-02   1.9102319e-02   2.2136991e-02   2.4773741e-02   2.9860269e-02   2.9849473e-02   2.8184633e-02   2.7814353e-02
  -7.4250000e+01   1.0228634e-02   1.0320381e-02   1.0953325e-02   1.4455652e-02   2.0242039e-02   2.3181275e-02   2.5383626e-02   3.0007854e-02   2.9841814e-02   2.8180397e-02   2.7813986e-02
  -7.3800000e+01   9.7495651e-03   1.0101421e-02   1.1117863e-02   1.5321448e-02   2.1426239e-02   2.4222958e-02   2.5980013e-02   3.0150163e-02   2.9833621e-02   2.8176155e-02   2.7813620e-02
  -7.3350000e+01   9.5509271e-03   9.8311359e-03   1.1449620e-02   1.6294774e-02   2.2654329e-02   2.5260810e-02   2.6562754e-02   3.0287241e-02   2.9824902e-02   2.8171908e-02   2.7813255e-02
  -7.2900000e+01   9.5347756e-03   9.4888627e-03   1.2026830e-02   1.7385105e-02   2.3925325e-02   2.6293582e-02   2.7131712e-02   3.0419139e-02   2.9815669e-02   2.8167655e-02   2.7812891e-02
  -7.2450000e+01   9.5342397e-03   9.7772650e-03   1.2920520e-02   1.8600584e-02   2.5237836e-02   2.7320007e-02   2.7686757e-02   3.0545904e-02   2.9805931e-02   2.8163399e-02   2.7812527e-02
  -7.2000000e+01   9.5519841e-03   1.1691948e-02   1.4158050e-02   1.9947730e-02   2.6590049e-02   2.8338803e-02   2.8227765e-02   3.0667587e-02   2.9795700e-02   2.8159138e-02   2.7812165e-02
  -7.1550000e+01   1.0123061e-02   1.4091937e-02   1.5707657e-02   2.1431178e-02   2.7979723e-02   2.9348677e-02   2.8754623e-02   3.0784237e-02   2.9784984e-02   2.8154874e-02   2.7811803e-02
  -7.1100000e+01   1.4628922e-02   1.6411598e-02   1.7502177e-02   2.3053452e-02   2.9404181e-02   3.0348329e-02   2.9267224e-02   3.0895906e-02   2.9773795e-02   2.8150608e-02   2.7811442e-02
  -7.0650000e+01   1.8482722e-02   1.8678041e-02   1.9475606e-02   2.4814777e-02   3.0860313e-02   3.1336452e-02   2.9765473e-02   3.1002645e-02   2.9762142e-02   2.8146339e-02   2.7811082e-02
  -7.0200000e+01   2.0871656e-02   2.0927336e-02   2.1582785e-02   2.6712930e-02   3.2344578e-02   3.2311742e-02   3.0249279e-02   3.1104507e-02   2.9750035e-02   2.8142069e-02   2.7810724e-02
  -6.9750000e+01   2.3128225e-02   2.3172055e-02   2.3801348e-02   2.8743126e-02   3.3853018e-02   3.3272894e-02   3.0718563e-02   3.1201542e-02   2.9737484e-02   2.8137798e-02   2.7810366e-02
  -6.9300000e+01   2.5380102e-02   2.5415289e-02   2.6128439e-02   3.0897948e-02   3.5381274e-02   3.4218611e-02   3.1173254e-02   3.1293806e-02   2.9724499e-02   2.8133527e-02   2.7810009e-02
  -6.8850000e+01   2.7634501e-02   2.7651182e-02   2.8579988e-02   3.3167319e-02   3.6924607e-02   3.5147607e-02   3.1613290e-02   3.1381351e-02   2.9711091e-02   2.8129256e-02   2.7809653e-02
  -6.8400000e+01   2.9891020e-02   2.9848476e-02   3.1192310e-02   3.5538535e-02   3.8477929e-02   3.6058606e-02   3.2038616e-02   3.1464233e-02   2.9697267e-02   2.8124985e-02   2.7809298e-02
  -6.7950000e+01   3.2140976e-02   3.1964744e-02   3.4018351e-02   3.7996350e-02   4.0035832e-02   3.6950352e-02   3.2449188e-02   3.1542504e-02   2.9683040e-02   2.8120715e-02   2.7808945e-02
  -6.7500000e+01   3.4408570e-02   3.4518157e-02   3.7108000e-02   4.0523139e-02   4.1592633e-02   3.7821608e-02   3.2844971e-02   3.1616222e-02   2.9668417e-02   2.8116447e-02   2.7808592e-02
  -6.7050000e+01   3.8702949e-02   3.8502334e-02   4.0476048e-02   4.3099141e-02   4.3142418e-02   3.8671161e-02   3.3225938e-02   3.1685441e-02   2.9653409e-02   2.8112182e-02   2.7808241e-02
  -6.6600000e+01   4.3011678e-02   4.2918005e-02   4.4085331e-02   4.5702785e-02   4.4679087e-02   3.9497826e-02   3.3592072e-02   3.1750219e-02   2.9638025e-02   2.8107919e-02   2.7807891e-02
  -6.6150000e+01   4.7309239e-02   4.7247385e-02   4.7863586e-02   4.8311097e-02   4.6196412e-02   4.0300449e-02   3.3943365e-02   3.1810611e-02   2.9622275e-02   2.8103660e-02   2.7807542e-02
  -6.5700000e+01   5.1602567e-02   5.1533351e-02   5.1733724e-02   5.0900191e-02   4.7688093e-02   4.1077911e-02   3.4279817e-02   3.1866674e-02   2.9606168e-02   2.8099404e-02   2.7807194e-02
  -6.5250000e+01   5.5891090e-02   5.5808528e-02   5.5629832e-02   5.3445814e-02   4.9147813e-02   4.1829128e-02   3.4601439e-02   3.1918467e-02   2.9589714e-02   2.8095152e-02   2.7806848e-02
  -6.4800000e+01   6.0188549e-02   6.0083115e-02   5.9495131e-02   5.5923941e-02   5.0569303e-02   4.2553059e-02   3.4908250e-02   3.1966048e-02   2.9572922e-02   2.8090906e-02   2.7806503e-02
  -6.4350000e+01   6.4738088e-02   6.4366321e-02   6.3270598e-02   5.8311385e-02   5.1946398e-02   4.3248707e-02   3.5200277e-02   3.2009474e-02   2.9555801e-02   2.8086665e-02   2.7806159e-02
  -6.3900000e+01   7.2077349e-02   6.8681993e-02   6.6879849e-02   6.0586391e-02   5.3273101e-02   4.3915121e-02   3.5477559e-02   3.2048805e-02   2.9538361e-02   2.8082429e-02   2.7805816e-02
  -6.3450000e+01   8.0658408e-02   7.3097211e-02   7.0214587e-02   6.2729197e-02   5.4543637e-02   4.4551400e-02   3.5740141e-02   3.2084099e-02   2.9520610e-02   2.8078200e-02   2.7805475e-02
  -6.3000000e+01   8.1745978e-02   7.7661110e-02   7.3133666e-02   6.4722511e-02   5.5752513e-02   4.5156695e-02   3.5988080e-02   3.2115417e-02   2.9502558e-02   2.8073978e-02   2.7805135e-02
  -6.2550000e+01   8.1779771e-02   8.1317856e-02   7.5497222e-02   6.6551897e-02   5.6894565e-02   4.5730213e-02   3.6221439e-02   3.2142818e-02   2.9484214e-02   2.8069763e-02   2.7804797e-02
  -6.2100000e+01   8.1779111e-02   8.1949726e-02   7.7233538e-02   6.8206029e-02   5.7965012e-02   4.6271217e-02   3.6440292e-02   3.2166362e-02   2.9465586e-02   2.8065556e-02   2.7804460e-02
  -6.1650000e+01   8.1757107e-02   8.1414520e-02   7.8382945e-02   6.9676819e-02   5.8959493e-02   4.6779031e-02   3.6644720e-02   3.2186109e-02   2.9446684e-02   2.8061357e-02   2.7804124e-02
  -6.1200000e+01   8.1486722e-02   8.1014913e-02   7.9068901e-02   7.0959391e-02   5.9874108e-02   4.7253042e-02   3.6834814e-02   3.2202121e-02   2.9427517e-02   2.8057167e-02   2.7803790e-02
  -6.0750000e+01   8.0834621e-02   8.0710317e-02   7.9429300e-02   7.2051930e-02   6.0705447e-02   4.7692698e-02   3.7010674e-02   3.2214459e-02   2.9408093e-02   2.8052987e-02   2.7803457e-02
  -6.0300000e+01   8.0447638e-02   8.0428640e-02   7.9571315e-02   7.2955409e-02   6.1450620e-02   4.8097515e-02   3.7172408e-02   3.2223183e-02   2.9388422e-02   2.8048816e-02   2.7803126e-02
  -5.9850000e+01   8.0158656e-02   8.0150812e-02   7.9564048e-02   7.3673218e-02   6.2107269e-02   4.8467075e-02   3.7320132e-02   3.2228356e-02   2.9368511e-02   2.8044655e-02   2.7802796e-02
  -5.9400000e+01   7.9856079e-02   7.9872782e-02   7.9448335e-02   7.4210733e-02   6.2673584e-02   4.8801031e-02   3.7453970e-02   3.2230039e-02   2.9348370e-02   2.8040505e-02   2.7802468e-02
  -5.8950000e+01   7.9336625e-02   7.9594031e-02   7.9246798e-02   7.4574845e-02   6.3148311e-02   4.9099101e-02   3.7574055e-02   3.2228294e-02   2.9328007e-02   2.8036366e-02   2.7802142e-02
  -5.8500000e+01   7.8786213e-02   7.9318964e-02   7.8969591e-02   7.4773491e-02   6.3530744e-02   4.9361078e-02   3.7680528e-02   3.2223184e-02   2.9307430e-02   2.8032239e-02   2.7801816e-02
  -5.8050000e+01   7.8717010e-02   7.9061993e-02   7.8617780e-02   7.4815219e-02   6.3820727e-02   4.9586825e-02   3.7773538e-02   3.2214770e-02   2.9286648e-02   2.8028123e-02   2.7801493e-02
  -5.7600000e+01   7.8714436e-02   7.8778285e-02   7.8187939e-02   7.4708791e-02   6.4018636e-02   4.9776277e-02   3.7853241e-02   3.2203116e-02   2.9265670e-02   2.8024021e-02   2.7801171e-02
  -5.7150000e+01   7.8713359e-02   7.8239825e-02   7.7679068e-02   7.4462871e-02   6.4125362e-02   4.9929440e-02   3.7919801e-02   3.2188283e-02   2.9244504e-02   2.8019931e-02   2.7800851e-02
  -5.6700000e+01   7.8685073e-02   7.7502508e-02   7.7097507e-02   7.4085791e-02   6.4142290e-02   5.0046394e-02   3.7973390e-02   3.2170335e-02   2.9223157e-02   2.8015855e-02   2.7800533e-02
  -5.6250000e+01   7.8242159e-02   7.6746696e-02   7.6455101e-02   7.3585403e-02   6.4071273e-02   5.0127289e-02   3.8014186e-02   3.2149335e-02   2.9201639e-02   2.8011792e-02   2.7800216e-02
  -5.5800000e+01   7.6527478e-02   7.6004043e-02   7.5763060e-02   7.2969031e-02   6.3914598e-02   5.0172349e-02   3.8042374e-02   3.2125346e-02   2.9179957e-02   2.8007744e-02   2.7799901e-02
  -5.5350000e+01   7.5345830e-02   7.5270726e-02   7.5027397e-02   7.2243491e-02   6.3674956e-02   5.0181865e-02   3.8058148e-02   3.2098431e-02   2.9158120e-02   2.8003711e-02   2.7799587e-02
  -5.4900000e+01   7.4566557e-02   7.4541351e-02   7.4247472e-02   7.1415190e-02   6.3355404e-02   5.0156201e-02   3.8061707e-02   3.2068653e-02   2.9136135e-02   2.7999693e-02   2.7799275e-02
  -5.4450000e+01   7.3762093e-02   7.3811429e-02   7.3415344e-02   7.0490278e-02   6.2959323e-02   5.0095787e-02   3.8053256e-02   3.2036075e-02   2.9114010e-02   2.7995690e-02   2.7798966e-02
  -5.4000000e+01   7.2369115e-02   7.3079310e-02   7.2513795e-02   6.9474827e-02   6.2490386e-02   5.0001122e-02   3.8033008e-02   3.2000761e-02   2.9091754e-02   2.7991703e-02   2.7798657e-02
  -5.3550000e+01   7.0905272e-02   7.2357729e-02   7.1513062e-02   6.8375033e-02   6.1952507e-02   4.9872768e-02   3.8001179e-02   3.1962775e-02   2.9069374e-02   2.7987733e-02   2.7798351e-02
  -5.3100000e+01   7.0709471e-02   7.1693871e-02   7.0370125e-02   6.7197402e-02   6.1349807e-02   4.9711352e-02   3.7957995e-02   3.1922178e-02   2.9046877e-02   2.7983780e-02   2.7798047e-02
  -5.2650000e+01   7.0701317e-02   7.0982133e-02   6.9038210e-02   6.5948911e-02   6.0686569e-02   4.9517561e-02   3.7903685e-02   3.1879036e-02   2.9024272e-02   2.7979844e-02   2.7797744e-02
  -5.2200000e+01   7.0699227e-02   6.9459778e-02   6.7488918e-02   6.4637122e-02   5.9967195e-02   4.9292141e-02   3.7838483e-02   3.1833410e-02   2.9001567e-02   2.7975926e-02   2.7797443e-02
  -5.1750000e+01   7.0640294e-02   6.7127146e-02   6.5731439e-02   6.3270246e-02   5.9196170e-02   4.9035893e-02   3.7762630e-02   3.1785365e-02   2.8978768e-02   2.7972025e-02   2.7797144e-02
  -5.1300000e+01   6.9588714e-02   6.4670867e-02   6.3808442e-02   6.1857131e-02   5.8378018e-02   4.8749673e-02   3.7676371e-02   3.1734963e-02   2.8955883e-02   2.7968144e-02   2.7796847e-02
  -5.0850000e+01   6.4297014e-02   6.2260798e-02   6.1773742e-02   6.0407192e-02   5.7517267e-02   4.8434384e-02   3.7579954e-02   3.1682269e-02   2.8932920e-02   2.7964281e-02   2.7796552e-02
  -5.0400000e+01   6.0150705e-02   5.9889809e-02   5.9674288e-02   5.8930278e-02   5.6618411e-02   4.8090979e-02   3.7473635e-02   3.1627344e-02   2.8909886e-02   2.7960437e-02   2.7796259e-02
  -4.9950000e+01   5.7586740e-02   5.7536607e-02   5.7545994e-02   5.7436485e-02   5.5685879e-02   4.7720454e-02   3.7357671e-02   3.1570252e-02   2.8886788e-02   2.7956613e-02   2.7795967e-02
  -4.9500000e+01   5.4981016e-02   5.5181468e-02   5.5418167e-02   5.5935931e-02   5.4724002e-02   4.7323844e-02   3.7232325e-02   3.1511056e-02   2.8863634e-02   2.7952810e-02   2.7795678e-02
  -4.9050000e+01   5.0512042e-02   5.2803336e-02   5.3320375e-02   5.4438503e-02   5.3736985e-02   4.6902222e-02   3.7097862e-02   3.1449818e-02   2.8840431e-02   2.7949026e-02   2.7795391e-02
  -4.8600000e+01   4.5652689e-02   5.0378837e-02   5.1288967e-02   5.2953600e-02   5.2728880e-02   4.6456694e-02   3.6954552e-02   3.1386601e-02   2.8817186e-02   2.7945264e-02   2.7795105e-02
  -4.8150000e+01   4.4938609e-02   4.7917319e-02   4.9370181e-02   5.1489893e-02   5.1703566e-02   4.5988395e-02   3.6802667e-02   3.1321468e-02   2.8793905e-02   2.7941522e-02   2.7794822e-02
  -4.7700000e+01   4.4905708e-02   4.5699776e-02   4.7613660e-02   5.0055099e-02   5.0664727e-02   4.5498486e-02   3.6642482e-02   3.1254481e-02   2.8770597e-02   2.7937803e-02   2.7794541e-02
  -4.7250000e+01   4.4904474e-02   4.4388795e-02   4.6053559e-02   4.8655805e-02   4.9615837e-02   4.4988150e-02   3.6474275e-02   3.1185702e-02   2.8747267e-02   2.7934105e-02   2.7794261e-02
  -4.6800000e+01   4.4889093e-02   4.3617443e-02   4.4689974e-02   4.7297342e-02   4.8560149e-02   4.4458589e-02   3.6298327e-02   3.1115193e-02   2.8723923e-02   2.7930430e-02   2.7793984e-02
  -4.6350000e+01   4.4584377e-02   4.2806287e-02   4.3490612e-02   4.5983705e-02   4.7500679e-02   4.3911020e-02   3.6114920e-02   3.1043016e-02   2.8700572e-02   2.7926777e-02   2.7793709e-02
  -4.5900000e+01   4.2757850e-02   4.1952477e-02   4.2411036e-02   4.4717544e-02   4.6440208e-02   4.3346670e-02   3.5924338e-02   3.0969232e-02   2.8677219e-02   2.7923148e-02   2.7793436e-02
  -4.5450000e+01   4.1183821e-02   4.1097054e-02   4.1413043e-02   4.3500197e-02   4.5381272e-02   4.2766774e-02   3.5726868e-02   3.0893902e-02   2.8653873e-02   2.7919541e-02   2.7793165e-02
  -4.5000000e+01   4.0245881e-02   4.0246139e-02   4.0470668e-02   4.2331773e-02   4.4326164e-02   4.2172573e-02   3.5522795e-02   3.0817088e-02   2.8630539e-02   2.7915959e-02   2.7792896e-02
  -4.4550000e+01   3.9307941e-02   3.9395003e-02   3.9568228e-02   4.1211281e-02   4.3276938e-02   4.1565305e-02   3.5312408e-02   3.0738850e-02   2.8607224e-02   2.7912401e-02   2.7792630e-02
  -4.4100000e+01   3.7733912e-02   3.8536893e-02   3.8696907e-02   4.0136772e-02   4.2235414e-02   4.0946208e-02   3.5095997e-02   3.0659248e-02   2.8583934e-02   2.7908867e-02   2.7792365e-02
  -4.3650000e+01   3.5907384e-02   3.7666324e-02   3.7852482e-02   3.9105513e-02   4.1203183e-02   4.0316516e-02   3.4873850e-02   3.0578344e-02   2.8560676e-02   2.7905358e-02   2.7792103e-02
  -4.3200000e+01   3.5602661e-02   3.6791760e-02   3.7034027e-02   3.8114155e-02   4.0181620e-02   3.9677452e-02   3.4646257e-02   3.0496196e-02   2.8537456e-02   2.7901874e-02   2.7791843e-02
  -4.2750000e+01   3.5587247e-02   3.5979700e-02   3.6242394e-02   3.7158913e-02   3.9171896e-02   3.9030228e-02   3.4413507e-02   3.0412864e-02   2.8514281e-02   2.7898416e-02   2.7791585e-02
  -4.2300000e+01   3.5586575e-02   3.5318212e-02   3.5477775e-02   3.6235729e-02   3.8174991e-02   3.8376043e-02   3.4175890e-02   3.0328408e-02   2.8491156e-02   2.7894983e-02   2.7791330e-02
  -4.1850000e+01   3.5577017e-02   3.4676567e-02   3.4737446e-02   3.5340422e-02   3.7191708e-02   3.7716079e-02   3.3933694e-02   3.0242887e-02   2.8468088e-02   2.7891577e-02   2.7791076e-02
  -4.1400000e+01   3.5369318e-02   3.3986171e-02   3.4015735e-02   3.4468834e-02   3.6222690e-02   3.7051500e-02   3.3687207e-02   3.0156358e-02   2.8445082e-02   2.7888197e-02   2.7790825e-02
  -4.0950000e+01   3.3955891e-02   3.3288239e-02   3.3306035e-02   3.3616942e-02   3.5268438e-02   3.6383448e-02   3.3436715e-02   3.0068881e-02   2.8422146e-02   2.7884844e-02   2.7790576e-02
  -4.0500000e+01   3.2656012e-02   3.2597696e-02   3.2602610e-02   3.2780966e-02   3.4329326e-02   3.5713045e-02   3.3182504e-02   2.9980513e-02   2.8399284e-02   2.7881518e-02   2.7790330e-02
  -4.0050000e+01   3.1898092e-02   3.1912668e-02   3.1900981e-02   3.1957454e-02   3.3405620e-02   3.5041385e-02   3.2924857e-02   2.9891311e-02   2.8376502e-02   2.7878220e-02   2.7790085e-02
  -3.9600000e+01   3.1152319e-02   3.1228152e-02   3.1197331e-02   3.1143349e-02   3.2497496e-02   3.4369539e-02   3.2664055e-02   2.9801332e-02   2.8353807e-02   2.7874949e-02   2.7789843e-02
  -3.9150000e+01   2.9946293e-02   3.0539369e-02   3.0487562e-02   3.0336039e-02   3.1605052e-02   3.3698550e-02   3.2400378e-02   2.9710634e-02   2.8331203e-02   2.7871706e-02   2.7789604e-02
  -3.8700000e+01   2.8407110e-02   2.9844471e-02   2.9766300e-02   2.9533401e-02   3.0728330e-02   3.3029431e-02   3.2134103e-02   2.9619273e-02   2.8308698e-02   2.7868492e-02   2.7789366e-02
  -3.8250000e+01   2.8101243e-02   2.9155137e-02   2.9026225e-02   2.8733814e-02   2.9867327e-02   3.2363167e-02   3.1865505e-02   2.9527303e-02   2.8286295e-02   2.7865306e-02   2.7789131e-02
  -3.7800000e+01   2.8084116e-02   2.8505399e-02   2.8258789e-02   2.7936173e-02   2.9022011e-02   3.1700712e-02   3.1594854e-02   2.9434781e-02   2.8264002e-02   2.7862149e-02   2.7788899e-02
  -3.7350000e+01   2.8083348e-02   2.7825033e-02   2.7457253e-02   2.7139884e-02   2.8192332e-02   3.1042990e-02   3.1322420e-02   2.9341762e-02   2.8241822e-02   2.7859022e-02   2.7788669e-02
  -3.6900000e+01   2.8072644e-02   2.6939594e-02   2.6620529e-02   2.6344838e-02   2.7378235e-02   3.0390891e-02   3.1048466e-02   2.9248299e-02   2.8219762e-02   2.7855924e-02   2.7788441e-02
  -3.6450000e+01   2.7816618e-02   2.5958342e-02   2.5754044e-02   2.5551381e-02   2.6579669e-02   2.9745275e-02   3.0773254e-02   2.9154447e-02   2.8197828e-02   2.7852856e-02   2.7788215e-02
  -3.6000000e+01   2.5902648e-02   2.4980154e-02   2.4866679e-02   2.4760272e-02   2.5796598e-02   2.9106968e-02   3.0497042e-02   2.9060260e-02   2.8176023e-02   2.7849818e-02   2.7787992e-02
  -3.5550000e+01   2.4081338e-02   2.4016854e-02   2.3967151e-02   2.3972621e-02   2.5029002e-02   2.8476763e-02   3.0220083e-02   2.8965790e-02   2.8154354e-02   2.7846810e-02   2.7787772e-02
  -3.5100000e+01   2.3029505e-02   2.3062034e-02   2.3062560e-02   2.3189830e-02   2.4276891e-02   2.7855421e-02   2.9942626e-02   2.8871091e-02   2.8132825e-02   2.7843833e-02   2.7787554e-02
  -3.4650000e+01   2.2010609e-02   2.2108572e-02   2.2158845e-02   2.2413520e-02   2.3540302e-02   2.7243670e-02   2.9664915e-02   2.8776213e-02   2.8111442e-02   2.7840887e-02   2.7787338e-02
  -3.4200000e+01   2.0465611e-02   2.1150093e-02   2.1262042e-02   2.1645460e-02   2.2819307e-02   2.6642203e-02   2.9387190e-02   2.8681208e-02   2.8090209e-02   2.7837972e-02   2.7787125e-02
  -3.3750000e+01   1.8223675e-02   2.0180630e-02   2.0379720e-02   2.0887494e-02   2.2114012e-02   2.6051682e-02   2.9109687e-02   2.8586129e-02   2.8069132e-02   2.7835089e-02   2.7786914e-02
  -3.3300000e+01   1.7644567e-02   1.9199111e-02   1.9522032e-02   2.0141471e-02   2.1424560e-02   2.5472735e-02   2.8832635e-02   2.8491024e-02   2.8048215e-02   2.7832237e-02   2.7786706e-02
  -3.2850000e+01   1.7607588e-02   1.8246126e-02   1.8701034e-02   1.9409187e-02   2.0751130e-02   2.4905959e-02   2.8556259e-02   2.8395944e-02   2.8027464e-02   2.7829418e-02   2.7786500e-02
  -3.2400000e+01   1.7606152e-02   1.7484790e-02   1.7926894e-02   1.8692324e-02   2.0093935e-02   2.4351915e-02   2.8280778e-02   2.8300939e-02   2.8006882e-02   2.7826630e-02   2.7786297e-02
  -3.1950000e+01   1.7600709e-02   1.6915694e-02   1.7202677e-02   1.7992416e-02   1.9453224e-02   2.3811135e-02   2.8006405e-02   2.8206057e-02   2.7986475e-02   2.7823875e-02   2.7786096e-02
  -3.1500000e+01   1.7454612e-02   1.6342069e-02   1.6522809e-02   1.7310811e-02   1.8829275e-02   2.3284116e-02   2.7733349e-02   2.8111346e-02   2.7966247e-02   2.7821153e-02   2.7785898e-02
  -3.1050000e+01   1.6292666e-02   1.5751070e-02   1.5877086e-02   1.6648655e-02   1.8222399e-02   2.2771325e-02   2.7461811e-02   2.8016854e-02   2.7946202e-02   2.7818464e-02   2.7785703e-02
  -3.0600000e+01   1.5196074e-02   1.5160502e-02   1.5255909e-02   1.6006886e-02   1.7632933e-02   2.2273195e-02   2.7191988e-02   2.7922629e-02   2.7926346e-02   2.7815808e-02   2.7785510e-02
  -3.0150000e+01   1.4557320e-02   1.4572846e-02   1.4652800e-02   1.5386232e-02   1.7061237e-02   2.1790130e-02   2.6924069e-02   2.7828716e-02   2.7906682e-02   2.7813186e-02   2.7785319e-02
  -2.9700000e+01   1.3947267e-02   1.3986036e-02   1.4064468e-02   1.4787229e-02   1.6507696e-02   2.1322500e-02   2.6658238e-02   2.7735163e-02   2.7887215e-02   2.7810597e-02   2.7785132e-02
  -2.9250000e+01   1.3130328e-02   1.3397541e-02   1.3490251e-02   1.4210230e-02   1.5972712e-02   2.0870644e-02   2.6394672e-02   2.7642013e-02   2.7867949e-02   2.7808042e-02   2.7784946e-02
  -2.8800000e+01   1.1753713e-02   1.2804646e-02   1.2931930e-02   1.3655434e-02   1.5456706e-02   2.0434871e-02   2.6133542e-02   2.7549313e-02   2.7848888e-02   2.7805522e-02   2.7784764e-02
  -2.8350000e+01   1.1182934e-02   1.2204657e-02   1.2393830e-02   1.3122908e-02   1.4960113e-02   2.0015456e-02   2.5875011e-02   2.7457106e-02   2.7830037e-02   2.7803035e-02   2.7784584e-02
  -2.7900000e+01   1.1136623e-02   1.1607582e-02   1.1882232e-02   1.2612616e-02   1.4483379e-02   1.9612646e-02   2.5619238e-02   2.7365435e-02   2.7811399e-02   2.7800584e-02   2.7784406e-02
  -2.7450000e+01   1.1134696e-02   1.1101933e-02   1.1402947e-02   1.2124442e-02   1.4026963e-02   1.9226654e-02   2.5366373e-02   2.7274344e-02   2.7792979e-02   2.7798167e-02   2.7784231e-02
  -2.7000000e+01   1.1131935e-02   1.0746019e-02   1.0957762e-02   1.1658223e-02   1.3591332e-02   1.8857664e-02   2.5116560e-02   2.7183876e-02   2.7774780e-02   2.7795785e-02   2.7784059e-02
  -2.6550000e+01   1.1043065e-02   1.0409712e-02   1.0542987e-02   1.1213767e-02   1.3176959e-02   1.8505825e-02   2.4869938e-02   2.7094071e-02   2.7756806e-02   2.7793439e-02   2.7783890e-02
  -2.6100000e+01   1.0341765e-02   1.0061728e-02   1.0151765e-02   1.0790884e-02   1.2784326e-02   1.8171259e-02   2.4626635e-02   2.7004971e-02   2.7739062e-02   2.7791128e-02   2.7783723e-02
  -2.5650000e+01   9.7419521e-03   9.7114273e-03   9.7775443e-03   1.0389409e-02   1.2413914e-02   1.7854053e-02   2.4386777e-02   2.6916617e-02   2.7721550e-02   2.7788852e-02   2.7783559e-02
  -2.5200000e+01   9.3701335e-03   9.3616181e-03   9.4158785e-03   1.0009216e-02   1.2066212e-02   1.7554265e-02   2.4150479e-02   2.6829047e-02   2.7704274e-02   2.7786613e-02   2.7783398e-02
  -2.4750000e+01   9.0189165e-03   9.0122305e-03   9.0645495e-03   9.6502439e-03   1.1741705e-02   1.7271919e-02   2.3917853e-02   2.6742302e-02   2.7687239e-02   2.7784409e-02   2.7783239e-02
  -2.4300000e+01   8.6684299e-03   8.6627886e-03   8.7232096e-03   9.3125100e-03   1.1440882e-02   1.7007008e-02   2.3689002e-02   2.6656420e-02   2.7670447e-02   2.7782242e-02   2.7783083e-02
  -2.3850000e+01   8.3175504e-03   8.3124067e-03   8.3932980e-03   8.9961222e-03   1.1164226e-02   1.6759493e-02   2.3464022e-02   2.6571438e-02   2.7653903e-02   2.7780111e-02   2.7782930e-02
  -2.3400000e+01   7.9663246e-03   7.9581143e-03   8.0782191e-03   8.7012910e-03   1.0912216e-02   1.6529302e-02   2.3243004e-02   2.6487395e-02   2.7637609e-02   2.7778017e-02   2.7782779e-02
  -2.2950000e+01   7.6141105e-03   7.5960068e-03   7.7830934e-03   8.4283371e-03   1.0685323e-02   1.6316333e-02   2.3026030e-02   2.6404326e-02   2.7621568e-02   2.7775960e-02   2.7782631e-02
  -2.2500000e+01   7.2632219e-03   7.2731922e-03   7.5131008e-03   8.1776965e-03   1.0484006e-02   1.6120448e-02   2.2813179e-02   2.6322267e-02   2.7605785e-02   2.7773939e-02   2.7782486e-02
  -2.2050000e+01   7.0967299e-03   7.0805486e-03   7.2706644e-03   7.9499237e-03   1.0308713e-02   1.5941480e-02   2.2604520e-02   2.6241254e-02   2.7590262e-02   2.7771956e-02   2.7782344e-02
  -2.1600000e+01   6.9318226e-03   6.9276424e-03   7.0539202e-03   7.7456917e-03   1.0159870e-02   1.5779228e-02   2.2400118e-02   2.6161321e-02   2.7575003e-02   2.7770010e-02   2.7782204e-02
  -2.1150000e+01   6.7662903e-03   6.7673339e-03   6.8582308e-03   7.5657901e-03   1.0037881e-02   1.5633458e-02   2.2200030e-02   2.6082502e-02   2.7560010e-02   2.7768102e-02   2.7782067e-02
  -2.0700000e+01   6.6009122e-03   6.6034880e-03   6.6790376e-03   7.4111209e-03   9.9431204e-03   1.5503906e-02   2.2004308e-02   2.6004830e-02   2.7545287e-02   2.7766231e-02   2.7781933e-02
  -2.0250000e+01   6.4357193e-03   6.4389605e-03   6.5136090e-03   7.2826911e-03   9.8759288e-03   1.5390272e-02   2.1812999e-02   2.5928339e-02   2.7530836e-02   2.7764398e-02   2.7781802e-02
  -1.9800000e+01   6.2701821e-03   6.2743049e-03   6.3614284e-03   7.1816045e-03   9.8366053e-03   1.5292229e-02   2.1626142e-02   2.5853059e-02   2.7516661e-02   2.7762603e-02   2.7781673e-02
  -1.9350000e+01   6.0949349e-03   6.1092147e-03   6.2242421e-03   7.1090498e-03   9.8254008e-03   1.5209414e-02   2.1443772e-02   2.5779021e-02   2.7502764e-02   2.7760846e-02   2.7781547e-02
  -1.8900000e+01   5.8122281e-03   5.9421117e-03   6.1065029e-03   7.0662873e-03   9.8425101e-03   1.5141436e-02   2.1265918e-02   2.5706258e-02   2.7489148e-02   2.7759127e-02   2.7781424e-02
  -1.8450000e+01   5.4816869e-03   5.7674520e-03   6.0161323e-03   7.0546329e-03   9.8880642e-03   1.5087872e-02   2.1092602e-02   2.5634797e-02   2.7475815e-02   2.7757447e-02   2.7781304e-02
  -1.8000000e+01   5.4397892e-03   5.5785703e-03   5.9643942e-03   7.0754418e-03   9.9621216e-03   1.5048269e-02   2.0923845e-02   2.5564669e-02   2.7462769e-02   2.7755806e-02   2.7781187e-02
  -1.7550000e+01   5.4384872e-03   5.4580585e-03   5.9629161e-03   7.1300889e-03   1.0064659e-02   1.5022146e-02   2.0759658e-02   2.5495901e-02   2.7450012e-02   2.7754203e-02   2.7781072e-02
  -1.7100000e+01   5.4392191e-03   5.5956005e-03   6.0179540e-03   7.2199497e-03   1.0195565e-02   1.5008992e-02   2.0600052e-02   2.5428522e-02   2.7437546e-02   2.7752639e-02   2.7780960e-02
  -1.6650000e+01   5.4572203e-03   5.8447068e-03   6.1266174e-03   7.3463793e-03   1.0354626e-02   1.5008269e-02   2.0445030e-02   2.5362559e-02   2.7425374e-02   2.7751114e-02   2.7780851e-02
  -1.6200000e+01   5.6790316e-03   6.0856799e-03   6.2793379e-03   7.5106902e-03   1.0541523e-02   1.5019415e-02   2.0294592e-02   2.5298038e-02   2.7413498e-02   2.7749628e-02   2.7780745e-02
  -1.5750000e+01   6.2139986e-03   6.3177026e-03   6.4658047e-03   7.7141287e-03   1.0755819e-02   1.5041840e-02   2.0148734e-02   2.5234984e-02   2.7401921e-02   2.7748181e-02   2.7780642e-02
  -1.5300000e+01   6.5314700e-03   6.5466212e-03   6.6789957e-03   7.9578498e-03   1.0996953e-02   1.5074931e-02   2.0007449e-02   2.5173423e-02   2.7390645e-02   2.7746774e-02   2.7780542e-02
  -1.4850000e+01   6.7685429e-03   6.7746879e-03   6.9161563e-03   8.2428887e-03   1.1264230e-02   1.5118055e-02   1.9870725e-02   2.5113378e-02   2.7379671e-02   2.7745406e-02   2.7780444e-02
  -1.4400000e+01   7.0167696e-03   7.0029042e-03   7.1786640e-03   8.5701302e-03   1.1556817e-02   1.5170556e-02   1.9738546e-02   2.5054874e-02   2.7369002e-02   2.7744078e-02   2.7780350e-02
  -1.3950000e+01   7.4429166e-03   7.2308558e-03   7.4724012e-03   8.9402756e-03   1.1873735e-02   1.5231760e-02   1.9610896e-02   2.4997934e-02   2.7358641e-02   2.7742789e-02   2.7780258e-02
  -1.3500000e+01   7.8944603e-03   7.4520302e-03   7.8087712e-03   9.3538061e-03   1.2213854e-02   1.5300977e-02   1.9487753e-02   2.4942579e-02   2.7348588e-02   2.7741541e-02   2.7780169e-02
  -1.3050000e+01   7.9512299e-03   7.6491149e-03   8.2046428e-03   9.8109450e-03   1.2575890e-02   1.5377502e-02   1.9369094e-02   2.4888831e-02   2.7338847e-02   2.7740332e-02   2.7780083e-02
  -1.2600000e+01   7.9533382e-03   7.8950312e-03   8.6781155e-03   1.0311618e-02   1.2958404e-02   1.5460616e-02   1.9254893e-02   2.4836711e-02   2.7329419e-02   2.7739163e-02   2.7779999e-02
  -1.2150000e+01   7.9545913e-03   8.5024627e-03   9.2396480e-03   1.0855413e-02   1.3359798e-02   1.5549591e-02   1.9145122e-02   2.4786238e-02   2.7320305e-02   2.7738034e-02   2.7779919e-02
  -1.1700000e+01   7.9878302e-03   9.3737311e-03   9.8852877e-03   1.1441542e-02   1.3778319e-02   1.5643690e-02   1.9039751e-02   2.4737433e-02   2.7311507e-02   2.7736946e-02   2.7779842e-02
  -1.1250000e+01   8.5082840e-03   1.0264798e-02   1.0599419e-02   1.2068803e-02   1.4212061e-02   1.5742171e-02   1.8938749e-02   2.4690314e-02   2.7303028e-02   2.7735898e-02   2.7779767e-02
  -1.0800000e+01   1.0523145e-02   1.1138094e-02   1.1363844e-02   1.2735542e-02   1.4658969e-02   1.5844289e-02   1.8842084e-02   2.4644899e-02   2.7294868e-02   2.7734890e-02   2.7779695e-02
  -1.0350000e+01   1.1911657e-02   1.1999798e-02   1.2164525e-02   1.3439622e-02   1.5116848e-02   1.5949297e-02   1.8749722e-02   2.4601205e-02   2.7287030e-02   2.7733923e-02   2.7779627e-02
  -9.9000000e+00   1.2827353e-02   1.2856737e-02   1.2993235e-02   1.4178389e-02   1.5583370e-02   1.6056451e-02   1.8661628e-02   2.4559248e-02   2.7279514e-02   2.7732996e-02   2.7779561e-02
  -9.4500000e+00   1.3772651e-02   1.3714704e-02   1.3846754e-02   1.4948647e-02   1.6056083e-02   1.6165013e-02   1.8577767e-02   2.4519045e-02   2.7272322e-02   2.7732110e-02   2.7779498e-02
  -9.0000000e+00   1.5409489e-02   1.4578729e-02   1.4726137e-02   1.5746638e-02   1.6532431e-02   1.6274251e-02   1.8498104e-02   2.4480611e-02   2.7265456e-02   2.7731265e-02   2.7779438e-02
  -8.5500000e+00   1.7129601e-02   1.5448097e-02   1.5636747e-02   1.6568023e-02   1.7009760e-02   1.6383443e-02   1.8422602e-02   2.4443960e-02   2.7258917e-02   2.7730460e-02   2.7779380e-02
  -8.1000000e+00   1.7359691e-02   1.6298191e-02   1.6587948e-02   1.7407883e-02   1.7485341e-02   1.6491882e-02   1.8351227e-02   2.4409106e-02   2.7252705e-02   2.7729696e-02   2.7779326e-02
  -7.6500000e+00   1.7369299e-02   1.7106614e-02   1.7590301e-02   1.8260727e-02   1.7956388e-02   1.6598876e-02   1.8283944e-02   2.4376062e-02   2.7246823e-02   2.7728974e-02   2.7779275e-02
  -7.2000000e+00   1.7370540e-02   1.8085558e-02   1.8649510e-02   1.9120517e-02   1.8420073e-02   1.6703751e-02   1.8220717e-02   2.4344841e-02   2.7241271e-02   2.7728292e-02   2.7779226e-02
  -6.7500000e+00   1.7402742e-02   1.9342742e-02   1.9761205e-02   1.9980709e-02   1.8873555e-02   1.6805856e-02   1.8161513e-02   2.4315453e-02   2.7236050e-02   2.7727651e-02   2.7779181e-02
  -6.3000000e+00   1.7977507e-02   2.0669748e-02   2.0911898e-02   2.0834321e-02   1.9313999e-02   1.6904562e-02   1.8106299e-02   2.4287910e-02   2.7231162e-02   2.7727051e-02   2.7779138e-02
  -5.8500000e+00   2.0869816e-02   2.1983235e-02   2.2084707e-02   2.1674009e-02   1.9738596e-02   1.6999268e-02   1.8055044e-02   2.4262222e-02   2.7226606e-02   2.7726493e-02   2.7779099e-02
  -5.4000000e+00   2.3136083e-02   2.3278584e-02   2.3263825e-02   2.2492173e-02   2.0144596e-02   1.7089403e-02   1.8007717e-02   2.4238399e-02   2.7222385e-02   2.7725976e-02   2.7779062e-02
  -4.9500000e+00   2.4537481e-02   2.4564742e-02   2.4435103e-02   2.3281068e-02   2.0529324e-02   1.7174425e-02   1.7964290e-02   2.4216450e-02   2.7218498e-02   2.7725499e-02   2.7779028e-02
  -4.5000000e+00   2.5961704e-02   2.5852087e-02   2.5583908e-02   2.4032937e-02   2.0890210e-02   1.7253830e-02   1.7924734e-02   2.4196381e-02   2.7214948e-02   2.7725065e-02   2.7778997e-02
  -4.0500000e+00   2.8404331e-02   2.7152863e-02   2.6691608e-02   2.4740145e-02   2.1224810e-02   1.7327146e-02   1.7889026e-02   2.4178202e-02   2.7211733e-02   2.7724671e-02   2.7778969e-02
  -3.6000000e+00   3.1060331e-02   2.8483656e-02   2.7731555e-02   2.5395316e-02   2.1530831e-02   1.7393941e-02   1.7857142e-02   2.4161919e-02   2.7208855e-02   2.7724319e-02   2.7778944e-02
  -3.1500000e+00   3.1450631e-02   2.9848780e-02   2.8667190e-02   2.5991475e-02   2.1806155e-02   1.7453825e-02   1.7829060e-02   2.4147537e-02   2.7206314e-02   2.7724008e-02   2.7778922e-02
  -2.7000000e+00   3.1468623e-02   3.1063428e-02   2.9457830e-02   2.6522168e-02   2.2048857e-02   1.7506447e-02   1.7804762e-02   2.4135061e-02   2.7204111e-02   2.7723739e-02   2.7778903e-02
  -2.2500000e+00   3.1469057e-02   3.1564035e-02   3.0074848e-02   2.6981581e-02   2.2257226e-02   1.7551500e-02   1.7784230e-02   2.4124498e-02   2.7202247e-02   2.7723510e-02   2.7778887e-02
  -1.8000000e+00   3.1469031e-02   3.1532658e-02   3.0517582e-02   2.7364642e-02   2.2429783e-02   1.7588722e-02   1.7767452e-02   2.4115850e-02   2.7200721e-02   2.7723324e-02   2.7778874e-02
  -1.3500000e+00   3.1469025e-02   3.1483786e-02   3.0812052e-02   2.7667098e-02   2.2565298e-02   1.7617899e-02   1.7754414e-02   2.4109120e-02   2.7199534e-02   2.7723179e-02   2.7778864e-02
  -9.0000000e-01   3.1469025e-02   3.1470868e-02   3.0993698e-02   2.7885580e-02   2.2662797e-02   1.7638861e-02   1.7745108e-02   2.4104311e-02   2.7198685e-02   2.7723075e-02   2.7778856e-02
  -4.5000000e-01   3.1469024e-02   3.1468798e-02   3.1091505e-02   2.8017651e-02   2.2721579e-02   1.7651487e-02   1.7739527e-02   2.4101425e-02   2.7198176e-02   2.7723013e-02   2.7778852e-02
   0.0000000e+00   3.1469024e-02   3.1468628e-02   3.1122334e-02   2.8061840e-02   2.2741221e-02   1.7655703e-02   1.7737667e-02   2.4100463e-02   2.7198007e-02   2.7722992e-02   2.7778850e-02
   4.5000000e-01   3.1469024e-02   3.1468798e-02   3.1091505e-02   2.8017651e-02   2.2721579e-02   1.7651487e-02   1.7739527e-02   2.4101425e-02   2.7198176e-02   2.7723013e-02   2.7778852e-02
   9.0000000e-01   3.1469025e-02   3.1470868e-02   3.0993698e-02   2.7885580e-02   2.2662797e-02   1.7638861e-02   1.7745108e-02   2.4104311e-02   2.7198685e-02   2.7723075e-02   2.7778856e-02
   1.3500000e+00   3.1469025e-02   3.1483786e-02   3.0812052e-02   2.7667098e-02   2.2565298e-02   1.7617899e-02   1.7754414e-02   2.4109120e-02   2.7199534e-02   2.7723179e-02   2.7778864e-02
   1.8000000e+00   3.1469031e-02   3.1532658e-02   3.0517582e-02   2.7364642e-02   2.2429783e-02   1.7588722e-02   1.7767452e-02   2.4115850e-02   2.7200721e-02   2.7723324e-02   2.7778874e-02
   2.2500000e+00   3.1469057e-02   3.1564035e-02   3.0074848e-02   2.6981581e-02   2.2257226e-02   1.7551500e-02   1.7784230e-02   2.4124498e-02   2.7202247e-02   2.7723510e-02   2.7778887e-02
   2.7000000e+00   3.1468623e-02   3.1063428e-02   2.9457830e-02   2.6522168e-02   2.2048857e-02   1.7506447e-02   1.7804762e-02   2.4135061e-02   2.7204111e-02   2.7723739e-02   2.7778903e-02
   3.1500000e+00   3.1450631e-02   2.9848780e-02   2.8667190e-02   2.5991475e-02   2.1806155e-02   1.7453825e-02   1.7829060e-02   2.4147537e-02   2.7206314e-02   2.7724008e-02   2.7778922e-02
   3.6000000e+00   3.1060331e-02   2.8483656e-02   2.7731555e-02   2.5395316e-02   2.1530831e-02   1.7393941e-02   1.7857142e-02   2.4161919e-02   2.7208855e-02   2.7724319e-02   2.7778944e-02
   4.0500000e+00   2.8404331e-02   2.7152863e-02   2.6691608e-02   2.4740145e-02   2.1224810e-02   1.7327146e-02   1.7889026e-02   2.4178202e-02   2.7211733e-02   2.7724671e-02   2.7778969e-02
   4.5000000e+00   2.5961704e-02   2.5852087e-02   2.5583908e-02   2.4032937e-02   2.0890210e-02   1.7253830e-02   1.7924734e-02   2.4196381e-02   2.7214948e-02   2.7725065e-02   2.7778997e-02
   4.9500000e+00   2.4537481e-02   2.4564742e-02   2.4435103e-02   2.3281068e-02   2.0529324e-02   1.7174425e-02   1.7964290e-02   2.4216450e-02   2.7218498e-02   2.7725499e-02   2.7779028e-02
   5.4000000e+00   2.3136083e-02   2.3278584e-02   2.3263825e-02   2.2492173e-02   2.0144596e-02   1.7089403e-02   1.8007717e-02   2.4238399e-02   2.7222385e-02   2.7725976e-02   2.7779062e-02
   5.8500000e+00   2.0869816e-02   2.1983235e-02   2.2084707e-02   2.1674009e-02   1.9738596e-02   1.6999268e-02   1.8055044e-02   2.4262222e-02   2.7226606e-02   2.7726493e-02   2.7779099e-02
   6.3000000e+00   1.7977507e-02   2.0669748e-02   2.0911898e-02   2.0834321e-02   1.9313999e-02   1.6904562e-02   1.8106299e-02   2.4287910e-02   2.7231162e-02   2.7727051e-02   2.7779138e-02
   6.7500000e+00   1.7402742e-02   1.9342742e-02   1.9761205e-02   1.9980709e-02   1.8873555e-02   1.6805856e-02   1.8161513e-02   2.4315453e-02   2.7236050e-02   2.7727651e-02   2.7779181e-02
   7.2000000e+00   1.7370540e-02   1.8085558e-02   1.8649510e-02   1.9120517e-02   1.8420073e-02   1.6703751e-02   1.8220717e-02   2.4344841e-02   2.7241271e-02   2.7728292e-02   2.7779226e-02
   7.6500000e+00   1.7369299e-02   1.7106614e-02   1.7590301e-02   1.8260727e-02   1.7956388e-02   1.6598876e-02   1.8283944e-02   2.4376062e-02   2.7246823e-02   2.7728974e-02   2.7779275e-02
   8.1000000e+00   1.7359691e-02   1.6298191e-02   1.6587948e-02   1.7407883e-02   1.7485341e-02   1.6491882e-02   1.8351227e-02   2.4409106e-02   2.7252705e-02   2.7729696e-02   2.7779326e-02
   8.5500000e+00   1.7129601e-02   1.5448097e-02   1.5636747e-02   1.6568023e-02   1.7009760e-02   1.6383443e-02   1.8422602e-02   2.4443960e-02   2.7258917e-02   2.7730460e-02   2.7779380e-02
   9.0000000e+00   1.5409489e-02   1.4578729e-02   1.4726137e-02   1.5746638e-02   1.6532431e-02   1.6274251e-02   1.8498104e-02   2.4480611e-02   2.7265456e-02   2.7731265e-02   2.7779438e-02
   9.4500000e+00   1.3772651e-02   1.3714704e-02   1.3846754e-02   1.4948647e-02   1.6056083e-02   1.6165013e-02   1.8577767e-02   2.4519045e-02   2.7272322e-02   2.7732110e-02   2.7779498e-02
   9.9000000e+00   1.2827353e-02   1.2856737e-02   1.2993235e-02   1.4178389e-02   1.5583370e-02   1.6056451e-02   1.8661628e-02   2.4559248e-02   2.7279514e-02   2.7732996e-02   2.7779561e-02
   1.0350000e+01   1.1911657e-02   1.1999798e-02   1.2164525e-02   1.3439622e-02   1.5116848e-02   1.5949297e-02   1.8749722e-02   2.4601205e-02   2.7287030e-02   2.7733923e-02   2.7779627e-02
   1.0800000e+01   1.0523145e-02   1.1138094e-02   1.1363844e-02   1.2735542e-02   1.4658969e-02   1.5844289e-02   1.8842084e-02   2.4644899e-02   2.7294868e-02   2.7734890e-02   2.7779695e-02
   1.1250000e+01   8.5082840e-03   1.0264798e-02   1.0599419e-02   1.2068803e-02   1.4212061e-02   1.5742171e-02   1.8938749e-02   2.4690314e-02   2.7303028e-02   2.7735898e-02   2.7779767e-02
   1.1700000e+01   7.9878302e-03   9.3737311e-03   9.8852877e-03   1.1441542e-02   1.3778319e-02   1.5643690e-02   1.9039751e-02   2.4737433e-02   2.7311507e-02   2.7736946e-02   2.7779842e-02
   1.2150000e+01   7.9545913e-03   8.5024627e-03   9.2396480e-03   1.0855413e-02   1.3359798e-02   1.5549591e-02   1.9145122e-02   2.4786238e-02   2.7320305e-02   2.7738034e-02   2.7779919e-02
   1.2600000e+01   7.9533382e-03   7.8950312e-03   8.6781155e-03   1.0311618e-02   1.2958404e-02   1.5460616e-02   1.9254893e-02   2.4836711e-02   2.7329419e-02   2.7739163e-02   2.7779999e-02
   1.3050000e+01   7.9512299e-03   7.6491149e-03   8.2046428e-03   9.8109450e-03   1.2575890e-02   1.5377502e-02   1.9369094e-02   2.4888831e-02   2.7338847e-02   2.7740332e-02   2.7780083e-02
   1.3500000e+01   7.8944603e-03   7.4520302e-03   7.8087712e-03   9.3538061e-03   1.2213854e-02   1.5300977e-02   1.9487753e-02   2.4942579e-02   2.7348588e-02   2.7741541e-02   2.7780169e-02
   1.3950000e+01   7.4429166e-03   7.2308558e-03   7.4724012e-03   8.9402756e-03   1.1873735e-02   1.5231760e-02   1.9610896e-02   2.4997934e-02   2.7358641e-02   2.7742789e-02   2.7780258e-02
   1.4400000e+01   7.0167696e-03   7.0029042e-03   7.1786640e-03   8.5701302e-03   1.1556817e-02   1.5170556e-02   1.9738546e-02   2.5054874e-02   2.7369002e-02   2.7744078e-02   2.7780350e-02
   1.4850000e+01   6.7685429e-03   6.7746879e-03   6.9161563e-03   8.2428887e-03   1.1264230e-02   1.5118055e-02   1.9870725e-02   2.5113378e-02   2.7379671e-02   2.7745406e-02   2.7780444e-02
   1.5300000e+01   6.5314700e-03   6.5466212e-03   6.6789957e-03   7.9578498e-03   1.0996953e-02   1.5074931e-02   2.0007449e-02   2.5173423e-02   2.7390645e-02   2.7746774e-02   2.7780542e-02
   1.5750000e+01   6.2139986e-03   6.3177026e-03   6.4658047e-03   7.7141287e-03   1.0755819e-02   1.5041840e-02   2.0148734e-02   2.5234984e-02   2.7401921e-02   2.7748181e-02   2.7780642e-02
   1.6200000e+01   5.6790316e-03   6.0856799e-03   6.2793379e-03   7.5106902e-03   1.0541523e-02   1.5019415e-02   2.0294592e-02   2.5298038e-02   2.7413498e-02   2.7749628e-02   2.7780745e-02
   1.6650000e+01   5.4572203e-03   5.8447068e-03   6.1266174e-03   7.3463793e-03   1.0354626e-02   1.5008269e-02   2.0445030e-02   2.5362559e-02   2.7425374e-02   2.7751114e-02   2.7780851e-02
   1.7100000e+01   5.4392191e-03   5.5956005e-03   6.0179540e-03   7.2199497e-03   1.0195565e-02   1.5008992e-02   2.0600052e-02   2.5428522e-02   2.7437546e-02   2.7752639e-02   2.7780960e-02
   1.7550000e+01   5.4384872e-03   5.4580585e-03   5.9629161e-03   7.1300889e-03   1.0064659e-02   1.5022146e-02   2.0759658e-02   2.5495901e-02   2.7450012e-02   2.7754203e-02   2.7781072e-02
   1.8000000e+01   5.4397892e-03   5.5785703e-03   5.9643942e-03   7.0754418e-03   9.9621216e-03   1.5048269e-02   2.0923845e-02   2.5564669e-02   2.7462769e-02   2.7755806e-02   2.7781187e-02
   1.8450000e+01   5.4816869e-03   5.7674520e-03   6.0161323e-03   7.0546329e-03   9.8880642e-03   1.5087872e-02   2.1092602e-02   2.5634797e-02   2.7475815e-02   2.7757447e-02   2.7781304e-02
   1.8900000e+01   5.8122281e-03   5.9421117e-03   6.1065029e-03   7.0662873e-03   9.8425101e-03   1.5141436e-02   2.1265918e-02   2.5706258e-02   2.7489148e-02   2.7759127e-02   2.7781424e-02
   1.9350000e+01   6.0949349e-03   6.1092147e-03   6.2242421e-03   7.1090498e-03   9.8254008e-03   1.5209414e-02   2.1443772e-02   2.5779021e-02   2.7502764e-02   2.7760846e-02   2.7781547e-02
   1.9800000e+01   6.2701821e-03   6.2743049e-03   6.3614284e-03   7.1816045e-03   9.8366053e-03   1.5292229e-02   2.1626142e-02   2.5853059e-02   2.7516661e-02   2.7762603e-02   2.7781673e-02
   2.0250000e+01   6.4357193e-03   6.4389605e-03   6.5136090e-03   7.2826911e-03   9.8759288e-03   1.5390272e-02   2.1812999e-02   2.5928339e-02   2.7530836e-02   2.7764398e-02   2.7781802e-02
   2.0700000e+01   6.6009122e-03   6.6034880e-03   6.6790376e-03   7.4111209e-03   9.9431204e-03   1.5503906e-02   2.2004308e-02   2.6004830e-02   2.7545287e-02   2.7766231e-02   2.7781933e-02
   2.1150000e+01   6.7662903e-03   6.7673339e-03   6.8582308e-03   7.5657901e-03   1.0037881e-02   1.5633458e-02   2.2200030e-02   2.6082502e-02   2.7560010e-02   2.7768102e-02   2.7782067e-02
   2.1600000e+01   6.9318226e-03   6.9276424e-03   7.0539202e-03   7.7456917e-03   1.0159870e-02   1.5779228e-02   2.2400118e-02   2.6161321e-02   2.7575003e-02   2.7770010e-02   2.7782204e-02
   2.2050000e+01   7.0967299e-03   7.0805486e-03   7.2706644e-03   7.9499237e-03   1.0308713e-02   1.5941480e-02   2.2604520e-02   2.6241254e-02   2.7590262e-02   2.7771956e-02   2.7782344e-02
   2.2500000e+01   7.2632219e-03   7.2731922e-03   7.5131008e-03   8.1776965e-03   1.0484006e-02   1.6120448e-02   2.2813179e-02   2.6322267e-02   2.7605785e-02   2.7773939e-02   2.7782486e-02
   2.2950000e+01   7.6141105e-03   7.5960068e-03   7.7830934e-03   8.4283371e-03   1.0685323e-02   1.6316333e-02   2.3026030e-02   2.6404326e-02   2.7621568e-02   2.7775960e-02   2.7782631e-02
   2.3400000e+01   7.9663246e-03   7.9581143e-03   8.0782191e-03   8.7012910e-03   1.0912216e-02   1.6529302e-02   2.3243004e-02   2.6487395e-02   2.7637609e-02   2.7778017e-02   2.7782779e-02
   2.3850000e+01   8.3175504e-03   8.3124067e-03   8.3932980e-03   8.9961222e-03   1.1164226e-02   1.6759493e-02   2.3464022e-02   2.6571438e-02   2.7653903e-02   2.7780111e-02   2.7782930e-02
   2.4300000e+01   8.6684299e-03   8.6627886e-03   8.7232096e-03   9.3125100e-03   1.1440882e-02   1.7007008e-02   2.3689002e-02   2.6656420e-02   2.7670447e-02   2.7782242e-02   2.7783083e-02
   2.4750000e+01   9.0189165e-03   9.0122305e-03   9.0645495e-03   9.6502439e-03   1.1741705e-02   1.7271919e-02   2.3917853e-02   2.6742302e-02   2.7687239e-02   2.7784409e-02   2.7783239e-02
   2.5200000e+01   9.3701335e-03   9.3616181e-03   9.4158785e-03   1.0009216e-02   1.2066212e-02   1.7554265e-02   2.4150479e-02   2.6829047e-02   2.7704274e-02   2.7786613e-02   2.7783398e-02
   2.5650000e+01   9.7419521e-03   9.7114273e-03   9.7775443e-03   1.0389409e-02   1.2413914e-02   1.7854053e-02   2.4386777e-02   2.6916617e-02   2.7721550e-02   2.7788852e-02   2.7783559e-02
   2.6100000e+01   1.0341765e-02   1.0061728e-02   1.0151765e-02   1.0790884e-02   1.2784326e-02   1.8171259e-02   2.4626635e-02   2.7004971e-02   2.7739062e-02   2.7791128e-02   2.7783723e-02
   2.6550000e+01   1.1043065e-02   1.0409712e-02   1.0542987e-02   1.1213767e-02   1.3176959e-02   1.8505825e-02   2.4869938e-02   2.7094071e-02   2.7756806e-02   2.7793439e-02   2.7783890e-02
   2.7000000e+01   1.1131935e-02   1.0746019e-02   1.0957762e-02   1.1658223e-02   1.3591332e-02   1.8857664e-02   2.5116560e-02   2.7183876e-02   2.7774780e-02   2.7795785e-02   2.7784059e-02
   2.7450000e+01   1.1134696e-02   1.1101933e-02   1.1402947e-02   1.2124442e-02   1.4026963e-02   1.9226654e-02   2.5366373e-02   2.7274344e-02   2.7792979e-02   2.7798167e-02   2.7784231e-02
   2.7900000e+01   1.1136623e-02   1.1607582e-02   1.1882232e-02   1.2612616e-02   1.4483379e-02   1.9612646e-02   2.5619238e-02   2.7365435e-02   2.7811399e-02   2.7800584e-02   2.7784406e-02
   2.8350000e+01   1.1182934e-02   1.2204657e-02   1.2393830e-02   1.3122908e-02   1.4960113e-02   2.0015456e-02   2.5875011e-02   2.7457106e-02   2.7830037e-02   2.7803035e-02   2.7784584e-02
   2.8800000e+01   1.1753713e-02   1.2804646e-02   1.2931930e-02   1.3655434e-02   1.5456706e-02   2.0434871e-02   2.6133542e-02   2.7549313e-02   2.7848888e-02   2.7805522e-02   2.7784764e-02
   2.9250000e+01   1.3130328e-02   1.3397541e-02   1.3490251e-02   1.4210230e-02   1.5972712e-02   2.0870644e-02   2.6394672e-02   2.7642013e-02   2.7867949e-02   2.7808042e-02   2.7784946e-02
   2.9700000e+01   1.3947267e-02   1.3986036e-02   1.4064468e-02   1.4787229e-02   1.6507696e-02   2.1322500e-02   2.6658238e-02   2.7735163e-02   2.7887215e-02   2.7810597e-02   2.7785132e-02
   3.0150000e+01   1.4557320e-02   1.4572846e-02   1.4652800e-02   1.5386232e-02   1.7061237e-02   2.1790130e-02   2.6924069e-02   2.7828716e-02   2.7906682e-02   2.7813186e-02   2.7785319e-02
   3.0600000e+01   1.5196074e-02   1.5160502e-02   1.5255909e-02   1.6006886e-02   1.7632933e-02   2.2273195e-02   2.7191988e-02   2.7922629e-02   2.7926346e-02   2.7815808e-02   2.7785510e-02
   3.1050000e+01   1.6292666e-02   1.5751070e-02   1.5877086e-02   1.6648655e-02   1.8222399e-02   2.2771325e-02   2.7461811e-02   2.8016854e-02   2.7946202e-02   2.7818464e-02   2.7785703e-02
   3.1500000e+01   1.7454612e-02   1.6342069e-02   1.6522809e-02   1.7310811e-02   1.8829275e-02   2.3284116e-02   2.7733349e-02   2.8111346e-02   2.7966247e-02   2.7821153e-02   2.7785898e-02
   3.1950000e+01   1.7600709e-02   1.6915694e-02   1.7202677e-02   1.7992416e-02   1.9453224e-02   2.3811135e-02   2.8006405e-02   2.8206057e-02   2.7986475e-02   2.7823875e-02   2.7786096e-02
   3.2400000e+01   1.7606152e-02   1.7484790e-02   1.7926894e-02   1.8692324e-02   2.0093935e-02   2.4351915e-02   2.8280778e-02   2.8300939e-02   2.8006882e-02   2.7826630e-02   2.7786297e-02
   3.2850000e+01   1.7607588e-02   1.8246126e-02   1.8701034e-02   1.9409187e-02   2.0751130e-02   2.4905959e-02   2.8556259e-02   2.8395944e-02   2.8027464e-02   2.7829418e-02   2.7786500e-02
   3.3300000e+01   1.7644567e-02   1.9199111e-02   1.9522032e-02   2.0141471e-02   2.1424560e-02   2.5472735e-02   2.8832635e-02   2.8491024e-02   2.8048215e-02   2.7832237e-02   2.7786706e-02
   3.3750000e+01   1.8223675e-02   2.0180630e-02   2.0379720e-02   2.0887494e-02   2.2114012e-02   2.6051682e-02   2.9109687e-02   2.8586129e-02   2.8069132e-02   2.7835089e-02   2.7786914e-02
   3.4200000e+01   2.0465611e-02   2.1150093e-02   2.1262042e-02   2.1645460e-02   2.2819307e-02   2.6642203e-02   2.9387190e-02   2.8681208e-02   2.8090209e-02   2.7837972e-02   2.7787125e-02
   3.4650000e+01   2.2010609e-02   2.2108572e-02   2.2158845e-02   2.2413520e-02   2.3540302e-02   2.7243670e-02   2.9664915e-02   2.8776213e-02   2.8111442e-02   2.7840887e-02   2.7787338e-02
   3.5100000e+01   2.3029505e-02   2.3062034e-02   2.3062560e-02   2.3189830e-02   2.4276891e-02   2.7855421e-02   2.9942626e-02   2.8871091e-02   2.8132825e-02   2.7843833e-02   2.7787554e-02
   3.5550000e+01   2.4081338e-02   2.4016854e-02   2.3967151e-02   2.3972621e-02   2.5029002e-02   2.8476763e-02   3.0220083e-02   2.8965790e-02   2.8154354e-02   2.7846810e-02   2.7787772e-02
   3.6000000e+01   2.5902648e-02   2.4980154e-02   2.4866679e-02   2.4760272e-02   2.5796598e-02   2.9106968e-02   3.0497042e-02   2.9060260e-02   2.8176023e-02   2.7849818e-02   2.7787992e-02
   3.6450000e+01   2.7816618e-02   2.5958342e-02   2.5754044e-02   2.5551381e-02   2.6579669e-02   2.9745275e-02   3.0773254e-02   2.9154447e-02   2.8197828e-02   2.7852856e-02   2.7788215e-02
   3.6900000e+01   2.8072644e-02   2.6939594e-02   2.6620529e-02   2.6344838e-02   2.7378235e-02   3.0390891e-02   3.1048466e-02   2.9248299e-02   2.8219762e-02   2.7855924e-02   2.7788441e-02
   3.7350000e+01   2.8083348e-02   2.7825033e-02   2.7457253e-02   2.7139884e-02   2.8192332e-02   3.1042990e-02   3.1322420e-02   2.9341762e-02   2.8241822e-02   2.7859022e-02   2.7788669e-02
   3.7800000e+01   2.8084116e-02   2.8505399e-02   2.8258789e-02   2.7936173e-02   2.9022011e-02   3.1700712e-02   3.1594854e-02   2.9434781e-02   2.8264002e-02   2.7862149e-02   2.7788899e-02
   3.8250000e+01   2.8101243e-02   2.9155137e-02   2.9026225e-02   2.8733814e-02   2.9867327e-02   3.2363167e-02   3.1865505e-02   2.9527303e-02   2.8286295e-02   2.7865306e-02   2.7789131e-02
   3.8700000e+01   2.8407110e-02   2.9844471e-02   2.9766300e-02   2.9533401e-02   3.0728330e-02   3.3029431e-02   3.2134103e-02   2.9619273e-02   2.8308698e-02   2.7868492e-02   2.7789366e-02
   3.9150000e+01   2.9946293e-02   3.0539369e-02   3.0487562e-02   3.0336039e-02   3.1605052e-02   3.3698550e-02   3.2400378e-02   2.9710634e-02   2.8331203e-02   2.7871706e-02   2.7789604e-02
   3.9600000e+01   3.1152319e-02   3.1228152e-02   3.1197331e-02   3.1143349e-02   3.2497496e-02   3.4369539e-02   3.2664055e-02   2.9801332e-02   2.8353807e-02   2.7874949e-02   2.7789843e-02
   4.0050000e+01   3.1898092e-02   3.1912668e-02   3.1900981e-02   3.1957454e-02   3.3405620e-02   3.5041385e-02   3.2924857e-02   2.9891311e-02   2.8376502e-02   2.7878220e-02   2.7790085e-02
   4.0500000e+01   3.2656012e-02   3.2597696e-02   3.2602610e-02   3.2780966e-02   3.4329326e-02   3.5713045e-02   3.3182504e-02   2.9980513e-02   2.8399284e-02   2.7881518e-02   2.7790330e-02
   4.0950000e+01   3.3955891e-02   3.3288239e-02   3.3306035e-02   3.3616942e-02   3.5268438e-02   3.6383448e-02   3.3436715e-02   3.0068881e-02   2.8422146e-02   2.7884844e-02   2.7790576e-02
   4.1400000e+01   3.5369318e-02   3.3986171e-02   3.4015735e-02   3.4468834e-02   3.6222690e-02   3.7051500e-02   3.3687207e-02   3.0156358e-02   2.8445082e-02   2.7888197e-02   2.7790825e-02
   4.1850000e+01   3.5577017e-02   3.4676567e-02   3.4737446e-02   3.5340422e-02   3.7191708e-02   3.7716079e-02   3.3933694e-02   3.0242887e-02   2.8468088e-02   2.7891577e-02   2.7791076e-02
   4.2300000e+01   3.5586575e-02   3.5318212e-02   3.5477775e-02   3.6235729e-02   3.8174991e-02   3.8376043e-02   3.4175890e-02   3.0328408e-02   2.8491156e-02   2.7894983e-02   2.7791330e-02
   4.2750000e+01   3.5587247e-02   3.5979700e-02   3.6242394e-02   3.7158913e-02   3.9171896e-02   3.9030228e-02   3.4413507e-02   3.0412864e-02   2.8514281e-02   2.7898416e-02   2.7791585e-02
   4.3200000e+01   3.5602661e-02   3.6791760e-02   3.7034027e-02   3.8114155e-02   4.0181620e-02   3.9677452e-02   3.4646257e-02   3.0496196e-02   2.8537456e-02   2.7901874e-02   2.7791843e-02
   4.3650000e+01   3.5907384e-02   3.7666324e-02   3.7852482e-02   3.9105513e-02   4.1203183e-02   4.0316516e-02   3.4873850e-02   3.0578344e-02   2.8560676e-02   2.7905358e-02   2.7792103e-02
   4.4100000e+01   3.7733912e-02   3.8536893e-02   3.8696907e-02   4.0136772e-02   4.2235414e-02   4.0946208e-02   3.5095997e-02   3.0659248e-02   2.8583934e-02   2.7908867e-02   2.7792365e-02
   4.4550000e+01   3.9307941e-02   3.9395003e-02   3.9568228e-02   4.1211281e-02   4.3276938e-02   4.1565305e-02   3.5312408e-02   3.0738850e-02   2.8607224e-02   2.7912401e-02   2.7792630e-02
   4.5000000e+01   4.0245881e-02   4.0246139e-02   4.0470668e-02   4.2331773e-02   4.4326164e-02   4.2172573e-02   3.5522795e-02   3.0817088e-02   2.8630539e-02   2.7915959e-02   2.7792896e-02
   4.5450000e+01   4.1183821e-02   4.1097054e-02   4.1413043e-02   4.3500197e-02   4.5381272e-02   4.2766774e-02   3.5726868e-02   3.0893902e-02   2.8653873e-02   2.7919541e-02   2.7793165e-02
   4.5900000e+01   4.2757850e-02   4.1952477e-02   4.2411036e-02   4.4717544e-02   4.6440208e-02   4.3346670e-02   3.5924338e-02   3.0969232e-02   2.8677219e-02   2.7923148e-02   2.7793436e-02
   4.6350000e+01   4.4584377e-02   4.2806287e-02   4.3490612e-02   4.5983705e-02   4.7500679e-02   4.3911020e-02   3.6114920e-02   3.1043016e-02   2.8700572e-02   2.7926777e-02   2.7793709e-02
   4.6800000e+01   4.4889093e-02   4.3617443e-02   4.4689974e-02   4.7297342e-02   4.8560149e-02   4.4458589e-02   3.6298327e-02   3.1115193e-02   2.8723923e-02   2.7930430e-02   2.7793984e-02
   4.7250000e+01   4.4904474e-02   4.4388795e-02   4.6053559e-02   4.8655805e-02   4.9615837e-02   4.4988150e-02   3.6474275e-02   3.1185702e-02   2.8747267e-02   2.7934105e-02   2.7794261e-02
   4.7700000e+01   4.4905708e-02   4.5699776e-02   4.7613660e-02   5.0055099e-02   5.0664727e-02   4.5498486e-02   3.6642482e-02   3.1254481e-02   2.8770597e-02   2.7937803e-02   2.7794541e-02
   4.8150000e+01   4.4938609e-02   4.7917319e-02   4.9370181e-02   5.1489893e-02   5.1703566e-02   4.5988395e-02   3.6802667e-02   3.1321468e-02   2.8793905e-02   2.7941522e-02   2.7794822e-02
   4.8600000e+01   4.5652689e-02   5.0378837e-02   5.1288967e-02   5.2953600e-02   5.2728880e-02   4.6456694e-02   3.6954552e-02   3.1386601e-02   2.8817186e-02   2.7945264e-02   2.7795105e-02
   4.9050000e+01   5.0512042e-02   5.2803336e-02   5.3320375e-02   5.4438503e-02   5.3736985e-02   4.6902222e-02   3.7097862e-02   3.1449818e-02   2.8840431e-02   2.7949026e-02   2.7795391e-02
   4.9500000e+01   5.4981016e-02   5.5181468e-02   5.5418167e-02   5.5935931e-02   5.4724002e-02   4.7323844e-02   3.7232325e-02   3.1511056e-02   2.8863634e-02   2.7952810e-02   2.7795678e-02
   4.9950000e+01   5.7586740e-02   5.7536607e-02   5.7545994e-02   5.7436485e-02   5.5685879e-02   4.7720454e-02   3.7357671e-02   3.1570252e-02   2.8886788e-02   2.7956613e-02   2.7795967e-02
   5.0400000e+01   6.0150705e-02   5.9889809e-02   5.9674288e-02   5.8930278e-02   5.6618411e-02   4.8090979e-02   3.7473635e-02   3.1627344e-02   2.8909886e-02   2.7960437e-02   2.7796259e-02
   5.0850000e+01   6.4297014e-02   6.2260798e-02   6.1773742e-02   6.0407192e-02   5.7517267e-02   4.8434384e-02   3.7579954e-02   3.1682269e-02   2.8932920e-02   2.7964281e-02   2.7796552e-02
   5.1300000e+01   6.9588714e-02   6.4670867e-02   6.3808442e-02   6.1857131e-02   5.8378018e-02   4.8749673e-02   3.7676371e-02   3.1734963e-02   2.8955883e-02   2.7968144e-02   2.7796847e-02
   5.1750000e+01   7.0640294e-02   6.7127146e-02   6.5731439e-02   6.3270246e-02   5.9196170e-02   4.9035893e-02   3.7762630e-02   3.1785365e-02   2.8978768e-02   2.7972025e-02   2.7797144e-02
   5.2200000e+01   7.0699227e-02   6.9459778e-02   6.7488918e-02   6.4637122e-02   5.9967195e-02   4.9292141e-02   3.7838483e-02   3.1833410e-02   2.9001567e-02   2.7975926e-02   2.7797443e-02
   5.2650000e+01   7.0701317e-02   7.0982133e-02   6.9038210e-02   6.5948911e-02   6.0686569e-02   4.9517561e-02   3.7903685e-02   3.1879036e-02   2.9024272e-02   2.7979844e-02   2.7797744e-02
   5.3100000e+01   7.0709471e-02   7.1693871e-02   7.0370125e-02   6.7197402e-02   6.1349807e-02   4.9711352e-02   3.7957995e-02   3.1922178e-02   2.9046877e-02   2.7983780e-02   2.7798047e-02
   5.3550000e+01   7.0905272e-02   7.2357729e-02   7.1513062e-02   6.8375033e-02   6.1952507e-02   4.9872768e-02   3.8001179e-02   3.1962775e-02   2.9069374e-02   2.7987733e-02   2.7798351e-02
   5.4000000e+01   7.2369115e-02   7.3079310e-02   7.2513795e-02   6.9474827e-02   6.2490386e-02   5.0001122e-02   3.8033008e-02   3.2000761e-02   2.9091754e-02   2.7991703e-02   2.7798657e-02
   5.4450000e+01   7.3762093e-02   7.3811429e-02   7.3415344e-02   7.0490278e-02   6.2959323e-02   5.0095787e-02   3.8053256e-02   3.2036075e-02   2.9114010e-02   2.7995690e-02   2.7798966e-02
   5.4900000e+01   7.4566557e-02   7.4541351e-02   7.4247472e-02   7.1415190e-02   6.3355404e-02   5.0156201e-02   3.8061707e-02   3.2068653e-02   2.9136135e-02   2.7999693e-02   2.7799275e-02
   5.5350000e+01   7.5345830e-02   7.5270726e-02   7.5027397e-02   7.2243491e-02   6.3674956e-02   5.0181865e-02   3.8058148e-02   3.2098431e-02   2.9158120e-02   2.8003711e-02   2.7799587e-02
   5.5800000e+01   7.6527478e-02   7.6004043e-02   7.5763060e-02   7.2969031e-02   6.3914598e-02   5.0172349e-02   3.8042374e-02   3.2125346e-02   2.9179957e-02   2.8007744e-02   2.7799901e-02
   5.6250000e+01   7.8242159e-02   7.6746696e-02   7.6455101e-02   7.3585403e-02   6.4071273e-02   5.0127289e-02   3.8014186e-02   3.2149335e-02   2.9201639e-02   2.8011792e-02   2.7800216e-02
   5.6700000e+01   7.8685073e-02   7.7502508e-02   7.7097507e-02   7.4085791e-02   6.4142290e-02   5.0046394e-02   3.7973390e-02   3.2170335e-02   2.9223157e-02   2.8015855e-02   2.7800533e-02
   5.7150000e+01   7.8713359e-02   7.8239825e-02   7.7679068e-02   7.4462871e-02   6.4125362e-02   4.9929440e-02   3.7919801e-02   3.2188283e-02   2.9244504e-02   2.8019931e-02   2.7800851e-02
   5.7600000e+01   7.8714436e-02   7.8778285e-02   7.8187939e-02   7.4708791e-02   6.4018636e-02   4.9776277e-02   3.7853241e-02   3.2203116e-02   2.9265670e-02   2.8024021e-02   2.7801171e-02
   5.8050000e+01   7.8717010e-02   7.9061993e-02   7.8617780e-02   7.4815219e-02   6.3820727e-02   4.9586825e-02   3.7773538e-02   3.2214770e-02   2.9286648e-02   2.8028123e-02   2.7801493e-02
   5.8500000e+01   7.8786213e-02   7.9318964e-02   7.8969591e-02   7.4773491e-02   6.3530744e-02   4.9361078e-02   3.7680528e-02   3.2223184e-02   2.9307430e-02   2.8032239e-02   2.7801816e-02
   5.8950000e+01   7.9336625e-02   7.9594031e-02   7.9246798e-02   7.4574845e-02   6.3148311e-02   4.9099101e-02   3.7574055e-02   3.2228294e-02   2.9328007e-02   2.8036366e-02   2.7802142e-02
   5.9400000e+01   7.9856079e-02   7.9872782e-02   7.9448335e-02   7.4210733e-02   6.2673584e-02   4.8801031e-02   3.7453970e-02   3.2230039e-02   2.9348370e-02   2.8040505e-02   2.7802468e-02
   5.9850000e+01   8.0158656e-02   8.0150812e-02   7.9564048e-02   7.3673218e-02   6.2107269e-02   4.8467075e-02   3.7320132e-02   3.2228356e-02   2.9368511e-02   2.8044655e-02   2.7802796e-02
   6.0300000e+01   8.0447638e-02   8.0428640e-02   7.9571315e-02   7.2955409e-02   6.1450620e-02   4.8097515e-02   3.7172408e-02   3.2223183e-02   2.9388422e-02   2.8048816e-02   2.7803126e-02
   6.0750000e+01   8.0834621e-02   8.0710317e-02   7.9429300e-02   7.2051930e-02   6.0705447e-02   4.7692698e-02   3.7010674e-02   3.2214459e-02   2.9408093e-02   2.8052987e-02   2.7803457e-02
   6.1200000e+01   8.1486722e-02   8.1014913e-02   7.9068901e-02   7.0959391e-02   5.9874108e-02   4.7253042e-02   3.6834814e-02   3.2202121e-02   2.9427517e-02   2.8057167e-02   2.7803790e-02
   6.1650000e+01   8.1757107e-02   8.1414520e-02   7.8382945e-02   6.9676819e-02   5.8959493e-02   4.6779031e-02   3.6644720e-02   3.2186109e-02   2.9446684e-02   2.8061357e-02   2.7804124e-02
   6.2100000e+01   8.1779111e-02   8.1949726e-02   7.7233538e-02   6.8206029e-02   5.7965012e-02   4.6271217e-02   3.6440292e-02   3.2166362e-02   2.9465586e-02   2.8065556e-02   2.7804460e-02
   6.2550000e+01   8.1779771e-02   8.1317856e-02   7.5497222e-02   6.6551897e-02   5.6894565e-02   4.5730213e-02   3.6221439e-02   3.2142818e-02   2.9484214e-02   2.8069763e-02   2.7804797e-02
   6.3000000e+01   8.1745978e-02   7.7661110e-02   7.3133666e-02   6.4722511e-02   5.5752513e-02   4.5156695e-02   3.5988080e-02   3.2115417e-02   2.9502558e-02   2.8073978e-02   2.7805135e-02
   6.3450000e+01   8.0658408e-02   7.3097211e-02   7.0214587e-02   6.2729197e-02   5.4543637e-02   4.4551400e-02   3.5740141e-02   3.2084099e-02   2.9520610e-02   2.8078200e-02   2.7805475e-02
   6.3900000e+01   7.2077349e-02   6.8681993e-02   6.6879849e-02   6.0586391e-02   5.3273101e-02   4.3915121e-02   3.5477559e-02   3.2048805e-02   2.9538361e-02   2.8082429e-02   2.7805816e-02
   6.4350000e+01   6.4738088e-02   6.4366321e-02   6.3270598e-02   5.8311385e-02   5.1946398e-02   4.3248707e-02   3.5200277e-02   3.2009474e-02   2.9555801e-02   2.8086665e-02   2.7806159e-02
   6.4800000e+01   6.0188549e-02   6.0083115e-02   5.9495131e-02   5.5923941e-02   5.0569303e-02   4.2553059e-02   3.4908250e-02   3.1966048e-02   2.9572922e-02   2.8090906e-02   2.7806503e-02
   6.5250000e+01   5.5891090e-02   5.5808528e-02   5.5629832e-02   5.3445814e-02   4.9147813e-02   4.1829128e-02   3.4601439e-02   3.1918467e-02   2.9589714e-02   2.8095152e-02   2.7806848e-02
   6.5700000e+01   5.1602567e-02   5.1533351e-02   5.1733724e-02   5.0900191e-02   4.7688093e-02   4.1077911e-02   3.4279817e-02   3.1866674e-02   2.9606168e-02   2.8099404e-02   2.7807194e-02
   6.6150000e+01   4.7309239e-02   4.7247385e-02   4.7863586e-02   4.8311097e-02   4.6196412e-02   4.0300449e-02   3.3943365e-02   3.1810611e-02   2.9622275e-02   2.8103660e-02   2.7807542e-02
   6.6600000e+01   4.3011678e-02   4.2918005e-02   4.4085331e-02   4.5702785e-02   4.4679087e-02   3.9497826e-02   3.3592072e-02   3.1750219e-02   2.9638025e-02   2.8107919e-02   2.7807891e-02
   6.7050000e+01   3.8702949e-02   3.8502334e-02   4.0476048e-02   4.3099141e-02   4.3142418e-02   3.8671161e-02   3.3225938e-02   3.1685441e-02   2.9653409e-02   2.8112182e-02   2.7808241e-02
   6.7500000e+01   3.4408570e-02   3.4518157e-02   3.7108000e-02   4.0523139e-02   4.1592633e-02   3.7821608e-02   3.2844971e-02   3.1616222e-02   2.9668417e-02   2.8116447e-02   2.7808592e-02
   6.7950000e+01   3.2140976e-02   3.1964744e-02   3.4018351e-02   3.7996350e-02   4.0035832e-02   3.6950352e-02   3.2449188e-02   3.1542504e-02   2.9683040e-02   2.8120715e-02   2.7808945e-02
   6.8400000e+01   2.9891020e-02   2.9848476e-02   3.1192310e-02   3.5538535e-02   3.8477929e-02   3.6058606e-02   3.2038616e-02   3.1464233e-02   2.9697267e-02   2.8124985e-02   2.7809298e-02
   6.8850000e+01   2.7634501e-02   2.7651182e-02   2.8579988e-02   3.3167319e-02   3.6924607e-02   3.5147607e-02   3.1613290e-02   3.1381351e-02   2.9711091e-02   2.8129256e-02   2.7809653e-02
   6.9300000e+01   2.5380102e-02   2.5415289e-02   2.6128439e-02   3.0897948e-02   3.5381274e-02   3.4218611e-02   3.1173254e-02   3.1293806e-02   2.9724499e-02   2.8133527e-02   2.7810009e-02
   6.9750000e+01   2.3128225e-02   2.3172055e-02   2.3801348e-02   2.8743126e-02   3.3853018e-02   3.3272894e-02   3.0718563e-02   3.1201542e-02   2.9737484e-02   2.8137798e-02   2.7810366e-02
   7.0200000e+01   2.0871656e-02   2.0927336e-02   2.1582785e-02   2.6712930e-02   3.2344578e-02   3.2311742e-02   3.0249279e-02   3.1104507e-02   2.9750035e-02   2.8142069e-02   2.7810724e-02
   7.0650000e+01   1.8482722e-02   1.8678041e-02   1.9475606e-02   2.4814777e-02   3.0860313e-02   3.1336452e-02   2.9765473e-02   3.1002645e-02   2.9762142e-02   2.8146339e-02   2.7811082e-02
   7.1100000e+01   1.4628922e-02   1.6411598e-02   1.7502177e-02   2.3053452e-02   2.9404181e-02   3.0348329e-02   2.9267224e-02   3.0895906e-02   2.9773795e-02   2.8150608e-02   2.7811442e-02
   7.1550000e+01   1.0123061e-02   1.4091937e-02   1.5707657e-02   2.1431178e-02   2.7979723e-02   2.9348677e-02   2.8754623e-02   3.0784237e-02   2.9784984e-02   2.8154874e-02   2.7811803e-02
   7.2000000e+01   9.5519841e-03   1.1691948e-02   1.4158050e-02   1.9947730e-02   2.6590049e-02   2.8338803e-02   2.8227765e-02   3.0667587e-02   2.9795700e-02   2.8159138e-02   2.7812165e-02
   7.2450000e+01   9.5342397e-03   9.7772650e-03   1.2920520e-02   1.8600584e-02   2.5237836e-02   2.7320007e-02   2.7686757e-02   3.0545904e-02   2.9805931e-02   2.8163399e-02   2.7812527e-02
   7.2900000e+01   9.5347756e-03   9.4888627e-03   1.2026830e-02   1.7385105e-02   2.3925325e-02   2.6293582e-02   2.7131712e-02   3.0419139e-02   2.9815669e-02   2.8167655e-02   2.7812891e-02
   7.3350000e+01   9.5509271e-03   9.8311359e-03   1.1449620e-02   1.6294774e-02   2.2654329e-02   2.5260810e-02   2.6562754e-02   3.0287241e-02   2.9824902e-02   2.8171908e-02   2.7813255e-02
   7.3800000e+01   9.7495651e-03   1.0101421e-02   1.1117863e-02   1.5321448e-02   2.1426239e-02   2.4222958e-02   2.5980013e-02   3.0150163e-02   2.9833621e-02   2.8176155e-02   2.7813620e-02
   7.4250000e+01   1.0228634e-02   1.0320381e-02   1.0953325e-02   1.4455652e-02   2.0242039e-02   2.3181275e-02   2.5383626e-02   3.0007854e-02   2.9841814e-02   2.8180397e-02   2.7813986e-02
   7.4700000e+01   1.0512934e-02   1.0526673e-02   1.0894066e-02   1.3686889e-02   1.9102319e-02   2.2136991e-02   2.4773741e-02   2.9860269e-02   2.9849473e-02   2.8184633e-02   2.7814353e-02
   7.5150000e+01   1.0725235e-02   1.0730735e-02   1.0897417e-02   1.3003978e-02   1.8007301e-02   2.1091310e-02   2.4150511e-02   2.9707360e-02   2.9856586e-02   2.8188862e-02   2.7814721e-02
   7.5600000e+01   1.0947525e-02   1.0935332e-02   1.0933342e-02   1.2395375e-02   1.6956851e-02   2.0045412e-02   2.3514098e-02   2.9549080e-02   2.9863143e-02   2.8193084e-02   2.7815089e-02
   7.6050000e+01   1.1329145e-02   1.1143432e-02   1.0976924e-02   1.1849507e-02   1.5950514e-02   1.9000445e-02   2.2864670e-02   2.9385385e-02   2.9869134e-02   2.8197298e-02   2.7815458e-02
   7.6500000e+01   1.1733509e-02   1.1363644e-02   1.1002790e-02   1.1355061e-02   1.4987532e-02   1.7957527e-02   2.2202403e-02   2.9216228e-02   2.9874547e-02   2.8201504e-02   2.7815828e-02
   7.6950000e+01   1.1784361e-02   1.1607567e-02   1.0982867e-02   1.0901262e-02   1.4066871e-02   1.6917740e-02   2.1527480e-02   2.9041567e-02   2.9879373e-02   2.8205700e-02   2.7816198e-02
   7.7400000e+01   1.1786266e-02   1.1763147e-02   1.0890034e-02   1.0478089e-02   1.3187254e-02   1.5882132e-02   2.0840091e-02   2.8861357e-02   2.9883600e-02   2.8209887e-02   2.7816569e-02
   7.7850000e+01   1.1785575e-02   1.1493704e-02   1.0707662e-02   1.0076450e-02   1.2347186e-02   1.4851710e-02   2.0140432e-02   2.8675556e-02   2.9887219e-02   2.8214064e-02   2.7816940e-02
   7.8300000e+01   1.1766080e-02   1.0966172e-02   1.0437119e-02   9.6883046e-03   1.1544983e-02   1.3827441e-02   1.9428707e-02   2.8484122e-02   2.9890218e-02   2.8218230e-02   2.7817312e-02
   7.8750000e+01   1.1460941e-02   1.0433637e-02   1.0094539e-02   9.3067296e-03   1.0778799e-02   1.2810252e-02   1.8705122e-02   2.8287014e-02   2.9892586e-02   2.8222384e-02   2.7817685e-02
   7.9200000e+01   1.0279643e-02   9.9193644e-03   9.7002862e-03   8.9259350e-03   1.0046658e-02   1.1801023e-02   1.7969894e-02   2.8084192e-02   2.9894313e-02   2.8226527e-02   2.7818058e-02
   7.9650000e+01   9.4655693e-03   9.4138596e-03   9.2710652e-03   8.5412377e-03   9.3464782e-03   1.0800590e-02   1.7223244e-02   2.7875615e-02   2.9895389e-02   2.8230656e-02   2.7818432e-02
   8.0100000e+01   8.9287035e-03   8.9114652e-03   8.8179753e-03   8.1489988e-03   8.6761006e-03   9.8097438e-03   1.6465397e-02   2.7661246e-02   2.9895801e-02   2.8234772e-02   2.7818806e-02
   8.0550000e+01   8.3744826e-03   8.4084363e-03   8.3477109e-03   7.7465334e-03   8.0333133e-03   8.8292267e-03   1.5696584e-02   2.7441045e-02   2.9895539e-02   2.8238875e-02   2.7819180e-02
   8.1000000e+01   7.4148166e-03   7.9014152e-03   7.8640910e-03   7.3320036e-03   7.4158767e-03   7.8597330e-03   1.4917044e-02   2.7214977e-02   2.9894592e-02   2.8242962e-02   2.7819555e-02
   8.1450000e+01   6.4063277e-03   7.3890663e-03   7.3689919e-03   6.9043024e-03   6.8215455e-03   6.9019087e-03   1.4127016e-02   2.6983005e-02   2.9892949e-02   2.8247035e-02   2.7819930e-02
   8.1900000e+01   6.2714268e-03   6.8820228e-03   6.8628733e-03   6.4629342e-03   6.2480902e-03   5.9563504e-03   1.3326748e-02   2.6745092e-02   2.9890600e-02   2.8251091e-02   2.7820306e-02
   8.2350000e+01   6.2657904e-03   6.4114960e-03   6.3454283e-03   6.0078996e-03   5.6933162e-03   5.0236053e-03   1.2516489e-02   2.6501205e-02   2.9887532e-02   2.8255132e-02   2.7820681e-02
   8.2800000e+01   6.2652127e-03   5.9374990e-03   5.8166138e-03   5.5395874e-03   5.1550814e-03   4.1041712e-03   1.1696495e-02   2.6251310e-02   2.9883735e-02   2.8259155e-02   2.7821057e-02
   8.3250000e+01   6.2509049e-03   5.3835347e-03   5.2775236e-03   5.0586763e-03   4.6313111e-03   3.1984967e-03   1.0867024e-02   2.5995374e-02   2.9879197e-02   2.8263160e-02   2.7821434e-02
   8.3700000e+01   5.9954857e-03   4.7979439e-03   4.7303196e-03   4.5660491e-03   4.1200121e-03   2.3069811e-03   1.0028339e-02   2.5733365e-02   2.9873908e-02   2.8267146e-02   2.7821810e-02
   8.4150000e+01   4.7101749e-03   4.2152380e-03   4.1774118e-03   4.0627188e-03   3.6192837e-03   1.4299752e-03   9.1807060e-03   2.5465251e-02   2.9867856e-02   2.8271114e-02   2.7822187e-02
   8.4600000e+01   3.7030699e-03   3.6397163e-03   3.6207769e-03   3.5497679e-03   3.1273271e-03   5.6778187e-04   8.3243934e-03   2.5191002e-02   2.9861030e-02   2.8275062e-02   2.7822564e-02
   8.5050000e+01   3.0803036e-03   3.0681140e-03   3.0618011e-03   3.0282995e-03   2.6424533e-03  -2.7934354e-04   7.4596735e-03   2.4910589e-02   2.9853418e-02   2.8278989e-02   2.7822941e-02
   8.5500000e+01   2.4473944e-03   2.4960826e-03   2.5014386e-03   2.4993995e-03   2.1630883e-03  -1.1111920e-03   6.5868211e-03   2.4623983e-02   2.9845010e-02   2.8282895e-02   2.7823318e-02
   8.5950000e+01   1.3619169e-03   1.9191524e-03   1.9404305e-03   1.9641100e-03   1.6877771e-03  -1.9275998e-03   5.7061136e-03   2.4331157e-02   2.9835793e-02   2.8286780e-02   2.7823696e-02
   8.6400000e+01   1.8161918e-04   1.3343702e-03   1.3794890e-03   1.4234106e-03   1.2151858e-03  -2.7284476e-03   4.8178305e-03   2.4032084e-02   2.9825757e-02   2.8290642e-02   2.7824073e-02
   8.6850000e+01   8.1737749e-06   7.4929630e-04   8.1945704e-04   8.7820775e-04   7.4410267e-04  -3.5136593e-03   3.9222532e-03   2.3726738e-02   2.9814889e-02   2.8294481e-02   2.7824450e-02
   8.7300000e+01   1.7834430e-07   2.0838782e-04   2.6147519e-04   3.2933038e-04   2.7343666e-04  -4.2832000e-03   3.0196652e-03   2.3415095e-02   2.9803179e-02   2.8298296e-02   2.7824827e-02
   8.7750000e+01  -1.4259864e-08  -1.7984057e-04  -2.9280871e-04  -2.2246979e-04  -1.9778408e-04  -5.0370757e-03   2.1103512e-03   2.3097129e-02   2.9790615e-02   2.8302086e-02   2.7825205e-02
   8.8200000e+01  -2.9166806e-09  -3.1682272e-04  -8.4096104e-04  -7.7651412e-04  -6.7041548e-04  -5.7753307e-03   1.1945974e-03   2.2772819e-02   2.9777185e-02   2.8305852e-02   2.7825582e-02
   8.8650000e+01  -3.5044192e-10  -2.6257266e-04  -1.3793900e-03  -1.3321903e-03  -1.1452017e-03  -6.4980465e-03   2.7269086e-04   2.2442142e-02   2.9762878e-02   2.8309591e-02   2.7825959e-02
   8.9100000e+01  -3.6244755e-11  -1.6103153e-04  -1.9028645e-03  -1.8889437e-03  -1.6227799e-03  -7.2053403e-03  -6.5508036e-04   2.2105077e-02   2.9747682e-02   2.8313304e-02   2.7826336e-02
   8.9550000e+01  -3.5090462e-12  -8.5117925e-05  -2.4039329e-03  -2.4462680e-03  -2.1036858e-03  -7.8973630e-03  -1.5884277e-03   2.1761603e-02   2.9731585e-02   2.8316989e-02   2.7826712e-02
   9.0000000e+01  -3.2818519e-13  -4.1681379e-05  -2.8722988e-03  -3.0036947e-03  -2.5883599e-03  -8.5742975e-03  -2.5270623e-03   2.1411702e-02   2.9714577e-02   2.8320647e-02   2.7827089e-02
