  -9.0000000e+01   0.0000000e+00 -4.5407210e-165  -6.9269120e-58  -3.4749372e-21  -1.1993192e-08  -1.5554126e-04  -2.8212348e-03  -1.2754615e-02  -6.2421180e-03   1.3620313e-02   2.2716761e-02
  -8.9550000e+01   0.0000000e+00 -7.7644893e-162  -6.1599700e-57  -7.0231493e-21  -1.4474662e-08  -1.5990227e-04  -2.7749200e-03  -1.2547511e-02  -5.8766689e-03   1.3788538e-02   2.2777348e-02
  -8.9100000e+01   0.0000000e+00 -1.2288393e-158  -5.3164501e-56  -1.4087540e-20  -1.7405987e-08  -1.6409420e-04  -2.7265389e-03  -1.2337265e-02  -5.5119206e-03   1.3955969e-02   2.2837633e-02
  -8.8650000e+01   0.0000000e+00 -1.6767597e-155  -4.4293962e-55  -2.8020233e-20  -2.0849464e-08  -1.6807994e-04  -2.6760695e-03  -1.2123863e-02  -5.1478887e-03   1.4122605e-02   2.2897616e-02
  -8.8200000e+01   0.0000000e+00 -1.7033181e-152  -3.5304888e-54  -5.5205198e-20  -2.4869743e-08  -1.7181927e-04  -2.6234903e-03  -1.1907291e-02  -4.7845888e-03   1.4288445e-02   2.2957298e-02
  -8.7750000e+01   0.0000000e+00 -8.6305621e-150  -2.6511342e-53  -1.0759609e-19  -2.9531356e-08  -1.7526871e-04  -2.5687803e-03  -1.1687536e-02  -4.4220366e-03   1.4453488e-02   2.3016677e-02
  -8.7300000e+01   0.0000000e+00  5.9958867e-147  -1.8232320e-52  -2.0711860e-19  -3.4895047e-08  -1.7838144e-04  -2.5119190e-03  -1.1464586e-02  -4.0602477e-03   1.4617734e-02   2.3075755e-02
  -8.6850000e+01   0.0000000e+00  1.9452900e-143  -1.0791133e-51  -3.9296091e-19  -4.1012505e-08  -1.8110710e-04  -2.4528861e-03  -1.1238429e-02  -3.6992376e-03   1.4781182e-02   2.3134530e-02
  -8.6400000e+01   0.0000000e+00  2.7338021e-140  -4.5008207e-51  -7.3282513e-19  -4.7919057e-08  -1.8339171e-04  -2.3916619e-03  -1.1009054e-02  -3.3390218e-03   1.4943831e-02   2.3193004e-02
  -8.5950000e+01   0.0000000e+00  2.8549297e-137   3.7136889e-51  -1.3382608e-18  -5.5623717e-08  -1.8517756e-04  -2.3282272e-03  -1.0776450e-02  -2.9796159e-03   1.5105681e-02   2.3251175e-02
  -8.5500000e+01   0.0000000e+00  2.2475738e-134   3.6680831e-49  -2.3802036e-18  -6.4095896e-08  -1.8640305e-04  -2.2625630e-03  -1.0540608e-02  -2.6210353e-03   1.5266730e-02   2.3309045e-02
  -8.5050000e+01   0.0000000e+00  7.5576787e-132   5.4389955e-48  -4.0887546e-18  -7.3247889e-08  -1.8700261e-04  -2.1946510e-03  -1.0301519e-02  -2.2632954e-03   1.5426979e-02   2.3366612e-02
  -8.4600000e+01   0.0000000e+00 -1.8914679e-128   6.0604010e-47  -6.6892752e-18  -8.2912116e-08  -1.8690663e-04  -2.1244728e-03  -1.0059174e-02  -1.9064116e-03   1.5586425e-02   2.3423878e-02
  -8.4150000e+01   0.0000000e+00 -5.9509059e-125   6.3253593e-46  -1.0148478e-17  -9.2811841e-08  -1.8604130e-04  -2.0520108e-03  -9.8135654e-03  -1.5503993e-03   1.5745070e-02   2.3480841e-02
  -8.3700000e+01   0.0000000e+00 -1.1118693e-121   7.3747260e-45  -1.3421353e-17  -1.0252390e-07  -1.8432863e-04  -1.9772473e-03  -9.5646870e-03  -1.1952738e-03   1.5902911e-02   2.3537502e-02
  -8.3250000e+01   0.0000000e+00 -1.4830230e-118   1.0278907e-43  -1.2478644e-17  -1.1143164e-07  -1.8168630e-04  -1.9001651e-03  -9.3125325e-03  -8.4105031e-04   1.6059948e-02   2.3593861e-02
  -8.2800000e+01   0.0000000e+00 -9.6627306e-116   1.5249349e-42   4.5034480e-18  -1.1866607e-07  -1.7802767e-04  -1.8207471e-03  -9.0570966e-03  -4.8774419e-04   1.6216181e-02   2.3649918e-02
  -8.2350000e+01   0.0000000e+00  4.9052163e-113   2.1037909e-41   6.8325443e-17  -1.2303273e-07  -1.7326171e-04  -1.7389766e-03  -8.7983751e-03  -1.3537057e-04   1.6371608e-02   2.3705673e-02
  -8.1900000e+01  1.9386028e-313  8.9505080e-110   2.5428849e-40   2.5385764e-16  -1.2292153e-07  -1.6729301e-04  -1.6548368e-03  -8.5363644e-03   2.1605536e-04   1.6526230e-02   2.3761125e-02
  -8.1450000e+01  8.3881144e-305  5.2509798e-107   2.6705638e-39   7.3480758e-16  -1.1619638e-07  -1.6002176e-04  -1.5683112e-03  -8.2710616e-03   5.6651851e-04   1.6680045e-02   2.3816275e-02
  -8.1000000e+01  1.1841853e-296  2.1673755e-104   2.4661193e-38   1.9005470e-15  -1.0006085e-07  -1.5134378e-04  -1.4793833e-03  -8.0024651e-03   9.1600380e-04   1.6833053e-02   2.3871123e-02
  -8.0550000e+01  3.5356199e-289  6.8274073e-102   2.0357695e-37   4.6004823e-15  -7.0895819e-08  -1.4115058e-04  -1.3880364e-03  -7.7305737e-03   1.2644962e-03   1.6985252e-02   2.3925668e-02
  -8.0100000e+01  3.8402211e-282   1.1321545e-99   1.5279455e-36   1.0646452e-14  -2.4064388e-08  -1.2932938e-04  -1.2942542e-03  -7.4553876e-03   1.6119807e-03   1.7136643e-02   2.3979911e-02
  -7.9650000e+01 -6.2127059e-274  -5.8853129e-97   1.0675972e-35   2.3829593e-14   4.6321227e-08  -1.1576324e-04  -1.1980199e-03  -7.1769075e-03   1.9584425e-03   1.7287224e-02   2.4033852e-02
  -7.9200000e+01 -1.1444325e-265  -8.3362637e-94   7.2861929e-35   5.1949048e-14   1.4767651e-07  -1.0033113e-04  -1.0993167e-03  -6.8951354e-03   2.3038665e-03   1.7436996e-02   2.4087490e-02
  -7.8750000e+01 -5.8197870e-258  -6.2558233e-91   5.3027625e-34   1.1080489e-13   2.8927161e-07  -8.2908115e-05  -9.9812759e-04  -6.6100738e-03   2.6482380e-03   1.7585957e-02   2.4140826e-02
  -7.8300000e+01 -8.3276700e-251  -3.3720191e-88   4.4496090e-33   2.3195601e-13   4.8261534e-07  -6.3365470e-05  -8.9443526e-04  -6.3217267e-03   2.9915423e-03   1.7734106e-02   2.4193859e-02
  -7.7850000e+01 -6.6087504e-244  -9.7743678e-86   4.1583377e-32   4.7760549e-13   7.4190378e-07  -4.1570897e-05  -7.8822204e-04  -6.0300986e-03   3.3337644e-03   1.7881444e-02   2.4246590e-02
  -7.7400000e+01  3.1861400e-237   1.2295067e-83   3.8599521e-31   9.6881472e-13   1.0845414e-06  -1.7388732e-05  -6.7946981e-04  -5.7351954e-03   3.6748899e-03   1.8027968e-02   2.4299019e-02
  -7.6950000e+01  3.2518066e-229   1.1984814e-80   3.2736123e-30   1.9383402e-12   1.5317429e-06   9.3198025e-06  -5.6816000e-04  -5.4370238e-03   4.0149040e-03   1.8173680e-02   2.4351145e-02
  -7.6500000e+01  9.5983965e-222   2.8137939e-78   2.4646319e-29   3.8284067e-12   2.1092255e-06   3.8696326e-05  -4.5427345e-04  -5.1355915e-03   4.3537922e-03   1.8318577e-02   2.4402968e-02
  -7.6050000e+01  8.7339928e-215   4.5426429e-76   1.6510589e-28   7.4694944e-12   2.8479985e-06   7.0884995e-05  -3.3779033e-04  -4.8309074e-03   4.6915399e-03   1.8462660e-02   2.4454489e-02
  -7.5600000e+01  1.6051349e-208   5.6867379e-74   9.9748512e-28   1.4403404e-11   3.7852618e-06   1.0603216e-04  -2.1869010e-04  -4.5229814e-03   5.0281327e-03   1.8605927e-02   2.4505707e-02
  -7.5150000e+01  1.3399225e-202   4.3061598e-72   5.5264673e-27   2.7460113e-11   4.9654196e-06   1.4428602e-04  -9.6951421e-05  -4.2118244e-03   5.3635562e-03   1.8748379e-02   2.4556623e-02
  -7.4700000e+01 -7.3274241e-196  -4.4899485e-70   2.8721901e-26   5.1775564e-11   6.4412185e-06   1.8579619e-04   2.7447969e-05  -3.8974484e-03   5.6977960e-03   1.8890014e-02   2.4607236e-02
  -7.4250000e+01 -1.0087577e-188  -3.1550140e-67   1.4571640e-25   9.6565934e-11   8.2750171e-06   2.3071333e-04   1.5453130e-04  -3.5798667e-03   6.0308379e-03   1.9030832e-02   2.4657546e-02
  -7.3800000e+01 -4.7138350e-182  -9.6021168e-65   7.7071077e-25   1.7818346e-10   1.0540192e-05   2.7918863e-04   2.8432288e-04  -3.2590935e-03   6.3626676e-03   1.9170832e-02   2.4707553e-02
  -7.3350000e+01 -5.4036365e-176  -2.0970459e-62   4.5163315e-24   3.2531569e-10   1.3322685e-05   3.3137336e-04   4.1684816e-04  -2.9351442e-03   6.6932709e-03   1.9310014e-02   2.4757258e-02
  -7.2900000e+01 -3.0991024e-170  -2.6675692e-60   2.8926092e-23   5.8772375e-10   1.6722691e-05   3.8741837e-04   5.5213386e-04  -2.6080353e-03   7.0226337e-03   1.9448377e-02   2.4806660e-02
  -7.2450000e+01  4.1986994e-165   6.9870581e-59   1.8621317e-22   1.0507478e-09   2.0856488e-05   4.4747353e-04   6.9020801e-04  -2.2777845e-03   7.3507421e-03   1.9585920e-02   2.4855760e-02
  -7.2000000e+01  5.2466094e-158   4.4394135e-56   1.1166151e-21   1.8590876e-09   2.5858398e-05   5.1168716e-04   8.3110011e-04  -1.9444107e-03   7.6775819e-03   1.9722643e-02   2.4904556e-02
  -7.1550000e+01  1.0412051e-151   4.1581512e-54   6.0321258e-21   3.2553021e-09   3.1882871e-05   5.8020545e-04   9.7484116e-04  -1.6079340e-03   8.0031393e-03   1.9858546e-02   2.4953050e-02
  -7.1100000e+01  5.3922903e-146   2.6145026e-52   2.9293876e-20   5.6413497e-09   3.9106679e-05   6.5317185e-04   1.1214638e-03  -1.2683755e-03   8.3274005e-03   1.9993626e-02   2.5001241e-02
  -7.0650000e+01  5.5530337e-141   1.2947271e-50   1.2937306e-19   9.6757034e-09   4.7731190e-05   7.3072646e-04   1.2710023e-03  -9.2575764e-04   8.6503516e-03   2.0127885e-02   2.5049129e-02
  -7.0200000e+01  3.1846608e-136   4.2956269e-49   5.2811808e-19   1.6424615e-08   5.7984700e-05   8.1300531e-04   1.4234928e-03  -5.8010409e-04   8.9719789e-03   2.0261322e-02   2.5096714e-02
  -6.9750000e+01 -5.8414082e-131  -6.8440004e-48   2.0351325e-18   2.7594621e-08   7.0124783e-05   9.0013976e-04   1.5789734e-03  -2.3143968e-04   9.2922688e-03   2.0393935e-02   2.5143996e-02
  -6.9300000e+01 -6.5283892e-125  -3.1631727e-45   7.6487474e-18   4.5885118e-08   8.4440613e-05   9.9225578e-04   1.7374841e-03   1.2020953e-04   9.6112077e-03   2.0525724e-02   2.5190976e-02
  -6.8850000e+01 -4.7467281e-119  -3.9663553e-43   2.9441972e-17   7.5515708e-08   1.0125521e-04   1.0894732e-03   1.8990669e-03   4.7481623e-04   9.9287821e-03   2.0656689e-02   2.5237652e-02
  -6.8400000e+01 -2.9835628e-113  -3.5200970e-41   1.2158907e-16   1.2300394e-07   1.2092753e-04   1.1919052e-03   2.0637661e-03   8.3235189e-04   1.0244978e-02   2.0786829e-02   2.5284025e-02
  -6.7950000e+01 -1.3961641e-107  -1.9384446e-39   5.3804383e-16   1.9829601e-07   1.4385439e-04   1.2996574e-03   2.2316282e-03   1.1927867e-03   1.0559784e-02   2.0916144e-02   2.5330096e-02
  -6.7500000e+01  8.7579394e-108   4.1705502e-39   2.4077769e-15   3.1638682e-07   1.7047206e-04   1.4128270e-03   2.4027019e-03   1.5560897e-03   1.0873184e-02   2.1044633e-02   2.5375863e-02
  -6.7050000e+01   5.0052526e-98   4.3353423e-36   1.0211458e-14   4.9960682e-07   2.0125750e-04   1.5315026e-03   2.5770386e-03   1.9222284e-03   1.1185166e-02   2.1172295e-02   2.5421327e-02
  -6.6600000e+01   3.8349177e-94   1.6278113e-34   3.9628786e-14   7.8080139e-07   2.3672920e-04   1.6557629e-03   2.7546920e-03   2.2911695e-03   1.1495718e-02   2.1299130e-02   2.5466489e-02
  -6.6150000e+01   2.1896854e-90   4.0099005e-33   1.3989435e-13   1.2076829e-06   2.7744739e-04   1.7856764e-03   2.9357182e-03   2.6628779e-03   1.1804825e-02   2.1425138e-02   2.5511347e-02
  -6.5700000e+01   1.0926235e-86   7.9031259e-32   4.5347188e-13   1.8486931e-06   3.2401371e-04   1.9213003e-03   3.1201764e-03   3.0373177e-03   1.2112475e-02   2.1550317e-02   2.5555902e-02
  -6.5250000e+01   4.1954263e-83   1.1348452e-30   1.3704935e-12   2.8007714e-06   3.7707012e-04   2.0626804e-03   3.3081280e-03   3.4144513e-03   1.2418655e-02   2.1674667e-02   2.5600154e-02
  -6.4800000e+01  -3.0818326e-79   1.2369869e-30   3.9348082e-12   4.1994702e-06   4.3729698e-04   2.2098499e-03   3.4996374e-03   3.7942402e-03   1.2723352e-02   2.1798188e-02   2.5644103e-02
  -6.4350000e+01  -2.4874761e-74  -7.7888650e-28   1.1002714e-11   6.2318942e-06   5.0541040e-04   2.3628289e-03   3.6947720e-03   4.1766444e-03   1.3026554e-02   2.1920879e-02   2.5687749e-02
  -6.3900000e+01  -8.7850694e-70  -4.1316912e-26   3.0961193e-11   9.1529344e-06   5.8215844e-04   2.5216241e-03   3.8936017e-03   4.5616227e-03   1.3328247e-02   2.2042740e-02   2.5731091e-02
  -6.3450000e+01  -6.0820752e-66  -1.4583270e-24   9.0411906e-11   1.3305228e-05   6.6831655e-04   2.6862278e-03   4.0961995e-03   4.9491325e-03   1.3628418e-02   2.2163770e-02   2.5774131e-02
  -6.3000000e+01  -1.0959229e-62  -3.2396990e-23   2.7526749e-10   1.9143164e-05   7.6468179e-04   2.8566175e-03   4.3026414e-03   5.3391300e-03   1.3927057e-02   2.2283969e-02   2.5816867e-02
  -6.2550000e+01  -3.0158570e-60  -5.5867201e-23   8.4565951e-10   2.7261072e-05   8.7206619e-04   3.0327557e-03   4.5130064e-03   5.7315701e-03   1.4224149e-02   2.2403336e-02   2.5859299e-02
  -6.2100000e+01   8.3800174e-56   1.0010640e-20   2.5011853e-09   3.8425444e-05   9.9128898e-04   3.2145890e-03   4.7273764e-03   6.1264065e-03   1.4519682e-02   2.2521870e-02   2.5901429e-02
  -6.1650000e+01   5.2178981e-52   1.6119258e-19   6.8987007e-09   5.3610682e-05   1.1231679e-03   3.4020482e-03   4.9458364e-03   6.5235914e-03   1.4813645e-02   2.2639571e-02   2.5943255e-02
  -6.1200000e+01   1.6295241e-48   1.6078798e-18   1.7583985e-08   7.4037330e-05   1.2685094e-03   3.5950474e-03   5.1684744e-03   6.9230761e-03   1.5106025e-02   2.2756439e-02   2.5984778e-02
  -6.0750000e+01   1.2601839e-45   1.2819576e-17   4.1672094e-08   1.0121120e-04   1.4280984e-03   3.7934844e-03   5.3953817e-03   7.3248101e-03   1.5396809e-02   2.2872473e-02   2.6025998e-02
  -6.0300000e+01   3.7336375e-43   7.9572300e-17   9.3001028e-08   1.3696113e-04   1.6026870e-03   3.9972400e-03   5.6266522e-03   7.7287421e-03   1.5685986e-02   2.2987672e-02   2.6066914e-02
  -5.9850000e+01  -6.2427847e-41   2.1970053e-16   1.9851890e-07   1.8347230e-04   1.7929825e-03   4.2061782e-03   5.8623831e-03   8.1348193e-03   1.5973544e-02   2.3102036e-02   2.6107527e-02
  -5.9400000e+01  -4.9357293e-37  -4.0846330e-15   4.1276911e-07   2.4331156e-04   1.9996352e-03   4.4201463e-03   6.1026747e-03   8.5429877e-03   1.6259471e-02   2.3215565e-02   2.6147837e-02
  -5.8950000e+01  -9.8824025e-34  -1.0299521e-13   8.5351208e-07   3.1944037e-04   2.2232263e-03   4.6389744e-03   6.3476301e-03   8.9531920e-03   1.6543755e-02   2.3328258e-02   2.6187843e-02
  -5.8500000e+01  -3.8937408e-31  -1.4778723e-12   1.7870921e-06   4.1521093e-04   2.4642551e-03   4.8624763e-03   6.5973553e-03   9.3653758e-03   1.6826383e-02   2.3440115e-02   2.6227546e-02
  -5.8050000e+01  -4.7054112e-29  -1.3293029e-11   3.8037578e-06   5.3434064e-04   2.7231269e-03   5.0904496e-03   6.8519593e-03   9.7794811e-03   1.7107346e-02   2.3551134e-02   2.6266945e-02
  -5.7600000e+01  -1.5821067e-27  -1.9168178e-11   8.0873832e-06   6.8086105e-04   3.0001411e-03   5.3226758e-03   7.1115539e-03   1.0195449e-02   1.7386630e-02   2.3661317e-02   2.6306041e-02
  -5.7150000e+01   1.2522640e-24   6.0563679e-10   1.6676169e-05   8.5903774e-04   3.2954802e-03   5.5589212e-03   7.3762534e-03   1.0613220e-02   1.7664225e-02   2.3770661e-02   2.6344834e-02
  -5.6700000e+01   5.6048811e-22   4.2249193e-09   3.2571452e-05   1.0732595e-03   3.6091997e-03   5.7989374e-03   7.6461751e-03   1.1032731e-02   1.7940119e-02   2.3879167e-02   2.6383323e-02
  -5.6250000e+01   1.3999559e-19   1.7218030e-08   5.9748303e-05   1.3278971e-03   3.9412190e-03   6.0424620e-03   7.9214385e-03   1.1453921e-02   1.8214301e-02   2.3986835e-02   2.6421508e-02
  -5.5800000e+01   9.9431960e-18   5.6315583e-08   1.0332106e-04   1.6271334e-03   4.2913138e-03   6.2892199e-03   8.2021657e-03   1.1876725e-02   1.8486759e-02   2.4093663e-02   2.6459390e-02
  -5.5350000e+01   2.1739164e-16   1.5365678e-07   1.7006762e-04   1.9747711e-03   4.6591101e-03   6.5389240e-03   8.4884812e-03   1.2301079e-02   1.8757483e-02   2.4199651e-02   2.6496968e-02
  -5.4900000e+01   6.8463042e-16   3.0285678e-07   2.6950421e-04   2.3740249e-03   5.0440801e-03   6.7912765e-03   8.7805115e-03   1.2726916e-02   1.9026461e-02   2.4304800e-02   2.6534243e-02
  -5.4450000e+01  -5.6322632e-13  -2.6071812e-08   4.1594246e-04   2.8273085e-03   5.4455398e-03   7.0459702e-03   9.0783851e-03   1.3154170e-02   1.9293682e-02   2.4409107e-02   2.6571214e-02
  -5.4000000e+01  -7.2366994e-11  -4.5980579e-06   6.3205765e-04   3.3360298e-03   5.8626487e-03   7.3026903e-03   9.3822324e-03   1.3582771e-02   1.9559136e-02   2.4512574e-02   2.6607882e-02
  -5.3550000e+01  -1.8482478e-09  -3.0828988e-05   9.5338448e-04   3.9004077e-03   6.2944116e-03   7.5611157e-03   9.6921857e-03   1.4012650e-02   1.9822811e-02   2.4615199e-02   2.6644246e-02
  -5.3100000e+01  -1.5253368e-08  -1.1639405e-04   1.4295110e-03   4.5193262e-03   6.7396824e-03   7.8209209e-03   1.0008378e-02   1.4443737e-02   2.0084698e-02   2.4716983e-02   2.6680306e-02
  -5.2650000e+01  -4.6749343e-08  -8.2280634e-05   2.1136410e-03   5.1902390e-03   7.1971704e-03   8.0817781e-03   1.0330945e-02   1.4875959e-02   2.0344784e-02   2.4817924e-02   2.6716063e-02
  -5.2200000e+01   1.4374425e-06   9.0746494e-04   3.0380118e-03   5.9091375e-03   7.6654477e-03   8.3433592e-03   1.0660023e-02   1.5309244e-02   2.0603061e-02   2.4918022e-02   2.6751516e-02
  -5.1750000e+01   4.6710860e-05   2.7207181e-03   4.1925932e-03   6.6705900e-03   8.1429594e-03   8.6053378e-03   1.0995747e-02   1.5743518e-02   2.0859517e-02   2.5017277e-02   2.6786665e-02
  -5.1300000e+01   8.5435976e-04   4.6261908e-03   5.5298024e-03   7.4678557e-03   8.6280355e-03   8.8673920e-03   1.1338256e-02   1.6178706e-02   2.1114141e-02   2.5115688e-02   2.6821511e-02
  -5.0850000e+01   4.9185519e-03   6.4818131e-03   6.9894696e-03   8.2930722e-03   9.1189030e-03   9.1292064e-03   1.1687687e-02   1.6614732e-02   2.1366925e-02   2.5213256e-02   2.6856053e-02
  -5.0400000e+01   8.1030478e-03   8.3034462e-03   8.5188936e-03   9.1375080e-03   9.6137016e-03   9.3904753e-03   1.2044178e-02   1.7051520e-02   2.1617857e-02   2.5309979e-02   2.6890291e-02
  -4.9950000e+01   1.0072254e-02   1.0110724e-02   1.0077397e-02   9.9918678e-03   1.0110498e-02   9.6509048e-03   1.2407866e-02   1.7488990e-02   2.1866927e-02   2.5405857e-02   2.6924226e-02
  -4.9500000e+01   1.2073532e-02   1.1919574e-02   1.1631222e-02   1.0846633e-02   1.0607303e-02   9.9102162e-03   1.2778889e-02   1.7927065e-02   2.2114126e-02   2.5500890e-02   2.6957857e-02
  -4.9050000e+01   1.5505844e-02   1.3747410e-02   1.3145587e-02   1.1692415e-02   1.1102089e-02   1.0168149e-02   1.3157383e-02   1.8365665e-02   2.2359444e-02   2.5595077e-02   2.6991183e-02
  -4.8600000e+01   1.9237981e-02   1.5617812e-02   1.4577019e-02   1.2520308e-02   1.1592805e-02   1.0424462e-02   1.3543483e-02   1.8804709e-02   2.2602870e-02   2.5688418e-02   2.7024207e-02
  -4.8150000e+01   1.9786421e-02   1.7537541e-02   1.5869713e-02   1.3322207e-02   1.2077395e-02   1.0678941e-02   1.3937323e-02   1.9244115e-02   2.2844395e-02   2.5780913e-02   2.7056926e-02
  -4.7700000e+01   1.9811703e-02   1.9244527e-02   1.6963563e-02   1.4091078e-02   1.2553817e-02   1.0931396e-02   1.4339034e-02   1.9683801e-02   2.3084010e-02   2.5872561e-02   2.7089342e-02
  -4.7250000e+01   1.9812294e-02   1.9931540e-02   1.7817430e-02   1.4821169e-02   1.3020056e-02   1.1181670e-02   1.4748745e-02   2.0123684e-02   2.3321704e-02   2.5963362e-02   2.7121453e-02
  -4.6800000e+01   1.9811616e-02   1.9852998e-02   1.8432068e-02   1.5508143e-02   1.3474140e-02   1.1429636e-02   1.5166585e-02   2.0563680e-02   2.3557469e-02   2.6053315e-02   2.7153261e-02
  -4.6350000e+01   1.9798939e-02   1.9746895e-02   1.8848283e-02   1.6149119e-02   1.3914161e-02   1.1675208e-02   1.5592677e-02   2.1003703e-02   2.3791294e-02   2.6142420e-02   2.7184765e-02
  -4.5900000e+01   1.9722999e-02   1.9692304e-02   1.9122257e-02   1.6742647e-02   1.4338280e-02   1.1918337e-02   1.6027141e-02   2.1443670e-02   2.4023172e-02   2.6230677e-02   2.7215965e-02
  -4.5450000e+01   1.9657558e-02   1.9653778e-02   1.9303142e-02   1.7288591e-02   1.4744747e-02   1.2159018e-02   1.6470095e-02   2.1883492e-02   2.4253092e-02   2.6318085e-02   2.7246861e-02
  -4.5000000e+01   1.9618563e-02   1.9618343e-02   1.9425951e-02   1.7787955e-02   1.5131912e-02   1.2397293e-02   1.6921652e-02   2.2323083e-02   2.4481046e-02   2.6404644e-02   2.7277453e-02
  -4.4550000e+01   1.9579568e-02   1.9583096e-02   1.9514527e-02   1.8242656e-02   1.5498234e-02   1.2633253e-02   1.7381918e-02   2.2762356e-02   2.4707024e-02   2.6490354e-02   2.7307742e-02
  -4.4100000e+01   1.9514127e-02   1.9546872e-02   1.9586821e-02   1.8655260e-02   1.5842292e-02   1.2867041e-02   1.7850999e-02   2.3201222e-02   2.4931017e-02   2.6575214e-02   2.7337726e-02
  -4.3650000e+01   1.9438188e-02   1.9506638e-02   1.9659174e-02   1.9028707e-02   1.6162794e-02   1.3098856e-02   1.8328991e-02   2.3639593e-02   2.5153018e-02   2.6659223e-02   2.7367407e-02
  -4.3200000e+01   1.9425517e-02   1.9454857e-02   1.9748700e-02   1.9366038e-02   1.6458587e-02   1.3328954e-02   1.8815985e-02   2.4077378e-02   2.5373016e-02   2.6742382e-02   2.7396783e-02
  -4.2750000e+01   1.9424868e-02   1.9411190e-02   1.9872558e-02   1.9670133e-02   1.6728658e-02   1.3557653e-02   1.9312067e-02   2.4514488e-02   2.5591004e-02   2.6824691e-02   2.7425855e-02
  -4.2300000e+01   1.9424977e-02   1.9541780e-02   2.0043318e-02   1.9943492e-02   1.6972147e-02   1.3785332e-02   1.9817316e-02   2.4950833e-02   2.5806973e-02   2.6906148e-02   2.7454624e-02
  -4.1850000e+01   1.9430262e-02   1.9898689e-02   2.0263521e-02   2.0188044e-02   1.7188348e-02   1.4012437e-02   2.0331802e-02   2.5386320e-02   2.6020915e-02   2.6986753e-02   2.7483088e-02
  -4.1400000e+01   1.9544883e-02   2.0301090e-02   2.0525284e-02   2.0405014e-02   1.7376716e-02   1.4239480e-02   2.0855589e-02   2.5820860e-02   2.6232820e-02   2.7066507e-02   2.7511249e-02
  -4.0950000e+01   2.0324885e-02   2.0692331e-02   2.0815578e-02   2.0594835e-02   1.7536869e-02   1.4467043e-02   2.1388730e-02   2.6254360e-02   2.6442682e-02   2.7145408e-02   2.7539105e-02
  -4.0500000e+01   2.1042224e-02   2.1074387e-02   2.1121658e-02   2.0757116e-02   1.7668590e-02   1.4695777e-02   2.1931273e-02   2.6686728e-02   2.6650491e-02   2.7223457e-02   2.7566658e-02
  -4.0050000e+01   2.1460482e-02   2.1452414e-02   2.1433007e-02   2.0890655e-02   1.7771832e-02   1.4926406e-02   2.2483254e-02   2.7117871e-02   2.6856240e-02   2.7300653e-02   2.7593906e-02
  -3.9600000e+01   2.1872038e-02   2.1830126e-02   2.1740455e-02   2.0993497e-02   1.7846720e-02   1.5159725e-02   2.3044700e-02   2.7547696e-02   2.7059920e-02   2.7376996e-02   2.7620850e-02
  -3.9150000e+01   2.2537585e-02   2.2211121e-02   2.2034158e-02   2.1063037e-02   1.7893549e-02   1.5396604e-02   2.3615628e-02   2.7976110e-02   2.7261525e-02   2.7452486e-02   2.7647490e-02
  -3.8700000e+01   2.3386984e-02   2.2600883e-02   2.2301275e-02   2.1096151e-02   1.7912787e-02   1.5637983e-02   2.4196043e-02   2.8403020e-02   2.7461045e-02   2.7527121e-02   2.7673826e-02
  -3.8250000e+01   2.3555781e-02   2.3007094e-02   2.2524345e-02   2.1089355e-02   1.7905073e-02   1.5884878e-02   2.4785940e-02   2.8828332e-02   2.7658474e-02   2.7600903e-02   2.7699858e-02
  -3.7800000e+01   2.3565247e-02   2.3395185e-02   2.2682727e-02   2.1038993e-02   1.7871217e-02   1.6138377e-02   2.5385303e-02   2.9251952e-02   2.7853804e-02   2.7673830e-02   2.7725586e-02
  -3.7350000e+01   2.3565507e-02   2.3526613e-02   2.2759198e-02   2.0941435e-02   1.7812199e-02   1.6399636e-02   2.5994101e-02   2.9673787e-02   2.8047027e-02   2.7745902e-02   2.7751009e-02
  -3.6900000e+01   2.3562855e-02   2.3318348e-02   2.2748283e-02   2.0793298e-02   1.7729165e-02   1.6669886e-02   2.6612294e-02   3.0093741e-02   2.8238135e-02   2.7817119e-02   2.7776129e-02
  -3.6450000e+01   2.3499647e-02   2.3050224e-02   2.2657860e-02   2.0591662e-02   1.7623422e-02   1.6950421e-02   2.7239826e-02   3.0511722e-02   2.8427123e-02   2.7887481e-02   2.7800944e-02
  -3.6000000e+01   2.3027158e-02   2.2800789e-02   2.2501910e-02   2.0334304e-02   1.7496440e-02   1.7242605e-02   2.7876630e-02   3.0927635e-02   2.8613981e-02   2.7956988e-02   2.7825455e-02
  -3.5550000e+01   2.2577544e-02   2.2561542e-02   2.2291872e-02   2.0019923e-02   1.7349842e-02   1.7547861e-02   2.8522621e-02   3.1341385e-02   2.8798704e-02   2.8025638e-02   2.7849662e-02
  -3.5100000e+01   2.2317885e-02   2.2325607e-02   2.2032384e-02   1.9648356e-02   1.7185400e-02   1.7867674e-02   2.9177704e-02   3.1752878e-02   2.8981284e-02   2.8093432e-02   2.7873565e-02
  -3.4650000e+01   2.2066357e-02   2.2090239e-02   2.1720260e-02   1.9220779e-02   1.7005034e-02   1.8203583e-02   2.9841768e-02   3.2162022e-02   2.9161714e-02   2.8160370e-02   2.7897164e-02
  -3.4200000e+01   2.1684954e-02   2.1855236e-02   2.1343371e-02   1.8739870e-02   1.6810803e-02   1.8557180e-02   3.0514685e-02   3.2568720e-02   2.9339987e-02   2.8226451e-02   2.7920458e-02
  -3.3750000e+01   2.1131503e-02   2.1627730e-02   2.0877871e-02   1.8209940e-02   1.6604902e-02   1.8930102e-02   3.1196312e-02   3.2972880e-02   2.9516097e-02   2.8291675e-02   2.7943448e-02
  -3.3300000e+01   2.0988548e-02   2.1438017e-02   2.0285711e-02   1.7636996e-02   1.6389661e-02   1.9324027e-02   3.1886493e-02   3.3374409e-02   2.9690037e-02   2.8356042e-02   2.7966134e-02
  -3.2850000e+01   2.0979452e-02   2.1289688e-02   1.9519187e-02   1.7028735e-02   1.6167536e-02   1.9740668e-02   3.2585052e-02   3.3773211e-02   2.9861800e-02   2.8419551e-02   2.7988516e-02
  -3.2400000e+01   2.0978873e-02   2.0650883e-02   1.8539357e-02   1.6394449e-02   1.5941112e-02   2.0181768e-02   3.3291799e-02   3.4169196e-02   3.0031380e-02   2.8482202e-02   2.8010593e-02
  -3.1950000e+01   2.0961192e-02   1.8951381e-02   1.7340798e-02   1.5744835e-02   1.5713102e-02   2.0649089e-02   3.4006526e-02   3.4562268e-02   3.0198770e-02   2.8543995e-02   2.8032366e-02
  -3.1500000e+01   2.0487549e-02   1.6940176e-02   1.5959368e-02   1.5091702e-02   1.5486352e-02   2.1144409e-02   3.4729007e-02   3.4952337e-02   3.0363965e-02   2.8604930e-02   2.8053835e-02
  -3.1050000e+01   1.6720797e-02   1.4974474e-02   1.4454566e-02   1.4447583e-02   1.5263839e-02   2.1669513e-02   3.5459002e-02   3.5339310e-02   3.0526957e-02   2.8665007e-02   2.8074999e-02
  -3.0600000e+01   1.3165911e-02   1.3051031e-02   1.2886700e-02   1.3825258e-02   1.5048683e-02   2.2226182e-02   3.6196250e-02   3.5723094e-02   3.0687742e-02   2.8724224e-02   2.8095860e-02
  -3.0150000e+01   1.1095224e-02   1.1145383e-02   1.1307406e-02   1.3237205e-02   1.4844158e-02   2.2816187e-02   3.6940474e-02   3.6103600e-02   3.0846312e-02   2.8782583e-02   2.8116416e-02
  -2.9700000e+01   9.1175809e-03   9.2434201e-03   9.7633009e-03   1.2695014e-02   1.4653697e-02   2.3441279e-02   3.7691380e-02   3.6480735e-02   3.1002662e-02   2.8840082e-02   2.8136667e-02
  -2.9250000e+01   6.4692600e-03   7.3338216e-03   8.3060922e-03   1.2208793e-02   1.4480917e-02   2.4103178e-02   3.8448654e-02   3.6854409e-02   3.1156786e-02   2.8896721e-02   2.8156614e-02
  -2.8800000e+01   2.0066075e-03   5.3954226e-03   7.0053614e-03   1.1786602e-02   1.4329626e-02   2.4803564e-02   3.9211966e-02   3.7224533e-02   3.1308678e-02   2.8952501e-02   2.8176257e-02
  -2.8350000e+01   1.5627438e-04   3.3704906e-03   5.9592258e-03   1.1433953e-02   1.4203850e-02   2.5544067e-02   3.9980968e-02   3.7591016e-02   3.1458333e-02   2.9007421e-02   2.8195596e-02
  -2.7900000e+01   6.1012898e-06   1.2600945e-03   5.2891549e-03   1.1153431e-02   1.4107849e-02   2.6326257e-02   4.0755292e-02   3.7953772e-02   3.1605744e-02   2.9061481e-02   2.8214630e-02
  -2.7450000e+01   2.8042042e-08   2.2456032e-04   5.1021170e-03   1.0944450e-02   1.4046143e-02   2.7151628e-02   4.1534555e-02   3.8312711e-02   3.1750908e-02   2.9114680e-02   2.8233360e-02
  -2.7000000e+01   1.5394180e-05   1.7207690e-03   5.4326037e-03   1.0803187e-02   1.4023527e-02   2.8021596e-02   4.2318354e-02   3.8667746e-02   3.1893818e-02   2.9167018e-02   2.8251785e-02
  -2.6550000e+01   5.0987273e-04   3.9025276e-03   6.2183027e-03   1.0722711e-02   1.4045095e-02   2.8937480e-02   4.3106270e-02   3.9018791e-02   3.2034468e-02   2.9218496e-02   2.8269907e-02
  -2.6100000e+01   4.4110748e-03   5.9472440e-03   7.3373317e-03   1.0693304e-02   1.4116261e-02   2.9900491e-02   4.3897864e-02   3.9365759e-02   3.2172855e-02   2.9269112e-02   2.8287723e-02
  -2.5650000e+01   7.7477140e-03   7.9161992e-03   8.6646338e-03   1.0702978e-02   1.4242767e-02   3.0911728e-02   4.4692684e-02   3.9708566e-02   3.2308971e-02   2.9318867e-02   2.8305235e-02
  -2.5200000e+01   9.8160649e-03   9.8639940e-03   1.0100210e-02   1.0738159e-02   1.4430696e-02   3.1972157e-02   4.5490257e-02   4.0047126e-02   3.2442814e-02   2.9367761e-02   2.8322443e-02
  -2.4750000e+01   1.1769813e-02   1.1807068e-02   1.1566857e-02   1.0784511e-02   1.4686478e-02   3.3082607e-02   4.6290096e-02   4.0381358e-02   3.2574377e-02   2.9415793e-02   2.8339347e-02
  -2.4300000e+01   1.3719499e-02   1.3752142e-02   1.2994846e-02   1.0827861e-02   1.5016882e-02   3.4243756e-02   4.7091696e-02   4.0711178e-02   3.2703656e-02   2.9462963e-02   2.8355946e-02
  -2.3850000e+01   1.5671370e-02   1.5714635e-02   1.4304125e-02   1.0855171e-02   1.5429008e-02   3.5456121e-02   4.7894537e-02   4.1036504e-02   3.2830646e-02   2.9509271e-02   2.8372240e-02
  -2.3400000e+01   1.7625263e-02   1.7755671e-02   1.5389485e-02   1.0855524e-02   1.5930263e-02   3.6720046e-02   4.8698083e-02   4.1357255e-02   3.2955343e-02   2.9554716e-02   2.8388231e-02
  -2.2950000e+01   1.9596131e-02   1.9956888e-02   1.6120934e-02   1.0821048e-02   1.6528328e-02   3.8035696e-02   4.9501785e-02   4.1673353e-02   3.3077741e-02   2.9599299e-02   2.8403916e-02
  -2.2500000e+01   2.1536376e-02   2.1326560e-02   1.6377227e-02   1.0747770e-02   1.7231114e-02   3.9403044e-02   5.0305077e-02   4.1984717e-02   3.3197837e-02   2.9643020e-02   2.8419298e-02
  -2.2050000e+01   1.9596131e-02   1.9956887e-02   1.6105278e-02   1.0636329e-02   1.8046707e-02   4.0821861e-02   5.1107381e-02   4.2291271e-02   3.3315625e-02   2.9685877e-02   2.8434374e-02
  -2.1600000e+01   1.7625263e-02   1.7755665e-02   1.5352421e-02   1.0492542e-02   1.8983297e-02   4.2291715e-02   5.1908105e-02   4.2592938e-02   3.3431103e-02   2.9727872e-02   2.8449147e-02
  -2.1150000e+01   1.5671370e-02   1.5714613e-02   1.4234080e-02   1.0327789e-02   2.0049099e-02   4.3811954e-02   5.2706645e-02   4.2889641e-02   3.3544265e-02   2.9769003e-02   2.8463615e-02
  -2.0700000e+01   1.3719499e-02   1.3752072e-02   1.2873883e-02   1.0159222e-02   2.1252258e-02   4.5381707e-02   5.3502386e-02   4.3181307e-02   3.3655107e-02   2.9809271e-02   2.8477778e-02
  -2.0250000e+01   1.1769813e-02   1.1806885e-02   1.1369210e-02   1.0009787e-02   2.2600745e-02   4.6999874e-02   5.4294700e-02   4.3467862e-02   3.3763625e-02   2.9848676e-02   2.8491637e-02
  -1.9800000e+01   9.8160649e-03   9.8636835e-03   9.7893570e-03   9.9080761e-03   2.4102246e-02   4.8665122e-02   5.5082950e-02   4.3749234e-02   3.3869816e-02   2.9887217e-02   2.8505191e-02
  -1.9350000e+01   7.7477140e-03   7.9166433e-03   8.1878924e-03   9.8880000e-03   2.5764031e-02   5.0375884e-02   5.5866491e-02   4.4025352e-02   3.3973676e-02   2.9924894e-02   2.8518441e-02
  -1.8900000e+01   4.4110750e-03   5.9551920e-03   6.6165530e-03   9.9883067e-03   2.7592831e-02   5.2130353e-02   5.6644668e-02   4.4296146e-02   3.4075200e-02   2.9961707e-02   2.8531386e-02
  -1.8450000e+01   5.0987914e-04   3.9505999e-03   5.1366025e-03   1.0251937e-02   2.9594701e-02   5.3926480e-02   5.7416818e-02   4.4561547e-02   3.4174386e-02   2.9997656e-02   2.8544027e-02
  -1.8000000e+01   1.5441369e-05   1.8833340e-03   3.8231289e-03   1.0725223e-02   3.1774881e-02   5.5761979e-02   5.8182274e-02   4.4821489e-02   3.4271228e-02   3.0032740e-02   2.8556364e-02
  -1.7550000e+01   7.8439164e-08   2.0904389e-04   2.7540301e-03   1.1456930e-02   3.4137660e-02   5.7634322e-02   5.8940360e-02   4.5075905e-02   3.4365725e-02   3.0066960e-02   2.8568396e-02
  -1.7100000e+01  -3.2351904e-08  -1.7234510e-04   1.9841040e-03   1.2497132e-02   3.6686240e-02   5.9540744e-02   5.9690399e-02   4.5324731e-02   3.4457873e-02   3.0100316e-02   2.8580123e-02
  -1.6650000e+01  -3.3973434e-09  -6.1849611e-05   1.5271332e-03   1.3895941e-02   3.9422612e-02   6.1478248e-02   6.0431709e-02   4.5567903e-02   3.4547668e-02   3.0132807e-02   2.8591546e-02
  -1.6200000e+01  -1.7783470e-10  -1.1218539e-05   1.3684188e-03   1.5702075e-02   4.2347429e-02   6.3443607e-02   6.1163605e-02   4.5805360e-02   3.4635107e-02   3.0164433e-02   2.8602664e-02
  -1.5750000e+01  -2.2517377e-12  -4.5566147e-07   1.4961739e-03   1.7961303e-02   4.5459902e-02   6.5433372e-02   6.1885402e-02   4.6037040e-02   3.4720187e-02   3.0195194e-02   2.8613477e-02
  -1.5300000e+01  -5.7067669e-15   1.7153303e-06   1.9262690e-03   2.0714795e-02   4.8757702e-02   6.7443881e-02   6.2596415e-02   4.6262885e-02   3.4802905e-02   3.0225090e-02   2.8623986e-02
  -1.4850000e+01  -4.8309607e-15   2.8649838e-06   2.7158059e-03   2.3997415e-02   5.2236882e-02   6.9471264e-02   6.3295958e-02   4.6482838e-02   3.4883258e-02   3.0254121e-02   2.8634191e-02
  -1.4400000e+01  -7.8149383e-12  -1.6757384e-06   3.9783894e-03   2.7836042e-02   5.5891820e-02   7.1511459e-02   6.3983350e-02   4.6696841e-02   3.4961242e-02   3.0282286e-02   2.8644091e-02
  -1.3950000e+01  -1.0235763e-09  -5.2194973e-05   5.9128320e-03   3.2247975e-02   5.9715171e-02   7.3560220e-02   6.4657912e-02   4.6904840e-02   3.5036856e-02   3.0309586e-02   2.8653686e-02
  -1.3500000e+01  -2.5870343e-08  -3.3028137e-04   8.8401256e-03   3.7239543e-02   6.3697859e-02   7.5613131e-02   6.5318971e-02   4.7106782e-02   3.5110097e-02   3.0336021e-02   2.8662977e-02
  -1.3050000e+01  -1.9994759e-07  -1.1761917e-03   1.3206114e-02   4.2805002e-02   6.7829072e-02   7.7665619e-02   6.5965858e-02   4.7302615e-02   3.5180961e-02   3.0361590e-02   2.8671964e-02
  -1.2600000e+01  -4.1726187e-07  -3.6537708e-04   1.9473752e-02   4.8925818e-02   7.2096295e-02   7.9712975e-02   6.6597912e-02   4.7492288e-02   3.5249447e-02   3.0386293e-02   2.8680645e-02
  -1.2150000e+01   2.2333598e-05   9.8376359e-03   2.7896315e-02   5.5570426e-02   7.6485361e-02   8.1750364e-02   6.7214480e-02   4.7675754e-02   3.5315552e-02   3.0410130e-02   2.8689022e-02
  -1.1700000e+01   6.4023135e-04   2.6241636e-02   3.8345253e-02   6.2694518e-02   8.0980521e-02   8.3772847e-02   6.7814920e-02   4.7852964e-02   3.5379273e-02   3.0433101e-02   2.8697095e-02
  -1.1250000e+01   1.0313991e-02   4.2930705e-02   5.0380670e-02   7.0241875e-02   8.5564544e-02   8.5775398e-02   6.8398599e-02   4.8023874e-02   3.5440609e-02   3.0455206e-02   2.8704863e-02
  -1.0800000e+01   4.7764498e-02   5.9190817e-02   6.3480572e-02   7.8145738e-02   9.0218830e-02   8.7752925e-02   6.8964896e-02   4.8188438e-02   3.5499557e-02   3.0476445e-02   2.8712326e-02
  -1.0350000e+01   7.3572967e-02   7.5210179e-02   7.7206096e-02   8.6330651e-02   9.4923548e-02   8.9700290e-02   6.9513204e-02   4.8346616e-02   3.5556115e-02   3.0496818e-02   2.8719485e-02
  -9.9000000e+00   9.0593143e-02   9.1136497e-02   9.1230615e-02   9.4714689e-02   9.9657785e-02   9.1612330e-02   7.0042931e-02   4.8498366e-02   3.5610281e-02   3.0516324e-02   2.8726339e-02
  -9.4500000e+00   1.0816353e-01   1.0708697e-01   1.0529371e-01   1.0321194e-01   1.0439971e-01   9.3483880e-02   7.0553498e-02   4.8643648e-02   3.5662053e-02   3.0534964e-02   2.8732888e-02
  -9.0000000e+00   1.3858767e-01   1.2319674e-01   1.1913831e-01   1.1173513e-01   1.0912677e-01   9.5309793e-02   7.1044346e-02   4.8782426e-02   3.5711429e-02   3.0552738e-02   2.8739133e-02
  -8.5500000e+00   1.7055966e-01   1.3964363e-01   1.3245497e-01   1.2019819e-01   1.1381585e-01   9.7084965e-02   7.1514930e-02   4.8914664e-02   3.5758407e-02   3.0569645e-02   2.8745074e-02
  -8.1000000e+00   1.7483651e-01   1.5638345e-01   1.4485952e-01   1.2851869e-01   1.1844347e-01   9.8804357e-02   7.1964728e-02   4.9040328e-02   3.5802987e-02   3.0585685e-02   2.8750709e-02
  -7.6500000e+00   1.7501544e-01   1.7103534e-01   1.5595348e-01   1.3661997e-01   1.2298601e-01   1.0046302e-01   7.2393234e-02   4.9159384e-02   3.5845166e-02   3.0600859e-02   2.8756040e-02
  -7.2000000e+00   1.7502222e-01   1.7836938e-01   1.6548047e-01   1.4443289e-01   1.2741988e-01   1.0205611e-01   7.2799965e-02   4.9271803e-02   3.5884942e-02   3.0615166e-02   2.8761067e-02
  -6.7500000e+00   1.7512392e-01   1.8183768e-01   1.7346275e-01   1.5189708e-01   1.3172171e-01   1.0357892e-01   7.3184460e-02   4.9377555e-02   3.5922315e-02   3.0628606e-02   2.8765789e-02
  -6.3000000e+00   1.7694381e-01   1.8559176e-01   1.8016725e-01   1.5896175e-01   1.3586857e-01   1.0502690e-01   7.3546281e-02   4.9476613e-02   3.5957283e-02   3.0641179e-02   2.8770206e-02
  -5.8500000e+00   1.8610199e-01   1.8964160e-01   1.8593747e-01   1.6558595e-01   1.3983812e-01   1.0639567e-01   7.3885012e-02   4.9568951e-02   3.5989845e-02   3.0652886e-02   2.8774318e-02
  -5.4000000e+00   1.9327789e-01   1.9372732e-01   1.9105575e-01   1.7173841e-01   1.4360882e-01   1.0768107e-01   7.4200264e-02   4.9654546e-02   3.6019999e-02   3.0663725e-02   2.8778126e-02
  -4.9500000e+00   1.9771527e-01   1.9779972e-01   1.9570340e-01   1.7739692e-01   1.4716004e-01   1.0887913e-01   7.4491672e-02   4.9733375e-02   3.6047745e-02   3.0673698e-02   2.8781630e-02
  -4.5000000e+00   2.0222492e-01   2.0187701e-01   1.9997644e-01   1.8254747e-01   1.5047228e-01   1.0998613e-01   7.4758897e-02   4.9805418e-02   3.6073082e-02   3.0682803e-02   2.8784828e-02
  -4.0500000e+00   2.0995924e-01   2.0599632e-01   2.0390682e-01   1.8718309e-01   1.5352728e-01   1.1099862e-01   7.5001629e-02   4.9870656e-02   3.6096008e-02   3.0691041e-02   2.8787723e-02
  -3.6000000e+00   2.1836918e-01   2.1021033e-01   2.0747195e-01   1.9130259e-01   1.5630812e-01   1.1191340e-01   7.5219584e-02   4.9929072e-02   3.6116523e-02   3.0698413e-02   2.8790312e-02
  -3.1500000e+00   2.1960503e-01   2.1453292e-01   2.1060097e-01   1.9490924e-01   1.5879938e-01   1.1272759e-01   7.5412505e-02   4.9980652e-02   3.6134626e-02   3.0704917e-02   2.8792597e-02
  -2.7000000e+00   2.1966200e-01   2.1837899e-01   2.1319934e-01   1.9800945e-01   1.6098724e-01   1.1343858e-01   7.5580167e-02   5.0025381e-02   3.6150317e-02   3.0710554e-02   2.8794577e-02
  -2.2500000e+00   2.1966337e-01   2.1996411e-01   2.1520294e-01   2.0061150e-01   1.6285952e-01   1.1404411e-01   7.5722372e-02   5.0063248e-02   3.6163595e-02   3.0715323e-02   2.8796252e-02
  -1.8000000e+00   2.1966329e-01   2.1986476e-01   2.1662913e-01   2.0272446e-01   1.6440580e-01   1.1454223e-01   7.5838951e-02   5.0094244e-02   3.6174459e-02   3.0719226e-02   2.8797623e-02
  -1.3500000e+00   2.1966327e-01   2.1971001e-01   2.1757282e-01   2.0435712e-01   1.6561749e-01   1.1493134e-01   7.5929768e-02   5.0118360e-02   3.6182910e-02   3.0722261e-02   2.8798690e-02
  -9.0000000e-01   2.1966327e-01   2.1966910e-01   2.1815312e-01   2.0551721e-01   1.6648783e-01   1.1521018e-01   7.5994714e-02   5.0135591e-02   3.6188946e-02   3.0724429e-02   2.8799451e-02
  -4.5000000e-01   2.1966327e-01   2.1966255e-01   2.1846503e-01   2.0621073e-01   1.6701198e-01   1.1537784e-01   7.6033712e-02   5.0145931e-02   3.6192568e-02   3.0725730e-02   2.8799908e-02
   0.0000000e+00   2.1966327e-01   2.1966201e-01   2.1856327e-01   2.0644147e-01   1.6718702e-01   1.1543379e-01   7.6046717e-02   5.0149378e-02   3.6193775e-02   3.0726164e-02   2.8800060e-02
   4.5000000e-01   2.1966327e-01   2.1966255e-01   2.1846503e-01   2.0621073e-01   1.6701198e-01   1.1537784e-01   7.6033712e-02   5.0145931e-02   3.6192568e-02   3.0725730e-02   2.8799908e-02
   9.0000000e-01   2.1966327e-01   2.1966910e-01   2.1815312e-01   2.0551721e-01   1.6648783e-01   1.1521018e-01   7.5994714e-02   5.0135591e-02   3.6188946e-02   3.0724429e-02   2.8799451e-02
   1.3500000e+00   2.1966327e-01   2.1971001e-01   2.1757282e-01   2.0435712e-01   1.6561749e-01   1.1493134e-01   7.5929768e-02   5.0118360e-02   3.6182910e-02   3.0722261e-02   2.8798690e-02
   1.8000000e+00   2.1966329e-01   2.1986476e-01   2.1662913e-01   2.0272446e-01   1.6440580e-01   1.1454223e-01   7.5838951e-02   5.0094244e-02   3.6174459e-02   3.0719226e-02   2.8797623e-02
   2.2500000e+00   2.1966337e-01   2.1996411e-01   2.1520294e-01   2.0061150e-01   1.6285952e-01   1.1404411e-01   7.5722372e-02   5.0063248e-02   3.6163595e-02   3.0715323e-02   2.8796252e-02
   2.7000000e+00   2.1966200e-01   2.1837899e-01   2.1319934e-01   1.9800945e-01   1.6098724e-01   1.1343858e-01   7.5580167e-02   5.0025381e-02   3.6150317e-02   3.0710554e-02   2.8794577e-02
   3.1500000e+00   2.1960503e-01   2.1453292e-01   2.1060097e-01   1.9490924e-01   1.5879938e-01   1.1272759e-01   7.5412505e-02   4.9980652e-02   3.6134626e-02   3.0704917e-02   2.8792597e-02
   3.6000000e+00   2.1836918e-01   2.1021033e-01   2.0747195e-01   1.9130259e-01   1.5630812e-01   1.1191340e-01   7.5219584e-02   4.9929072e-02   3.6116523e-02   3.0698413e-02   2.8790312e-02
   4.0500000e+00   2.0995924e-01   2.0599632e-01   2.0390682e-01   1.8718309e-01   1.5352728e-01   1.1099862e-01   7.5001629e-02   4.9870656e-02   3.6096008e-02   3.0691041e-02   2.8787723e-02
   4.5000000e+00   2.0222492e-01   2.0187701e-01   1.9997644e-01   1.8254747e-01   1.5047228e-01   1.0998613e-01   7.4758897e-02   4.9805418e-02   3.6073082e-02   3.0682803e-02   2.8784828e-02
   4.9500000e+00   1.9771527e-01   1.9779972e-01   1.9570340e-01   1.7739692e-01   1.4716004e-01   1.0887913e-01   7.4491672e-02   4.9733375e-02   3.6047745e-02   3.0673698e-02   2.8781630e-02
   5.4000000e+00   1.9327789e-01   1.9372732e-01   1.9105575e-01   1.7173841e-01   1.4360882e-01   1.0768107e-01   7.4200264e-02   4.9654546e-02   3.6019999e-02   3.0663725e-02   2.8778126e-02
   5.8500000e+00   1.8610199e-01   1.8964160e-01   1.8593747e-01   1.6558595e-01   1.3983812e-01   1.0639567e-01   7.3885012e-02   4.9568951e-02   3.5989845e-02   3.0652886e-02   2.8774318e-02
   6.3000000e+00   1.7694381e-01   1.8559176e-01   1.8016725e-01   1.5896175e-01   1.3586857e-01   1.0502690e-01   7.3546281e-02   4.9476613e-02   3.5957283e-02   3.0641179e-02   2.8770206e-02
   6.7500000e+00   1.7512392e-01   1.8183768e-01   1.7346275e-01   1.5189708e-01   1.3172171e-01   1.0357892e-01   7.3184460e-02   4.9377555e-02   3.5922315e-02   3.0628606e-02   2.8765789e-02
   7.2000000e+00   1.7502222e-01   1.7836938e-01   1.6548047e-01   1.4443289e-01   1.2741988e-01   1.0205611e-01   7.2799965e-02   4.9271803e-02   3.5884942e-02   3.0615166e-02   2.8761067e-02
   7.6500000e+00   1.7501544e-01   1.7103534e-01   1.5595348e-01   1.3661997e-01   1.2298601e-01   1.0046302e-01   7.2393234e-02   4.9159384e-02   3.5845166e-02   3.0600859e-02   2.8756040e-02
   8.1000000e+00   1.7483651e-01   1.5638345e-01   1.4485952e-01   1.2851869e-01   1.1844347e-01   9.8804357e-02   7.1964728e-02   4.9040328e-02   3.5802987e-02   3.0585685e-02   2.8750709e-02
   8.5500000e+00   1.7055966e-01   1.3964363e-01   1.3245497e-01   1.2019819e-01   1.1381585e-01   9.7084965e-02   7.1514930e-02   4.8914664e-02   3.5758407e-02   3.0569645e-02   2.8745074e-02
   9.0000000e+00   1.3858767e-01   1.2319674e-01   1.1913831e-01   1.1173513e-01   1.0912677e-01   9.5309793e-02   7.1044346e-02   4.8782426e-02   3.5711429e-02   3.0552738e-02   2.8739133e-02
   9.4500000e+00   1.0816353e-01   1.0708697e-01   1.0529371e-01   1.0321194e-01   1.0439971e-01   9.3483880e-02   7.0553498e-02   4.8643648e-02   3.5662053e-02   3.0534964e-02   2.8732888e-02
   9.9000000e+00   9.0593143e-02   9.1136497e-02   9.1230615e-02   9.4714689e-02   9.9657785e-02   9.1612330e-02   7.0042931e-02   4.8498366e-02   3.5610281e-02   3.0516324e-02   2.8726339e-02
   1.0350000e+01   7.3572967e-02   7.5210179e-02   7.7206096e-02   8.6330651e-02   9.4923548e-02   8.9700290e-02   6.9513204e-02   4.8346616e-02   3.5556115e-02   3.0496818e-02   2.8719485e-02
   1.0800000e+01   4.7764498e-02   5.9190817e-02   6.3480572e-02   7.8145738e-02   9.0218830e-02   8.7752925e-02   6.8964896e-02   4.8188438e-02   3.5499557e-02   3.0476445e-02   2.8712326e-02
   1.1250000e+01   1.0313991e-02   4.2930705e-02   5.0380670e-02   7.0241875e-02   8.5564544e-02   8.5775398e-02   6.8398599e-02   4.8023874e-02   3.5440609e-02   3.0455206e-02   2.8704863e-02
   1.1700000e+01   6.4023135e-04   2.6241636e-02   3.8345253e-02   6.2694518e-02   8.0980521e-02   8.3772847e-02   6.7814920e-02   4.7852964e-02   3.5379273e-02   3.0433101e-02   2.8697095e-02
   1.2150000e+01   2.2333598e-05   9.8376359e-03   2.7896315e-02   5.5570426e-02   7.6485361e-02   8.1750364e-02   6.7214480e-02   4.7675754e-02   3.5315552e-02   3.0410130e-02   2.8689022e-02
   1.2600000e+01  -4.1726187e-07  -3.6537708e-04   1.9473752e-02   4.8925818e-02   7.2096295e-02   7.9712975e-02   6.6597912e-02   4.7492288e-02   3.5249447e-02   3.0386293e-02   2.8680645e-02
   1.3050000e+01  -1.9994759e-07  -1.1761917e-03   1.3206114e-02   4.2805002e-02   6.7829072e-02   7.7665619e-02   6.5965858e-02   4.7302615e-02   3.5180961e-02   3.0361590e-02   2.8671964e-02
   1.3500000e+01  -2.5870343e-08  -3.3028137e-04   8.8401256e-03   3.7239543e-02   6.3697859e-02   7.5613131e-02   6.5318971e-02   4.7106782e-02   3.5110097e-02   3.0336021e-02   2.8662977e-02
   1.3950000e+01  -1.0235763e-09  -5.2194973e-05   5.9128320e-03   3.2247975e-02   5.9715171e-02   7.3560220e-02   6.4657912e-02   4.6904840e-02   3.5036856e-02   3.0309586e-02   2.8653686e-02
   1.4400000e+01  -7.8149383e-12  -1.6757384e-06   3.9783894e-03   2.7836042e-02   5.5891820e-02   7.1511459e-02   6.3983350e-02   4.6696841e-02   3.4961242e-02   3.0282286e-02   2.8644091e-02
   1.4850000e+01  -4.8309607e-15   2.8649838e-06   2.7158059e-03   2.3997415e-02   5.2236882e-02   6.9471264e-02   6.3295958e-02   4.6482838e-02   3.4883258e-02   3.0254121e-02   2.8634191e-02
   1.5300000e+01  -5.7067669e-15   1.7153303e-06   1.9262690e-03   2.0714795e-02   4.8757702e-02   6.7443881e-02   6.2596415e-02   4.6262885e-02   3.4802905e-02   3.0225090e-02   2.8623986e-02
   1.5750000e+01  -2.2517377e-12  -4.5566147e-07   1.4961739e-03   1.7961303e-02   4.5459902e-02   6.5433372e-02   6.1885402e-02   4.6037040e-02   3.4720187e-02   3.0195194e-02   2.8613477e-02
   1.6200000e+01  -1.7783470e-10  -1.1218539e-05   1.3684188e-03   1.5702075e-02   4.2347429e-02   6.3443607e-02   6.1163605e-02   4.5805360e-02   3.4635107e-02   3.0164433e-02   2.8602664e-02
   1.6650000e+01  -3.3973434e-09  -6.1849611e-05   1.5271332e-03   1.3895941e-02   3.9422612e-02   6.1478248e-02   6.0431709e-02   4.5567903e-02   3.4547668e-02   3.0132807e-02   2.8591546e-02
   1.7100000e+01  -3.2351904e-08  -1.7234510e-04   1.9841040e-03   1.2497132e-02   3.6686240e-02   5.9540744e-02   5.9690399e-02   4.5324731e-02   3.4457873e-02   3.0100316e-02   2.8580123e-02
   1.7550000e+01   7.8439164e-08   2.0904389e-04   2.7540301e-03   1.1456930e-02   3.4137660e-02   5.7634322e-02   5.8940360e-02   4.5075905e-02   3.4365725e-02   3.0066960e-02   2.8568396e-02
   1.8000000e+01   1.5441369e-05   1.8833340e-03   3.8231289e-03   1.0725223e-02   3.1774881e-02   5.5761979e-02   5.8182274e-02   4.4821489e-02   3.4271228e-02   3.0032740e-02   2.8556364e-02
   1.8450000e+01   5.0987914e-04   3.9505999e-03   5.1366025e-03   1.0251937e-02   2.9594701e-02   5.3926480e-02   5.7416818e-02   4.4561547e-02   3.4174386e-02   2.9997656e-02   2.8544027e-02
   1.8900000e+01   4.4110750e-03   5.9551920e-03   6.6165530e-03   9.9883067e-03   2.7592831e-02   5.2130353e-02   5.6644668e-02   4.4296146e-02   3.4075200e-02   2.9961707e-02   2.8531386e-02
   1.9350000e+01   7.7477140e-03   7.9166433e-03   8.1878924e-03   9.8880000e-03   2.5764031e-02   5.0375884e-02   5.5866491e-02   4.4025352e-02   3.3973676e-02   2.9924894e-02   2.8518441e-02
   1.9800000e+01   9.8160649e-03   9.8636835e-03   9.7893570e-03   9.9080761e-03   2.4102246e-02   4.8665122e-02   5.5082950e-02   4.3749234e-02   3.3869816e-02   2.9887217e-02   2.8505191e-02
   2.0250000e+01   1.1769813e-02   1.1806885e-02   1.1369210e-02   1.0009787e-02   2.2600745e-02   4.6999874e-02   5.4294700e-02   4.3467862e-02   3.3763625e-02   2.9848676e-02   2.8491637e-02
   2.0700000e+01   1.3719499e-02   1.3752072e-02   1.2873883e-02   1.0159222e-02   2.1252258e-02   4.5381707e-02   5.3502386e-02   4.3181307e-02   3.3655107e-02   2.9809271e-02   2.8477778e-02
   2.1150000e+01   1.5671370e-02   1.5714613e-02   1.4234080e-02   1.0327789e-02   2.0049099e-02   4.3811954e-02   5.2706645e-02   4.2889641e-02   3.3544265e-02   2.9769003e-02   2.8463615e-02
   2.1600000e+01   1.7625263e-02   1.7755665e-02   1.5352421e-02   1.0492542e-02   1.8983297e-02   4.2291715e-02   5.1908105e-02   4.2592938e-02   3.3431103e-02   2.9727872e-02   2.8449147e-02
   2.2050000e+01   1.9596131e-02   1.9956887e-02   1.6105278e-02   1.0636329e-02   1.8046707e-02   4.0821861e-02   5.1107381e-02   4.2291271e-02   3.3315625e-02   2.9685877e-02   2.8434374e-02
   2.2500000e+01   2.1536376e-02   2.1326560e-02   1.6377227e-02   1.0747770e-02   1.7231114e-02   3.9403044e-02   5.0305077e-02   4.1984717e-02   3.3197837e-02   2.9643020e-02   2.8419298e-02
   2.2950000e+01   1.9596131e-02   1.9956888e-02   1.6120934e-02   1.0821048e-02   1.6528328e-02   3.8035696e-02   4.9501785e-02   4.1673353e-02   3.3077741e-02   2.9599299e-02   2.8403916e-02
   2.3400000e+01   1.7625263e-02   1.7755671e-02   1.5389485e-02   1.0855524e-02   1.5930263e-02   3.6720046e-02   4.8698083e-02   4.1357255e-02   3.2955343e-02   2.9554716e-02   2.8388231e-02
   2.3850000e+01   1.5671370e-02   1.5714635e-02   1.4304125e-02   1.0855171e-02   1.5429008e-02   3.5456121e-02   4.7894537e-02   4.1036504e-02   3.2830646e-02   2.9509271e-02   2.8372240e-02
   2.4300000e+01   1.3719499e-02   1.3752142e-02   1.2994846e-02   1.0827861e-02   1.5016882e-02   3.4243756e-02   4.7091696e-02   4.0711178e-02   3.2703656e-02   2.9462963e-02   2.8355946e-02
   2.4750000e+01   1.1769813e-02   1.1807068e-02   1.1566857e-02   1.0784511e-02   1.4686478e-02   3.3082607e-02   4.6290096e-02   4.0381358e-02   3.2574377e-02   2.9415793e-02   2.8339347e-02
   2.5200000e+01   9.8160649e-03   9.8639940e-03   1.0100210e-02   1.0738159e-02   1.4430696e-02   3.1972157e-02   4.5490257e-02   4.0047126e-02   3.2442814e-02   2.9367761e-02   2.8322443e-02
   2.5650000e+01   7.7477140e-03   7.9161992e-03   8.6646338e-03   1.0702978e-02   1.4242767e-02   3.0911728e-02   4.4692684e-02   3.9708566e-02   3.2308971e-02   2.9318867e-02   2.8305235e-02
   2.6100000e+01   4.4110748e-03   5.9472440e-03   7.3373317e-03   1.0693304e-02   1.4116261e-02   2.9900491e-02   4.3897864e-02   3.9365759e-02   3.2172855e-02   2.9269112e-02   2.8287723e-02
   2.6550000e+01   5.0987273e-04   3.9025276e-03   6.2183027e-03   1.0722711e-02   1.4045095e-02   2.8937480e-02   4.3106270e-02   3.9018791e-02   3.2034468e-02   2.9218496e-02   2.8269907e-02
   2.7000000e+01   1.5394180e-05   1.7207690e-03   5.4326037e-03   1.0803187e-02   1.4023527e-02   2.8021596e-02   4.2318354e-02   3.8667746e-02   3.1893818e-02   2.9167018e-02   2.8251785e-02
   2.7450000e+01   2.8042042e-08   2.2456032e-04   5.1021170e-03   1.0944450e-02   1.4046143e-02   2.7151628e-02   4.1534555e-02   3.8312711e-02   3.1750908e-02   2.9114680e-02   2.8233360e-02
   2.7900000e+01   6.1012898e-06   1.2600945e-03   5.2891549e-03   1.1153431e-02   1.4107849e-02   2.6326257e-02   4.0755292e-02   3.7953772e-02   3.1605744e-02   2.9061481e-02   2.8214630e-02
   2.8350000e+01   1.5627438e-04   3.3704906e-03   5.9592258e-03   1.1433953e-02   1.4203850e-02   2.5544067e-02   3.9980968e-02   3.7591016e-02   3.1458333e-02   2.9007421e-02   2.8195596e-02
   2.8800000e+01   2.0066075e-03   5.3954226e-03   7.0053614e-03   1.1786602e-02   1.4329626e-02   2.4803564e-02   3.9211966e-02   3.7224533e-02   3.1308678e-02   2.8952501e-02   2.8176257e-02
   2.9250000e+01   6.4692600e-03   7.3338216e-03   8.3060922e-03   1.2208793e-02   1.4480917e-02   2.4103178e-02   3.8448654e-02   3.6854409e-02   3.1156786e-02   2.8896721e-02   2.8156614e-02
   2.9700000e+01   9.1175809e-03   9.2434201e-03   9.7633009e-03   1.2695014e-02   1.4653697e-02   2.3441279e-02   3.7691380e-02   3.6480735e-02   3.1002662e-02   2.8840082e-02   2.8136667e-02
   3.0150000e+01   1.1095224e-02   1.1145383e-02   1.1307406e-02   1.3237205e-02   1.4844158e-02   2.2816187e-02   3.6940474e-02   3.6103600e-02   3.0846312e-02   2.8782583e-02   2.8116416e-02
   3.0600000e+01   1.3165911e-02   1.3051031e-02   1.2886700e-02   1.3825258e-02   1.5048683e-02   2.2226182e-02   3.6196250e-02   3.5723094e-02   3.0687742e-02   2.8724224e-02   2.8095860e-02
   3.1050000e+01   1.6720797e-02   1.4974474e-02   1.4454566e-02   1.4447583e-02   1.5263839e-02   2.1669513e-02   3.5459002e-02   3.5339310e-02   3.0526957e-02   2.8665007e-02   2.8074999e-02
   3.1500000e+01   2.0487549e-02   1.6940176e-02   1.5959368e-02   1.5091702e-02   1.5486352e-02   2.1144409e-02   3.4729007e-02   3.4952337e-02   3.0363965e-02   2.8604930e-02   2.8053835e-02
   3.1950000e+01   2.0961192e-02   1.8951381e-02   1.7340798e-02   1.5744835e-02   1.5713102e-02   2.0649089e-02   3.4006526e-02   3.4562268e-02   3.0198770e-02   2.8543995e-02   2.8032366e-02
   3.2400000e+01   2.0978873e-02   2.0650883e-02   1.8539357e-02   1.6394449e-02   1.5941112e-02   2.0181768e-02   3.3291799e-02   3.4169196e-02   3.0031380e-02   2.8482202e-02   2.8010593e-02
   3.2850000e+01   2.0979452e-02   2.1289688e-02   1.9519187e-02   1.7028735e-02   1.6167536e-02   1.9740668e-02   3.2585052e-02   3.3773211e-02   2.9861800e-02   2.8419551e-02   2.7988516e-02
   3.3300000e+01   2.0988548e-02   2.1438017e-02   2.0285711e-02   1.7636996e-02   1.6389661e-02   1.9324027e-02   3.1886493e-02   3.3374409e-02   2.9690037e-02   2.8356042e-02   2.7966134e-02
   3.3750000e+01   2.1131503e-02   2.1627730e-02   2.0877871e-02   1.8209940e-02   1.6604902e-02   1.8930102e-02   3.1196312e-02   3.2972880e-02   2.9516097e-02   2.8291675e-02   2.7943448e-02
   3.4200000e+01   2.1684954e-02   2.1855236e-02   2.1343371e-02   1.8739870e-02   1.6810803e-02   1.8557180e-02   3.0514685e-02   3.2568720e-02   2.9339987e-02   2.8226451e-02   2.7920458e-02
   3.4650000e+01   2.2066357e-02   2.2090239e-02   2.1720260e-02   1.9220779e-02   1.7005034e-02   1.8203583e-02   2.9841768e-02   3.2162022e-02   2.9161714e-02   2.8160370e-02   2.7897164e-02
   3.5100000e+01   2.2317885e-02   2.2325607e-02   2.2032384e-02   1.9648356e-02   1.7185400e-02   1.7867674e-02   2.9177704e-02   3.1752878e-02   2.8981284e-02   2.8093432e-02   2.7873565e-02
   3.5550000e+01   2.2577544e-02   2.2561542e-02   2.2291872e-02   2.0019923e-02   1.7349842e-02   1.7547861e-02   2.8522621e-02   3.1341385e-02   2.8798704e-02   2.8025638e-02   2.7849662e-02
   3.6000000e+01   2.3027158e-02   2.2800789e-02   2.2501910e-02   2.0334304e-02   1.7496440e-02   1.7242605e-02   2.7876630e-02   3.0927635e-02   2.8613981e-02   2.7956988e-02   2.7825455e-02
   3.6450000e+01   2.3499647e-02   2.3050224e-02   2.2657860e-02   2.0591662e-02   1.7623422e-02   1.6950421e-02   2.7239826e-02   3.0511722e-02   2.8427123e-02   2.7887481e-02   2.7800944e-02
   3.6900000e+01   2.3562855e-02   2.3318348e-02   2.2748283e-02   2.0793298e-02   1.7729165e-02   1.6669886e-02   2.6612294e-02   3.0093741e-02   2.8238135e-02   2.7817119e-02   2.7776129e-02
   3.7350000e+01   2.3565507e-02   2.3526613e-02   2.2759198e-02   2.0941435e-02   1.7812199e-02   1.6399636e-02   2.5994101e-02   2.9673787e-02   2.8047027e-02   2.7745902e-02   2.7751009e-02
   3.7800000e+01   2.3565247e-02   2.3395185e-02   2.2682727e-02   2.1038993e-02   1.7871217e-02   1.6138377e-02   2.5385303e-02   2.9251952e-02   2.7853804e-02   2.7673830e-02   2.7725586e-02
   3.8250000e+01   2.3555781e-02   2.3007094e-02   2.2524345e-02   2.1089355e-02   1.7905073e-02   1.5884878e-02   2.4785940e-02   2.8828332e-02   2.7658474e-02   2.7600903e-02   2.7699858e-02
   3.8700000e+01   2.3386984e-02   2.2600883e-02   2.2301275e-02   2.1096151e-02   1.7912787e-02   1.5637983e-02   2.4196043e-02   2.8403020e-02   2.7461045e-02   2.7527121e-02   2.7673826e-02
   3.9150000e+01   2.2537585e-02   2.2211121e-02   2.2034158e-02   2.1063037e-02   1.7893549e-02   1.5396604e-02   2.3615628e-02   2.7976110e-02   2.7261525e-02   2.7452486e-02   2.7647490e-02
   3.9600000e+01   2.1872038e-02   2.1830126e-02   2.1740455e-02   2.0993497e-02   1.7846720e-02   1.5159725e-02   2.3044700e-02   2.7547696e-02   2.7059920e-02   2.7376996e-02   2.7620850e-02
   4.0050000e+01   2.1460482e-02   2.1452414e-02   2.1433007e-02   2.0890655e-02   1.7771832e-02   1.4926406e-02   2.2483254e-02   2.7117871e-02   2.6856240e-02   2.7300653e-02   2.7593906e-02
   4.0500000e+01   2.1042224e-02   2.1074387e-02   2.1121658e-02   2.0757116e-02   1.7668590e-02   1.4695777e-02   2.1931273e-02   2.6686728e-02   2.6650491e-02   2.7223457e-02   2.7566658e-02
   4.0950000e+01   2.0324885e-02   2.0692331e-02   2.0815578e-02   2.0594835e-02   1.7536869e-02   1.4467043e-02   2.1388730e-02   2.6254360e-02   2.6442682e-02   2.7145408e-02   2.7539105e-02
   4.1400000e+01   1.9544883e-02   2.0301090e-02   2.0525284e-02   2.0405014e-02   1.7376716e-02   1.4239480e-02   2.0855589e-02   2.5820860e-02   2.6232820e-02   2.7066507e-02   2.7511249e-02
   4.1850000e+01   1.9430262e-02   1.9898689e-02   2.0263521e-02   2.0188044e-02   1.7188348e-02   1.4012437e-02   2.0331802e-02   2.5386320e-02   2.6020915e-02   2.6986753e-02   2.7483088e-02
   4.2300000e+01   1.9424977e-02   1.9541780e-02   2.0043318e-02   1.9943492e-02   1.6972147e-02   1.3785332e-02   1.9817316e-02   2.4950833e-02   2.5806973e-02   2.6906148e-02   2.7454624e-02
   4.2750000e+01   1.9424868e-02   1.9411190e-02   1.9872558e-02   1.9670133e-02   1.6728658e-02   1.3557653e-02   1.9312067e-02   2.4514488e-02   2.5591004e-02   2.6824691e-02   2.7425855e-02
   4.3200000e+01   1.9425517e-02   1.9454857e-02   1.9748700e-02   1.9366038e-02   1.6458587e-02   1.3328954e-02   1.8815985e-02   2.4077378e-02   2.5373016e-02   2.6742382e-02   2.7396783e-02
   4.3650000e+01   1.9438188e-02   1.9506638e-02   1.9659174e-02   1.9028707e-02   1.6162794e-02   1.3098856e-02   1.8328991e-02   2.3639593e-02   2.5153018e-02   2.6659223e-02   2.7367407e-02
   4.4100000e+01   1.9514127e-02   1.9546872e-02   1.9586821e-02   1.8655260e-02   1.5842292e-02   1.2867041e-02   1.7850999e-02   2.3201222e-02   2.4931017e-02   2.6575214e-02   2.7337726e-02
   4.4550000e+01   1.9579568e-02   1.9583096e-02   1.9514527e-02   1.8242656e-02   1.5498234e-02   1.2633253e-02   1.7381918e-02   2.2762356e-02   2.4707024e-02   2.6490354e-02   2.7307742e-02
   4.5000000e+01   1.9618563e-02   1.9618343e-02   1.9425951e-02   1.7787955e-02   1.5131912e-02   1.2397293e-02   1.6921652e-02   2.2323083e-02   2.4481046e-02   2.6404644e-02   2.7277453e-02
   4.5450000e+01   1.9657558e-02   1.9653778e-02   1.9303142e-02   1.7288591e-02   1.4744747e-02   1.2159018e-02   1.6470095e-02   2.1883492e-02   2.4253092e-02   2.6318085e-02   2.7246861e-02
   4.5900000e+01   1.9722999e-02   1.9692304e-02   1.9122257e-02   1.6742647e-02   1.4338280e-02   1.1918337e-02   1.6027141e-02   2.1443670e-02   2.4023172e-02   2.6230677e-02   2.7215965e-02
   4.6350000e+01   1.9798939e-02   1.9746895e-02   1.8848283e-02   1.6149119e-02   1.3914161e-02   1.1675208e-02   1.5592677e-02   2.1003703e-02   2.3791294e-02   2.6142420e-02   2.7184765e-02
   4.6800000e+01   1.9811616e-02   1.9852998e-02   1.8432068e-02   1.5508143e-02   1.3474140e-02   1.1429636e-02   1.5166585e-02   2.0563680e-02   2.3557469e-02   2.6053315e-02   2.7153261e-02
   4.7250000e+01   1.9812294e-02   1.9931540e-02   1.7817430e-02   1.4821169e-02   1.3020056e-02   1.1181670e-02   1.4748745e-02   2.0123684e-02   2.3321704e-02   2.5963362e-02   2.7121453e-02
   4.7700000e+01   1.9811703e-02   1.9244527e-02   1.6963563e-02   1.4091078e-02   1.2553817e-02   1.0931396e-02   1.4339034e-02   1.9683801e-02   2.3084010e-02   2.5872561e-02   2.7089342e-02
   4.8150000e+01   1.9786421e-02   1.7537541e-02   1.5869713e-02   1.3322207e-02   1.2077395e-02   1.0678941e-02   1.3937323e-02   1.9244115e-02   2.2844395e-02   2.5780913e-02   2.7056926e-02
   4.8600000e+01   1.9237981e-02   1.5617812e-02   1.4577019e-02   1.2520308e-02   1.1592805e-02   1.0424462e-02   1.3543483e-02   1.8804709e-02   2.2602870e-02   2.5688418e-02   2.7024207e-02
   4.9050000e+01   1.5505844e-02   1.3747410e-02   1.3145587e-02   1.1692415e-02   1.1102089e-02   1.0168149e-02   1.3157383e-02   1.8365665e-02   2.2359444e-02   2.5595077e-02   2.6991183e-02
   4.9500000e+01   1.2073532e-02   1.1919574e-02   1.1631222e-02   1.0846633e-02   1.0607303e-02   9.9102162e-03   1.2778889e-02   1.7927065e-02   2.2114126e-02   2.5500890e-02   2.6957857e-02
   4.9950000e+01   1.0072254e-02   1.0110724e-02   1.0077397e-02   9.9918678e-03   1.0110498e-02   9.6509048e-03   1.2407866e-02   1.7488990e-02   2.1866927e-02   2.5405857e-02   2.6924226e-02
   5.0400000e+01   8.1030478e-03   8.3034462e-03   8.5188936e-03   9.1375080e-03   9.6137016e-03   9.3904753e-03   1.2044178e-02   1.7051520e-02   2.1617857e-02   2.5309979e-02   2.6890291e-02
   5.0850000e+01   4.9185519e-03   6.4818131e-03   6.9894696e-03   8.2930722e-03   9.1189030e-03   9.1292064e-03   1.1687687e-02   1.6614732e-02   2.1366925e-02   2.5213256e-02   2.6856053e-02
   5.1300000e+01   8.5435976e-04   4.6261908e-03   5.5298024e-03   7.4678557e-03   8.6280355e-03   8.8673920e-03   1.1338256e-02   1.6178706e-02   2.1114141e-02   2.5115688e-02   2.6821511e-02
   5.1750000e+01   4.6710860e-05   2.7207181e-03   4.1925932e-03   6.6705900e-03   8.1429594e-03   8.6053378e-03   1.0995747e-02   1.5743518e-02   2.0859517e-02   2.5017277e-02   2.6786665e-02
   5.2200000e+01   1.4374425e-06   9.0746494e-04   3.0380118e-03   5.9091375e-03   7.6654477e-03   8.3433592e-03   1.0660023e-02   1.5309244e-02   2.0603061e-02   2.4918022e-02   2.6751516e-02
   5.2650000e+01  -4.6749343e-08  -8.2280634e-05   2.1136410e-03   5.1902390e-03   7.1971704e-03   8.0817781e-03   1.0330945e-02   1.4875959e-02   2.0344784e-02   2.4817924e-02   2.6716063e-02
   5.3100000e+01  -1.5253368e-08  -1.1639405e-04   1.4295110e-03   4.5193262e-03   6.7396824e-03   7.8209209e-03   1.0008378e-02   1.4443737e-02   2.0084698e-02   2.4716983e-02   2.6680306e-02
   5.3550000e+01  -1.8482478e-09  -3.0828988e-05   9.5338448e-04   3.9004077e-03   6.2944116e-03   7.5611157e-03   9.6921857e-03   1.4012650e-02   1.9822811e-02   2.4615199e-02   2.6644246e-02
   5.4000000e+01  -7.2366994e-11  -4.5980579e-06   6.3205765e-04   3.3360298e-03   5.8626487e-03   7.3026903e-03   9.3822324e-03   1.3582771e-02   1.9559136e-02   2.4512574e-02   2.6607882e-02
   5.4450000e+01  -5.6322632e-13  -2.6071812e-08   4.1594246e-04   2.8273085e-03   5.4455398e-03   7.0459702e-03   9.0783851e-03   1.3154170e-02   1.9293682e-02   2.4409107e-02   2.6571214e-02
   5.4900000e+01   6.8463042e-16   3.0285678e-07   2.6950421e-04   2.3740249e-03   5.0440801e-03   6.7912765e-03   8.7805115e-03   1.2726916e-02   1.9026461e-02   2.4304800e-02   2.6534243e-02
   5.5350000e+01   2.1739164e-16   1.5365678e-07   1.7006762e-04   1.9747711e-03   4.6591101e-03   6.5389240e-03   8.4884812e-03   1.2301079e-02   1.8757483e-02   2.4199651e-02   2.6496968e-02
   5.5800000e+01   9.9431960e-18   5.6315583e-08   1.0332106e-04   1.6271334e-03   4.2913138e-03   6.2892199e-03   8.2021657e-03   1.1876725e-02   1.8486759e-02   2.4093663e-02   2.6459390e-02
   5.6250000e+01   1.3999559e-19   1.7218030e-08   5.9748303e-05   1.3278971e-03   3.9412190e-03   6.0424620e-03   7.9214385e-03   1.1453921e-02   1.8214301e-02   2.3986835e-02   2.6421508e-02
   5.6700000e+01   5.6048811e-22   4.2249193e-09   3.2571452e-05   1.0732595e-03   3.6091997e-03   5.7989374e-03   7.6461751e-03   1.1032731e-02   1.7940119e-02   2.3879167e-02   2.6383323e-02
   5.7150000e+01   1.2522640e-24   6.0563679e-10   1.6676169e-05   8.5903774e-04   3.2954802e-03   5.5589212e-03   7.3762534e-03   1.0613220e-02   1.7664225e-02   2.3770661e-02   2.6344834e-02
   5.7600000e+01  -1.5821067e-27  -1.9168178e-11   8.0873832e-06   6.8086105e-04   3.0001411e-03   5.3226758e-03   7.1115539e-03   1.0195449e-02   1.7386630e-02   2.3661317e-02   2.6306041e-02
   5.8050000e+01  -4.7054112e-29  -1.3293029e-11   3.8037578e-06   5.3434064e-04   2.7231269e-03   5.0904496e-03   6.8519593e-03   9.7794811e-03   1.7107346e-02   2.3551134e-02   2.6266945e-02
   5.8500000e+01  -3.8937408e-31  -1.4778723e-12   1.7870921e-06   4.1521093e-04   2.4642551e-03   4.8624763e-03   6.5973553e-03   9.3653758e-03   1.6826383e-02   2.3440115e-02   2.6227546e-02
   5.8950000e+01  -9.8824025e-34  -1.0299521e-13   8.5351208e-07   3.1944037e-04   2.2232263e-03   4.6389744e-03   6.3476301e-03   8.9531920e-03   1.6543755e-02   2.3328258e-02   2.6187843e-02
   5.9400000e+01  -4.9357293e-37  -4.0846330e-15   4.1276911e-07   2.4331156e-04   1.9996352e-03   4.4201463e-03   6.1026747e-03   8.5429877e-03   1.6259471e-02   2.3215565e-02   2.6147837e-02
   5.9850000e+01  -6.2427847e-41   2.1970053e-16   1.9851890e-07   1.8347230e-04   1.7929825e-03   4.2061782e-03   5.8623831e-03   8.1348193e-03   1.5973544e-02   2.3102036e-02   2.6107527e-02
   6.0300000e+01   3.7336375e-43   7.9572300e-17   9.3001028e-08   1.3696113e-04   1.6026870e-03   3.9972400e-03   5.6266522e-03   7.7287421e-03   1.5685986e-02   2.2987672e-02   2.6066914e-02
   6.0750000e+01   1.2601839e-45   1.2819576e-17   4.1672094e-08   1.0121120e-04   1.4280984e-03   3.7934844e-03   5.3953817e-03   7.3248101e-03   1.5396809e-02   2.2872473e-02   2.6025998e-02
   6.1200000e+01   1.6295241e-48   1.6078798e-18   1.7583985e-08   7.4037330e-05   1.2685094e-03   3.5950474e-03   5.1684744e-03   6.9230761e-03   1.5106025e-02   2.2756439e-02   2.5984778e-02
   6.1650000e+01   5.2178981e-52   1.6119258e-19   6.8987007e-09   5.3610682e-05   1.1231679e-03   3.4020482e-03   4.9458364e-03   6.5235914e-03   1.4813645e-02   2.2639571e-02   2.5943255e-02
   6.2100000e+01   8.3800174e-56   1.0010640e-20   2.5011853e-09   3.8425444e-05   9.9128898e-04   3.2145890e-03   4.7273764e-03   6.1264065e-03   1.4519682e-02   2.2521870e-02   2.5901429e-02
   6.2550000e+01  -3.0158570e-60  -5.5867201e-23   8.4565951e-10   2.7261072e-05   8.7206619e-04   3.0327557e-03   4.5130064e-03   5.7315701e-03   1.4224149e-02   2.2403336e-02   2.5859299e-02
   6.3000000e+01  -1.0959229e-62  -3.2396990e-23   2.7526749e-10   1.9143164e-05   7.6468179e-04   2.8566175e-03   4.3026414e-03   5.3391300e-03   1.3927057e-02   2.2283969e-02   2.5816867e-02
   6.3450000e+01  -6.0820752e-66  -1.4583270e-24   9.0411906e-11   1.3305228e-05   6.6831655e-04   2.6862278e-03   4.0961995e-03   4.9491325e-03   1.3628418e-02   2.2163770e-02   2.5774131e-02
   6.3900000e+01  -8.7850694e-70  -4.1316912e-26   3.0961193e-11   9.1529344e-06   5.8215844e-04   2.5216241e-03   3.8936017e-03   4.5616227e-03   1.3328247e-02   2.2042740e-02   2.5731091e-02
   6.4350000e+01  -2.4874761e-74  -7.7888650e-28   1.1002714e-11   6.2318942e-06   5.0541040e-04   2.3628289e-03   3.6947720e-03   4.1766444e-03   1.3026554e-02   2.1920879e-02   2.5687749e-02
   6.4800000e+01  -3.0818326e-79   1.2369869e-30   3.9348082e-12   4.1994702e-06   4.3729698e-04   2.2098499e-03   3.4996374e-03   3.7942402e-03   1.2723352e-02   2.1798188e-02   2.5644103e-02
   6.5250000e+01   4.1954263e-83   1.1348452e-30   1.3704935e-12   2.8007714e-06   3.7707012e-04   2.0626804e-03   3.3081280e-03   3.4144513e-03   1.2418655e-02   2.1674667e-02   2.5600154e-02
   6.5700000e+01   1.0926235e-86   7.9031259e-32   4.5347188e-13   1.8486931e-06   3.2401371e-04   1.9213003e-03   3.1201764e-03   3.0373177e-03   1.2112475e-02   2.1550317e-02   2.5555902e-02
   6.6150000e+01   2.1896854e-90   4.0099005e-33   1.3989435e-13   1.2076829e-06   2.7744739e-04   1.7856764e-03   2.9357182e-03   2.6628779e-03   1.1804825e-02   2.1425138e-02   2.5511347e-02
   6.6600000e+01   3.8349177e-94   1.6278113e-34   3.9628786e-14   7.8080139e-07   2.3672920e-04   1.6557629e-03   2.7546920e-03   2.2911695e-03   1.1495718e-02   2.1299130e-02   2.5466489e-02
   6.7050000e+01   5.0052526e-98   4.3353423e-36   1.0211458e-14   4.9960682e-07   2.0125750e-04   1.5315026e-03   2.5770386e-03   1.9222284e-03   1.1185166e-02   2.1172295e-02   2.5421327e-02
   6.7500000e+01  8.7579394e-108   4.1705502e-39   2.4077769e-15   3.1638682e-07   1.7047206e-04   1.4128270e-03   2.4027019e-03   1.5560897e-03   1.0873184e-02   2.1044633e-02   2.5375863e-02
   6.7950000e+01 -1.3961641e-107  -1.9384446e-39   5.3804383e-16   1.9829601e-07   1.4385439e-04   1.2996574e-03   2.2316282e-03   1.1927867e-03   1.0559784e-02   2.0916144e-02   2.5330096e-02
   6.8400000e+01 -2.9835628e-113  -3.5200970e-41   1.2158907e-16   1.2300394e-07   1.2092753e-04   1.1919052e-03   2.0637661e-03   8.3235189e-04   1.0244978e-02   2.0786829e-02   2.5284025e-02
   6.8850000e+01 -4.7467281e-119  -3.9663553e-43   2.9441972e-17   7.5515708e-08   1.0125521e-04   1.0894732e-03   1.8990669e-03   4.7481623e-04   9.9287821e-03   2.0656689e-02   2.5237652e-02
   6.9300000e+01 -6.5283892e-125  -3.1631727e-45   7.6487474e-18   4.5885118e-08   8.4440613e-05   9.9225578e-04   1.7374841e-03   1.2020953e-04   9.6112077e-03   2.0525724e-02   2.5190976e-02
   6.9750000e+01 -5.8414082e-131  -6.8440004e-48   2.0351325e-18   2.7594621e-08   7.0124783e-05   9.0013976e-04   1.5789734e-03  -2.3143968e-04   9.2922688e-03   2.0393935e-02   2.5143996e-02
   7.0200000e+01  3.1846608e-136   4.2956269e-49   5.2811808e-19   1.6424615e-08   5.7984700e-05   8.1300531e-04   1.4234928e-03  -5.8010409e-04   8.9719789e-03   2.0261322e-02   2.5096714e-02
   7.0650000e+01  5.5530337e-141   1.2947271e-50   1.2937306e-19   9.6757034e-09   4.7731190e-05   7.3072646e-04   1.2710023e-03  -9.2575764e-04   8.6503516e-03   2.0127885e-02   2.5049129e-02
   7.1100000e+01  5.3922903e-146   2.6145026e-52   2.9293876e-20   5.6413497e-09   3.9106679e-05   6.5317185e-04   1.1214638e-03  -1.2683755e-03   8.3274005e-03   1.9993626e-02   2.5001241e-02
   7.1550000e+01  1.0412051e-151   4.1581512e-54   6.0321258e-21   3.2553021e-09   3.1882871e-05   5.8020545e-04   9.7484116e-04  -1.6079340e-03   8.0031393e-03   1.9858546e-02   2.4953050e-02
   7.2000000e+01  5.2466094e-158   4.4394135e-56   1.1166151e-21   1.8590876e-09   2.5858398e-05   5.1168716e-04   8.3110011e-04  -1.9444107e-03   7.6775819e-03   1.9722643e-02   2.4904556e-02
   7.2450000e+01  4.1986994e-165   6.9870581e-59   1.8621317e-22   1.0507478e-09   2.0856488e-05   4.4747353e-04   6.9020801e-04  -2.2777845e-03   7.3507421e-03   1.9585920e-02   2.4855760e-02
   7.2900000e+01 -3.0991024e-170  -2.6675692e-60   2.8926092e-23   5.8772375e-10   1.6722691e-05   3.8741837e-04   5.5213386e-04  -2.6080353e-03   7.0226337e-03   1.9448377e-02   2.4806660e-02
   7.3350000e+01 -5.4036365e-176  -2.0970459e-62   4.5163315e-24   3.2531569e-10   1.3322685e-05   3.3137336e-04   4.1684816e-04  -2.9351442e-03   6.6932709e-03   1.9310014e-02   2.4757258e-02
   7.3800000e+01 -4.7138350e-182  -9.6021168e-65   7.7071077e-25   1.7818346e-10   1.0540192e-05   2.7918863e-04   2.8432288e-04  -3.2590935e-03   6.3626676e-03   1.9170832e-02   2.4707553e-02
   7.4250000e+01 -1.0087577e-188  -3.1550140e-67   1.4571640e-25   9.6565934e-11   8.2750171e-06   2.3071333e-04   1.5453130e-04  -3.5798667e-03   6.0308379e-03   1.9030832e-02   2.4657546e-02
   7.4700000e+01 -7.3274241e-196  -4.4899485e-70   2.8721901e-26   5.1775564e-11   6.4412185e-06   1.8579619e-04   2.7447969e-05  -3.8974484e-03   5.6977960e-03   1.8890014e-02   2.4607236e-02
   7.5150000e+01  1.3399225e-202   4.3061598e-72   5.5264673e-27   2.7460113e-11   4.9654196e-06   1.4428602e-04  -9.6951421e-05  -4.2118244e-03   5.3635562e-03   1.8748379e-02   2.4556623e-02
   7.5600000e+01  1.6051349e-208   5.6867379e-74   9.9748512e-28   1.4403404e-11   3.7852618e-06   1.0603216e-04  -2.1869010e-04  -4.5229814e-03   5.0281327e-03   1.8605927e-02   2.4505707e-02
   7.6050000e+01  8.7339928e-215   4.5426429e-76   1.6510589e-28   7.4694944e-12   2.8479985e-06   7.0884995e-05  -3.3779033e-04  -4.8309074e-03   4.6915399e-03   1.8462660e-02   2.4454489e-02
   7.6500000e+01  9.5983965e-222   2.8137939e-78   2.4646319e-29   3.8284067e-12   2.1092255e-06   3.8696326e-05  -4.5427345e-04  -5.1355915e-03   4.3537922e-03   1.8318577e-02   2.4402968e-02
   7.6950000e+01  3.2518066e-229   1.1984814e-80   3.2736123e-30   1.9383402e-12   1.5317429e-06   9.3198025e-06  -5.6816000e-04  -5.4370238e-03   4.0149040e-03   1.8173680e-02   2.4351145e-02
   7.7400000e+01  3.1861400e-237   1.2295067e-83   3.8599521e-31   9.6881472e-13   1.0845414e-06  -1.7388732e-05  -6.7946981e-04  -5.7351954e-03   3.6748899e-03   1.8027968e-02   2.4299019e-02
   7.7850000e+01 -6.6087504e-244  -9.7743678e-86   4.1583377e-32   4.7760549e-13   7.4190378e-07  -4.1570897e-05  -7.8822204e-04  -6.0300986e-03   3.3337644e-03   1.7881444e-02   2.4246590e-02
   7.8300000e+01 -8.3276700e-251  -3.3720191e-88   4.4496090e-33   2.3195601e-13   4.8261534e-07  -6.3365470e-05  -8.9443526e-04  -6.3217267e-03   2.9915423e-03   1.7734106e-02   2.4193859e-02
   7.8750000e+01 -5.8197870e-258  -6.2558233e-91   5.3027625e-34   1.1080489e-13   2.8927161e-07  -8.2908115e-05  -9.9812759e-04  -6.6100738e-03   2.6482380e-03   1.7585957e-02   2.4140826e-02
   7.9200000e+01 -1.1444325e-265  -8.3362637e-94   7.2861929e-35   5.1949048e-14   1.4767651e-07  -1.0033113e-04  -1.0993167e-03  -6.8951354e-03   2.3038665e-03   1.7436996e-02   2.4087490e-02
   7.9650000e+01 -6.2127059e-274  -5.8853129e-97   1.0675972e-35   2.3829593e-14   4.6321227e-08  -1.1576324e-04  -1.1980199e-03  -7.1769075e-03   1.9584425e-03   1.7287224e-02   2.4033852e-02
   8.0100000e+01  3.8402211e-282   1.1321545e-99   1.5279455e-36   1.0646452e-14  -2.4064388e-08  -1.2932938e-04  -1.2942542e-03  -7.4553876e-03   1.6119807e-03   1.7136643e-02   2.3979911e-02
   8.0550000e+01  3.5356199e-289  6.8274073e-102   2.0357695e-37   4.6004823e-15  -7.0895819e-08  -1.4115058e-04  -1.3880364e-03  -7.7305737e-03   1.2644962e-03   1.6985252e-02   2.3925668e-02
   8.1000000e+01  1.1841853e-296  2.1673755e-104   2.4661193e-38   1.9005470e-15  -1.0006085e-07  -1.5134378e-04  -1.4793833e-03  -8.0024651e-03   9.1600380e-04   1.6833053e-02   2.3871123e-02
   8.1450000e+01  8.3881144e-305  5.2509798e-107   2.6705638e-39   7.3480758e-16  -1.1619638e-07  -1.6002176e-04  -1.5683112e-03  -8.2710616e-03   5.6651851e-04   1.6680045e-02   2.3816275e-02
   8.1900000e+01  1.9386028e-313  8.9505080e-110   2.5428849e-40   2.5385764e-16  -1.2292153e-07  -1.6729301e-04  -1.6548368e-03  -8.5363644e-03   2.1605536e-04   1.6526230e-02   2.3761125e-02
   8.2350000e+01   0.0000000e+00  4.9052163e-113   2.1037909e-41   6.8325443e-17  -1.2303273e-07  -1.7326171e-04  -1.7389766e-03  -8.7983751e-03  -1.3537057e-04   1.6371608e-02   2.3705673e-02
   8.2800000e+01   0.0000000e+00 -9.6627306e-116   1.5249349e-42   4.5034480e-18  -1.1866607e-07  -1.7802767e-04  -1.8207471e-03  -9.0570966e-03  -4.8774419e-04   1.6216181e-02   2.3649918e-02
   8.3250000e+01   0.0000000e+00 -1.4830230e-118   1.0278907e-43  -1.2478644e-17  -1.1143164e-07  -1.8168630e-04  -1.9001651e-03  -9.3125325e-03  -8.4105031e-04   1.6059948e-02   2.3593861e-02
   8.3700000e+01   0.0000000e+00 -1.1118693e-121   7.3747260e-45  -1.3421353e-17  -1.0252390e-07  -1.8432863e-04  -1.9772473e-03  -9.5646870e-03  -1.1952738e-03   1.5902911e-02   2.3537502e-02
   8.4150000e+01   0.0000000e+00 -5.9509059e-125   6.3253593e-46  -1.0148478e-17  -9.2811841e-08  -1.8604130e-04  -2.0520108e-03  -9.8135654e-03  -1.5503993e-03   1.5745070e-02   2.3480841e-02
   8.4600000e+01   0.0000000e+00 -1.8914679e-128   6.0604010e-47  -6.6892752e-18  -8.2912116e-08  -1.8690663e-04  -2.1244728e-03  -1.0059174e-02  -1.9064116e-03   1.5586425e-02   2.3423878e-02
   8.5050000e+01   0.0000000e+00  7.5576787e-132   5.4389955e-48  -4.0887546e-18  -7.3247889e-08  -1.8700261e-04  -2.1946510e-03  -1.0301519e-02  -2.2632954e-03   1.5426979e-02   2.3366612e-02
   8.5500000e+01   0.0000000e+00  2.2475738e-134   3.6680831e-49  -2.3802036e-18  -6.4095896e-08  -1.8640305e-04  -2.2625630e-03  -1.0540608e-02  -2.6210353e-03   1.5266730e-02   2.3309045e-02
   8.5950000e+01   0.0000000e+00  2.8549297e-137   3.7136889e-51  -1.3382608e-18  -5.5623717e-08  -1.8517756e-04  -2.3282272e-03  -1.0776450e-02  -2.9796159e-03   1.5105681e-02   2.3251175e-02
   8.6400000e+01   0.0000000e+00  2.7338021e-140  -4.5008207e-51  -7.3282513e-19  -4.7919057e-08  -1.8339171e-04  -2.3916619e-03  -1.1009054e-02  -3.3390218e-03   1.4943831e-02   2.3193004e-02
   8.6850000e+01   0.0000000e+00  1.9452900e-143  -1.0791133e-51  -3.9296091e-19  -4.1012505e-08  -1.8110710e-04  -2.4528861e-03  -1.1238429e-02  -3.6992376e-03   1.4781182e-02   2.3134530e-02
   8.7300000e+01   0.0000000e+00  5.9958867e-147  -1.8232320e-52  -2.0711860e-19  -3.4895047e-08  -1.7838144e-04  -2.5119190e-03  -1.1464586e-02  -4.0602477e-03   1.4617734e-02   2.3075755e-02
   8.7750000e+01   0.0000000e+00 -8.6305621e-150  -2.6511342e-53  -1.0759609e-19  -2.9531356e-08  -1.7526871e-04  -2.5687803e-03  -1.1687536e-02  -4.4220366e-03   1.4453488e-02   2.3016677e-02
   8.8200000e+01   0.0000000e+00 -1.7033181e-152  -3.5304888e-54  -5.5205198e-20  -2.4869743e-08  -1.7181927e-04  -2.6234903e-03  -1.1907291e-02  -4.7845888e-03   1.4288445e-02   2.2957298e-02
   8.8650000e+01   0.0000000e+00 -1.6767597e-155  -4.4293962e-55  -2.8020233e-20  -2.0849464e-08  -1.6807994e-04  -2.6760695e-03  -1.2123863e-02  -5.1478887e-03   1.4122605e-02   2.2897616e-02
   8.9100000e+01   0.0000000e+00 -1.2288393e-158  -5.3164501e-56  -1.4087540e-20  -1.7405987e-08  -1.6409420e-04  -2.7265389e-03  -1.2337265e-02  -5.5119206e-03   1.3955969e-02   2.2837633e-02
   8.9550000e+01   0.0000000e+00 -7.7644893e-162  -6.1599700e-57  -7.0231493e-21  -1.4474662e-08  -1.5990227e-04  -2.7749200e-03  -1.2547511e-02  -5.8766689e-03   1.3788538e-02   2.2777348e-02
   9.0000000e+01   0.0000000e+00 -4.5407210e-165  -6.9269120e-58  -3.4749372e-21  -1.1993192e-08  -1.5554126e-04  -2.8212348e-03  -1.2754615e-02  -6.2421180e-03   1.3620313e-02   2.2716761e-02
