  -9.0000000e+01   3.7199306e-02   3.6551761e-02  -7.3352868e-03   2.7240346e-03   4.4613757e-02   7.2533176e-02   9.5734532e-02   8.9996265e-02   6.5460327e-02   4.3747365e-02   3.3687896e-02
  -8.9550000e+01   3.7199306e-02   3.5876949e-02  -4.2049210e-05   1.0993300e-02   4.8417737e-02   7.3616896e-02   9.5315195e-02   8.9243705e-02   6.4994574e-02   4.3553601e-02   3.3616857e-02
  -8.9100000e+01   3.7199306e-02   3.4697586e-02   7.7575891e-03   1.9050024e-02   5.1995250e-02   7.4638123e-02   9.4876334e-02   8.8492059e-02   6.4531057e-02   4.3360817e-02   3.3546174e-02
  -8.8650000e+01   3.7199301e-02   3.3120084e-02   1.5900303e-02   2.6858654e-02   5.5349490e-02   7.5597529e-02   9.4418320e-02   8.7741402e-02   6.4069781e-02   4.3169013e-02   3.3475849e-02
  -8.8200000e+01   3.7199261e-02   3.2277277e-02   2.4264948e-02   3.4382595e-02   5.8484367e-02   7.6495771e-02   9.3941526e-02   8.6991807e-02   6.3610749e-02   4.2978189e-02   3.3405879e-02
  -8.7750000e+01   3.7199085e-02   3.4405377e-02   3.2762018e-02   4.1584733e-02   6.1404492e-02   7.7333488e-02   9.3446332e-02   8.6243348e-02   6.3153965e-02   4.2788344e-02   3.3336267e-02
  -8.7300000e+01   3.7202077e-02   4.0436733e-02   4.1323537e-02   4.8428078e-02   6.4115149e-02   7.8111305e-02   9.2933119e-02   8.5496098e-02   6.2699433e-02   4.2599479e-02   3.3267011e-02
  -8.6850000e+01   3.7326291e-02   4.8840053e-02   4.9894236e-02   5.4876547e-02   6.6622263e-02   7.8829829e-02   9.2402276e-02   8.4750128e-02   6.2247156e-02   4.2411593e-02   3.3198112e-02
  -8.6400000e+01   4.0020869e-02   5.7929461e-02   5.8424120e-02   6.0895843e-02   6.8932357e-02   7.9489655e-02   9.1854194e-02   8.4005511e-02   6.1797137e-02   4.2224687e-02   3.3129570e-02
  -8.5950000e+01   5.8357497e-02   6.7014197e-02   6.6861955e-02   6.6454419e-02   7.1052506e-02   8.0091364e-02   9.1289268e-02   8.3262315e-02   6.1349379e-02   4.2038759e-02   3.3061384e-02
  -8.5500000e+01   7.5221037e-02   7.5976607e-02   7.5148683e-02   7.1524481e-02   7.2990275e-02   8.0635526e-02   9.0707899e-02   8.2520613e-02   6.0903887e-02   4.1853811e-02   3.2993555e-02
  -8.5050000e+01   8.5053659e-02   8.4862390e-02   8.3208716e-02   7.6082992e-02   7.4753660e-02   8.1122700e-02   9.0110487e-02   8.1780472e-02   6.0460662e-02   4.1669842e-02   3.2926082e-02
  -8.4600000e+01   9.4728705e-02   9.3742652e-02   9.0935393e-02   8.0112616e-02   7.6351012e-02   8.1553435e-02   8.9497441e-02   8.1041962e-02   6.0019710e-02   4.1486852e-02   3.2858966e-02
  -8.4150000e+01   1.1037468e-01   1.0269989e-01   9.8165859e-02   8.3602558e-02   7.7790966e-02   8.1928275e-02   8.8869169e-02   8.0305149e-02   5.9581031e-02   4.1304841e-02   3.2792207e-02
  -8.3700000e+01   1.3034276e-01   1.1186376e-01   1.0464574e-01   8.6549251e-02   7.9082356e-02   8.2247759e-02   8.8226084e-02   7.9570102e-02   5.9144630e-02   4.1123809e-02   3.2725804e-02
  -8.3250000e+01   1.3431089e-01   1.2141726e-01   1.1000585e-01   8.8956835e-02   8.0234130e-02   8.2512421e-02   8.7568602e-02   7.8836887e-02   5.8710509e-02   4.0943755e-02   3.2659758e-02
  -8.2800000e+01   1.3453344e-01   1.3054530e-01   1.1380900e-01   9.0837428e-02   8.1255261e-02   8.2722795e-02   8.6897142e-02   7.8105569e-02   5.8278672e-02   4.0764680e-02   3.2594068e-02
  -8.2350000e+01   1.3453952e-01   1.3359679e-01   1.1571445e-01   9.2211139e-02   8.2154655e-02   8.2879417e-02   8.6212124e-02   7.7376214e-02   5.7849120e-02   4.0586583e-02   3.2528735e-02
  -8.1900000e+01   1.3447583e-01   1.2859178e-01   1.1567602e-01   9.3105856e-02   8.2941064e-02   8.2982828e-02   8.5513972e-02   7.6648884e-02   5.7421858e-02   4.0409465e-02   3.2463759e-02
  -8.1450000e+01   1.3295792e-01   1.2216207e-01   1.1397797e-01   9.3556804e-02   8.3622991e-02   8.3033572e-02   8.4803111e-02   7.5923645e-02   5.6996887e-02   4.0233325e-02   3.2399139e-02
  -8.1000000e+01   1.2161120e-01   1.1617528e-01   1.1106703e-01   9.3605903e-02   8.4208604e-02   8.3032204e-02   8.4079969e-02   7.5200558e-02   5.6574211e-02   4.0058163e-02   3.2334875e-02
  -8.0550000e+01   1.1081380e-01   1.1043184e-01   1.0736032e-01   9.3300949e-02   8.4705652e-02   8.2979290e-02   8.3344974e-02   7.4479685e-02   5.6153832e-02   3.9883979e-02   3.2270968e-02
  -8.0100000e+01   1.0457815e-01   1.0476915e-01   1.0316649e-01   9.2694648e-02   8.5121387e-02   8.2875410e-02   8.2598558e-02   7.3761087e-02   5.5735752e-02   3.9710773e-02   3.2207418e-02
  -7.9650000e+01   9.8537765e-02   9.9117806e-02   9.8700528e-02   9.1843526e-02   8.5462489e-02   8.2721159e-02   8.1841152e-02   7.3044825e-02   5.5319974e-02   3.9538545e-02   3.2144224e-02
  -7.9200000e+01   8.9378453e-02   9.3433909e-02   9.4128031e-02   9.0806733e-02   8.5735000e-02   8.2517155e-02   8.1073189e-02   7.2330959e-02   5.4906501e-02   3.9367294e-02   3.2081387e-02
  -7.8750000e+01   7.6087434e-02   8.7669074e-02   8.9606068e-02   8.9644761e-02   8.5944271e-02   8.2264032e-02   8.0295103e-02   7.1619546e-02   5.4495335e-02   3.9197022e-02   3.2018906e-02
  -7.8300000e+01   7.2654262e-02   8.1771139e-02   8.5309982e-02   8.8418099e-02   8.6094915e-02   8.1962454e-02   7.9507328e-02   7.0910645e-02   5.4086478e-02   3.9027727e-02   3.1956781e-02
  -7.7850000e+01   7.2434989e-02   7.5990560e-02   8.1431917e-02   8.7185839e-02   8.6190770e-02   8.1613106e-02   7.8710299e-02   7.0204312e-02   5.3679932e-02   3.8859409e-02   3.1895014e-02
  -7.7400000e+01   7.2426809e-02   7.2156346e-02   7.8135099e-02   8.6004252e-02   8.6234873e-02   8.1216707e-02   7.7904449e-02   6.9500605e-02   5.3275700e-02   3.8692069e-02   3.1833602e-02
  -7.6950000e+01   7.2419160e-02   7.1131329e-02   7.5486331e-02   8.4925388e-02   8.6229454e-02   8.0774005e-02   7.7090215e-02   6.8799578e-02   5.2873785e-02   3.8525705e-02   3.1772547e-02
  -7.6500000e+01   7.2212289e-02   7.0547411e-02   7.3435034e-02   8.3995702e-02   8.6175932e-02   8.0285780e-02   7.6268030e-02   6.8101287e-02   5.2474187e-02   3.8360319e-02   3.1711849e-02
  -7.6050000e+01   7.0566629e-02   6.9785559e-02   7.1866310e-02   8.3254770e-02   8.6074927e-02   7.9752850e-02   7.5438327e-02   6.7405784e-02   5.2076909e-02   3.8195910e-02   3.1651507e-02
  -7.5600000e+01   6.9013524e-02   6.8962977e-02   7.0672403e-02   8.2734104e-02   8.5926291e-02   7.9176068e-02   7.4601538e-02   6.6713124e-02   5.1681953e-02   3.8032478e-02   3.1591521e-02
  -7.5150000e+01   6.8108855e-02   6.8132332e-02   6.9789931e-02   8.2456122e-02   8.5729139e-02   7.8556328e-02   7.3758097e-02   6.6023357e-02   5.1289321e-02   3.7870023e-02   3.1531892e-02
  -7.4700000e+01   6.7244836e-02   6.7301185e-02   6.9206078e-02   8.2433292e-02   8.5481907e-02   7.7894563e-02   7.2908431e-02   6.5336536e-02   5.0899016e-02   3.7708545e-02   3.1472619e-02
  -7.4250000e+01   6.6087802e-02   6.6462457e-02   6.8959144e-02   8.2667486e-02   8.5182408e-02   7.7191748e-02   7.2052971e-02   6.4652711e-02   5.0511038e-02   3.7548043e-02   3.1413703e-02
  -7.3800000e+01   6.4138099e-02   6.5581610e-02   6.9147734e-02   8.3149594e-02   8.4827908e-02   7.6448900e-02   7.1192141e-02   6.3971932e-02   5.0125389e-02   3.7388518e-02   3.1355143e-02
  -7.3350000e+01   6.3329691e-02   6.4532357e-02   6.9942365e-02   8.3859419e-02   8.4415208e-02   7.5667081e-02   7.0326367e-02   6.3294247e-02   4.9742073e-02   3.7229969e-02   3.1296939e-02
  -7.2900000e+01   6.3263987e-02   6.3250484e-02   7.1568433e-02   8.4765905e-02   8.3940737e-02   7.4847397e-02   6.9456071e-02   6.2619704e-02   4.9361089e-02   3.7072396e-02   3.1239092e-02
  -7.2450000e+01   6.3261694e-02   6.4040538e-02   7.4223390e-02   8.5827741e-02   8.3400653e-02   7.3990998e-02   6.8581671e-02   6.1948350e-02   4.8982440e-02   3.6915800e-02   3.1181601e-02
  -7.2000000e+01   6.3318456e-02   7.0148555e-02   7.7953852e-02   8.6994346e-02   8.2790948e-02   7.3099078e-02   6.7703585e-02   6.1280232e-02   4.8606127e-02   3.6760180e-02   3.1124467e-02
  -7.1550000e+01   6.5145220e-02   7.7836275e-02   8.2604319e-02   8.8207275e-02   8.2107561e-02   7.2172877e-02   6.6822225e-02   6.0615395e-02   4.8232152e-02   3.6605536e-02   3.1067689e-02
  -7.1100000e+01   7.9558555e-02   8.5259933e-02   8.7894020e-02   8.9402016e-02   8.1346494e-02   7.1213679e-02   6.5938001e-02   5.9953883e-02   4.7860517e-02   3.6451867e-02   3.1011268e-02
  -7.0650000e+01   9.1886079e-02   9.2509907e-02   9.3531982e-02   9.0510139e-02   8.0503926e-02   7.0222811e-02   6.5051320e-02   5.9295740e-02   4.7491223e-02   3.6299175e-02   3.0955202e-02
  -7.0200000e+01   9.9527794e-02   9.9703600e-02   9.9271368e-02   9.1461752e-02   7.9576336e-02   6.9201642e-02   6.4162583e-02   5.8641010e-02   4.7124270e-02   3.6147458e-02   3.0899493e-02
  -6.9750000e+01   1.0674610e-01   1.0688274e-01   1.0489727e-01   9.2188142e-02   7.8560606e-02   6.8151584e-02   6.3272191e-02   5.7989733e-02   4.6759662e-02   3.5996717e-02   3.0844141e-02
  -6.9300000e+01   1.1394940e-01   1.1407076e-01   1.1018152e-01   9.2624510e-02   7.7454140e-02   6.7074089e-02   6.2380535e-02   5.7341951e-02   4.6397398e-02   3.5846952e-02   3.0789145e-02
  -6.8850000e+01   1.2116077e-01   1.2133400e-01   1.1482419e-01   9.2712644e-02   7.6254959e-02   6.5970646e-02   6.1488007e-02   5.6697704e-02   4.6037481e-02   3.5698161e-02   3.0734505e-02
  -6.8400000e+01   1.2837969e-01   1.2893961e-01   1.1840023e-01   9.2403392e-02   7.4961795e-02   6.4842782e-02   6.0594990e-02   5.6057031e-02   4.5679911e-02   3.5550346e-02   3.0680221e-02
  -6.7950000e+01   1.3567192e-01   1.3724461e-01   1.2036698e-01   9.1658784e-02   7.3574169e-02   6.3692058e-02   5.9701865e-02   5.5419972e-02   4.5324690e-02   3.5403507e-02   3.0626294e-02
  -6.7500000e+01   1.4282957e-01   1.4191203e-01   1.2021360e-01   9.0453669e-02   7.2092460e-02   6.2520066e-02   5.8809006e-02   5.4786563e-02   4.4971819e-02   3.5257642e-02   3.0572723e-02
  -6.7050000e+01   1.3301750e-01   1.3460005e-01   1.1772179e-01   8.8776768e-02   7.0517954e-02   6.1328429e-02   5.7916783e-02   5.4156842e-02   4.4621299e-02   3.5112753e-02   3.0519508e-02
  -6.6600000e+01   1.2307218e-01   1.2365277e-01   1.1310677e-01   8.6631053e-02   6.8852875e-02   6.0118795e-02   5.7025558e-02   5.3530843e-02   4.4273130e-02   3.4968838e-02   3.0466650e-02
  -6.6150000e+01   1.1320203e-01   1.1340698e-01   1.0687610e-01   8.4033455e-02   6.7100407e-02   5.8892838e-02   5.6135691e-02   5.2908604e-02   4.3927315e-02   3.4825898e-02   3.0414148e-02
  -6.5700000e+01   1.0334200e-01   1.0350545e-01   9.9568662e-02   8.1013914e-02   6.5264682e-02   5.7652250e-02   5.5247532e-02   5.2290157e-02   4.3583854e-02   3.4683933e-02   3.0362002e-02
  -6.5250000e+01   9.3493012e-02   9.3680397e-02   9.1604727e-02   7.7613847e-02   6.3350766e-02   5.6398740e-02   5.4361428e-02   5.1675536e-02   4.3242747e-02   3.4542943e-02   3.0310213e-02
  -6.4800000e+01   8.3623500e-02   8.3863825e-02   8.3277520e-02   7.3884157e-02   6.1364611e-02   5.5134033e-02   5.3477718e-02   5.1064773e-02   4.2903997e-02   3.4402927e-02   3.0258780e-02
  -6.4350000e+01   7.3175064e-02   7.4029220e-02   7.4805030e-02   6.9882911e-02   5.9313003e-02   5.3859861e-02   5.2596736e-02   5.0457901e-02   4.2567603e-02   3.4263885e-02   3.0207703e-02
  -6.3900000e+01   5.6319774e-02   6.4132445e-02   6.6385856e-02   6.5672845e-02   5.7203480e-02   5.2577964e-02   5.1718806e-02   4.9854949e-02   4.2233566e-02   3.4125818e-02   3.0156982e-02
  -6.3450000e+01   3.6612589e-02   5.4068726e-02   5.8241299e-02   6.1318856e-02   5.5044248e-02   5.1290084e-02   5.0844250e-02   4.9255949e-02   4.1901888e-02   3.3988725e-02   3.0106618e-02
  -6.3000000e+01   3.4114962e-02   4.3804556e-02   5.0627389e-02   5.6885599e-02   5.2844075e-02   4.9997958e-02   4.9973380e-02   4.8660929e-02   4.1572569e-02   3.3852606e-02   3.0056609e-02
  -6.2550000e+01   3.4037360e-02   3.5068657e-02   4.3788986e-02   5.2435324e-02   5.0612182e-02   4.8703322e-02   4.9106500e-02   4.8069917e-02   4.1245609e-02   3.3717461e-02   3.0006957e-02
  -6.2100000e+01   3.4027143e-02   3.0929336e-02   3.7861528e-02   4.8026048e-02   4.8358117e-02   4.7407898e-02   4.8243910e-02   4.7482941e-02   4.0921010e-02   3.3583289e-02   2.9957662e-02
  -6.1650000e+01   3.3792825e-02   2.8364240e-02   3.2805536e-02   4.3710097e-02   4.6091637e-02   4.6113394e-02   4.7385901e-02   4.6900028e-02   4.0598771e-02   3.3450092e-02   2.9908722e-02
  -6.1200000e+01   3.0903378e-02   2.5536117e-02   2.8450854e-02   3.9533072e-02   4.3822576e-02   4.4821500e-02   4.6532756e-02   4.6321204e-02   4.0278894e-02   3.3317869e-02   2.9860139e-02
  -6.0750000e+01   2.3934529e-02   2.2577835e-02   2.4602024e-02   3.5533228e-02   4.1560722e-02   4.3533884e-02   4.5684750e-02   4.5746493e-02   3.9961379e-02   3.3186619e-02   2.9811912e-02
  -6.0300000e+01   1.9798928e-02   1.9604200e-02   2.1109029e-02   3.1741225e-02   3.9315696e-02   4.2252183e-02   4.4842153e-02   4.5175919e-02   3.9646227e-02   3.3056342e-02   2.9764041e-02
  -5.9850000e+01   1.6710653e-02   1.6633652e-02   1.7881248e-02   2.8180220e-02   3.7096832e-02   4.0978007e-02   4.4005225e-02   4.4609507e-02   3.9333438e-02   3.2927039e-02   2.9716526e-02
  -5.9400000e+01   1.3477081e-02   1.3656965e-02   1.4876176e-02   2.4866224e-02   3.4913073e-02   3.9712926e-02   4.3174219e-02   4.4047279e-02   3.9023012e-02   3.2798710e-02   2.9669368e-02
  -5.8950000e+01   7.9257939e-03   1.0652183e-02   1.2089204e-02   2.1808665e-02   3.2772870e-02   3.8458473e-02   4.2349379e-02   4.3489256e-02   3.8714950e-02   3.2671353e-02   2.9622566e-02
  -5.8500000e+01   2.0436574e-03   7.5780443e-03   9.5505024e-03   1.9011088e-02   3.0684098e-02   3.7216135e-02   4.1530943e-02   4.2935461e-02   3.8409253e-02   3.2544970e-02   2.9576119e-02
  -5.8050000e+01   1.3040166e-03   4.4239693e-03   7.3203470e-03   1.6471932e-02   2.8653984e-02   3.5987352e-02   4.0719139e-02   4.2385911e-02   3.8105920e-02   3.2419559e-02   2.9530029e-02
  -5.7600000e+01   1.2764019e-03   1.7828294e-03   5.4672674e-03   1.4185339e-02   2.6689046e-02   3.4773513e-02   3.9914189e-02   4.1840629e-02   3.7804952e-02   3.2295122e-02   2.9484296e-02
  -5.7150000e+01   1.2758570e-03   9.4634263e-04   4.0265015e-03   1.2141954e-02   2.4795046e-02   3.3575949e-02   3.9116305e-02   4.1299631e-02   3.7506349e-02   3.2171658e-02   2.9438918e-02
  -5.6700000e+01   1.2714085e-03   9.7367192e-04   2.9693013e-03   1.0329688e-02   2.2976963e-02   3.2395933e-02   3.8325692e-02   4.0762937e-02   3.7210111e-02   3.2049166e-02   2.9393897e-02
  -5.6250000e+01   1.2008844e-03   9.4087378e-04   2.2157986e-03   8.7344287e-03   2.1238973e-02   3.1234678e-02   3.7542546e-02   4.0230562e-02   3.6916240e-02   3.1927647e-02   2.9349231e-02
  -5.5800000e+01   9.2782803e-04   8.4227609e-04   1.6757589e-03   7.3406804e-03   1.9584445e-02   3.0093327e-02   3.6767056e-02   3.9702524e-02   3.6624734e-02   3.1807100e-02   2.9304922e-02
  -5.5350000e+01   7.3965476e-04   7.2815088e-04   1.2777554e-03   6.1321335e-03   1.8015953e-02   2.8972959e-02   3.5999402e-02   3.9178839e-02   3.6335594e-02   3.1687526e-02   2.9260969e-02
  -5.4900000e+01   6.1555820e-04   6.1196675e-04   9.7479322e-04   5.0921564e-03   1.6535292e-02   2.7874579e-02   3.5239755e-02   3.8659521e-02   3.6048820e-02   3.1568924e-02   2.9217372e-02
  -5.4450000e+01   4.8745000e-04   4.9545241e-04   7.3812855e-04   4.2042132e-03   1.5143507e-02   2.6799121e-02   3.4488280e-02   3.8144585e-02   3.5764413e-02   3.1451295e-02   2.9174131e-02
  -5.4000000e+01   2.6562314e-04   3.7781654e-04   5.5028077e-04   3.4522092e-03   1.3840938e-02   2.5747443e-02   3.3745133e-02   3.7634043e-02   3.5482371e-02   3.1334638e-02   2.9131247e-02
  -5.3550000e+01   3.2510733e-05   2.5743188e-04   4.0064083e-04   2.8207686e-03   1.2627260e-02   2.4720324e-02   3.3010460e-02   3.7127910e-02   3.5202697e-02   3.1218953e-02   2.9088718e-02
  -5.3100000e+01   1.3274051e-06   1.3396219e-04   2.8304264e-04   2.2954492e-03   1.1501536e-02   2.3718468e-02   3.2284402e-02   3.6626196e-02   3.4925388e-02   3.1104239e-02   2.9046546e-02
  -5.2650000e+01   2.2245533e-08   2.7690882e-05   1.9382798e-04   1.8629002e-03   1.0462276e-02   2.2742497e-02   3.1567089e-02   3.6128914e-02   3.4650446e-02   3.0990498e-02   2.9004729e-02
  -5.2200000e+01  -2.7918041e-09  -9.5215805e-06   1.2973056e-04   1.5109688e-03   9.5074918e-03   2.1792953e-02   3.0858646e-02   3.5636074e-02   3.4377870e-02   3.0877729e-02   2.8963269e-02
  -5.1750000e+01  -4.7275978e-10  -5.0179879e-06   8.6413305e-05   1.2287601e-03   8.6347590e-03   2.0870299e-02   3.0159187e-02   3.5147686e-02   3.4107661e-02   3.0765931e-02   2.8922165e-02
  -5.1300000e+01  -4.3845982e-11  -1.0823280e-06   5.8728900e-05   1.0066577e-03   7.8412771e-03   1.9974916e-02   2.9468820e-02   3.4663760e-02   3.3839818e-02   3.0655105e-02   2.8881417e-02
  -5.0850000e+01  -1.2458764e-12  -1.2078817e-07   4.2051502e-05   8.3630888e-04   7.1239290e-03   1.9107106e-02   2.8787645e-02   3.4184304e-02   3.3574340e-02   3.0545251e-02   2.8841025e-02
  -5.0400000e+01  -7.7909442e-15   2.4086939e-08   3.3176171e-05   7.1058160e-04   6.4793378e-03   1.8267089e-02   2.8115753e-02   3.3709326e-02   3.3311229e-02   3.0436367e-02   2.8800989e-02
  -4.9950000e+01   1.8627195e-16   3.3907126e-08   3.0367539e-05   6.2349685e-04   5.9039216e-03   1.7455008e-02   2.7453230e-02   3.3238835e-02   3.3050484e-02   3.0328456e-02   2.8761309e-02
  -4.9500000e+01  -2.1289986e-14   1.3273189e-08   3.3067974e-05   5.7014309e-04   5.3939448e-03   1.6670931e-02   2.6800151e-02   3.2772836e-02   3.2792104e-02   3.0221515e-02   2.8721986e-02
  -4.9050000e+01  -2.8239197e-12  -2.0670155e-07   4.1728932e-05   5.4657673e-04   4.9455646e-03   1.5914846e-02   2.6156586e-02   3.2311336e-02   3.2536090e-02   3.0115546e-02   2.8683018e-02
  -4.8600000e+01  -7.6750517e-11  -1.5073414e-06   5.7867116e-05   5.4971295e-04   4.5548745e-03   1.5186672e-02   2.5522596e-02   3.1854341e-02   3.2282440e-02   3.0010548e-02   2.8644406e-02
  -4.8150000e+01  -6.8261742e-10  -6.0681810e-06   8.4104434e-05   5.7721035e-04   4.2179420e-03   1.4486256e-02   2.4898236e-02   3.1401855e-02   3.2031156e-02   2.9906521e-02   2.8606151e-02
  -4.7700000e+01  -2.7388062e-09  -6.6683771e-06   1.2366884e-04   6.2735211e-04   3.9308430e-03   1.3813374e-02   2.4283553e-02   3.0953883e-02   3.1782237e-02   2.9803465e-02   2.8568251e-02
  -4.7250000e+01   5.3004639e-08   4.3271575e-05   1.7906943e-04   6.9892571e-04   3.6896904e-03   1.3167740e-02   2.3678587e-02   3.0510430e-02   3.1535682e-02   2.9701380e-02   2.8530708e-02
  -4.6800000e+01   2.0030856e-06   1.4803007e-04   2.5077929e-04   7.9110280e-04   3.4906593e-03   1.2549004e-02   2.3083372e-02   3.0071497e-02   3.1291491e-02   2.9600265e-02   2.8493520e-02
  -4.6350000e+01   4.0521662e-05   2.6186718e-04   3.3732503e-04   9.0332032e-04   3.3300080e-03   1.1956760e-02   2.2497933e-02   2.9637088e-02   3.1049664e-02   2.9500122e-02   2.8456689e-02
  -4.5900000e+01   2.7140181e-04   3.7278329e-04   4.3672864e-04   1.0351640e-03   3.2040952e-03   1.1390543e-02   2.1922289e-02   2.9207205e-02   3.0810201e-02   2.9400948e-02   2.8420213e-02
  -4.5450000e+01   4.7036513e-04   4.8140135e-04   5.4791079e-04   1.1862557e-03   3.1093931e-03   1.0849840e-02   2.1356455e-02   2.8781850e-02   3.0573100e-02   2.9302746e-02   2.8384094e-02
  -4.5000000e+01   5.8892430e-04   5.8901870e-04   6.7135485e-04   1.3561454e-03   3.0424992e-03   1.0334089e-02   2.0800435e-02   2.8361024e-02   3.0338363e-02   2.9205514e-02   2.8348331e-02
  -4.4550000e+01   7.0748347e-04   6.9655525e-04   8.0944250e-04   1.5442113e-03   3.0001435e-03   9.8426859e-03   2.0254230e-02   2.7944728e-02   3.0105987e-02   2.9109252e-02   2.8312923e-02
  -4.4100000e+01   9.0644678e-04   8.0418803e-04   9.6707196e-04   1.7495689e-03   2.9791953e-03   9.3749868e-03   1.9717834e-02   2.7532961e-02   2.9875974e-02   2.9013960e-02   2.8277872e-02
  -4.3650000e+01   1.1373266e-03   9.0895830e-04   1.1526976e-03   1.9709938e-03   2.9766673e-03   8.9303134e-03   1.9191235e-02   2.7125724e-02   2.9648323e-02   2.8919639e-02   2.8243177e-02
  -4.3200000e+01   1.1758424e-03   9.9954261e-04   1.3789020e-03   2.2068600e-03   2.9897187e-03   8.5079567e-03   1.8674413e-02   2.6723015e-02   2.9423032e-02   2.8826287e-02   2.8208837e-02
  -4.2750000e+01   1.1777803e-03   1.0893727e-03   1.6602995e-03   2.4550994e-03   3.0156567e-03   8.1071815e-03   1.8167346e-02   2.6324833e-02   2.9200102e-02   2.8733906e-02   2.8174854e-02
  -4.2300000e+01   1.1780423e-03   1.3774929e-03   2.0073011e-03   2.7131828e-03   3.0519385e-03   7.7272304e-03   1.7670002e-02   2.5931177e-02   2.8979533e-02   2.8642495e-02   2.8141226e-02
  -4.1850000e+01   1.1866005e-03   1.9548011e-03   2.4193010e-03   2.9781271e-03   3.0961715e-03   7.3673284e-03   1.7182348e-02   2.5542044e-02   2.8761323e-02   2.8552053e-02   2.8107955e-02
  -4.1400000e+01   1.3722983e-03   2.5997408e-03   2.8841453e-03   3.2465281e-03   3.1461137e-03   7.0266866e-03   1.6704342e-02   2.5157431e-02   2.8545473e-02   2.8462582e-02   2.8075040e-02
  -4.0950000e+01   2.6359780e-03   3.2316012e-03   3.3843598e-03   3.5146192e-03   3.1996742e-03   6.7045063e-03   1.6235939e-02   2.4777337e-02   2.8331981e-02   2.8374080e-02   2.8042480e-02
  -4.0500000e+01   3.7981389e-03   3.8502472e-03   3.9034161e-03   3.7783540e-03   3.2549137e-03   6.3999832e-03   1.5777088e-02   2.4401757e-02   2.8120848e-02   2.8286548e-02   2.8010277e-02
  -4.0050000e+01   4.4757599e-03   4.4626824e-03   4.4277411e-03   4.0335081e-03   3.3100442e-03   6.1123105e-03   1.5327734e-02   2.4030687e-02   2.7912072e-02   2.8199985e-02   2.7978429e-02
  -3.9600000e+01   5.1425216e-03   5.0746275e-03   4.9453853e-03   4.2757965e-03   3.3634293e-03   5.8406834e-03   1.4887815e-02   2.3664123e-02   2.7705654e-02   2.8114392e-02   2.7946938e-02
  -3.9150000e+01   6.2207733e-03   5.6917034e-03   5.4433238e-03   4.5009994e-03   3.4135849e-03   5.5843015e-03   1.4457267e-02   2.3302061e-02   2.7501592e-02   2.8029768e-02   2.7915802e-02
  -3.8700000e+01   7.5968851e-03   6.3219040e-03   5.9044102e-03   4.7050905e-03   3.4591786e-03   5.3423728e-03   1.4036020e-02   2.2944496e-02   2.7299887e-02   2.7946113e-02   2.7885023e-02
  -3.8250000e+01   7.8703512e-03   6.9748602e-03   6.3053488e-03   4.8843602e-03   3.4990302e-03   5.1141164e-03   1.3624002e-02   2.2591423e-02   2.7100537e-02   2.7863428e-02   2.7854599e-02
  -3.7800000e+01   7.8856851e-03   7.5977139e-03   6.6189623e-03   5.0355287e-03   3.5321107e-03   4.8987650e-03   1.3221134e-02   2.2242835e-02   2.6903542e-02   2.7781712e-02   2.7824531e-02
  -3.7350000e+01   7.8861382e-03   7.8593229e-03   6.8235739e-03   5.1558409e-03   3.5575418e-03   4.6955682e-03   1.2827336e-02   2.1898728e-02   2.6708901e-02   2.7700965e-02   2.7794819e-02
  -3.6900000e+01   7.8835491e-03   7.6609386e-03   6.9146498e-03   5.2431420e-03   3.5745946e-03   4.5037940e-03   1.2442521e-02   2.1559094e-02   2.6516615e-02   2.7621187e-02   2.7765464e-02
  -3.6450000e+01   7.8219417e-03   7.3880722e-03   6.9070284e-03   5.2959284e-03   3.5826873e-03   4.3227316e-03   1.2066601e-02   2.1223927e-02   2.6326682e-02   2.7542379e-02   2.7736464e-02
  -3.6000000e+01   7.3614258e-03   7.1414369e-03   6.8250392e-03   5.3133746e-03   3.5813825e-03   4.1516929e-03   1.1699485e-02   2.0893221e-02   2.6139101e-02   2.7464539e-02   2.7707820e-02
  -3.5550000e+01   6.9232052e-03   6.9076833e-03   6.6910523e-03   5.2953370e-03   3.5703837e-03   3.9900142e-03   1.1341076e-02   2.0566968e-02   2.5953873e-02   2.7387668e-02   2.7679532e-02
  -3.5100000e+01   6.6701265e-03   6.6777806e-03   6.5205368e-03   5.2423358e-03   3.5495306e-03   3.8370575e-03   1.0991276e-02   2.0245162e-02   2.5770996e-02   2.7311765e-02   2.7651600e-02
  -3.4650000e+01   6.4249728e-03   6.4484272e-03   6.3224150e-03   5.1555195e-03   3.5187937e-03   3.6922120e-03   1.0649984e-02   1.9927793e-02   2.5590470e-02   2.7236832e-02   2.7624023e-02
  -3.4200000e+01   6.0532351e-03   6.2181628e-03   6.1007584e-03   5.0366151e-03   3.4782679e-03   3.5548947e-03   1.0317096e-02   1.9614856e-02   2.5412294e-02   2.7162867e-02   2.7596803e-02
  -3.3750000e+01   5.5138090e-03   5.9872396e-03   5.8558346e-03   4.8878680e-03   3.4281648e-03   3.4245512e-03   9.9925058e-03   1.9306340e-02   2.5236467e-02   2.7089870e-02   2.7569939e-02
  -3.3300000e+01   5.3744724e-03   5.7614165e-03   5.5845655e-03   4.7119736e-03   3.3688049e-03   3.3006565e-03   9.6761038e-03   1.9002239e-02   2.5062990e-02   2.7017843e-02   2.7543430e-02
  -3.2850000e+01   5.3655816e-03   5.5492027e-03   5.2816500e-03   4.5120048e-03   3.3006079e-03   3.1827148e-03   9.3677792e-03   1.8702544e-02   2.4891861e-02   2.6946783e-02   2.7517278e-02
  -3.2400000e+01   5.3651919e-03   5.2774331e-03   4.9426005e-03   4.2913353e-03   3.2240829e-03   3.0702600e-03   9.0674187e-03   1.8407246e-02   2.4723080e-02   2.6876692e-02   2.7491481e-02
  -3.1950000e+01   5.3606723e-03   4.8341830e-03   4.5676307e-03   4.0535621e-03   3.1398179e-03   2.9628556e-03   8.7749075e-03   1.8116336e-02   2.4556646e-02   2.6807569e-02   2.7466040e-02
  -3.1500000e+01   5.2395433e-03   4.3288175e-03   4.1628804e-03   3.8024257e-03   3.0484685e-03   2.8600942e-03   8.4901286e-03   1.7829806e-02   2.4392558e-02   2.6739415e-02   2.7440955e-02
  -3.1050000e+01   4.2762238e-03   3.8290530e-03   3.7377517e-03   3.5417306e-03   2.9507467e-03   2.7615977e-03   8.2129637e-03   1.7547646e-02   2.4230816e-02   2.6672229e-02   2.7416226e-02
  -3.0600000e+01   3.3670873e-03   3.3376690e-03   3.3014698e-03   3.2752661e-03   2.8474088e-03   2.6670158e-03   7.9432933e-03   1.7269846e-02   2.4071420e-02   2.6606010e-02   2.7391853e-02
  -3.0150000e+01   2.8375240e-03   2.8503304e-03   2.8616747e-03   3.0067288e-03   2.7392437e-03   2.5760263e-03   7.6809962e-03   1.6996398e-02   2.3914368e-02   2.6540760e-02   2.7367836e-02
  -2.9700000e+01   2.3317559e-03   2.3638858e-03   2.4249646e-03   2.7396476e-03   2.6270616e-03   2.4883339e-03   7.4259506e-03   1.6727291e-02   2.3759659e-02   2.6476478e-02   2.7344175e-02
  -2.9250000e+01   1.6544668e-03   1.8758336e-03   1.9983293e-03   2.4773139e-03   2.5116822e-03   2.4036690e-03   7.1780335e-03   1.6462517e-02   2.3607294e-02   2.6413164e-02   2.7320869e-02
  -2.8800000e+01   5.1317552e-04   1.3827549e-03   1.5908925e-03   2.2227176e-03   2.3939239e-03   2.3217872e-03   6.9371212e-03   1.6202065e-02   2.3457272e-02   2.6350818e-02   2.7297920e-02
  -2.8350000e+01   3.9966919e-05   8.7780792e-04   1.2153499e-03   1.9784926e-03   2.2745935e-03   2.2424680e-03   6.7030893e-03   1.5945925e-02   2.3309592e-02   2.6289439e-02   2.7275326e-02
  -2.7900000e+01   1.5686348e-06   3.6633800e-04   8.8739568e-04   1.7468729e-03   2.1544768e-03   2.1655138e-03   6.4758132e-03   1.5694088e-02   2.3164252e-02   2.6229029e-02   2.7253088e-02
  -2.7450000e+01  -1.2888702e-08   3.9681980e-06   6.2102310e-04   1.5296620e-03   2.0343292e-03   2.0907485e-03   6.2551677e-03   1.5446543e-02   2.3021254e-02   2.6169586e-02   2.7231206e-02
  -2.7000000e+01  -1.2068070e-08  -4.1574875e-05   4.2126762e-04   1.3282164e-03   1.9148685e-03   2.0180163e-03   6.0410276e-03   1.5203280e-02   2.2880596e-02   2.6111111e-02   2.7209680e-02
  -2.6550000e+01  -1.6392409e-09  -1.2294152e-05   2.8116748e-04   1.1434451e-03   1.7967679e-03   1.9471805e-03   5.8332676e-03   1.4964290e-02   2.2742277e-02   2.6053603e-02   2.7188510e-02
  -2.6100000e+01  -5.7794090e-11  -2.0326337e-06   1.8649813e-04   9.7582337e-04   1.6806502e-03   1.8781224e-03   5.6317625e-03   1.4729561e-02   2.2606296e-02   2.5997063e-02   2.7167696e-02
  -2.5650000e+01  -3.9237812e-13  -1.1358129e-07   1.2298009e-04   8.2542129e-04   1.5670831e-03   1.8107395e-03   5.4363873e-03   1.4499085e-02   2.2472654e-02   2.5941491e-02   2.7147237e-02
  -2.5200000e+01  -7.3650386e-16   7.9422880e-08   8.0030485e-05   6.9194406e-04   1.4565758e-03   1.7449449e-03   5.2470176e-03   1.4272850e-02   2.2341350e-02   2.5886886e-02   2.7127134e-02
  -2.4750000e+01   6.6073057e-17   4.6822524e-08   5.0844567e-05   5.7478172e-04   1.3495768e-03   1.6806652e-03   5.0635291e-03   1.4050846e-02   2.2212382e-02   2.5833248e-02   2.7107387e-02
  -2.4300000e+01   3.8930487e-18   1.8012342e-08   3.1169094e-05   4.7306530e-04   1.2464721e-03   1.6178400e-03   4.8857986e-03   1.3833064e-02   2.2085751e-02   2.5780578e-02   2.7087996e-02
  -2.3850000e+01   1.8965943e-19   5.7449353e-09   1.8222248e-05   3.8572602e-04   1.1475854e-03   1.5564201e-03   4.7137032e-03   1.3619492e-02   2.1961455e-02   2.5728875e-02   2.7068961e-02
  -2.3400000e+01   8.1191421e-21   1.5248141e-09   1.0052162e-05   3.1155455e-04   1.0531784e-03   1.4963666e-03   4.5471212e-03   1.3410121e-02   2.1839494e-02   2.5678139e-02   2.7050282e-02
  -2.2950000e+01   2.5918290e-22   2.7177184e-10   5.2011218e-06   2.4925755e-04   9.6345278e-04   1.4376497e-03   4.3859317e-03   1.3204941e-02   2.1719868e-02   2.5628370e-02   2.7031959e-02
  -2.2500000e+01   2.2185864e-29   3.3680637e-12   2.5370641e-06   1.9750918e-04   8.7855188e-04   1.3802475e-03   4.2300150e-03   1.3003941e-02   2.1602576e-02   2.5579569e-02   2.7013991e-02
  -2.2050000e+01  -4.3262775e-27  -5.0292516e-12   1.1914756e-06   1.5499595e-04   7.9856428e-04   1.3241447e-03   4.0792524e-03   1.2807112e-02   2.1487616e-02   2.5531735e-02   2.6996379e-02
  -2.1600000e+01  -2.2616643e-30  -6.1094080e-13   5.5565838e-07   1.2045370e-04   7.2352710e-04   1.2693323e-03   3.9335268e-03   1.2614442e-02   2.1374990e-02   2.5484868e-02   2.6979123e-02
  -2.1150000e+01  -8.7983717e-34  -4.4523332e-14   2.6328759e-07   9.2696209e-05   6.5343009e-04   1.2158056e-03   3.7927223e-03   1.2425923e-02   2.1264696e-02   2.5438967e-02   2.6962223e-02
  -2.0700000e+01  -2.9427921e-37  -2.0774414e-15   1.2688158e-07   7.0635561e-05   5.8822002e-04   1.1635644e-03   3.6567244e-03   1.2241544e-02   2.1156733e-02   2.5394034e-02   2.6945679e-02
  -2.0250000e+01  -5.7950165e-41   2.8876258e-17   6.1167279e-08   5.3294668e-05   5.2780529e-04   1.1126114e-03   3.5254204e-03   1.2061296e-02   2.1051101e-02   2.5350068e-02   2.6929490e-02
  -1.9800000e+01   1.1005050e-43   2.4205612e-17   2.8869054e-08   3.9812904e-05   4.7206071e-04   1.0629515e-03   3.3986991e-03   1.1885169e-02   2.0947799e-02   2.5307069e-02   2.6913658e-02
  -1.9350000e+01   4.4502207e-46   4.2125381e-18   1.3084015e-08   2.9445960e-05   4.2083228e-04   1.0145915e-03   3.2764511e-03   1.1713153e-02   2.0846828e-02   2.5265036e-02   2.6898181e-02
  -1.8900000e+01   1.0536242e-48   5.4793165e-19   5.6023506e-09   2.1561182e-05   3.7394197e-04   9.6753922e-04   3.1585689e-03   1.1545239e-02   2.0748185e-02   2.5223971e-02   2.6883060e-02
  -1.8450000e+01   4.9778456e-52   5.7637898e-20   2.2355547e-09   1.5629631e-05   3.3119228e-04   9.2180268e-04   3.0449467e-03   1.1381417e-02   2.0651872e-02   2.5183872e-02   2.6868295e-02
  -1.8000000e+01   6.1414039e-56   4.1250396e-21   8.2436094e-10   1.1216045e-05   2.9237073e-04   8.7738999e-04   2.9354810e-03   1.1221678e-02   2.0557887e-02   2.5144740e-02   2.6853885e-02
  -1.7550000e+01   1.2147481e-60   4.8151640e-23   2.8210969e-10   7.9676878e-06   2.5725400e-04   8.3430867e-04   2.8300699e-03   1.1066013e-02   2.0466229e-02   2.5106575e-02   2.6839832e-02
  -1.7100000e+01  -2.1680820e-63  -1.0664533e-23   9.1943497e-11   5.6029166e-06   2.2561177e-04   7.9256531e-04   2.7286139e-03   1.0914412e-02   2.0376899e-02   2.5069376e-02   2.6826134e-02
  -1.6650000e+01  -9.2590532e-67  -5.6430630e-25   2.9857447e-11   3.9000844e-06   1.9721031e-04   7.5216524e-04   2.6310155e-03   1.0766868e-02   2.0289895e-02   2.5033144e-02   2.6812792e-02
  -1.6200000e+01  -1.9771050e-70  -1.7085898e-26   1.0051919e-11   2.6872086e-06   1.7181558e-04   7.1311223e-04   2.5371795e-03   1.0623371e-02   2.0205218e-02   2.4997879e-02   2.6799806e-02
  -1.5750000e+01  -1.0332424e-74  -3.5706050e-28   3.5276553e-12   1.8326794e-06   1.4919607e-04   6.7540829e-04   2.4470129e-03   1.0483912e-02   2.0122866e-02   2.4963580e-02   2.6787175e-02
  -1.5300000e+01  -1.7730941e-79  -1.9777931e-30   1.2570125e-12   1.2371439e-06   1.2912518e-04   6.3905349e-04   2.3604249e-03   1.0348483e-02   2.0042840e-02   2.4930247e-02   2.6774901e-02
  -1.4850000e+01   9.6803024e-84   3.2789641e-31   4.3967313e-13   8.2659733e-07   1.1138329e-04   6.0404582e-04   2.2773273e-03   1.0217077e-02   1.9965139e-02   2.4897882e-02   2.6762982e-02
  -1.4400000e+01   2.6902135e-87   2.5446838e-32   1.4693551e-13   5.4663840e-07   9.5759442e-05   5.7038114e-04   2.1976339e-03   1.0089684e-02   1.9889762e-02   2.4866482e-02   2.6751419e-02
  -1.3950000e+01   3.5706294e-91   1.3244621e-33   4.5992455e-14   3.5779298e-07   8.2052620e-05   5.3805312e-04   2.1212613e-03   9.9662966e-03   1.9816709e-02   2.4836049e-02   2.6740212e-02
  -1.3500000e+01   9.6020982e-96   5.4544249e-35   1.3272951e-14   2.3178392e-07   7.0072800e-05   5.0705324e-04   2.0481281e-03   9.8469077e-03   1.9745979e-02   2.4806583e-02   2.6729361e-02
  -1.3050000e+01  7.9653754e-101   1.5586163e-36   3.4937565e-15   1.4861069e-07   5.9641641e-05   4.7737082e-04   1.9781558e-03   9.7315095e-03   1.9677573e-02   2.4778083e-02   2.6718865e-02
  -1.2600000e+01  1.9198643e-106   1.1123255e-38   8.4034380e-16   9.4303650e-08   5.0592918e-05   4.4899310e-04   1.9112682e-03   9.6200945e-03   1.9611489e-02   2.4750549e-02   2.6708725e-02
  -1.2150000e+01 -9.6719121e-111  -5.5588866e-40   1.8979836e-16   5.9226507e-08   4.2772723e-05   4.2190532e-04   1.8473915e-03   9.5126556e-03   1.9547728e-02   2.4723982e-02   2.6698942e-02
  -1.1700000e+01 -2.9860266e-115  -1.2940389e-41   4.2641837e-17   3.6813822e-08   3.6039448e-05   3.9609086e-04   1.7864546e-03   9.4091860e-03   1.9486288e-02   2.4698381e-02   2.6689513e-02
  -1.1250000e+01 -5.1089765e-120  -1.6007186e-43   1.0130222e-17   2.2647027e-08   3.0263595e-05   3.7153135e-04   1.7283889e-03   9.3096788e-03   1.9427171e-02   2.4673746e-02   2.6680441e-02
  -1.0800000e+01 -2.4565862e-125  -1.3945316e-45   2.5832003e-18   1.3788446e-08   2.5327438e-05   3.4820683e-04   1.6731283e-03   9.2141276e-03   1.9370374e-02   2.4650077e-02   2.6671724e-02
  -1.0350000e+01 -3.2143788e-131  -5.5652210e-48   6.8112450e-19   8.3084768e-09   2.1124559e-05   3.2609596e-04   1.6206094e-03   9.1225261e-03   1.9315898e-02   2.4627375e-02   2.6663364e-02
  -9.9000000e+00  5.6435664e-137   1.1608331e-49   1.7682060e-19   4.9548146e-09   1.7559300e-05   3.0517617e-04   1.5707713e-03   9.0348683e-03   1.9263743e-02   2.4605639e-02   2.6655359e-02
  -9.4500000e+00  1.1952679e-141   4.1138279e-51   4.3621561e-20   2.9243624e-09   1.4546134e-05   2.8542385e-04   1.5235557e-03   8.9511482e-03   1.9213909e-02   2.4584869e-02   2.6647709e-02
  -9.0000000e+00  9.7669867e-147   8.5615763e-53   9.9958382e-21   1.7081687e-09   1.2009003e-05   2.6681459e-04   1.4789069e-03   8.8713603e-03   1.9166394e-02   2.4565065e-02   2.6640416e-02
  -8.5500000e+00  1.6929326e-152   1.3828455e-54   2.0917390e-21   9.8747136e-10   9.8806158e-06   2.4932336e-04   1.4367719e-03   8.7954992e-03   1.9121198e-02   2.4546228e-02   2.6633478e-02
  -8.1000000e+00  9.5793889e-159   1.5819647e-56   3.9465631e-22   5.6495178e-10   8.1017443e-06   2.3292472e-04   1.3971001e-03   8.7235598e-03   1.9078323e-02   2.4528356e-02   2.6626896e-02
  -7.6500000e+00  2.1224193e-165   5.9178142e-59   6.7021854e-23   3.1988282e-10   6.6205169e-06   2.1759306e-04   1.3598436e-03   8.6555372e-03   1.9037766e-02   2.4511451e-02   2.6620670e-02
  -7.2000000e+00 -3.9259529e-171  -7.5328509e-61   1.0505109e-23   1.7925163e-10   5.3917318e-06   2.0330276e-04   1.3249573e-03   8.5914267e-03   1.8999528e-02   2.4495512e-02   2.6614800e-02
  -6.7500000e+00 -8.8156066e-177  -7.8111878e-63   1.6242335e-24   9.9409568e-11   4.3761929e-06   1.9002844e-04   1.2923985e-03   8.5312241e-03   1.8963609e-02   2.4480539e-02   2.6609285e-02
  -6.3000000e+00 -1.0898457e-182  -3.9199080e-65   2.7004353e-25   5.4561497e-11   3.5400795e-06   1.7774513e-04   1.2621270e-03   8.4749250e-03   1.8930008e-02   2.4466532e-02   2.6604127e-02
  -5.8500000e+00 -4.1491169e-189  -1.3882956e-67   4.9862104e-26   2.9637200e-11   2.8543526e-06   1.6642849e-04   1.2341056e-03   8.4225257e-03   1.8898726e-02   2.4453491e-02   2.6599324e-02
  -5.4000000e+00 -3.8912528e-196  -2.7403350e-70   9.7373584e-27   1.5932361e-11   2.2942037e-06   1.5605500e-04   1.2082993e-03   8.3740225e-03   1.8869761e-02   2.4441416e-02   2.6594877e-02
  -4.9500000e+00  2.0237677e-203   1.0502724e-72   1.8788779e-27   8.4764501e-12   1.8385478e-06   1.4660208e-04   1.1846759e-03   8.3294121e-03   1.8843114e-02   2.4430307e-02   2.6590785e-02
  -4.5000000e+00  3.8802178e-209   1.7996001e-74   3.4249747e-28   4.4631079e-12   1.4695609e-06   1.3804835e-04   1.1632058e-03   8.2886913e-03   1.8818785e-02   2.4420164e-02   2.6587049e-02
  -4.0500000e+00  2.0401111e-215   1.5023644e-76   5.7516818e-29   2.3256753e-12   1.1722633e-06   1.3037372e-04   1.1438619e-03   8.2518573e-03   1.8796774e-02   2.4410987e-02   2.6583670e-02
  -3.6000000e+00  2.3955506e-222   9.5422499e-79   8.7445796e-30   1.1993591e-12   9.3414762e-07   1.2355956e-04   1.1266197e-03   8.2189075e-03   1.8777079e-02   2.4402776e-02   2.6580646e-02
  -3.1500000e+00  9.3049166e-230   4.3780414e-81   1.1865246e-30   6.1212887e-13   7.4485014e-07   1.1758882e-04   1.1114575e-03   8.1898396e-03   1.8759703e-02   2.4395532e-02   2.6577977e-02
  -2.7000000e+00  1.6908651e-237   7.9344649e-84   1.4286209e-31   3.0921111e-13   5.9586373e-07   1.1244619e-04   1.0983558e-03   8.1646516e-03   1.8744643e-02   2.4389253e-02   2.6575665e-02
  -2.2500000e+00 -1.2538981e-244  -2.6950184e-86   1.5572151e-32   1.5463173e-13   4.8029107e-07   1.0811815e-04   1.0872981e-03   8.1433416e-03   1.8731900e-02   2.4383940e-02   2.6573708e-02
  -1.8000000e+00 -2.0965699e-251  -1.2723918e-88   1.6486881e-33   7.6643640e-14   3.9263567e-07   1.0459312e-04   1.0782701e-03   8.1259083e-03   1.8721474e-02   2.4379593e-02   2.6572107e-02
  -1.3500000e+00 -1.8165476e-258  -2.5809646e-91   1.8994165e-34   3.7846223e-14   3.2862894e-07   1.0186150e-04   1.0712603e-03   8.1123503e-03   1.8713365e-02   2.4376212e-02   2.6570862e-02
  -9.0000000e-01 -5.0960347e-266  -3.6683673e-94   2.5292789e-35   1.9037947e-14   2.8509144e-07   9.9915770e-05   1.0662597e-03   8.1026667e-03   1.8707573e-02   2.4373797e-02   2.6569972e-02
  -4.5000000e-01 -3.2937790e-274  -3.2228847e-97   3.7339888e-36   1.0635613e-14   2.5982675e-07   9.8750508e-05   1.0632620e-03   8.0968568e-03   1.8704098e-02   2.4372348e-02   2.6569439e-02
   0.0000000e+00  6.1334059e-283  4.5743897e-100   1.0531514e-36   8.2547862e-15   2.5154668e-07   9.8362451e-05   1.0622631e-03   8.0949202e-03   1.8702940e-02   2.4371865e-02   2.6569261e-02
   4.5000000e-01 -3.2937790e-274  -3.2228847e-97   3.7339888e-36   1.0635613e-14   2.5982675e-07   9.8750508e-05   1.0632620e-03   8.0968568e-03   1.8704098e-02   2.4372348e-02   2.6569439e-02
   9.0000000e-01 -5.0960347e-266  -3.6683673e-94   2.5292789e-35   1.9037947e-14   2.8509144e-07   9.9915770e-05   1.0662597e-03   8.1026667e-03   1.8707573e-02   2.4373797e-02   2.6569972e-02
   1.3500000e+00 -1.8165476e-258  -2.5809646e-91   1.8994165e-34   3.7846223e-14   3.2862894e-07   1.0186150e-04   1.0712603e-03   8.1123503e-03   1.8713365e-02   2.4376212e-02   2.6570862e-02
   1.8000000e+00 -2.0965699e-251  -1.2723918e-88   1.6486881e-33   7.6643640e-14   3.9263567e-07   1.0459312e-04   1.0782701e-03   8.1259083e-03   1.8721474e-02   2.4379593e-02   2.6572107e-02
   2.2500000e+00 -1.2538981e-244  -2.6950184e-86   1.5572151e-32   1.5463173e-13   4.8029107e-07   1.0811815e-04   1.0872981e-03   8.1433416e-03   1.8731900e-02   2.4383940e-02   2.6573708e-02
   2.7000000e+00  1.6908651e-237   7.9344649e-84   1.4286209e-31   3.0921111e-13   5.9586373e-07   1.1244619e-04   1.0983558e-03   8.1646516e-03   1.8744643e-02   2.4389253e-02   2.6575665e-02
   3.1500000e+00  9.3049166e-230   4.3780414e-81   1.1865246e-30   6.1212887e-13   7.4485014e-07   1.1758882e-04   1.1114575e-03   8.1898396e-03   1.8759703e-02   2.4395532e-02   2.6577977e-02
   3.6000000e+00  2.3955506e-222   9.5422499e-79   8.7445796e-30   1.1993591e-12   9.3414762e-07   1.2355956e-04   1.1266197e-03   8.2189075e-03   1.8777079e-02   2.4402776e-02   2.6580646e-02
   4.0500000e+00  2.0401111e-215   1.5023644e-76   5.7516818e-29   2.3256753e-12   1.1722633e-06   1.3037372e-04   1.1438619e-03   8.2518573e-03   1.8796774e-02   2.4410987e-02   2.6583670e-02
   4.5000000e+00  3.8802178e-209   1.7996001e-74   3.4249747e-28   4.4631079e-12   1.4695609e-06   1.3804835e-04   1.1632058e-03   8.2886913e-03   1.8818785e-02   2.4420164e-02   2.6587049e-02
   4.9500000e+00  2.0237677e-203   1.0502724e-72   1.8788779e-27   8.4764501e-12   1.8385478e-06   1.4660208e-04   1.1846759e-03   8.3294121e-03   1.8843114e-02   2.4430307e-02   2.6590785e-02
   5.4000000e+00 -3.8912528e-196  -2.7403350e-70   9.7373584e-27   1.5932361e-11   2.2942037e-06   1.5605500e-04   1.2082993e-03   8.3740225e-03   1.8869761e-02   2.4441416e-02   2.6594877e-02
   5.8500000e+00 -4.1491169e-189  -1.3882956e-67   4.9862104e-26   2.9637200e-11   2.8543526e-06   1.6642849e-04   1.2341056e-03   8.4225257e-03   1.8898726e-02   2.4453491e-02   2.6599324e-02
   6.3000000e+00 -1.0898457e-182  -3.9199080e-65   2.7004353e-25   5.4561497e-11   3.5400795e-06   1.7774513e-04   1.2621270e-03   8.4749250e-03   1.8930008e-02   2.4466532e-02   2.6604127e-02
   6.7500000e+00 -8.8156066e-177  -7.8111878e-63   1.6242335e-24   9.9409568e-11   4.3761929e-06   1.9002844e-04   1.2923985e-03   8.5312241e-03   1.8963609e-02   2.4480539e-02   2.6609285e-02
   7.2000000e+00 -3.9259529e-171  -7.5328509e-61   1.0505109e-23   1.7925163e-10   5.3917318e-06   2.0330276e-04   1.3249573e-03   8.5914267e-03   1.8999528e-02   2.4495512e-02   2.6614800e-02
   7.6500000e+00  2.1224193e-165   5.9178142e-59   6.7021854e-23   3.1988282e-10   6.6205169e-06   2.1759306e-04   1.3598436e-03   8.6555372e-03   1.9037766e-02   2.4511451e-02   2.6620670e-02
   8.1000000e+00  9.5793889e-159   1.5819647e-56   3.9465631e-22   5.6495178e-10   8.1017443e-06   2.3292472e-04   1.3971001e-03   8.7235598e-03   1.9078323e-02   2.4528356e-02   2.6626896e-02
   8.5500000e+00  1.6929326e-152   1.3828455e-54   2.0917390e-21   9.8747136e-10   9.8806158e-06   2.4932336e-04   1.4367719e-03   8.7954992e-03   1.9121198e-02   2.4546228e-02   2.6633478e-02
   9.0000000e+00  9.7669867e-147   8.5615763e-53   9.9958382e-21   1.7081687e-09   1.2009003e-05   2.6681459e-04   1.4789069e-03   8.8713603e-03   1.9166394e-02   2.4565065e-02   2.6640416e-02
   9.4500000e+00  1.1952679e-141   4.1138279e-51   4.3621561e-20   2.9243624e-09   1.4546134e-05   2.8542385e-04   1.5235557e-03   8.9511482e-03   1.9213909e-02   2.4584869e-02   2.6647709e-02
   9.9000000e+00  5.6435664e-137   1.1608331e-49   1.7682060e-19   4.9548146e-09   1.7559300e-05   3.0517617e-04   1.5707713e-03   9.0348683e-03   1.9263743e-02   2.4605639e-02   2.6655359e-02
   1.0350000e+01 -3.2143788e-131  -5.5652210e-48   6.8112450e-19   8.3084768e-09   2.1124559e-05   3.2609596e-04   1.6206094e-03   9.1225261e-03   1.9315898e-02   2.4627375e-02   2.6663364e-02
   1.0800000e+01 -2.4565862e-125  -1.3945316e-45   2.5832003e-18   1.3788446e-08   2.5327438e-05   3.4820683e-04   1.6731283e-03   9.2141276e-03   1.9370374e-02   2.4650077e-02   2.6671724e-02
   1.1250000e+01 -5.1089765e-120  -1.6007186e-43   1.0130222e-17   2.2647027e-08   3.0263595e-05   3.7153135e-04   1.7283889e-03   9.3096788e-03   1.9427171e-02   2.4673746e-02   2.6680441e-02
   1.1700000e+01 -2.9860266e-115  -1.2940389e-41   4.2641837e-17   3.6813822e-08   3.6039448e-05   3.9609086e-04   1.7864546e-03   9.4091860e-03   1.9486288e-02   2.4698381e-02   2.6689513e-02
   1.2150000e+01 -9.6719121e-111  -5.5588866e-40   1.8979836e-16   5.9226507e-08   4.2772723e-05   4.2190532e-04   1.8473915e-03   9.5126556e-03   1.9547728e-02   2.4723982e-02   2.6698942e-02
   1.2600000e+01  1.9198643e-106   1.1123255e-38   8.4034380e-16   9.4303650e-08   5.0592918e-05   4.4899310e-04   1.9112682e-03   9.6200945e-03   1.9611489e-02   2.4750549e-02   2.6708725e-02
   1.3050000e+01  7.9653754e-101   1.5586163e-36   3.4937565e-15   1.4861069e-07   5.9641641e-05   4.7737082e-04   1.9781558e-03   9.7315095e-03   1.9677573e-02   2.4778083e-02   2.6718865e-02
   1.3500000e+01   9.6020982e-96   5.4544249e-35   1.3272951e-14   2.3178392e-07   7.0072800e-05   5.0705324e-04   2.0481281e-03   9.8469077e-03   1.9745979e-02   2.4806583e-02   2.6729361e-02
   1.3950000e+01   3.5706294e-91   1.3244621e-33   4.5992455e-14   3.5779298e-07   8.2052620e-05   5.3805312e-04   2.1212613e-03   9.9662966e-03   1.9816709e-02   2.4836049e-02   2.6740212e-02
   1.4400000e+01   2.6902135e-87   2.5446838e-32   1.4693551e-13   5.4663840e-07   9.5759442e-05   5.7038114e-04   2.1976339e-03   1.0089684e-02   1.9889762e-02   2.4866482e-02   2.6751419e-02
   1.4850000e+01   9.6803024e-84   3.2789641e-31   4.3967313e-13   8.2659733e-07   1.1138329e-04   6.0404582e-04   2.2773273e-03   1.0217077e-02   1.9965139e-02   2.4897882e-02   2.6762982e-02
   1.5300000e+01  -1.7730941e-79  -1.9777931e-30   1.2570125e-12   1.2371439e-06   1.2912518e-04   6.3905349e-04   2.3604249e-03   1.0348483e-02   2.0042840e-02   2.4930247e-02   2.6774901e-02
   1.5750000e+01  -1.0332424e-74  -3.5706050e-28   3.5276553e-12   1.8326794e-06   1.4919607e-04   6.7540829e-04   2.4470129e-03   1.0483912e-02   2.0122866e-02   2.4963580e-02   2.6787175e-02
   1.6200000e+01  -1.9771050e-70  -1.7085898e-26   1.0051919e-11   2.6872086e-06   1.7181558e-04   7.1311223e-04   2.5371795e-03   1.0623371e-02   2.0205218e-02   2.4997879e-02   2.6799806e-02
   1.6650000e+01  -9.2590532e-67  -5.6430630e-25   2.9857447e-11   3.9000844e-06   1.9721031e-04   7.5216524e-04   2.6310155e-03   1.0766868e-02   2.0289895e-02   2.5033144e-02   2.6812792e-02
   1.7100000e+01  -2.1680820e-63  -1.0664533e-23   9.1943497e-11   5.6029166e-06   2.2561177e-04   7.9256531e-04   2.7286139e-03   1.0914412e-02   2.0376899e-02   2.5069376e-02   2.6826134e-02
   1.7550000e+01   1.2147481e-60   4.8151640e-23   2.8210969e-10   7.9676878e-06   2.5725400e-04   8.3430867e-04   2.8300699e-03   1.1066013e-02   2.0466229e-02   2.5106575e-02   2.6839832e-02
   1.8000000e+01   6.1414039e-56   4.1250396e-21   8.2436094e-10   1.1216045e-05   2.9237073e-04   8.7738999e-04   2.9354810e-03   1.1221678e-02   2.0557887e-02   2.5144740e-02   2.6853885e-02
   1.8450000e+01   4.9778456e-52   5.7637898e-20   2.2355547e-09   1.5629631e-05   3.3119228e-04   9.2180268e-04   3.0449467e-03   1.1381417e-02   2.0651872e-02   2.5183872e-02   2.6868295e-02
   1.8900000e+01   1.0536242e-48   5.4793165e-19   5.6023506e-09   2.1561182e-05   3.7394197e-04   9.6753922e-04   3.1585689e-03   1.1545239e-02   2.0748185e-02   2.5223971e-02   2.6883060e-02
   1.9350000e+01   4.4502207e-46   4.2125381e-18   1.3084015e-08   2.9445960e-05   4.2083228e-04   1.0145915e-03   3.2764511e-03   1.1713153e-02   2.0846828e-02   2.5265036e-02   2.6898181e-02
   1.9800000e+01   1.1005050e-43   2.4205612e-17   2.8869054e-08   3.9812904e-05   4.7206071e-04   1.0629515e-03   3.3986991e-03   1.1885169e-02   2.0947799e-02   2.5307069e-02   2.6913658e-02
   2.0250000e+01  -5.7950165e-41   2.8876258e-17   6.1167279e-08   5.3294668e-05   5.2780529e-04   1.1126114e-03   3.5254204e-03   1.2061296e-02   2.1051101e-02   2.5350068e-02   2.6929490e-02
   2.0700000e+01  -2.9427921e-37  -2.0774414e-15   1.2688158e-07   7.0635561e-05   5.8822002e-04   1.1635644e-03   3.6567244e-03   1.2241544e-02   2.1156733e-02   2.5394034e-02   2.6945679e-02
   2.1150000e+01  -8.7983717e-34  -4.4523332e-14   2.6328759e-07   9.2696209e-05   6.5343009e-04   1.2158056e-03   3.7927223e-03   1.2425923e-02   2.1264696e-02   2.5438967e-02   2.6962223e-02
   2.1600000e+01  -2.2616643e-30  -6.1094080e-13   5.5565838e-07   1.2045370e-04   7.2352710e-04   1.2693323e-03   3.9335268e-03   1.2614442e-02   2.1374990e-02   2.5484868e-02   2.6979123e-02
   2.2050000e+01  -4.3262775e-27  -5.0292516e-12   1.1914756e-06   1.5499595e-04   7.9856428e-04   1.3241447e-03   4.0792524e-03   1.2807112e-02   2.1487616e-02   2.5531735e-02   2.6996379e-02
   2.2500000e+01   2.2185864e-29   3.3680637e-12   2.5370641e-06   1.9750918e-04   8.7855188e-04   1.3802475e-03   4.2300150e-03   1.3003941e-02   2.1602576e-02   2.5579569e-02   2.7013991e-02
   2.2950000e+01   2.5918290e-22   2.7177184e-10   5.2011218e-06   2.4925755e-04   9.6345278e-04   1.4376497e-03   4.3859317e-03   1.3204941e-02   2.1719868e-02   2.5628370e-02   2.7031959e-02
   2.3400000e+01   8.1191421e-21   1.5248141e-09   1.0052162e-05   3.1155455e-04   1.0531784e-03   1.4963666e-03   4.5471212e-03   1.3410121e-02   2.1839494e-02   2.5678139e-02   2.7050282e-02
   2.3850000e+01   1.8965943e-19   5.7449353e-09   1.8222248e-05   3.8572602e-04   1.1475854e-03   1.5564201e-03   4.7137032e-03   1.3619492e-02   2.1961455e-02   2.5728875e-02   2.7068961e-02
   2.4300000e+01   3.8930487e-18   1.8012342e-08   3.1169094e-05   4.7306530e-04   1.2464721e-03   1.6178400e-03   4.8857986e-03   1.3833064e-02   2.2085751e-02   2.5780578e-02   2.7087996e-02
   2.4750000e+01   6.6073057e-17   4.6822524e-08   5.0844567e-05   5.7478172e-04   1.3495768e-03   1.6806652e-03   5.0635291e-03   1.4050846e-02   2.2212382e-02   2.5833248e-02   2.7107387e-02
   2.5200000e+01  -7.3650386e-16   7.9422880e-08   8.0030485e-05   6.9194406e-04   1.4565758e-03   1.7449449e-03   5.2470176e-03   1.4272850e-02   2.2341350e-02   2.5886886e-02   2.7127134e-02
   2.5650000e+01  -3.9237812e-13  -1.1358129e-07   1.2298009e-04   8.2542129e-04   1.5670831e-03   1.8107395e-03   5.4363873e-03   1.4499085e-02   2.2472654e-02   2.5941491e-02   2.7147237e-02
   2.6100000e+01  -5.7794090e-11  -2.0326337e-06   1.8649813e-04   9.7582337e-04   1.6806502e-03   1.8781224e-03   5.6317625e-03   1.4729561e-02   2.2606296e-02   2.5997063e-02   2.7167696e-02
   2.6550000e+01  -1.6392409e-09  -1.2294152e-05   2.8116748e-04   1.1434451e-03   1.7967679e-03   1.9471805e-03   5.8332676e-03   1.4964290e-02   2.2742277e-02   2.6053603e-02   2.7188510e-02
   2.7000000e+01  -1.2068070e-08  -4.1574875e-05   4.2126762e-04   1.3282164e-03   1.9148685e-03   2.0180163e-03   6.0410276e-03   1.5203280e-02   2.2880596e-02   2.6111111e-02   2.7209680e-02
   2.7450000e+01  -1.2888702e-08   3.9681980e-06   6.2102310e-04   1.5296620e-03   2.0343292e-03   2.0907485e-03   6.2551677e-03   1.5446543e-02   2.3021254e-02   2.6169586e-02   2.7231206e-02
   2.7900000e+01   1.5686348e-06   3.6633800e-04   8.8739568e-04   1.7468729e-03   2.1544768e-03   2.1655138e-03   6.4758132e-03   1.5694088e-02   2.3164252e-02   2.6229029e-02   2.7253088e-02
   2.8350000e+01   3.9966919e-05   8.7780792e-04   1.2153499e-03   1.9784926e-03   2.2745935e-03   2.2424680e-03   6.7030893e-03   1.5945925e-02   2.3309592e-02   2.6289439e-02   2.7275326e-02
   2.8800000e+01   5.1317552e-04   1.3827549e-03   1.5908925e-03   2.2227176e-03   2.3939239e-03   2.3217872e-03   6.9371212e-03   1.6202065e-02   2.3457272e-02   2.6350818e-02   2.7297920e-02
   2.9250000e+01   1.6544668e-03   1.8758336e-03   1.9983293e-03   2.4773139e-03   2.5116822e-03   2.4036690e-03   7.1780335e-03   1.6462517e-02   2.3607294e-02   2.6413164e-02   2.7320869e-02
   2.9700000e+01   2.3317559e-03   2.3638858e-03   2.4249646e-03   2.7396476e-03   2.6270616e-03   2.4883339e-03   7.4259506e-03   1.6727291e-02   2.3759659e-02   2.6476478e-02   2.7344175e-02
   3.0150000e+01   2.8375240e-03   2.8503304e-03   2.8616747e-03   3.0067288e-03   2.7392437e-03   2.5760263e-03   7.6809962e-03   1.6996398e-02   2.3914368e-02   2.6540760e-02   2.7367836e-02
   3.0600000e+01   3.3670873e-03   3.3376690e-03   3.3014698e-03   3.2752661e-03   2.8474088e-03   2.6670158e-03   7.9432933e-03   1.7269846e-02   2.4071420e-02   2.6606010e-02   2.7391853e-02
   3.1050000e+01   4.2762238e-03   3.8290530e-03   3.7377517e-03   3.5417306e-03   2.9507467e-03   2.7615977e-03   8.2129637e-03   1.7547646e-02   2.4230816e-02   2.6672229e-02   2.7416226e-02
   3.1500000e+01   5.2395433e-03   4.3288175e-03   4.1628804e-03   3.8024257e-03   3.0484685e-03   2.8600942e-03   8.4901286e-03   1.7829806e-02   2.4392558e-02   2.6739415e-02   2.7440955e-02
   3.1950000e+01   5.3606723e-03   4.8341830e-03   4.5676307e-03   4.0535621e-03   3.1398179e-03   2.9628556e-03   8.7749075e-03   1.8116336e-02   2.4556646e-02   2.6807569e-02   2.7466040e-02
   3.2400000e+01   5.3651919e-03   5.2774331e-03   4.9426005e-03   4.2913353e-03   3.2240829e-03   3.0702600e-03   9.0674187e-03   1.8407246e-02   2.4723080e-02   2.6876692e-02   2.7491481e-02
   3.2850000e+01   5.3655816e-03   5.5492027e-03   5.2816500e-03   4.5120048e-03   3.3006079e-03   3.1827148e-03   9.3677792e-03   1.8702544e-02   2.4891861e-02   2.6946783e-02   2.7517278e-02
   3.3300000e+01   5.3744724e-03   5.7614165e-03   5.5845655e-03   4.7119736e-03   3.3688049e-03   3.3006565e-03   9.6761038e-03   1.9002239e-02   2.5062990e-02   2.7017843e-02   2.7543430e-02
   3.3750000e+01   5.5138090e-03   5.9872396e-03   5.8558346e-03   4.8878680e-03   3.4281648e-03   3.4245512e-03   9.9925058e-03   1.9306340e-02   2.5236467e-02   2.7089870e-02   2.7569939e-02
   3.4200000e+01   6.0532351e-03   6.2181628e-03   6.1007584e-03   5.0366151e-03   3.4782679e-03   3.5548947e-03   1.0317096e-02   1.9614856e-02   2.5412294e-02   2.7162867e-02   2.7596803e-02
   3.4650000e+01   6.4249728e-03   6.4484272e-03   6.3224150e-03   5.1555195e-03   3.5187937e-03   3.6922120e-03   1.0649984e-02   1.9927793e-02   2.5590470e-02   2.7236832e-02   2.7624023e-02
   3.5100000e+01   6.6701265e-03   6.6777806e-03   6.5205368e-03   5.2423358e-03   3.5495306e-03   3.8370575e-03   1.0991276e-02   2.0245162e-02   2.5770996e-02   2.7311765e-02   2.7651600e-02
   3.5550000e+01   6.9232052e-03   6.9076833e-03   6.6910523e-03   5.2953370e-03   3.5703837e-03   3.9900142e-03   1.1341076e-02   2.0566968e-02   2.5953873e-02   2.7387668e-02   2.7679532e-02
   3.6000000e+01   7.3614258e-03   7.1414369e-03   6.8250392e-03   5.3133746e-03   3.5813825e-03   4.1516929e-03   1.1699485e-02   2.0893221e-02   2.6139101e-02   2.7464539e-02   2.7707820e-02
   3.6450000e+01   7.8219417e-03   7.3880722e-03   6.9070284e-03   5.2959284e-03   3.5826873e-03   4.3227316e-03   1.2066601e-02   2.1223927e-02   2.6326682e-02   2.7542379e-02   2.7736464e-02
   3.6900000e+01   7.8835491e-03   7.6609386e-03   6.9146498e-03   5.2431420e-03   3.5745946e-03   4.5037940e-03   1.2442521e-02   2.1559094e-02   2.6516615e-02   2.7621187e-02   2.7765464e-02
   3.7350000e+01   7.8861382e-03   7.8593229e-03   6.8235739e-03   5.1558409e-03   3.5575418e-03   4.6955682e-03   1.2827336e-02   2.1898728e-02   2.6708901e-02   2.7700965e-02   2.7794819e-02
   3.7800000e+01   7.8856851e-03   7.5977139e-03   6.6189623e-03   5.0355287e-03   3.5321107e-03   4.8987650e-03   1.3221134e-02   2.2242835e-02   2.6903542e-02   2.7781712e-02   2.7824531e-02
   3.8250000e+01   7.8703512e-03   6.9748602e-03   6.3053488e-03   4.8843602e-03   3.4990302e-03   5.1141164e-03   1.3624002e-02   2.2591423e-02   2.7100537e-02   2.7863428e-02   2.7854599e-02
   3.8700000e+01   7.5968851e-03   6.3219040e-03   5.9044102e-03   4.7050905e-03   3.4591786e-03   5.3423728e-03   1.4036020e-02   2.2944496e-02   2.7299887e-02   2.7946113e-02   2.7885023e-02
   3.9150000e+01   6.2207733e-03   5.6917034e-03   5.4433238e-03   4.5009994e-03   3.4135849e-03   5.5843015e-03   1.4457267e-02   2.3302061e-02   2.7501592e-02   2.8029768e-02   2.7915802e-02
   3.9600000e+01   5.1425216e-03   5.0746275e-03   4.9453853e-03   4.2757965e-03   3.3634293e-03   5.8406834e-03   1.4887815e-02   2.3664123e-02   2.7705654e-02   2.8114392e-02   2.7946938e-02
   4.0050000e+01   4.4757599e-03   4.4626824e-03   4.4277411e-03   4.0335081e-03   3.3100442e-03   6.1123105e-03   1.5327734e-02   2.4030687e-02   2.7912072e-02   2.8199985e-02   2.7978429e-02
   4.0500000e+01   3.7981389e-03   3.8502472e-03   3.9034161e-03   3.7783540e-03   3.2549137e-03   6.3999832e-03   1.5777088e-02   2.4401757e-02   2.8120848e-02   2.8286548e-02   2.8010277e-02
   4.0950000e+01   2.6359780e-03   3.2316012e-03   3.3843598e-03   3.5146192e-03   3.1996742e-03   6.7045063e-03   1.6235939e-02   2.4777337e-02   2.8331981e-02   2.8374080e-02   2.8042480e-02
   4.1400000e+01   1.3722983e-03   2.5997408e-03   2.8841453e-03   3.2465281e-03   3.1461137e-03   7.0266866e-03   1.6704342e-02   2.5157431e-02   2.8545473e-02   2.8462582e-02   2.8075040e-02
   4.1850000e+01   1.1866005e-03   1.9548011e-03   2.4193010e-03   2.9781271e-03   3.0961715e-03   7.3673284e-03   1.7182348e-02   2.5542044e-02   2.8761323e-02   2.8552053e-02   2.8107955e-02
   4.2300000e+01   1.1780423e-03   1.3774929e-03   2.0073011e-03   2.7131828e-03   3.0519385e-03   7.7272304e-03   1.7670002e-02   2.5931177e-02   2.8979533e-02   2.8642495e-02   2.8141226e-02
   4.2750000e+01   1.1777803e-03   1.0893727e-03   1.6602995e-03   2.4550994e-03   3.0156567e-03   8.1071815e-03   1.8167346e-02   2.6324833e-02   2.9200102e-02   2.8733906e-02   2.8174854e-02
   4.3200000e+01   1.1758424e-03   9.9954261e-04   1.3789020e-03   2.2068600e-03   2.9897187e-03   8.5079567e-03   1.8674413e-02   2.6723015e-02   2.9423032e-02   2.8826287e-02   2.8208837e-02
   4.3650000e+01   1.1373266e-03   9.0895830e-04   1.1526976e-03   1.9709938e-03   2.9766673e-03   8.9303134e-03   1.9191235e-02   2.7125724e-02   2.9648323e-02   2.8919639e-02   2.8243177e-02
   4.4100000e+01   9.0644678e-04   8.0418803e-04   9.6707196e-04   1.7495689e-03   2.9791953e-03   9.3749868e-03   1.9717834e-02   2.7532961e-02   2.9875974e-02   2.9013960e-02   2.8277872e-02
   4.4550000e+01   7.0748347e-04   6.9655525e-04   8.0944250e-04   1.5442113e-03   3.0001435e-03   9.8426859e-03   2.0254230e-02   2.7944728e-02   3.0105987e-02   2.9109252e-02   2.8312923e-02
   4.5000000e+01   5.8892430e-04   5.8901870e-04   6.7135485e-04   1.3561454e-03   3.0424992e-03   1.0334089e-02   2.0800435e-02   2.8361024e-02   3.0338363e-02   2.9205514e-02   2.8348331e-02
   4.5450000e+01   4.7036513e-04   4.8140135e-04   5.4791079e-04   1.1862557e-03   3.1093931e-03   1.0849840e-02   2.1356455e-02   2.8781850e-02   3.0573100e-02   2.9302746e-02   2.8384094e-02
   4.5900000e+01   2.7140181e-04   3.7278329e-04   4.3672864e-04   1.0351640e-03   3.2040952e-03   1.1390543e-02   2.1922289e-02   2.9207205e-02   3.0810201e-02   2.9400948e-02   2.8420213e-02
   4.6350000e+01   4.0521662e-05   2.6186718e-04   3.3732503e-04   9.0332032e-04   3.3300080e-03   1.1956760e-02   2.2497933e-02   2.9637088e-02   3.1049664e-02   2.9500122e-02   2.8456689e-02
   4.6800000e+01   2.0030856e-06   1.4803007e-04   2.5077929e-04   7.9110280e-04   3.4906593e-03   1.2549004e-02   2.3083372e-02   3.0071497e-02   3.1291491e-02   2.9600265e-02   2.8493520e-02
   4.7250000e+01   5.3004639e-08   4.3271575e-05   1.7906943e-04   6.9892571e-04   3.6896904e-03   1.3167740e-02   2.3678587e-02   3.0510430e-02   3.1535682e-02   2.9701380e-02   2.8530708e-02
   4.7700000e+01  -2.7388062e-09  -6.6683771e-06   1.2366884e-04   6.2735211e-04   3.9308430e-03   1.3813374e-02   2.4283553e-02   3.0953883e-02   3.1782237e-02   2.9803465e-02   2.8568251e-02
   4.8150000e+01  -6.8261742e-10  -6.0681810e-06   8.4104434e-05   5.7721035e-04   4.2179420e-03   1.4486256e-02   2.4898236e-02   3.1401855e-02   3.2031156e-02   2.9906521e-02   2.8606151e-02
   4.8600000e+01  -7.6750517e-11  -1.5073414e-06   5.7867116e-05   5.4971295e-04   4.5548745e-03   1.5186672e-02   2.5522596e-02   3.1854341e-02   3.2282440e-02   3.0010548e-02   2.8644406e-02
   4.9050000e+01  -2.8239197e-12  -2.0670155e-07   4.1728932e-05   5.4657673e-04   4.9455646e-03   1.5914846e-02   2.6156586e-02   3.2311336e-02   3.2536090e-02   3.0115546e-02   2.8683018e-02
   4.9500000e+01  -2.1289986e-14   1.3273189e-08   3.3067974e-05   5.7014309e-04   5.3939448e-03   1.6670931e-02   2.6800151e-02   3.2772836e-02   3.2792104e-02   3.0221515e-02   2.8721986e-02
   4.9950000e+01   1.8627195e-16   3.3907126e-08   3.0367539e-05   6.2349685e-04   5.9039216e-03   1.7455008e-02   2.7453230e-02   3.3238835e-02   3.3050484e-02   3.0328456e-02   2.8761309e-02
   5.0400000e+01  -7.7909442e-15   2.4086939e-08   3.3176171e-05   7.1058160e-04   6.4793378e-03   1.8267089e-02   2.8115753e-02   3.3709326e-02   3.3311229e-02   3.0436367e-02   2.8800989e-02
   5.0850000e+01  -1.2458764e-12  -1.2078817e-07   4.2051502e-05   8.3630888e-04   7.1239290e-03   1.9107106e-02   2.8787645e-02   3.4184304e-02   3.3574340e-02   3.0545251e-02   2.8841025e-02
   5.1300000e+01  -4.3845982e-11  -1.0823280e-06   5.8728900e-05   1.0066577e-03   7.8412771e-03   1.9974916e-02   2.9468820e-02   3.4663760e-02   3.3839818e-02   3.0655105e-02   2.8881417e-02
   5.1750000e+01  -4.7275978e-10  -5.0179879e-06   8.6413305e-05   1.2287601e-03   8.6347590e-03   2.0870299e-02   3.0159187e-02   3.5147686e-02   3.4107661e-02   3.0765931e-02   2.8922165e-02
   5.2200000e+01  -2.7918041e-09  -9.5215805e-06   1.2973056e-04   1.5109688e-03   9.5074918e-03   2.1792953e-02   3.0858646e-02   3.5636074e-02   3.4377870e-02   3.0877729e-02   2.8963269e-02
   5.2650000e+01   2.2245533e-08   2.7690882e-05   1.9382798e-04   1.8629002e-03   1.0462276e-02   2.2742497e-02   3.1567089e-02   3.6128914e-02   3.4650446e-02   3.0990498e-02   2.9004729e-02
   5.3100000e+01   1.3274051e-06   1.3396219e-04   2.8304264e-04   2.2954492e-03   1.1501536e-02   2.3718468e-02   3.2284402e-02   3.6626196e-02   3.4925388e-02   3.1104239e-02   2.9046546e-02
   5.3550000e+01   3.2510733e-05   2.5743188e-04   4.0064083e-04   2.8207686e-03   1.2627260e-02   2.4720324e-02   3.3010460e-02   3.7127910e-02   3.5202697e-02   3.1218953e-02   2.9088718e-02
   5.4000000e+01   2.6562314e-04   3.7781654e-04   5.5028077e-04   3.4522092e-03   1.3840938e-02   2.5747443e-02   3.3745133e-02   3.7634043e-02   3.5482371e-02   3.1334638e-02   2.9131247e-02
   5.4450000e+01   4.8745000e-04   4.9545241e-04   7.3812855e-04   4.2042132e-03   1.5143507e-02   2.6799121e-02   3.4488280e-02   3.8144585e-02   3.5764413e-02   3.1451295e-02   2.9174131e-02
   5.4900000e+01   6.1555820e-04   6.1196675e-04   9.7479322e-04   5.0921564e-03   1.6535292e-02   2.7874579e-02   3.5239755e-02   3.8659521e-02   3.6048820e-02   3.1568924e-02   2.9217372e-02
   5.5350000e+01   7.3965476e-04   7.2815088e-04   1.2777554e-03   6.1321335e-03   1.8015953e-02   2.8972959e-02   3.5999402e-02   3.9178839e-02   3.6335594e-02   3.1687526e-02   2.9260969e-02
   5.5800000e+01   9.2782803e-04   8.4227609e-04   1.6757589e-03   7.3406804e-03   1.9584445e-02   3.0093327e-02   3.6767056e-02   3.9702524e-02   3.6624734e-02   3.1807100e-02   2.9304922e-02
   5.6250000e+01   1.2008844e-03   9.4087378e-04   2.2157986e-03   8.7344287e-03   2.1238973e-02   3.1234678e-02   3.7542546e-02   4.0230562e-02   3.6916240e-02   3.1927647e-02   2.9349231e-02
   5.6700000e+01   1.2714085e-03   9.7367192e-04   2.9693013e-03   1.0329688e-02   2.2976963e-02   3.2395933e-02   3.8325692e-02   4.0762937e-02   3.7210111e-02   3.2049166e-02   2.9393897e-02
   5.7150000e+01   1.2758570e-03   9.4634263e-04   4.0265015e-03   1.2141954e-02   2.4795046e-02   3.3575949e-02   3.9116305e-02   4.1299631e-02   3.7506349e-02   3.2171658e-02   2.9438918e-02
   5.7600000e+01   1.2764019e-03   1.7828294e-03   5.4672674e-03   1.4185339e-02   2.6689046e-02   3.4773513e-02   3.9914189e-02   4.1840629e-02   3.7804952e-02   3.2295122e-02   2.9484296e-02
   5.8050000e+01   1.3040166e-03   4.4239693e-03   7.3203470e-03   1.6471932e-02   2.8653984e-02   3.5987352e-02   4.0719139e-02   4.2385911e-02   3.8105920e-02   3.2419559e-02   2.9530029e-02
   5.8500000e+01   2.0436574e-03   7.5780443e-03   9.5505024e-03   1.9011088e-02   3.0684098e-02   3.7216135e-02   4.1530943e-02   4.2935461e-02   3.8409253e-02   3.2544970e-02   2.9576119e-02
   5.8950000e+01   7.9257939e-03   1.0652183e-02   1.2089204e-02   2.1808665e-02   3.2772870e-02   3.8458473e-02   4.2349379e-02   4.3489256e-02   3.8714950e-02   3.2671353e-02   2.9622566e-02
   5.9400000e+01   1.3477081e-02   1.3656965e-02   1.4876176e-02   2.4866224e-02   3.4913073e-02   3.9712926e-02   4.3174219e-02   4.4047279e-02   3.9023012e-02   3.2798710e-02   2.9669368e-02
   5.9850000e+01   1.6710653e-02   1.6633652e-02   1.7881248e-02   2.8180220e-02   3.7096832e-02   4.0978007e-02   4.4005225e-02   4.4609507e-02   3.9333438e-02   3.2927039e-02   2.9716526e-02
   6.0300000e+01   1.9798928e-02   1.9604200e-02   2.1109029e-02   3.1741225e-02   3.9315696e-02   4.2252183e-02   4.4842153e-02   4.5175919e-02   3.9646227e-02   3.3056342e-02   2.9764041e-02
   6.0750000e+01   2.3934529e-02   2.2577835e-02   2.4602024e-02   3.5533228e-02   4.1560722e-02   4.3533884e-02   4.5684750e-02   4.5746493e-02   3.9961379e-02   3.3186619e-02   2.9811912e-02
   6.1200000e+01   3.0903378e-02   2.5536117e-02   2.8450854e-02   3.9533072e-02   4.3822576e-02   4.4821500e-02   4.6532756e-02   4.6321204e-02   4.0278894e-02   3.3317869e-02   2.9860139e-02
   6.1650000e+01   3.3792825e-02   2.8364240e-02   3.2805536e-02   4.3710097e-02   4.6091637e-02   4.6113394e-02   4.7385901e-02   4.6900028e-02   4.0598771e-02   3.3450092e-02   2.9908722e-02
   6.2100000e+01   3.4027143e-02   3.0929336e-02   3.7861528e-02   4.8026048e-02   4.8358117e-02   4.7407898e-02   4.8243910e-02   4.7482941e-02   4.0921010e-02   3.3583289e-02   2.9957662e-02
   6.2550000e+01   3.4037360e-02   3.5068657e-02   4.3788986e-02   5.2435324e-02   5.0612182e-02   4.8703322e-02   4.9106500e-02   4.8069917e-02   4.1245609e-02   3.3717461e-02   3.0006957e-02
   6.3000000e+01   3.4114962e-02   4.3804556e-02   5.0627389e-02   5.6885599e-02   5.2844075e-02   4.9997958e-02   4.9973380e-02   4.8660929e-02   4.1572569e-02   3.3852606e-02   3.0056609e-02
   6.3450000e+01   3.6612589e-02   5.4068726e-02   5.8241299e-02   6.1318856e-02   5.5044248e-02   5.1290084e-02   5.0844250e-02   4.9255949e-02   4.1901888e-02   3.3988725e-02   3.0106618e-02
   6.3900000e+01   5.6319774e-02   6.4132445e-02   6.6385856e-02   6.5672845e-02   5.7203480e-02   5.2577964e-02   5.1718806e-02   4.9854949e-02   4.2233566e-02   3.4125818e-02   3.0156982e-02
   6.4350000e+01   7.3175064e-02   7.4029220e-02   7.4805030e-02   6.9882911e-02   5.9313003e-02   5.3859861e-02   5.2596736e-02   5.0457901e-02   4.2567603e-02   3.4263885e-02   3.0207703e-02
   6.4800000e+01   8.3623500e-02   8.3863825e-02   8.3277520e-02   7.3884157e-02   6.1364611e-02   5.5134033e-02   5.3477718e-02   5.1064773e-02   4.2903997e-02   3.4402927e-02   3.0258780e-02
   6.5250000e+01   9.3493012e-02   9.3680397e-02   9.1604727e-02   7.7613847e-02   6.3350766e-02   5.6398740e-02   5.4361428e-02   5.1675536e-02   4.3242747e-02   3.4542943e-02   3.0310213e-02
   6.5700000e+01   1.0334200e-01   1.0350545e-01   9.9568662e-02   8.1013914e-02   6.5264682e-02   5.7652250e-02   5.5247532e-02   5.2290157e-02   4.3583854e-02   3.4683933e-02   3.0362002e-02
   6.6150000e+01   1.1320203e-01   1.1340698e-01   1.0687610e-01   8.4033455e-02   6.7100407e-02   5.8892838e-02   5.6135691e-02   5.2908604e-02   4.3927315e-02   3.4825898e-02   3.0414148e-02
   6.6600000e+01   1.2307218e-01   1.2365277e-01   1.1310677e-01   8.6631053e-02   6.8852875e-02   6.0118795e-02   5.7025558e-02   5.3530843e-02   4.4273130e-02   3.4968838e-02   3.0466650e-02
   6.7050000e+01   1.3301750e-01   1.3460005e-01   1.1772179e-01   8.8776768e-02   7.0517954e-02   6.1328429e-02   5.7916783e-02   5.4156842e-02   4.4621299e-02   3.5112753e-02   3.0519508e-02
   6.7500000e+01   1.4282957e-01   1.4191203e-01   1.2021360e-01   9.0453669e-02   7.2092460e-02   6.2520066e-02   5.8809006e-02   5.4786563e-02   4.4971819e-02   3.5257642e-02   3.0572723e-02
   6.7950000e+01   1.3567192e-01   1.3724461e-01   1.2036698e-01   9.1658784e-02   7.3574169e-02   6.3692058e-02   5.9701865e-02   5.5419972e-02   4.5324690e-02   3.5403507e-02   3.0626294e-02
   6.8400000e+01   1.2837969e-01   1.2893961e-01   1.1840023e-01   9.2403392e-02   7.4961795e-02   6.4842782e-02   6.0594990e-02   5.6057031e-02   4.5679911e-02   3.5550346e-02   3.0680221e-02
   6.8850000e+01   1.2116077e-01   1.2133400e-01   1.1482419e-01   9.2712644e-02   7.6254959e-02   6.5970646e-02   6.1488007e-02   5.6697704e-02   4.6037481e-02   3.5698161e-02   3.0734505e-02
   6.9300000e+01   1.1394940e-01   1.1407076e-01   1.1018152e-01   9.2624510e-02   7.7454140e-02   6.7074089e-02   6.2380535e-02   5.7341951e-02   4.6397398e-02   3.5846952e-02   3.0789145e-02
   6.9750000e+01   1.0674610e-01   1.0688274e-01   1.0489727e-01   9.2188142e-02   7.8560606e-02   6.8151584e-02   6.3272191e-02   5.7989733e-02   4.6759662e-02   3.5996717e-02   3.0844141e-02
   7.0200000e+01   9.9527794e-02   9.9703600e-02   9.9271368e-02   9.1461752e-02   7.9576336e-02   6.9201642e-02   6.4162583e-02   5.8641010e-02   4.7124270e-02   3.6147458e-02   3.0899493e-02
   7.0650000e+01   9.1886079e-02   9.2509907e-02   9.3531982e-02   9.0510139e-02   8.0503926e-02   7.0222811e-02   6.5051320e-02   5.9295740e-02   4.7491223e-02   3.6299175e-02   3.0955202e-02
   7.1100000e+01   7.9558555e-02   8.5259933e-02   8.7894020e-02   8.9402016e-02   8.1346494e-02   7.1213679e-02   6.5938001e-02   5.9953883e-02   4.7860517e-02   3.6451867e-02   3.1011268e-02
   7.1550000e+01   6.5145220e-02   7.7836275e-02   8.2604319e-02   8.8207275e-02   8.2107561e-02   7.2172877e-02   6.6822225e-02   6.0615395e-02   4.8232152e-02   3.6605536e-02   3.1067689e-02
   7.2000000e+01   6.3318456e-02   7.0148555e-02   7.7953852e-02   8.6994346e-02   8.2790948e-02   7.3099078e-02   6.7703585e-02   6.1280232e-02   4.8606127e-02   3.6760180e-02   3.1124467e-02
   7.2450000e+01   6.3261694e-02   6.4040538e-02   7.4223390e-02   8.5827741e-02   8.3400653e-02   7.3990998e-02   6.8581671e-02   6.1948350e-02   4.8982440e-02   3.6915800e-02   3.1181601e-02
   7.2900000e+01   6.3263987e-02   6.3250484e-02   7.1568433e-02   8.4765905e-02   8.3940737e-02   7.4847397e-02   6.9456071e-02   6.2619704e-02   4.9361089e-02   3.7072396e-02   3.1239092e-02
   7.3350000e+01   6.3329691e-02   6.4532357e-02   6.9942365e-02   8.3859419e-02   8.4415208e-02   7.5667081e-02   7.0326367e-02   6.3294247e-02   4.9742073e-02   3.7229969e-02   3.1296939e-02
   7.3800000e+01   6.4138099e-02   6.5581610e-02   6.9147734e-02   8.3149594e-02   8.4827908e-02   7.6448900e-02   7.1192141e-02   6.3971932e-02   5.0125389e-02   3.7388518e-02   3.1355143e-02
   7.4250000e+01   6.6087802e-02   6.6462457e-02   6.8959144e-02   8.2667486e-02   8.5182408e-02   7.7191748e-02   7.2052971e-02   6.4652711e-02   5.0511038e-02   3.7548043e-02   3.1413703e-02
   7.4700000e+01   6.7244836e-02   6.7301185e-02   6.9206078e-02   8.2433292e-02   8.5481907e-02   7.7894563e-02   7.2908431e-02   6.5336536e-02   5.0899016e-02   3.7708545e-02   3.1472619e-02
   7.5150000e+01   6.8108855e-02   6.8132332e-02   6.9789931e-02   8.2456122e-02   8.5729139e-02   7.8556328e-02   7.3758097e-02   6.6023357e-02   5.1289321e-02   3.7870023e-02   3.1531892e-02
   7.5600000e+01   6.9013524e-02   6.8962977e-02   7.0672403e-02   8.2734104e-02   8.5926291e-02   7.9176068e-02   7.4601538e-02   6.6713124e-02   5.1681953e-02   3.8032478e-02   3.1591521e-02
   7.6050000e+01   7.0566629e-02   6.9785559e-02   7.1866310e-02   8.3254770e-02   8.6074927e-02   7.9752850e-02   7.5438327e-02   6.7405784e-02   5.2076909e-02   3.8195910e-02   3.1651507e-02
   7.6500000e+01   7.2212289e-02   7.0547411e-02   7.3435034e-02   8.3995702e-02   8.6175932e-02   8.0285780e-02   7.6268030e-02   6.8101287e-02   5.2474187e-02   3.8360319e-02   3.1711849e-02
   7.6950000e+01   7.2419160e-02   7.1131329e-02   7.5486331e-02   8.4925388e-02   8.6229454e-02   8.0774005e-02   7.7090215e-02   6.8799578e-02   5.2873785e-02   3.8525705e-02   3.1772547e-02
   7.7400000e+01   7.2426809e-02   7.2156346e-02   7.8135099e-02   8.6004252e-02   8.6234873e-02   8.1216707e-02   7.7904449e-02   6.9500605e-02   5.3275700e-02   3.8692069e-02   3.1833602e-02
   7.7850000e+01   7.2434989e-02   7.5990560e-02   8.1431917e-02   8.7185839e-02   8.6190770e-02   8.1613106e-02   7.8710299e-02   7.0204312e-02   5.3679932e-02   3.8859409e-02   3.1895014e-02
   7.8300000e+01   7.2654262e-02   8.1771139e-02   8.5309982e-02   8.8418099e-02   8.6094915e-02   8.1962454e-02   7.9507328e-02   7.0910645e-02   5.4086478e-02   3.9027727e-02   3.1956781e-02
   7.8750000e+01   7.6087434e-02   8.7669074e-02   8.9606068e-02   8.9644761e-02   8.5944271e-02   8.2264032e-02   8.0295103e-02   7.1619546e-02   5.4495335e-02   3.9197022e-02   3.2018906e-02
   7.9200000e+01   8.9378453e-02   9.3433909e-02   9.4128031e-02   9.0806733e-02   8.5735000e-02   8.2517155e-02   8.1073189e-02   7.2330959e-02   5.4906501e-02   3.9367294e-02   3.2081387e-02
   7.9650000e+01   9.8537765e-02   9.9117806e-02   9.8700528e-02   9.1843526e-02   8.5462489e-02   8.2721159e-02   8.1841152e-02   7.3044825e-02   5.5319974e-02   3.9538545e-02   3.2144224e-02
   8.0100000e+01   1.0457815e-01   1.0476915e-01   1.0316649e-01   9.2694648e-02   8.5121387e-02   8.2875410e-02   8.2598558e-02   7.3761087e-02   5.5735752e-02   3.9710773e-02   3.2207418e-02
   8.0550000e+01   1.1081380e-01   1.1043184e-01   1.0736032e-01   9.3300949e-02   8.4705652e-02   8.2979290e-02   8.3344974e-02   7.4479685e-02   5.6153832e-02   3.9883979e-02   3.2270968e-02
   8.1000000e+01   1.2161120e-01   1.1617528e-01   1.1106703e-01   9.3605903e-02   8.4208604e-02   8.3032204e-02   8.4079969e-02   7.5200558e-02   5.6574211e-02   4.0058163e-02   3.2334875e-02
   8.1450000e+01   1.3295792e-01   1.2216207e-01   1.1397797e-01   9.3556804e-02   8.3622991e-02   8.3033572e-02   8.4803111e-02   7.5923645e-02   5.6996887e-02   4.0233325e-02   3.2399139e-02
   8.1900000e+01   1.3447583e-01   1.2859178e-01   1.1567602e-01   9.3105856e-02   8.2941064e-02   8.2982828e-02   8.5513972e-02   7.6648884e-02   5.7421858e-02   4.0409465e-02   3.2463759e-02
   8.2350000e+01   1.3453952e-01   1.3359679e-01   1.1571445e-01   9.2211139e-02   8.2154655e-02   8.2879417e-02   8.6212124e-02   7.7376214e-02   5.7849120e-02   4.0586583e-02   3.2528735e-02
   8.2800000e+01   1.3453344e-01   1.3054530e-01   1.1380900e-01   9.0837428e-02   8.1255261e-02   8.2722795e-02   8.6897142e-02   7.8105569e-02   5.8278672e-02   4.0764680e-02   3.2594068e-02
   8.3250000e+01   1.3431089e-01   1.2141726e-01   1.1000585e-01   8.8956835e-02   8.0234130e-02   8.2512421e-02   8.7568602e-02   7.8836887e-02   5.8710509e-02   4.0943755e-02   3.2659758e-02
   8.3700000e+01   1.3034276e-01   1.1186376e-01   1.0464574e-01   8.6549251e-02   7.9082356e-02   8.2247759e-02   8.8226084e-02   7.9570102e-02   5.9144630e-02   4.1123809e-02   3.2725804e-02
   8.4150000e+01   1.1037468e-01   1.0269989e-01   9.8165859e-02   8.3602558e-02   7.7790966e-02   8.1928275e-02   8.8869169e-02   8.0305149e-02   5.9581031e-02   4.1304841e-02   3.2792207e-02
   8.4600000e+01   9.4728705e-02   9.3742652e-02   9.0935393e-02   8.0112616e-02   7.6351012e-02   8.1553435e-02   8.9497441e-02   8.1041962e-02   6.0019710e-02   4.1486852e-02   3.2858966e-02
   8.5050000e+01   8.5053659e-02   8.4862390e-02   8.3208716e-02   7.6082992e-02   7.4753660e-02   8.1122700e-02   9.0110487e-02   8.1780472e-02   6.0460662e-02   4.1669842e-02   3.2926082e-02
   8.5500000e+01   7.5221037e-02   7.5976607e-02   7.5148683e-02   7.1524481e-02   7.2990275e-02   8.0635526e-02   9.0707899e-02   8.2520613e-02   6.0903887e-02   4.1853811e-02   3.2993555e-02
   8.5950000e+01   5.8357497e-02   6.7014197e-02   6.6861955e-02   6.6454419e-02   7.1052506e-02   8.0091364e-02   9.1289268e-02   8.3262315e-02   6.1349379e-02   4.2038759e-02   3.3061384e-02
   8.6400000e+01   4.0020869e-02   5.7929461e-02   5.8424120e-02   6.0895843e-02   6.8932357e-02   7.9489655e-02   9.1854194e-02   8.4005511e-02   6.1797137e-02   4.2224687e-02   3.3129570e-02
   8.6850000e+01   3.7326291e-02   4.8840053e-02   4.9894236e-02   5.4876547e-02   6.6622263e-02   7.8829829e-02   9.2402276e-02   8.4750128e-02   6.2247156e-02   4.2411593e-02   3.3198112e-02
   8.7300000e+01   3.7202077e-02   4.0436733e-02   4.1323537e-02   4.8428078e-02   6.4115149e-02   7.8111305e-02   9.2933119e-02   8.5496098e-02   6.2699433e-02   4.2599479e-02   3.3267011e-02
   8.7750000e+01   3.7199085e-02   3.4405377e-02   3.2762018e-02   4.1584733e-02   6.1404492e-02   7.7333488e-02   9.3446332e-02   8.6243348e-02   6.3153965e-02   4.2788344e-02   3.3336267e-02
   8.8200000e+01   3.7199261e-02   3.2277277e-02   2.4264948e-02   3.4382595e-02   5.8484367e-02   7.6495771e-02   9.3941526e-02   8.6991807e-02   6.3610749e-02   4.2978189e-02   3.3405879e-02
   8.8650000e+01   3.7199301e-02   3.3120084e-02   1.5900303e-02   2.6858654e-02   5.5349490e-02   7.5597529e-02   9.4418320e-02   8.7741402e-02   6.4069781e-02   4.3169013e-02   3.3475849e-02
   8.9100000e+01   3.7199306e-02   3.4697586e-02   7.7575891e-03   1.9050024e-02   5.1995250e-02   7.4638123e-02   9.4876334e-02   8.8492059e-02   6.4531057e-02   4.3360817e-02   3.3546174e-02
   8.9550000e+01   3.7199306e-02   3.5876949e-02  -4.2049210e-05   1.0993300e-02   4.8417737e-02   7.3616896e-02   9.5315195e-02   8.9243705e-02   6.4994574e-02   4.3553601e-02   3.3616857e-02
   9.0000000e+01   3.7199306e-02   3.6551761e-02  -7.3352868e-03   2.7240346e-03   4.4613757e-02   7.2533176e-02   9.5734532e-02   8.9996265e-02   6.5460327e-02   4.3747365e-02   3.3687896e-02
