  -9.0000000e+01  -1.5001419e-02
  -8.9550000e+01  -1.3178069e-02
  -8.9100000e+01  -1.1342240e-02
  -8.8650000e+01  -9.4944133e-03
  -8.8200000e+01  -7.6351514e-03
  -8.7750000e+01  -5.7650978e-03
  -8.7300000e+01  -3.8849813e-03
  -8.6850000e+01  -1.9956181e-03
  -8.6400000e+01  -9.7913106e-05
  -8.5950000e+01   1.8071380e-03
  -8.5500000e+01   3.7184479e-03
  -8.5050000e+01   5.6348373e-03
  -8.4600000e+01   7.5550342e-03
  -8.4150000e+01   9.4776745e-03
  -8.3700000e+01   1.1401303e-02
  -8.3250000e+01   1.3324374e-02
  -8.2800000e+01   1.5245253e-02
  -8.2350000e+01   1.7162222e-02
  -8.1900000e+01   1.9073477e-02
  -8.1450000e+01   2.0977137e-02
  -8.1000000e+01   2.2871244e-02
  -8.0550000e+01   2.4753770e-02
  -8.0100000e+01   2.6622619e-02
  -7.9650000e+01   2.8475637e-02
  -7.9200000e+01   3.0310614e-02
  -7.8750000e+01   3.2125292e-02
  -7.8300000e+01   3.3917374e-02
  -7.7850000e+01   3.5684528e-02
  -7.7400000e+01   3.7424395e-02
  -7.6950000e+01   3.9134601e-02
  -7.6500000e+01   4.0812761e-02
  -7.6050000e+01   4.2456489e-02
  -7.5600000e+01   4.4063410e-02
  -7.5150000e+01   4.5631162e-02
  -7.4700000e+01   4.7157414e-02
  -7.4250000e+01   4.8639869e-02
  -7.3800000e+01   5.0076275e-02
  -7.3350000e+01   5.1464435e-02
  -7.2900000e+01   5.2802215e-02
  -7.2450000e+01   5.4087556e-02
  -7.2000000e+01   5.5318479e-02
  -7.1550000e+01   5.6493094e-02
  -7.1100000e+01   5.7609613e-02
  -7.0650000e+01   5.8666353e-02
  -7.0200000e+01   5.9661745e-02
  -6.9750000e+01   6.0594344e-02
  -6.9300000e+01   6.1462831e-02
  -6.8850000e+01   6.2266023e-02
  -6.8400000e+01   6.3002877e-02
  -6.7950000e+01   6.3672496e-02
  -6.7500000e+01   6.4274135e-02
  -6.7050000e+01   6.4807201e-02
  -6.6600000e+01   6.5271259e-02
  -6.6150000e+01   6.5666035e-02
  -6.5700000e+01   6.5991417e-02
  -6.5250000e+01   6.6247456e-02
  -6.4800000e+01   6.6434369e-02
  -6.4350000e+01   6.6552535e-02
  -6.3900000e+01   6.6602498e-02
  -6.3450000e+01   6.6584962e-02
  -6.3000000e+01   6.6500792e-02
  -6.2550000e+01   6.6351009e-02
  -6.2100000e+01   6.6136788e-02
  -6.1650000e+01   6.5859452e-02
  -6.1200000e+01   6.5520469e-02
  -6.0750000e+01   6.5121445e-02
  -6.0300000e+01   6.4664118e-02
  -5.9850000e+01   6.4150353e-02
  -5.9400000e+01   6.3582133e-02
  -5.8950000e+01   6.2961551e-02
  -5.8500000e+01   6.2290803e-02
  -5.8050000e+01   6.1572179e-02
  -5.7600000e+01   6.0808055e-02
  -5.7150000e+01   6.0000879e-02
  -5.6700000e+01   5.9153168e-02
  -5.6250000e+01   5.8267491e-02
  -5.5800000e+01   5.7346466e-02
  -5.5350000e+01   5.6392743e-02
  -5.4900000e+01   5.5408996e-02
  -5.4450000e+01   5.4397915e-02
  -5.4000000e+01   5.3362193e-02
  -5.3550000e+01   5.2304513e-02
  -5.3100000e+01   5.1227543e-02
  -5.2650000e+01   5.0133925e-02
  -5.2200000e+01   4.9026261e-02
  -5.1750000e+01   4.7907108e-02
  -5.1300000e+01   4.6778968e-02
  -5.0850000e+01   4.5644280e-02
  -5.0400000e+01   4.4505408e-02
  -4.9950000e+01   4.3364641e-02
  -4.9500000e+01   4.2224179e-02
  -4.9050000e+01   4.1086132e-02
  -4.8600000e+01   3.9952511e-02
  -4.8150000e+01   3.8825227e-02
  -4.7700000e+01   3.7706082e-02
  -4.7250000e+01   3.6596772e-02
  -4.6800000e+01   3.5498879e-02
  -4.6350000e+01   3.4413872e-02
  -4.5900000e+01   3.3343106e-02
  -4.5450000e+01   3.2287820e-02
  -4.5000000e+01   3.1249139e-02
  -4.4550000e+01   3.0228076e-02
  -4.4100000e+01   2.9225531e-02
  -4.3650000e+01   2.8242296e-02
  -4.3200000e+01   2.7279055e-02
  -4.2750000e+01   2.6336389e-02
  -4.2300000e+01   2.5414783e-02
  -4.1850000e+01   2.4514623e-02
  -4.1400000e+01   2.3636208e-02
  -4.0950000e+01   2.2779748e-02
  -4.0500000e+01   2.1945377e-02
  -4.0050000e+01   2.1133150e-02
  -3.9600000e+01   2.0343055e-02
  -3.9150000e+01   1.9575016e-02
  -3.8700000e+01   1.8828897e-02
  -3.8250000e+01   1.8104509e-02
  -3.7800000e+01   1.7401617e-02
  -3.7350000e+01   1.6719943e-02
  -3.6900000e+01   1.6059171e-02
  -3.6450000e+01   1.5418955e-02
  -3.6000000e+01   1.4798919e-02
  -3.5550000e+01   1.4198668e-02
  -3.5100000e+01   1.3617784e-02
  -3.4650000e+01   1.3055839e-02
  -3.4200000e+01   1.2512390e-02
  -3.3750000e+01   1.1986991e-02
  -3.3300000e+01   1.1479189e-02
  -3.2850000e+01   1.0988531e-02
  -3.2400000e+01   1.0514563e-02
  -3.1950000e+01   1.0056838e-02
  -3.1500000e+01   9.6149107e-03
  -3.1050000e+01   9.1883447e-03
  -3.0600000e+01   8.7767111e-03
  -3.0150000e+01   8.3795904e-03
  -2.9700000e+01   7.9965735e-03
  -2.9250000e+01   7.6272619e-03
  -2.8800000e+01   7.2712683e-03
  -2.8350000e+01   6.9282169e-03
  -2.7900000e+01   6.5977435e-03
  -2.7450000e+01   6.2794953e-03
  -2.7000000e+01   5.9731307e-03
  -2.6550000e+01   5.6783192e-03
  -2.6100000e+01   5.3947406e-03
  -2.5650000e+01   5.1220849e-03
  -2.5200000e+01   4.8600516e-03
  -2.4750000e+01   4.6083491e-03
  -2.4300000e+01   4.3666941e-03
  -2.3850000e+01   4.1348111e-03
  -2.3400000e+01   3.9124314e-03
  -2.2950000e+01   3.6992933e-03
  -2.2500000e+01   3.4951406e-03
  -2.2050000e+01   3.2997224e-03
  -2.1600000e+01   3.1127929e-03
  -2.1150000e+01   2.9341105e-03
  -2.0700000e+01   2.7634375e-03
  -2.0250000e+01   2.6005396e-03
  -1.9800000e+01   2.4451859e-03
  -1.9350000e+01   2.2971481e-03
  -1.8900000e+01   2.1562009e-03
  -1.8450000e+01   2.0221213e-03
  -1.8000000e+01   1.8946887e-03
  -1.7550000e+01   1.7736848e-03
  -1.7100000e+01   1.6588934e-03
  -1.6650000e+01   1.5501009e-03
  -1.6200000e+01   1.4470958e-03
  -1.5750000e+01   1.3496690e-03
  -1.5300000e+01   1.2576141e-03
  -1.4850000e+01   1.1707272e-03
  -1.4400000e+01   1.0888075e-03
  -1.3950000e+01   1.0116571e-03
  -1.3500000e+01   9.3908135e-04
  -1.3050000e+01   8.7088931e-04
  -1.2600000e+01   8.0689367e-04
  -1.2150000e+01   7.4691111e-04
  -1.1700000e+01   6.9076258e-04
  -1.1250000e+01   6.3827349e-04
  -1.0800000e+01   5.8927401e-04
  -1.0350000e+01   5.4359925e-04
  -9.9000000e+00   5.0108951e-04
  -9.4500000e+00   4.6159050e-04
  -9.0000000e+00   4.2495357e-04
  -8.5500000e+00   3.9103588e-04
  -8.1000000e+00   3.5970058e-04
  -7.6500000e+00   3.3081702e-04
  -7.2000000e+00   3.0426085e-04
  -6.7500000e+00   2.7991424e-04
  -6.3000000e+00   2.5766594e-04
  -5.8500000e+00   2.3741143e-04
  -5.4000000e+00   2.1905305e-04
  -4.9500000e+00   2.0250004e-04
  -4.5000000e+00   1.8766865e-04
  -4.0500000e+00   1.7448224e-04
  -3.6000000e+00   1.6287128e-04
  -3.1500000e+00   1.5277346e-04
  -2.7000000e+00   1.4413369e-04
  -2.2500000e+00   1.3690417e-04
  -1.8000000e+00   1.3104441e-04
  -1.3500000e+00   1.2652125e-04
  -9.0000000e-01   1.2330887e-04
  -4.5000000e-01   1.2138882e-04
   0.0000000e+00   1.2075003e-04
   4.5000000e-01   1.2138882e-04
   9.0000000e-01   1.2330887e-04
   1.3500000e+00   1.2652125e-04
   1.8000000e+00   1.3104441e-04
   2.2500000e+00   1.3690417e-04
   2.7000000e+00   1.4413369e-04
   3.1500000e+00   1.5277346e-04
   3.6000000e+00   1.6287128e-04
   4.0500000e+00   1.7448224e-04
   4.5000000e+00   1.8766865e-04
   4.9500000e+00   2.0250004e-04
   5.4000000e+00   2.1905305e-04
   5.8500000e+00   2.3741143e-04
   6.3000000e+00   2.5766594e-04
   6.7500000e+00   2.7991424e-04
   7.2000000e+00   3.0426085e-04
   7.6500000e+00   3.3081702e-04
   8.1000000e+00   3.5970058e-04
   8.5500000e+00   3.9103588e-04
   9.0000000e+00   4.2495357e-04
   9.4500000e+00   4.6159050e-04
   9.9000000e+00   5.0108951e-04
   1.0350000e+01   5.4359925e-04
   1.0800000e+01   5.8927401e-04
   1.1250000e+01   6.3827349e-04
   1.1700000e+01   6.9076258e-04
   1.2150000e+01   7.4691111e-04
   1.2600000e+01   8.0689367e-04
   1.3050000e+01   8.7088931e-04
   1.3500000e+01   9.3908135e-04
   1.3950000e+01   1.0116571e-03
   1.4400000e+01   1.0888075e-03
   1.4850000e+01   1.1707272e-03
   1.5300000e+01   1.2576141e-03
   1.5750000e+01   1.3496690e-03
   1.6200000e+01   1.4470958e-03
   1.6650000e+01   1.5501009e-03
   1.7100000e+01   1.6588934e-03
   1.7550000e+01   1.7736848e-03
   1.8000000e+01   1.8946887e-03
   1.8450000e+01   2.0221213e-03
   1.8900000e+01   2.1562009e-03
   1.9350000e+01   2.2971481e-03
   1.9800000e+01   2.4451859e-03
   2.0250000e+01   2.6005396e-03
   2.0700000e+01   2.7634375e-03
   2.1150000e+01   2.9341105e-03
   2.1600000e+01   3.1127929e-03
   2.2050000e+01   3.2997224e-03
   2.2500000e+01   3.4951406e-03
   2.2950000e+01   3.6992933e-03
   2.3400000e+01   3.9124314e-03
   2.3850000e+01   4.1348111e-03
   2.4300000e+01   4.3666941e-03
   2.4750000e+01   4.6083491e-03
   2.5200000e+01   4.8600516e-03
   2.5650000e+01   5.1220849e-03
   2.6100000e+01   5.3947406e-03
   2.6550000e+01   5.6783192e-03
   2.7000000e+01   5.9731307e-03
   2.7450000e+01   6.2794953e-03
   2.7900000e+01   6.5977435e-03
   2.8350000e+01   6.9282169e-03
   2.8800000e+01   7.2712683e-03
   2.9250000e+01   7.6272619e-03
   2.9700000e+01   7.9965735e-03
   3.0150000e+01   8.3795904e-03
   3.0600000e+01   8.7767111e-03
   3.1050000e+01   9.1883447e-03
   3.1500000e+01   9.6149107e-03
   3.1950000e+01   1.0056838e-02
   3.2400000e+01   1.0514563e-02
   3.2850000e+01   1.0988531e-02
   3.3300000e+01   1.1479189e-02
   3.3750000e+01   1.1986991e-02
   3.4200000e+01   1.2512390e-02
   3.4650000e+01   1.3055839e-02
   3.5100000e+01   1.3617784e-02
   3.5550000e+01   1.4198668e-02
   3.6000000e+01   1.4798919e-02
   3.6450000e+01   1.5418955e-02
   3.6900000e+01   1.6059171e-02
   3.7350000e+01   1.6719943e-02
   3.7800000e+01   1.7401617e-02
   3.8250000e+01   1.8104509e-02
   3.8700000e+01   1.8828897e-02
   3.9150000e+01   1.9575016e-02
   3.9600000e+01   2.0343055e-02
   4.0050000e+01   2.1133150e-02
   4.0500000e+01   2.1945377e-02
   4.0950000e+01   2.2779748e-02
   4.1400000e+01   2.3636208e-02
   4.1850000e+01   2.4514623e-02
   4.2300000e+01   2.5414783e-02
   4.2750000e+01   2.6336389e-02
   4.3200000e+01   2.7279055e-02
   4.3650000e+01   2.8242296e-02
   4.4100000e+01   2.9225531e-02
   4.4550000e+01   3.0228076e-02
   4.5000000e+01   3.1249139e-02
   4.5450000e+01   3.2287820e-02
   4.5900000e+01   3.3343106e-02
   4.6350000e+01   3.4413872e-02
   4.6800000e+01   3.5498879e-02
   4.7250000e+01   3.6596772e-02
   4.7700000e+01   3.7706082e-02
   4.8150000e+01   3.8825227e-02
   4.8600000e+01   3.9952511e-02
   4.9050000e+01   4.1086132e-02
   4.9500000e+01   4.2224179e-02
   4.9950000e+01   4.3364641e-02
   5.0400000e+01   4.4505408e-02
   5.0850000e+01   4.5644280e-02
   5.1300000e+01   4.6778968e-02
   5.1750000e+01   4.7907108e-02
   5.2200000e+01   4.9026261e-02
   5.2650000e+01   5.0133925e-02
   5.3100000e+01   5.1227543e-02
   5.3550000e+01   5.2304513e-02
   5.4000000e+01   5.3362193e-02
   5.4450000e+01   5.4397915e-02
   5.4900000e+01   5.5408996e-02
   5.5350000e+01   5.6392743e-02
   5.5800000e+01   5.7346466e-02
   5.6250000e+01   5.8267491e-02
   5.6700000e+01   5.9153168e-02
   5.7150000e+01   6.0000879e-02
   5.7600000e+01   6.0808055e-02
   5.8050000e+01   6.1572179e-02
   5.8500000e+01   6.2290803e-02
   5.8950000e+01   6.2961551e-02
   5.9400000e+01   6.3582133e-02
   5.9850000e+01   6.4150353e-02
   6.0300000e+01   6.4664118e-02
   6.0750000e+01   6.5121445e-02
   6.1200000e+01   6.5520469e-02
   6.1650000e+01   6.5859452e-02
   6.2100000e+01   6.6136788e-02
   6.2550000e+01   6.6351009e-02
   6.3000000e+01   6.6500792e-02
   6.3450000e+01   6.6584962e-02
   6.3900000e+01   6.6602498e-02
   6.4350000e+01   6.6552535e-02
   6.4800000e+01   6.6434369e-02
   6.5250000e+01   6.6247456e-02
   6.5700000e+01   6.5991417e-02
   6.6150000e+01   6.5666035e-02
   6.6600000e+01   6.5271259e-02
   6.7050000e+01   6.4807201e-02
   6.7500000e+01   6.4274135e-02
   6.7950000e+01   6.3672496e-02
   6.8400000e+01   6.3002877e-02
   6.8850000e+01   6.2266023e-02
   6.9300000e+01   6.1462831e-02
   6.9750000e+01   6.0594344e-02
   7.0200000e+01   5.9661745e-02
   7.0650000e+01   5.8666353e-02
   7.1100000e+01   5.7609613e-02
   7.1550000e+01   5.6493094e-02
   7.2000000e+01   5.5318479e-02
   7.2450000e+01   5.4087556e-02
   7.2900000e+01   5.2802215e-02
   7.3350000e+01   5.1464435e-02
   7.3800000e+01   5.0076275e-02
   7.4250000e+01   4.8639869e-02
   7.4700000e+01   4.7157414e-02
   7.5150000e+01   4.5631162e-02
   7.5600000e+01   4.4063410e-02
   7.6050000e+01   4.2456489e-02
   7.6500000e+01   4.0812761e-02
   7.6950000e+01   3.9134601e-02
   7.7400000e+01   3.7424395e-02
   7.7850000e+01   3.5684528e-02
   7.8300000e+01   3.3917374e-02
   7.8750000e+01   3.2125292e-02
   7.9200000e+01   3.0310614e-02
   7.9650000e+01   2.8475637e-02
   8.0100000e+01   2.6622619e-02
   8.0550000e+01   2.4753770e-02
   8.1000000e+01   2.2871244e-02
   8.1450000e+01   2.0977137e-02
   8.1900000e+01   1.9073477e-02
   8.2350000e+01   1.7162222e-02
   8.2800000e+01   1.5245253e-02
   8.3250000e+01   1.3324374e-02
   8.3700000e+01   1.1401303e-02
   8.4150000e+01   9.4776745e-03
   8.4600000e+01   7.5550342e-03
   8.5050000e+01   5.6348373e-03
   8.5500000e+01   3.7184479e-03
   8.5950000e+01   1.8071380e-03
   8.6400000e+01  -9.7913106e-05
   8.6850000e+01  -1.9956181e-03
   8.7300000e+01  -3.8849813e-03
   8.7750000e+01  -5.7650978e-03
   8.8200000e+01  -7.6351514e-03
   8.8650000e+01  -9.4944133e-03
   8.9100000e+01  -1.1342240e-02
   8.9550000e+01  -1.3178069e-02
   9.0000000e+01  -1.5001419e-02
