  -9.0000000e+01 -4.1754908e-134  -1.4564954e-46  -2.6858016e-17  -1.0267933e-07  -1.3437858e-04  -1.2782823e-03  -6.4386718e-03  -8.7305123e-03   2.8193681e-03   1.7278101e-02   2.3944757e-02
  -8.9550000e+01 -2.1826467e-129  -5.5013056e-45  -6.3320661e-17  -1.2927450e-07  -1.3661601e-04  -1.2406669e-03  -6.2600512e-03  -8.3790524e-03   3.1114833e-03   1.7404445e-02   2.3990757e-02
  -8.9100000e+01 -1.1002454e-124  -1.9229545e-43  -1.4442819e-16  -1.6106209e-07  -1.3807907e-04  -1.2008540e-03  -6.0770544e-03  -8.0268587e-03   3.4025099e-03   1.7530166e-02   2.4036527e-02
  -8.8650000e+01 -5.1814854e-120  -5.7934712e-42  -3.1621310e-16  -1.9822539e-07  -1.3863899e-04  -1.1587867e-03  -5.8896610e-03  -7.6739536e-03   3.6924419e-03   1.7655265e-02   2.4082067e-02
  -8.8200000e+01 -2.0982178e-115  -1.2980518e-40  -6.5513090e-16  -2.4044116e-07  -1.3815708e-04  -1.1144051e-03  -5.6978530e-03  -7.3203597e-03   3.9812732e-03   1.7779742e-02   2.4127376e-02
  -8.7750000e+01 -5.0558383e-111  -1.4392139e-39  -1.2490249e-15  -2.8653988e-07  -1.3648481e-04  -1.0676462e-03  -5.5016143e-03  -6.9660996e-03   4.2689975e-03   1.7903595e-02   2.4172455e-02
  -8.7300000e+01  2.8046455e-106   2.3170474e-38  -2.0525959e-15  -3.3401846e-07  -1.3346404e-04  -1.0184435e-03  -5.3009314e-03  -6.6111961e-03   4.5556090e-03   1.8026826e-02   2.4217303e-02
  -8.6850000e+01  6.2851966e-101   1.6374674e-36  -2.3056729e-15  -3.7835881e-07  -1.2892736e-04  -9.6672705e-04  -5.0957928e-03  -6.2556724e-03   4.8411015e-03   1.8149433e-02   2.4261922e-02
  -8.6400000e+01   6.6068088e-96   5.1209627e-35   1.3812025e-15  -4.1209524e-07  -1.2269863e-04  -9.1242271e-04  -4.8861898e-03  -5.8995516e-03   5.1254691e-03   1.8271418e-02   2.4306310e-02
  -8.5950000e+01   2.2994281e-91   1.2075653e-33   2.0678114e-14  -4.2356459e-07  -1.1459364e-04  -8.5545205e-04  -4.6721157e-03  -5.5428569e-03   5.4087059e-03   1.8392778e-02   2.4350468e-02
  -8.5500000e+01   1.7975888e-87   2.2373453e-32   9.1186492e-14  -3.9526340e-07  -1.0442095e-04  -7.9573198e-04  -4.4535663e-03  -5.1856118e-03   5.6908059e-03   1.8513515e-02   2.4394395e-02
  -8.5050000e+01   4.4777469e-84   2.4342064e-31   3.1496550e-13  -3.0172944e-07  -9.1982910e-05  -7.3317443e-04  -4.2305402e-03  -4.8278399e-03   5.9717632e-03   1.8633628e-02   2.4438092e-02
  -8.4600000e+01  -2.6499222e-79  -4.5671882e-30   9.8100540e-13  -1.0686026e-07  -7.7076858e-05  -6.6768607e-04  -4.0030383e-03  -4.4695650e-03   6.2515720e-03   1.8753117e-02   2.4481559e-02
  -8.4150000e+01  -1.1750299e-74  -4.3820530e-28   2.9409077e-12   2.3941827e-07  -5.9496455e-05  -5.9916794e-04  -3.7710640e-03  -4.1108108e-03   6.5302265e-03   1.8871982e-02   2.4524796e-02
  -8.3700000e+01  -1.2620539e-70  -1.9163326e-26   8.8842895e-12   8.0521499e-07  -3.9033232e-05  -5.2751516e-04  -3.5346236e-03  -3.7516016e-03   6.8077209e-03   1.8990223e-02   2.4567802e-02
  -8.3250000e+01  -4.1669164e-67  -5.7436018e-25   2.7662489e-11   1.6815352e-06  -1.5478282e-05  -4.5261666e-04  -3.2937256e-03  -3.3919613e-03   7.0840495e-03   1.9107839e-02   2.4610578e-02
  -8.2800000e+01  -7.5596506e-64  -8.1441110e-24   8.7514996e-11   2.9879852e-06   1.1375909e-05  -3.7435485e-04  -3.0483816e-03  -3.0319144e-03   7.3592066e-03   1.9224830e-02   2.4653124e-02
  -8.2350000e+01   1.6900998e-60   1.0422932e-22   2.7017812e-10   4.8793278e-06   4.1733484e-05  -2.9260541e-04  -2.7986056e-03  -2.6714852e-03   7.6331864e-03   1.9341196e-02   2.4695439e-02
  -8.1900000e+01   3.0958985e-56   4.0097111e-21   7.8408985e-10   7.5528450e-06   7.5793136e-05  -2.0723700e-04  -2.5444144e-03  -2.3106983e-03   7.9059835e-03   1.9456937e-02   2.4737524e-02
  -8.1450000e+01   2.2329534e-52   5.2347336e-20   2.1022751e-09   1.1256396e-05   1.1374594e-04  -1.1811106e-04  -2.2858274e-03  -1.9495785e-03   8.1775920e-03   1.9572053e-02   2.4779379e-02
  -8.1000000e+01   5.2643724e-49   4.9113364e-19   5.2115713e-09   1.6296969e-05   1.5577311e-04  -2.5081613e-05  -2.0228670e-03  -1.5881505e-03   8.4480066e-03   1.9686544e-02   2.4821003e-02
  -8.0550000e+01   2.6508498e-46   3.6993535e-18   1.2071796e-08   2.3049407e-05   2.0204380e-04   7.2004881e-05  -1.7555580e-03  -1.2264393e-03   8.7172217e-03   1.9800409e-02   2.4862397e-02
  -8.0100000e+01   5.8193615e-44   1.9435588e-17   2.6506853e-08   3.1964862e-05   2.5271278e-04   1.7330966e-04  -1.4839282e-03  -8.6447007e-04   8.9852317e-03   1.9913649e-02   2.4903561e-02
  -7.9650000e+01  -9.4068778e-41  -2.0091934e-17   5.6108552e-08   4.3578369e-05   3.0791834e-04   2.7900172e-04  -1.2080079e-03  -5.0226794e-04   9.2520312e-03   2.0026262e-02   2.4944494e-02
  -7.9200000e+01  -3.0776295e-37  -2.6000503e-15   1.1677380e-07   5.8514799e-05   3.6778013e-04   3.8925787e-04  -9.2783030e-04  -1.3985827e-04   9.5176149e-03   2.0138250e-02   2.4985197e-02
  -7.8750000e+01  -2.6212372e-34  -4.8995272e-14   2.4394589e-07   7.7492278e-05   4.3239724e-04   5.0426272e-04  -6.4343130e-04   2.2273347e-04   9.7819773e-03   2.0249611e-02   2.5025669e-02
  -7.8300000e+01  -6.2508471e-32  -6.0522545e-13   5.1826303e-07   1.0132211e-04   5.0184645e-04   6.2420858e-04  -3.5484948e-04   5.8548170e-04   1.0045113e-02   2.0360346e-02   2.5065911e-02
  -7.7850000e+01  -8.2426773e-30  -3.8219402e-12   1.1129364e-06   1.3090415e-04   5.7618065e-04   7.4929537e-04  -6.2126117e-05   9.4836073e-04   1.0307017e-02   2.0470454e-02   2.5105923e-02
  -7.7400000e+01   6.8353463e-28   1.3755821e-11   2.3551799e-06   1.6721679e-04   6.5542765e-04   8.7973040e-04   2.3469484e-04   1.3113447e-03   1.0567684e-02   2.0579936e-02   2.5145704e-02
  -7.6950000e+01   1.1410139e-24   2.6178450e-10   4.7713321e-06   2.1130059e-04   7.3958927e-04   1.0157282e-03   5.3556678e-04   1.6744078e-03   1.0827108e-02   2.0688791e-02   2.5185255e-02
  -7.6500000e+01   5.6098527e-22   1.3700571e-09   9.0980902e-06   2.6423541e-04   8.2864079e-04   1.1575100e-03   8.4044048e-04   2.0375238e-03   1.1085285e-02   2.0797019e-02   2.5224576e-02
  -7.6050000e+01   8.5243191e-20   5.0982812e-09   1.6294992e-05   3.2711066e-04   9.2253095e-04   1.3053036e-03   1.1492641e-03   2.4006667e-03   1.1342209e-02   2.0904620e-02   2.5263666e-02
  -7.5600000e+01   2.6492206e-18   1.5760085e-08   2.7612653e-05   4.0098938e-04   1.0211823e-03   1.4593429e-03   1.4619834e-03   2.7638102e-03   1.1597875e-02   2.1011594e-02   2.5302526e-02
  -7.5150000e+01   4.4916999e-17   3.9278674e-08   4.4754887e-05   4.8686694e-04   1.1244923e-03   1.6198669e-03   1.7785414e-03   3.1269279e-03   1.1852278e-02   2.1117940e-02   2.5341155e-02
  -7.4700000e+01  -1.5689872e-15   5.3762548e-08   7.0198513e-05   5.8562597e-04   1.2323347e-03   1.7871198e-03   2.0988788e-03   3.4899933e-03   1.2105413e-02   2.1223659e-02   2.5379554e-02
  -7.4250000e+01  -4.5533806e-13  -2.0209304e-07   1.0779506e-04   6.9798947e-04   1.3445619e-03   1.9613497e-03   2.4229338e-03   3.8529798e-03   1.2357275e-02   2.1328750e-02   2.5417723e-02
  -7.3800000e+01  -3.5959410e-11  -2.3028003e-06   1.6372310e-04   8.2447456e-04   1.4610080e-03   2.1428082e-03   2.7506425e-03   4.2158609e-03   1.2607860e-02   2.1433213e-02   2.5455661e-02
  -7.3350000e+01  -6.8696639e-10  -1.2515191e-05   2.4738321e-04   9.6534948e-04   1.5814922e-03   2.3317494e-03   3.0819383e-03   4.5786096e-03   1.2857161e-02   2.1537049e-02   2.5493369e-02
  -7.2900000e+01  -6.5417794e-09  -3.4850792e-05   3.7078875e-04   1.1205965e-03   1.7058232e-03   2.5284290e-03   3.4167528e-03   4.9411991e-03   1.3105174e-02   2.1640256e-02   2.5530846e-02
  -7.2450000e+01   1.5860943e-08   4.2270150e-05   5.4467891e-04   1.2898835e-03   1.8338050e-03   2.7331031e-03   3.7550150e-03   5.3036025e-03   1.3351895e-02   2.1742835e-02   2.5568093e-02
  -7.2000000e+01   3.1223518e-06   3.8082360e-04   7.7259190e-04   1.4725456e-03   1.9652421e-03   2.9460275e-03   4.0966521e-03   5.6657927e-03   1.3597319e-02   2.1844785e-02   2.5605110e-02
  -7.1550000e+01   1.0310110e-04   7.9884072e-04   1.0483658e-03   1.6675794e-03   2.0999472e-03   3.1674561e-03   4.4415892e-03   6.0277424e-03   1.3841440e-02   2.1946107e-02   2.5641896e-02
  -7.1100000e+01   8.9194996e-04   1.2041887e-03   1.3599284e-03   1.8736495e-03   2.2377485e-03   3.3976402e-03   4.7897493e-03   6.3894246e-03   1.4084255e-02   2.2046800e-02   2.5678451e-02
  -7.0650000e+01   1.5666415e-03   1.6008236e-03   1.6950730e-03   2.0891072e-03   2.3784986e-03   3.6368264e-03   5.1410539e-03   6.7508117e-03   1.4325757e-02   2.2146865e-02   2.5714777e-02
  -7.0200000e+01   1.9848764e-03   1.9945647e-03   2.0444066e-03   2.3120215e-03   2.5220833e-03   3.8852560e-03   5.4954223e-03   7.1118765e-03   1.4565944e-02   2.2246300e-02   2.5750871e-02
  -6.9750000e+01   2.3799379e-03   2.3875253e-03   2.4012645e-03   2.5402201e-03   2.6684321e-03   4.1431630e-03   5.8527723e-03   7.4725914e-03   1.4804809e-02   2.2345107e-02   2.5786736e-02
  -6.9300000e+01   2.7741779e-03   2.7805398e-03   2.7604372e-03   2.7713383e-03   2.8175286e-03   4.4107732e-03   6.2130200e-03   7.8329288e-03   1.5042350e-02   2.2443284e-02   2.5822369e-02
  -6.8850000e+01   3.1688596e-03   3.1745449e-03   3.1168321e-03   3.0028751e-03   2.9694217e-03   4.6883019e-03   6.5760802e-03   8.1928611e-03   1.5278560e-02   2.2540832e-02   2.5857773e-02
  -6.8400000e+01   3.5639304e-03   3.5725385e-03   3.4644463e-03   3.2322535e-03   3.1242369e-03   4.9759527e-03   6.9418661e-03   8.5523606e-03   1.5513435e-02   2.2637751e-02   2.5892946e-02
  -6.7950000e+01   3.9600275e-03   3.9784601e-03   3.7961649e-03   3.4568837e-03   3.2821878e-03   5.2739161e-03   7.3102895e-03   8.9113994e-03   1.5746972e-02   2.2734039e-02   2.5927888e-02
  -6.7500000e+01   4.3548063e-03   4.3447378e-03   4.1051961e-03   3.6742278e-03   3.4435880e-03   5.5823674e-03   7.6812610e-03   9.2699496e-03   1.5979165e-02   2.2829699e-02   2.5962600e-02
  -6.7050000e+01   4.5633716e-03   4.5795621e-03   4.3878196e-03   3.8818643e-03   3.6088616e-03   5.9014652e-03   8.0546903e-03   9.6279834e-03   1.6210010e-02   2.2924728e-02   2.5997082e-02
  -6.6600000e+01   4.7703163e-03   4.7742225e-03   4.6449247e-03   4.0775520e-03   3.7785546e-03   6.2313496e-03   8.4304859e-03   9.9854726e-03   1.6439504e-02   2.3019127e-02   2.6031333e-02
  -6.6150000e+01   4.9778639e-03   4.9763253e-03   4.8804614e-03   4.2592928e-03   3.9533441e-03   6.5721408e-03   8.8085553e-03   1.0342389e-02   1.6667641e-02   2.3112897e-02   2.6065354e-02
  -6.5700000e+01   5.1852165e-03   5.1819696e-03   5.0984640e-03   4.4253919e-03   4.1340472e-03   6.9239369e-03   9.1888053e-03   1.0698705e-02   1.6894417e-02   2.3206036e-02   2.6099144e-02
  -6.5250000e+01   5.3923371e-03   5.3882788e-03   5.3011498e-03   4.5745158e-03   4.3216281e-03   7.2868127e-03   9.5711420e-03   1.1054392e-02   1.7119828e-02   2.3298544e-02   2.6132703e-02
  -6.4800000e+01   5.5998892e-03   5.5947222e-03   5.4883846e-03   4.7057477e-03   4.5172036e-03   7.6608178e-03   9.9554708e-03   1.1409422e-02   1.7343870e-02   2.3390423e-02   2.6166033e-02
  -6.4350000e+01   5.8196159e-03   5.8017166e-03   5.6574641e-03   4.8186385e-03   4.7220465e-03   8.0459749e-03   1.0341697e-02   1.1763766e-02   1.7566539e-02   2.3481670e-02   2.6199131e-02
  -6.3900000e+01   6.1740764e-03   6.0112840e-03   5.8024332e-03   4.9132528e-03   4.9375864e-03   8.4422785e-03   1.0729724e-02   1.2117397e-02   1.7787831e-02   2.3572287e-02   2.6231999e-02
  -6.3450000e+01   6.5885123e-03   6.2305584e-03   5.9130970e-03   4.9902078e-03   5.1654079e-03   8.8496932e-03   1.1119458e-02   1.2470285e-02   1.8007741e-02   2.3662273e-02   2.6264637e-02
  -6.3000000e+01   6.6410442e-03   6.4681923e-03   5.9752881e-03   5.0507042e-03   5.4072461e-03   9.2681523e-03   1.1510802e-02   1.2822403e-02   1.8226265e-02   2.3751629e-02   2.6297044e-02
  -6.2550000e+01   6.6426767e-03   6.6180275e-03   5.9749028e-03   5.0965454e-03   5.6649788e-03   9.6975567e-03   1.1903660e-02   1.3173721e-02   1.8443400e-02   2.3840353e-02   2.6329221e-02
  -6.2100000e+01   6.6417151e-03   6.4355228e-03   5.9054768e-03   5.1301446e-03   5.9406149e-03   1.0137773e-02   1.2297937e-02   1.3524212e-02   1.8659142e-02   2.3928446e-02   2.6361167e-02
  -6.1650000e+01   6.6180797e-03   6.1090035e-03   5.7731179e-03   5.1545193e-03   6.2362795e-03   1.0588634e-02   1.2693536e-02   1.3873846e-02   1.8873486e-02   2.4015908e-02   2.6392883e-02
  -6.1200000e+01   6.3268415e-03   5.7928705e-03   5.5933343e-03   5.1732716e-03   6.5541957e-03   1.1049936e-02   1.3090362e-02   1.4222596e-02   1.9086430e-02   2.4102738e-02   2.6424368e-02
  -6.0750000e+01   5.6244298e-03   5.4883105e-03   5.3835379e-03   5.1905570e-03   6.8966618e-03   1.1521438e-02   1.3488320e-02   1.4570432e-02   1.9297968e-02   2.4188937e-02   2.6455622e-02
  -6.0300000e+01   5.2075899e-03   5.1878285e-03   5.1583009e-03   5.2110425e-03   7.2660253e-03   1.2002862e-02   1.3887316e-02   1.4917325e-02   1.9508097e-02   2.4274504e-02   2.6486647e-02
  -5.9850000e+01   4.8963132e-03   4.8884868e-03   4.9290093e-03   5.2398593e-03   7.6646533e-03   1.2493893e-02   1.4287255e-02   1.5263248e-02   1.9716814e-02   2.4359440e-02   2.6517440e-02
  -5.9400000e+01   4.5703916e-03   4.5884390e-03   4.7057984e-03   5.2825518e-03   8.0948987e-03   1.2994177e-02   1.4688044e-02   1.5608171e-02   1.9924114e-02   2.4443744e-02   2.6548003e-02
  -5.8950000e+01   4.0108604e-03   4.2845845e-03   4.5000992e-03   5.3450295e-03   8.5590640e-03   1.3503324e-02   1.5089590e-02   1.5952066e-02   2.0129994e-02   2.4527416e-02   2.6578336e-02
  -5.8500000e+01   3.4179813e-03   3.9690916e-03   4.3270188e-03   5.4335243e-03   9.0593613e-03   1.4020902e-02   1.5491802e-02   1.6294904e-02   2.0334451e-02   2.4610456e-02   2.6608438e-02
  -5.8050000e+01   3.3434271e-03   3.6339912e-03   4.2060529e-03   5.5545589e-03   9.5978703e-03   1.4546445e-02   1.5894588e-02   1.6636656e-02   2.0537480e-02   2.4692863e-02   2.6638309e-02
  -5.7600000e+01   3.3406394e-03   3.3842651e-03   4.1573972e-03   5.7149265e-03   1.0176494e-02   1.5079448e-02   1.6297859e-02   1.6977293e-02   2.0739079e-02   2.4774639e-02   2.6667950e-02
  -5.7150000e+01   3.3410469e-03   3.5073525e-03   4.1935541e-03   5.9216864e-03   1.0796913e-02   1.5619371e-02   1.6701525e-02   1.7316787e-02   2.0939243e-02   2.4855782e-02   2.6697361e-02
  -5.6700000e+01   3.3531587e-03   3.8435575e-03   4.3128599e-03   6.1821719e-03   1.1460538e-02   1.6165639e-02   1.7105500e-02   1.7655108e-02   2.1137969e-02   2.4936293e-02   2.6726540e-02
  -5.6250000e+01   3.5426910e-03   4.1795037e-03   4.5022596e-03   6.5040092e-03   1.2168467e-02   1.6717642e-02   1.7509697e-02   1.7992229e-02   2.1335254e-02   2.5016171e-02   2.6755490e-02
  -5.5800000e+01   4.2764339e-03   4.5001172e-03   4.7463431e-03   6.8951402e-03   1.2921435e-02   1.7274739e-02   1.7914031e-02   1.8328120e-02   2.1531094e-02   2.5095417e-02   2.6784208e-02
  -5.5350000e+01   4.7820819e-03   4.8143144e-03   5.0342301e-03   7.3638438e-03   1.3719774e-02   1.7836258e-02   1.8318418e-02   1.8662752e-02   2.1725486e-02   2.5174030e-02   2.6812697e-02
  -5.4900000e+01   5.1155469e-03   5.1264504e-03   5.3616830e-03   7.9187408e-03   1.4563372e-02   1.8401502e-02   1.8722776e-02   1.8996097e-02   2.1918427e-02   2.5252010e-02   2.6840954e-02
  -5.4450000e+01   5.4597916e-03   5.4386957e-03   5.7311761e-03   8.5687746e-03   1.5451632e-02   1.8969744e-02   1.9127024e-02   1.9328126e-02   2.2109912e-02   2.5329357e-02   2.6868981e-02
  -5.4000000e+01   6.0558716e-03   5.7509745e-03   6.1526693e-03   9.3231504e-03   1.6383447e-02   1.9540238e-02   1.9531084e-02   1.9658810e-02   2.2299940e-02   2.5406071e-02   2.6896778e-02
  -5.3550000e+01   6.6822760e-03   6.0540471e-03   6.6456110e-03   1.0191221e-02   1.7357168e-02   2.0112216e-02   1.9934878e-02   1.9988120e-02   2.2488507e-02   2.5482152e-02   2.6924344e-02
  -5.3100000e+01   6.7660596e-03   6.3195295e-03   7.2397199e-03   1.1182304e-02   1.8370590e-02   2.0684896e-02   2.0338331e-02   2.0316029e-02   2.2675609e-02   2.5557600e-02   2.6951679e-02
  -5.2650000e+01   6.7695424e-03   6.6315071e-03   7.9693815e-03   1.2305425e-02   1.9420935e-02   2.1257479e-02   2.0741368e-02   2.0642506e-02   2.2861243e-02   2.5632414e-02   2.6978784e-02
  -5.2200000e+01   6.7707591e-03   7.4980149e-03   8.8596997e-03   1.3568970e-02   2.0504856e-02   2.1829160e-02   2.1143916e-02   2.0967524e-02   2.3045407e-02   2.5706595e-02   2.7005658e-02
  -5.1750000e+01   6.8058150e-03   8.8902048e-03   9.9140828e-03   1.4980251e-02   2.1618437e-02   2.2399128e-02   2.1545906e-02   2.1291054e-02   2.3228096e-02   2.5780143e-02   2.7032302e-02
  -5.1300000e+01   7.4313000e-03   1.0355373e-02   1.1117062e-02   1.6544994e-02   2.2757216e-02   2.2966568e-02   2.1947269e-02   2.1613068e-02   2.3409309e-02   2.5853057e-02   2.7058715e-02
  -5.0850000e+01   1.0578826e-02   1.1790019e-02   1.2449710e-02   1.8266740e-02   2.3916208e-02   2.3530670e-02   2.2347937e-02   2.1933536e-02   2.3589042e-02   2.5925338e-02   2.7084897e-02
  -5.0400000e+01   1.3045069e-02   1.3200751e-02   1.3903301e-02   2.0146206e-02   2.5089945e-02   2.4090631e-02   2.2747846e-02   2.2252430e-02   2.3767293e-02   2.5996984e-02   2.7110849e-02
  -4.9950000e+01   1.4570126e-02   1.4600970e-02   1.5485510e-02   2.2180617e-02   2.6272518e-02   2.4645657e-02   2.3146933e-02   2.2569723e-02   2.3944057e-02   2.6067997e-02   2.7136571e-02
  -4.9500000e+01   1.6120022e-02   1.6001151e-02   1.7224045e-02   2.4363049e-02   2.7457643e-02   2.5194972e-02   2.3545135e-02   2.2885385e-02   2.4119333e-02   2.6138376e-02   2.7162061e-02
  -4.9050000e+01   1.8778187e-02   1.7403303e-02   1.9173703e-02   2.6681838e-02   2.8638721e-02   2.5737820e-02   2.3942394e-02   2.3199389e-02   2.4293117e-02   2.6208121e-02   2.7187322e-02
  -4.8600000e+01   2.1668547e-02   1.8770788e-02   2.1427335e-02   2.9120113e-02   2.9808916e-02   2.6273468e-02   2.4338652e-02   2.3511705e-02   2.4465407e-02   2.6277232e-02   2.7212351e-02
  -4.8150000e+01   2.2093250e-02   1.9972938e-02   2.4119789e-02   3.1655489e-02   3.0961238e-02   2.6801214e-02   2.4733853e-02   2.3822307e-02   2.4636199e-02   2.6345709e-02   2.7237150e-02
  -4.7700000e+01   2.2112702e-02   2.1257472e-02   2.7400849e-02   3.4260002e-02   3.2088633e-02   2.7320390e-02   2.5127942e-02   2.4131165e-02   2.4805492e-02   2.6413551e-02   2.7261718e-02
  -4.7250000e+01   2.2116638e-02   2.4906097e-02   3.1365667e-02   3.6900319e-02   3.3184074e-02   2.7830363e-02   2.5520868e-02   2.4438253e-02   2.4973282e-02   2.6480759e-02   2.7286056e-02
  -4.6800000e+01   2.2237811e-02   3.1382806e-02   3.5987128e-02   3.9538257e-02   3.4240658e-02   2.8330544e-02   2.5912579e-02   2.4743541e-02   2.5139566e-02   2.6547333e-02   2.7310163e-02
  -4.6350000e+01   2.4631799e-02   3.8404548e-02   4.1119735e-02   4.2131626e-02   3.5251707e-02   2.8820389e-02   2.6303028e-02   2.5047002e-02   2.5304343e-02   2.6613272e-02   2.7334040e-02
  -4.5900000e+01   3.8981388e-02   4.5283366e-02   4.6568439e-02   4.4635400e-02   3.6210863e-02   2.9299404e-02   2.6692167e-02   2.5348608e-02   2.5467609e-02   2.6678577e-02   2.7357686e-02
  -4.5450000e+01   5.1347294e-02   5.2029951e-02   5.2149386e-02   4.7003151e-02   3.7112181e-02   2.9767147e-02   2.7079950e-02   2.5648332e-02   2.5629361e-02   2.6743247e-02   2.7381101e-02
  -4.5000000e+01   5.8715945e-02   5.8714787e-02   5.7704016e-02   4.9188727e-02   3.7950221e-02   3.0223232e-02   2.7466333e-02   2.5946146e-02   2.5789598e-02   2.6807282e-02   2.7404286e-02
  -4.4550000e+01   6.6084597e-02   6.5400614e-02   6.3078820e-02   5.1148054e-02   3.8720131e-02   3.0667332e-02   2.7851274e-02   2.6242022e-02   2.5948317e-02   2.6870683e-02   2.7427240e-02
  -4.4100000e+01   7.8450503e-02   7.2159292e-02   6.8089350e-02   5.2840989e-02   3.9417720e-02   3.1099180e-02   2.8234732e-02   2.6535934e-02   2.6105515e-02   2.6933449e-02   2.7449963e-02
  -4.3650000e+01   9.2800095e-02   7.9113546e-02   7.2479023e-02   5.4233105e-02   4.0039526e-02   3.1518574e-02   2.8616668e-02   2.6827853e-02   2.6261189e-02   2.6995579e-02   2.7472456e-02
  -4.3200000e+01   9.5194117e-02   8.6420698e-02   7.5895839e-02   5.5297290e-02   4.0582865e-02   3.1925375e-02   2.8997044e-02   2.7117753e-02   2.6415338e-02   2.7057075e-02   2.7494718e-02
  -4.2750000e+01   9.5315440e-02   9.3080642e-02   7.7940125e-02   5.6015055e-02   4.1045878e-02   3.2319511e-02   2.9375821e-02   2.7405607e-02   2.6567959e-02   2.7117936e-02   2.7516750e-02
  -4.2300000e+01   9.5316845e-02   9.3805789e-02   7.8318754e-02   5.6377456e-02   4.1427556e-02   3.2700976e-02   2.9752966e-02   2.7691387e-02   2.6719050e-02   2.7178161e-02   2.7538551e-02
  -4.1850000e+01   9.5231226e-02   8.7996939e-02   7.7015133e-02   5.6385569e-02   4.1727750e-02   3.3069833e-02   3.0128443e-02   2.7975067e-02   2.6868608e-02   2.7237752e-02   2.7560121e-02
  -4.1400000e+01   9.3376624e-02   8.1226963e-02   7.4300694e-02   5.6050461e-02   4.1947179e-02   3.3426208e-02   3.0502218e-02   2.8256621e-02   2.7016631e-02   2.7296707e-02   2.7581461e-02
  -4.0950000e+01   8.0756290e-02   7.4822857e-02   7.0574581e-02   5.5392678e-02   4.2087410e-02   3.3770298e-02   3.0874260e-02   2.8536021e-02   2.7163117e-02   2.7355027e-02   2.7602570e-02
  -4.0500000e+01   6.9149826e-02   6.8628830e-02   6.6200543e-02   5.4441265e-02   4.2150830e-02   3.4102362e-02   3.1244536e-02   2.8813242e-02   2.7308063e-02   2.7412711e-02   2.7623449e-02
  -4.0050000e+01   6.2382446e-02   6.2511441e-02   6.1448275e-02   5.3232401e-02   4.2140611e-02   3.4422724e-02   3.1613016e-02   2.9088256e-02   2.7451468e-02   2.7469760e-02   2.7644096e-02
  -3.9600000e+01   5.5723519e-02   5.6400637e-02   5.6512635e-02   5.1807733e-02   4.2060652e-02   3.4731770e-02   3.1979669e-02   2.9361039e-02   2.7593328e-02   2.7526173e-02   2.7664514e-02
  -3.9150000e+01   4.4955053e-02   5.0241252e-02   5.1555700e-02   5.0212521e-02   4.1915517e-02   3.5029946e-02   3.2344465e-02   2.9631564e-02   2.7733643e-02   2.7581950e-02   2.7684700e-02
  -3.8700000e+01   3.1211869e-02   4.3967857e-02   4.6745563e-02   4.8493709e-02   4.1710367e-02   3.5317753e-02   3.2707377e-02   2.9899805e-02   2.7872410e-02   2.7637092e-02   2.7704656e-02
  -3.8250000e+01   2.8480781e-02   3.7529888e-02   4.2280324e-02   4.6698048e-02   4.1450878e-02   3.5595746e-02   3.3068374e-02   3.0165737e-02   2.8009627e-02   2.7691598e-02   2.7724381e-02
  -3.7800000e+01   2.8327691e-02   3.1404511e-02   3.8376858e-02   4.4870355e-02   4.1143158e-02   3.5864531e-02   3.3427428e-02   3.0429334e-02   2.8145292e-02   2.7745469e-02   2.7743876e-02
  -3.7350000e+01   2.8322638e-02   2.8006592e-02   3.5206615e-02   4.3052019e-02   4.0793659e-02   3.6124759e-02   3.3784511e-02   3.0690571e-02   2.8279403e-02   2.7798703e-02   2.7763140e-02
  -3.6900000e+01   2.8320953e-02   2.7745401e-02   3.2813974e-02   4.1279793e-02   4.0409086e-02   3.6377123e-02   3.4139594e-02   3.0949422e-02   2.8411958e-02   2.7851302e-02   2.7782173e-02
  -3.6450000e+01   2.8278205e-02   2.7865318e-02   3.1100809e-02   3.9584940e-02   3.9996310e-02   3.6622351e-02   3.4492651e-02   3.1205864e-02   2.8542955e-02   2.7903264e-02   2.7800976e-02
  -3.6000000e+01   2.7958305e-02   2.7788866e-02   2.9897147e-02   3.7992722e-02   3.9562279e-02   3.6861207e-02   3.4843651e-02   3.1459871e-02   2.8672391e-02   2.7954591e-02   2.7819547e-02
  -3.5550000e+01   2.7653886e-02   2.7643042e-02   2.9043215e-02   3.6522228e-02   3.9113936e-02   3.7094479e-02   3.5192566e-02   3.1711418e-02   2.8800267e-02   2.8005281e-02   2.7837889e-02
  -3.5100000e+01   2.7478080e-02   2.7484571e-02   2.8424972e-02   3.5186511e-02   3.8658136e-02   3.7322978e-02   3.5539368e-02   3.1960481e-02   2.8926578e-02   2.8055335e-02   2.7855999e-02
  -3.4650000e+01   2.7307779e-02   2.7324720e-02   2.7971168e-02   3.3992985e-02   3.8201576e-02   3.7547533e-02   3.5884027e-02   3.2207036e-02   2.9051324e-02   2.8104753e-02   2.7873879e-02
  -3.4200000e+01   2.7049544e-02   2.7163839e-02   2.7639563e-02   3.2944010e-02   3.7750729e-02   3.7768981e-02   3.6226513e-02   3.2451060e-02   2.9174503e-02   2.8153535e-02   2.7891529e-02
  -3.3750000e+01   2.6674821e-02   2.6999013e-02   2.7406400e-02   3.2037623e-02   3.7311783e-02   3.7988169e-02   3.6566796e-02   3.2692527e-02   2.9296113e-02   2.8201680e-02   2.7908947e-02
  -3.3300000e+01   2.6578026e-02   2.6823078e-02   2.7260579e-02   3.1268345e-02   3.6890594e-02   3.8205941e-02   3.6904843e-02   3.2931415e-02   2.9416153e-02   2.8249189e-02   2.7926135e-02
  -3.2850000e+01   2.6571838e-02   2.6644213e-02   2.7199044e-02   3.0628018e-02   3.6492642e-02   3.8423136e-02   3.7240623e-02   3.3167701e-02   2.9534620e-02   2.8296062e-02   2.7943093e-02
  -3.2400000e+01   2.6571648e-02   2.6618456e-02   2.7220140e-02   3.0106613e-02   3.6122998e-02   3.8640583e-02   3.7574103e-02   3.3401360e-02   2.9651512e-02   2.8342298e-02   2.7959819e-02
  -3.1950000e+01   2.6574417e-02   2.6874298e-02   2.7316381e-02   2.9693007e-02   3.5786301e-02   3.8859096e-02   3.7905248e-02   3.3632371e-02   2.9766830e-02   2.8387898e-02   2.7976315e-02
  -3.1500000e+01   2.6648504e-02   2.7199302e-02   2.7472331e-02   2.9375668e-02   3.5486738e-02   3.9079465e-02   3.8234023e-02   3.3860710e-02   2.9880570e-02   2.8432861e-02   2.7992581e-02
  -3.1050000e+01   2.7237684e-02   2.7510194e-02   2.7669130e-02   2.9143266e-02   3.5228033e-02   3.9302456e-02   3.8560391e-02   3.4086356e-02   2.9992731e-02   2.8477187e-02   2.8008615e-02
  -3.0600000e+01   2.7793724e-02   2.7811674e-02   2.7890002e-02   2.8985181e-02   3.5013449e-02   3.9528803e-02   3.8884315e-02   3.4309285e-02   3.0103311e-02   2.8520876e-02   2.8024419e-02
  -3.0150000e+01   2.8117613e-02   2.8109805e-02   2.8122186e-02   2.8891914e-02   3.4845781e-02   3.9759205e-02   3.9205755e-02   3.4529476e-02   3.0212310e-02   2.8563929e-02   2.8039992e-02
  -2.9700000e+01   2.8426947e-02   2.8407289e-02   2.8355784e-02   2.8855406e-02   3.4727371e-02   3.9994321e-02   3.9524671e-02   3.4746907e-02   3.0319725e-02   2.8606345e-02   2.8055335e-02
  -2.9250000e+01   2.8841187e-02   2.8705934e-02   2.8581510e-02   2.8869265e-02   3.4660113e-02   4.0234765e-02   3.9841020e-02   3.4961556e-02   3.0425555e-02   2.8648125e-02   2.8070447e-02
  -2.8800000e+01   2.9539216e-02   2.9008833e-02   2.8788351e-02   2.8928905e-02   3.4645469e-02   4.0481107e-02   4.0154759e-02   3.5173403e-02   3.0529799e-02   2.8689267e-02   2.8085328e-02
  -2.8350000e+01   2.9828637e-02   2.9324138e-02   2.8961865e-02   2.9031602e-02   3.4684486e-02   4.0733862e-02   4.0465842e-02   3.5382426e-02   3.0632455e-02   2.8729772e-02   2.8099979e-02
  -2.7900000e+01   2.9852126e-02   2.9651122e-02   2.9085000e-02   2.9176481e-02   3.4777810e-02   4.0993494e-02   4.0774221e-02   3.5588605e-02   3.0733522e-02   2.8769641e-02   2.8114398e-02
  -2.7450000e+01   2.9853079e-02   2.9823852e-02   2.9143727e-02   2.9364415e-02   3.4925709e-02   4.1260412e-02   4.1079849e-02   3.5791918e-02   3.0832998e-02   2.8808872e-02   2.8128588e-02
  -2.7000000e+01   2.9851109e-02   2.9637042e-02   2.9135512e-02   2.9597863e-02   3.5128088e-02   4.1534964e-02   4.1382673e-02   3.5992347e-02   3.0930883e-02   2.8847467e-02   2.8142546e-02
  -2.6550000e+01   2.9787709e-02   2.9354088e-02   2.9072826e-02   2.9880638e-02   3.5384508e-02   4.1817440e-02   4.1682643e-02   3.6189870e-02   3.1027174e-02   2.8885424e-02   2.8156274e-02
  -2.6100000e+01   2.9287523e-02   2.9090817e-02   2.8977879e-02   3.0217615e-02   3.5694209e-02   4.2108069e-02   4.1979703e-02   3.6384468e-02   3.1121870e-02   2.8922744e-02   2.8169771e-02
  -2.5650000e+01   2.8859721e-02   2.8838217e-02   2.8874892e-02   3.0614383e-02   3.6056119e-02   4.2407017e-02   4.2273797e-02   3.6576122e-02   3.1214971e-02   2.8959427e-02   2.8183037e-02
  -2.5200000e+01   2.8594531e-02   2.8588594e-02   2.8786851e-02   3.1076861e-02   3.6468880e-02   4.2714389e-02   4.2564867e-02   3.6764812e-02   3.1306475e-02   2.8995473e-02   2.8196073e-02
  -2.4750000e+01   2.8344035e-02   2.8339585e-02   2.8737421e-02   3.1610886e-02   3.6930857e-02   4.3030225e-02   4.2852853e-02   3.6950519e-02   3.1396381e-02   2.9030881e-02   2.8208878e-02
  -2.4300000e+01   2.8094059e-02   2.8089056e-02   2.8756175e-02   3.2221792e-02   3.7440157e-02   4.3354506e-02   4.3137694e-02   3.7133226e-02   3.1484687e-02   2.9065652e-02   2.8221452e-02
  -2.3850000e+01   2.7843803e-02   2.7827140e-02   2.8886172e-02   3.2914010e-02   3.7994646e-02   4.3687148e-02   4.3419325e-02   3.7312913e-02   3.1571393e-02   2.9099786e-02   2.8233796e-02
  -2.3400000e+01   2.7593216e-02   2.7511956e-02   2.9191368e-02   3.3690688e-02   3.8591957e-02   4.4028010e-02   4.3697681e-02   3.7489563e-02   3.1656497e-02   2.9133282e-02   2.8245909e-02
  -2.2950000e+01   2.7331708e-02   2.7087348e-02   2.9754861e-02   3.4553387e-02   3.9229512e-02   4.4376890e-02   4.3972694e-02   3.7663158e-02   3.1739998e-02   2.9166141e-02   2.8257791e-02
  -2.2500000e+01   2.7091838e-02   2.7236327e-02   3.0655036e-02   3.5501835e-02   3.9904533e-02   4.4733529e-02   4.4244295e-02   3.7833680e-02   3.1821896e-02   2.9198363e-02   2.8269442e-02
  -2.2050000e+01   2.9524256e-02   2.9271749e-02   3.1924374e-02   3.6533795e-02   4.0614059e-02   4.5097615e-02   4.4512414e-02   3.8001112e-02   3.1902188e-02   2.9229947e-02   2.8280863e-02
  -2.1600000e+01   3.1977214e-02   3.1878874e-02   3.3527270e-02   3.7645016e-02   4.1354962e-02   4.5468779e-02   4.4776977e-02   3.8165438e-02   3.1980875e-02   2.9260894e-02   2.8292053e-02
  -2.1150000e+01   3.4417712e-02   3.4374825e-02   3.5382273e-02   3.8829307e-02   4.2123963e-02   4.5846606e-02   4.5037911e-02   3.8326641e-02   3.2057954e-02   2.9291203e-02   2.8303013e-02
  -2.0700000e+01   3.6855756e-02   3.6815922e-02   3.7403062e-02   4.0078701e-02   4.2917652e-02   4.6230632e-02   4.5295138e-02   3.8484704e-02   3.2133426e-02   2.9320874e-02   2.8313741e-02
  -2.0250000e+01   3.9291072e-02   3.9244529e-02   3.9521790e-02   4.1383712e-02   4.3732509e-02   4.6620349e-02   4.5548583e-02   3.8639612e-02   3.2207288e-02   2.9349908e-02   2.8324239e-02
  -1.9800000e+01   4.1731462e-02   4.1671925e-02   4.1690050e-02   4.2733659e-02   4.4564920e-02   4.7015209e-02   4.5798165e-02   3.8791349e-02   3.2279541e-02   2.9378304e-02   2.8334507e-02
  -1.9350000e+01   4.4315000e-02   4.4103681e-02   4.3870161e-02   4.4117040e-02   4.5411206e-02   4.7414625e-02   4.6043806e-02   3.8939900e-02   3.2350183e-02   2.9406062e-02   2.8344543e-02
  -1.8900000e+01   4.8482732e-02   4.6549908e-02   4.6025520e-02   4.5521920e-02   4.6267640e-02   4.7817978e-02   4.6285423e-02   3.9085249e-02   3.2419213e-02   2.9433183e-02   2.8354349e-02
  -1.8450000e+01   5.3355638e-02   4.9033283e-02   4.8113019e-02   4.6936321e-02   4.7130477e-02   4.8224618e-02   4.6522934e-02   3.9227382e-02   3.2486630e-02   2.9459666e-02   2.8363924e-02
  -1.8000000e+01   5.3973210e-02   5.1556853e-02   5.0081237e-02   4.8348580e-02   4.7995977e-02   4.8633867e-02   4.6756255e-02   3.9366285e-02   3.2552434e-02   2.9485511e-02   2.8373268e-02
  -1.7550000e+01   5.3992398e-02   5.3739353e-02   5.1880593e-02   4.9747657e-02   4.8860434e-02   4.9045026e-02   4.6985302e-02   3.9501944e-02   3.2616624e-02   2.9510719e-02   2.8382382e-02
  -1.7100000e+01   5.3995703e-02   5.4941193e-02   5.3484396e-02   5.1123385e-02   4.9720198e-02   4.9457376e-02   4.7209989e-02   3.9634345e-02   3.2679199e-02   2.9535288e-02   2.8391265e-02
  -1.6650000e+01   5.4072538e-02   5.5827156e-02   5.4902755e-02   5.2466641e-02   5.0571710e-02   4.9870184e-02   4.7430231e-02   3.9763474e-02   3.2740158e-02   2.9559220e-02   2.8399917e-02
  -1.6200000e+01   5.5019872e-02   5.6774950e-02   5.6173190e-02   5.3769441e-02   5.1411521e-02   5.0282703e-02   4.7645941e-02   3.9889318e-02   3.2799500e-02   2.9582514e-02   2.8408339e-02
  -1.5750000e+01   5.7304676e-02   5.7749095e-02   5.7338376e-02   5.5024963e-02   5.2236324e-02   5.0694179e-02   4.7857032e-02   4.0011865e-02   3.2857225e-02   2.9605170e-02   2.8416530e-02
  -1.5300000e+01   5.8660573e-02   5.8724579e-02   5.8431368e-02   5.6227498e-02   5.3042980e-02   5.1103854e-02   4.8063418e-02   4.0131103e-02   3.2913332e-02   2.9627188e-02   2.8424490e-02
  -1.4850000e+01   5.9673093e-02   5.9698518e-02   5.9472913e-02   5.7372350e-02   5.3828537e-02   5.1510967e-02   4.8265010e-02   4.0247018e-02   3.2967820e-02   2.9648568e-02   2.8432219e-02
  -1.4400000e+01   6.0733251e-02   6.0674240e-02   6.0474232e-02   5.8455699e-02   5.4590262e-02   5.1914761e-02   4.8461722e-02   4.0359600e-02   3.3020689e-02   2.9669310e-02   2.8439718e-02
  -1.3950000e+01   6.2553293e-02   6.1657467e-02   6.1439746e-02   5.9474435e-02   5.5325654e-02   5.2314481e-02   4.8653467e-02   4.0468837e-02   3.3071937e-02   2.9689415e-02   2.8446986e-02
  -1.3500000e+01   6.4481807e-02   6.2654890e-02   6.2368349e-02   6.0425994e-02   5.6032467e-02   5.2709384e-02   4.8840159e-02   4.0574718e-02   3.3121565e-02   2.9708881e-02   2.8454023e-02
  -1.3050000e+01   6.4724299e-02   6.3657174e-02   6.3254346e-02   6.1308202e-02   5.6708727e-02   5.3098733e-02   4.9021711e-02   4.0677232e-02   3.3169572e-02   2.9727709e-02   2.8460830e-02
  -1.2600000e+01   6.4733345e-02   6.4553584e-02   6.4090076e-02   6.2119147e-02   5.7352744e-02   5.3481809e-02   4.9198038e-02   4.0776369e-02   3.3215957e-02   2.9745899e-02   2.8467405e-02
  -1.2150000e+01   6.4734379e-02   6.5211484e-02   6.4870701e-02   6.2857078e-02   5.7963122e-02   5.3857903e-02   4.9369056e-02   4.0872118e-02   3.3260719e-02   2.9763451e-02   2.8473751e-02
  -1.1700000e+01   6.4759071e-02   6.5819339e-02   6.5597692e-02   6.3520365e-02   5.8538771e-02   5.4226329e-02   4.9534682e-02   4.0964471e-02   3.3303858e-02   2.9780365e-02   2.8479865e-02
  -1.1250000e+01   6.5145942e-02   6.6457619e-02   6.6277240e-02   6.4107488e-02   5.9078906e-02   5.4586416e-02   4.9694833e-02   4.1053417e-02   3.3345373e-02   2.9796641e-02   2.8485748e-02
  -1.0800000e+01   6.6643667e-02   6.7101324e-02   6.6915304e-02   6.4617082e-02   5.9583048e-02   5.4937517e-02   4.9849428e-02   4.1138947e-02   3.3385265e-02   2.9812278e-02   2.8491401e-02
  -1.0350000e+01   6.7675802e-02   6.7741025e-02   6.7513780e-02   6.5048031e-02   6.0051027e-02   5.5279008e-02   4.9998389e-02   4.1221054e-02   3.3423532e-02   2.9827278e-02   2.8496824e-02
  -9.9000000e+00   6.8356475e-02   6.8377866e-02   6.8068884e-02   6.5399585e-02   6.0482968e-02   5.5610286e-02   5.0141638e-02   4.1299728e-02   3.3460174e-02   2.9841639e-02   2.8502015e-02
  -9.4500000e+00   6.9059152e-02   6.9016067e-02   6.8569926e-02   6.5671516e-02   6.0879285e-02   5.5930776e-02   5.0279100e-02   4.1374962e-02   3.3495190e-02   2.9855362e-02   2.8506976e-02
  -9.0000000e+00   7.0275878e-02   6.9663677e-02   6.8996649e-02   6.5864280e-02   6.1240666e-02   5.6239927e-02   5.0410700e-02   4.1446748e-02   3.3528581e-02   2.9868447e-02   2.8511706e-02
  -8.5500000e+00   7.1554507e-02   7.0340442e-02   6.9315333e-02   6.5979183e-02   6.1568056e-02   5.6537216e-02   5.0536368e-02   4.1515078e-02   3.3560345e-02   2.9880894e-02   2.8516205e-02
  -8.1000000e+00   7.1725557e-02   7.1071907e-02   6.9477889e-02   6.6018527e-02   6.1862638e-02   5.6822146e-02   5.0656035e-02   4.1579946e-02   3.3590483e-02   2.9892703e-02   2.8520473e-02
  -7.6500000e+00   7.1732735e-02   7.1633150e-02   6.9432272e-02   6.5985731e-02   6.2125808e-02   5.7094248e-02   5.0769634e-02   4.1641345e-02   3.3618994e-02   2.9903873e-02   2.8524511e-02
  -7.2000000e+00   7.1731931e-02   7.1209279e-02   6.9146737e-02   6.5885401e-02   6.2359150e-02   5.7353081e-02   5.0877101e-02   4.1699269e-02   3.3645877e-02   2.9914405e-02   2.8528318e-02
  -6.7500000e+00   7.1703193e-02   7.0034092e-02   6.8630775e-02   6.5723362e-02   6.2564406e-02   5.7598232e-02   5.0978376e-02   4.1753712e-02   3.3671133e-02   2.9924299e-02   2.8531895e-02
  -6.3000000e+00   7.1190748e-02   6.8803510e-02   6.7930354e-02   6.5506613e-02   6.2743448e-02   5.7829313e-02   5.1073400e-02   4.1804669e-02   3.3694760e-02   2.9933554e-02   2.8535240e-02
  -5.8500000e+00   6.8612069e-02   6.7620879e-02   6.7103218e-02   6.5243242e-02   6.2898244e-02   5.8045968e-02   5.1162119e-02   4.1852133e-02   3.3716760e-02   2.9942172e-02   2.8538355e-02
  -5.4000000e+00   6.6591547e-02   6.6464310e-02   6.6198982e-02   6.4942270e-02   6.3030825e-02   5.8247865e-02   5.1244480e-02   4.1896102e-02   3.3737130e-02   2.9950151e-02   2.8541239e-02
  -4.9500000e+00   6.5342112e-02   6.5317609e-02   6.5254364e-02   6.4613460e-02   6.3143249e-02   5.8434700e-02   5.1320436e-02   4.1936569e-02   3.3755872e-02   2.9957491e-02   2.8543893e-02
  -4.5000000e+00   6.4072326e-02   6.4169970e-02   6.4297555e-02   6.4267077e-02   6.3237570e-02   5.8606195e-02   5.1389941e-02   4.1973531e-02   3.3772986e-02   2.9964194e-02   2.8546315e-02
  -4.0500000e+00   6.1894568e-02   6.3010302e-02   6.3354836e-02   6.3913634e-02   6.3315802e-02   5.8762099e-02   5.1452954e-02   4.2006984e-02   3.3788469e-02   2.9970258e-02   2.8548507e-02
  -3.6000000e+00   5.9526575e-02   6.1823836e-02   6.2456533e-02   6.3563613e-02   6.3379883e-02   5.8902187e-02   5.1509437e-02   4.2036925e-02   3.3802324e-02   2.9975684e-02   2.8550469e-02
  -3.1500000e+00   5.9178597e-02   6.0606748e-02   6.1640003e-02   6.3227196e-02   6.3431648e-02   5.9026258e-02   5.1559356e-02   4.2063351e-02   3.3814549e-02   2.9980471e-02   2.8552199e-02
  -2.7000000e+00   5.9162556e-02   5.9523813e-02   6.0945160e-02   6.2914006e-02   6.3472794e-02   5.9134136e-02   5.1602681e-02   4.2086259e-02   3.3825144e-02   2.9984620e-02   2.8553699e-02
  -2.2500000e+00   5.9162170e-02   5.9077490e-02   6.0400339e-02   6.2632866e-02   6.3504853e-02   5.9225671e-02   5.1639386e-02   4.2105646e-02   3.3834109e-02   2.9988131e-02   2.8554968e-02
  -1.8000000e+00   5.9162193e-02   5.9105465e-02   6.0008190e-02   6.2391588e-02   6.3529169e-02   5.9300735e-02   5.1669448e-02   4.2121511e-02   3.3841445e-02   2.9991004e-02   2.8556006e-02
  -1.3500000e+00   5.9162198e-02   5.9149038e-02   5.9746849e-02   6.2196798e-02   6.3546872e-02   5.9359225e-02   5.1692849e-02   4.2133852e-02   3.3847150e-02   2.9993238e-02   2.8556814e-02
  -9.0000000e-01   5.9162198e-02   5.9160554e-02   5.9585444e-02   6.2053791e-02   6.3558862e-02   5.9401061e-02   5.1709574e-02   4.2142668e-02   3.3851226e-02   2.9994834e-02   2.8557391e-02
  -4.5000000e-01   5.9162198e-02   5.9162401e-02   5.9498478e-02   6.1966424e-02   6.3565791e-02   5.9426185e-02   5.1719613e-02   4.2147958e-02   3.3853671e-02   2.9995791e-02   2.8557737e-02
   0.0000000e+00   5.9162198e-02   5.9162552e-02   5.9471058e-02   6.1937040e-02   6.3568056e-02   5.9434564e-02   5.1722960e-02   4.2149722e-02   3.3854486e-02   2.9996111e-02   2.8557852e-02
   4.5000000e-01   5.9162198e-02   5.9162401e-02   5.9498478e-02   6.1966424e-02   6.3565791e-02   5.9426185e-02   5.1719613e-02   4.2147958e-02   3.3853671e-02   2.9995791e-02   2.8557737e-02
   9.0000000e-01   5.9162198e-02   5.9160554e-02   5.9585444e-02   6.2053791e-02   6.3558862e-02   5.9401061e-02   5.1709574e-02   4.2142668e-02   3.3851226e-02   2.9994834e-02   2.8557391e-02
   1.3500000e+00   5.9162198e-02   5.9149038e-02   5.9746849e-02   6.2196798e-02   6.3546872e-02   5.9359225e-02   5.1692849e-02   4.2133852e-02   3.3847150e-02   2.9993238e-02   2.8556814e-02
   1.8000000e+00   5.9162193e-02   5.9105465e-02   6.0008190e-02   6.2391588e-02   6.3529169e-02   5.9300735e-02   5.1669448e-02   4.2121511e-02   3.3841445e-02   2.9991004e-02   2.8556006e-02
   2.2500000e+00   5.9162170e-02   5.9077490e-02   6.0400339e-02   6.2632866e-02   6.3504853e-02   5.9225671e-02   5.1639386e-02   4.2105646e-02   3.3834109e-02   2.9988131e-02   2.8554968e-02
   2.7000000e+00   5.9162556e-02   5.9523813e-02   6.0945160e-02   6.2914006e-02   6.3472794e-02   5.9134136e-02   5.1602681e-02   4.2086259e-02   3.3825144e-02   2.9984620e-02   2.8553699e-02
   3.1500000e+00   5.9178597e-02   6.0606748e-02   6.1640003e-02   6.3227196e-02   6.3431648e-02   5.9026258e-02   5.1559356e-02   4.2063351e-02   3.3814549e-02   2.9980471e-02   2.8552199e-02
   3.6000000e+00   5.9526575e-02   6.1823836e-02   6.2456533e-02   6.3563613e-02   6.3379883e-02   5.8902187e-02   5.1509437e-02   4.2036925e-02   3.3802324e-02   2.9975684e-02   2.8550469e-02
   4.0500000e+00   6.1894568e-02   6.3010302e-02   6.3354836e-02   6.3913634e-02   6.3315802e-02   5.8762099e-02   5.1452954e-02   4.2006984e-02   3.3788469e-02   2.9970258e-02   2.8548507e-02
   4.5000000e+00   6.4072326e-02   6.4169970e-02   6.4297555e-02   6.4267077e-02   6.3237570e-02   5.8606195e-02   5.1389941e-02   4.1973531e-02   3.3772986e-02   2.9964194e-02   2.8546315e-02
   4.9500000e+00   6.5342112e-02   6.5317609e-02   6.5254364e-02   6.4613460e-02   6.3143249e-02   5.8434700e-02   5.1320436e-02   4.1936569e-02   3.3755872e-02   2.9957491e-02   2.8543893e-02
   5.4000000e+00   6.6591547e-02   6.6464310e-02   6.6198982e-02   6.4942270e-02   6.3030825e-02   5.8247865e-02   5.1244480e-02   4.1896102e-02   3.3737130e-02   2.9950151e-02   2.8541239e-02
   5.8500000e+00   6.8612069e-02   6.7620879e-02   6.7103218e-02   6.5243242e-02   6.2898244e-02   5.8045968e-02   5.1162119e-02   4.1852133e-02   3.3716760e-02   2.9942172e-02   2.8538355e-02
   6.3000000e+00   7.1190748e-02   6.8803510e-02   6.7930354e-02   6.5506613e-02   6.2743448e-02   5.7829313e-02   5.1073400e-02   4.1804669e-02   3.3694760e-02   2.9933554e-02   2.8535240e-02
   6.7500000e+00   7.1703193e-02   7.0034092e-02   6.8630775e-02   6.5723362e-02   6.2564406e-02   5.7598232e-02   5.0978376e-02   4.1753712e-02   3.3671133e-02   2.9924299e-02   2.8531895e-02
   7.2000000e+00   7.1731931e-02   7.1209279e-02   6.9146737e-02   6.5885401e-02   6.2359150e-02   5.7353081e-02   5.0877101e-02   4.1699269e-02   3.3645877e-02   2.9914405e-02   2.8528318e-02
   7.6500000e+00   7.1732735e-02   7.1633150e-02   6.9432272e-02   6.5985731e-02   6.2125808e-02   5.7094248e-02   5.0769634e-02   4.1641345e-02   3.3618994e-02   2.9903873e-02   2.8524511e-02
   8.1000000e+00   7.1725557e-02   7.1071907e-02   6.9477889e-02   6.6018527e-02   6.1862638e-02   5.6822146e-02   5.0656035e-02   4.1579946e-02   3.3590483e-02   2.9892703e-02   2.8520473e-02
   8.5500000e+00   7.1554507e-02   7.0340442e-02   6.9315333e-02   6.5979183e-02   6.1568056e-02   5.6537216e-02   5.0536368e-02   4.1515078e-02   3.3560345e-02   2.9880894e-02   2.8516205e-02
   9.0000000e+00   7.0275878e-02   6.9663677e-02   6.8996649e-02   6.5864280e-02   6.1240666e-02   5.6239927e-02   5.0410700e-02   4.1446748e-02   3.3528581e-02   2.9868447e-02   2.8511706e-02
   9.4500000e+00   6.9059152e-02   6.9016067e-02   6.8569926e-02   6.5671516e-02   6.0879285e-02   5.5930776e-02   5.0279100e-02   4.1374962e-02   3.3495190e-02   2.9855362e-02   2.8506976e-02
   9.9000000e+00   6.8356475e-02   6.8377866e-02   6.8068884e-02   6.5399585e-02   6.0482968e-02   5.5610286e-02   5.0141638e-02   4.1299728e-02   3.3460174e-02   2.9841639e-02   2.8502015e-02
   1.0350000e+01   6.7675802e-02   6.7741025e-02   6.7513780e-02   6.5048031e-02   6.0051027e-02   5.5279008e-02   4.9998389e-02   4.1221054e-02   3.3423532e-02   2.9827278e-02   2.8496824e-02
   1.0800000e+01   6.6643667e-02   6.7101324e-02   6.6915304e-02   6.4617082e-02   5.9583048e-02   5.4937517e-02   4.9849428e-02   4.1138947e-02   3.3385265e-02   2.9812278e-02   2.8491401e-02
   1.1250000e+01   6.5145942e-02   6.6457619e-02   6.6277240e-02   6.4107488e-02   5.9078906e-02   5.4586416e-02   4.9694833e-02   4.1053417e-02   3.3345373e-02   2.9796641e-02   2.8485748e-02
   1.1700000e+01   6.4759071e-02   6.5819339e-02   6.5597692e-02   6.3520365e-02   5.8538771e-02   5.4226329e-02   4.9534682e-02   4.0964471e-02   3.3303858e-02   2.9780365e-02   2.8479865e-02
   1.2150000e+01   6.4734379e-02   6.5211484e-02   6.4870701e-02   6.2857078e-02   5.7963122e-02   5.3857903e-02   4.9369056e-02   4.0872118e-02   3.3260719e-02   2.9763451e-02   2.8473751e-02
   1.2600000e+01   6.4733345e-02   6.4553584e-02   6.4090076e-02   6.2119147e-02   5.7352744e-02   5.3481809e-02   4.9198038e-02   4.0776369e-02   3.3215957e-02   2.9745899e-02   2.8467405e-02
   1.3050000e+01   6.4724299e-02   6.3657174e-02   6.3254346e-02   6.1308202e-02   5.6708727e-02   5.3098733e-02   4.9021711e-02   4.0677232e-02   3.3169572e-02   2.9727709e-02   2.8460830e-02
   1.3500000e+01   6.4481807e-02   6.2654890e-02   6.2368349e-02   6.0425994e-02   5.6032467e-02   5.2709384e-02   4.8840159e-02   4.0574718e-02   3.3121565e-02   2.9708881e-02   2.8454023e-02
   1.3950000e+01   6.2553293e-02   6.1657467e-02   6.1439746e-02   5.9474435e-02   5.5325654e-02   5.2314481e-02   4.8653467e-02   4.0468837e-02   3.3071937e-02   2.9689415e-02   2.8446986e-02
   1.4400000e+01   6.0733251e-02   6.0674240e-02   6.0474232e-02   5.8455699e-02   5.4590262e-02   5.1914761e-02   4.8461722e-02   4.0359600e-02   3.3020689e-02   2.9669310e-02   2.8439718e-02
   1.4850000e+01   5.9673093e-02   5.9698518e-02   5.9472913e-02   5.7372350e-02   5.3828537e-02   5.1510967e-02   4.8265010e-02   4.0247018e-02   3.2967820e-02   2.9648568e-02   2.8432219e-02
   1.5300000e+01   5.8660573e-02   5.8724579e-02   5.8431368e-02   5.6227498e-02   5.3042980e-02   5.1103854e-02   4.8063418e-02   4.0131103e-02   3.2913332e-02   2.9627188e-02   2.8424490e-02
   1.5750000e+01   5.7304676e-02   5.7749095e-02   5.7338376e-02   5.5024963e-02   5.2236324e-02   5.0694179e-02   4.7857032e-02   4.0011865e-02   3.2857225e-02   2.9605170e-02   2.8416530e-02
   1.6200000e+01   5.5019872e-02   5.6774950e-02   5.6173190e-02   5.3769441e-02   5.1411521e-02   5.0282703e-02   4.7645941e-02   3.9889318e-02   3.2799500e-02   2.9582514e-02   2.8408339e-02
   1.6650000e+01   5.4072538e-02   5.5827156e-02   5.4902755e-02   5.2466641e-02   5.0571710e-02   4.9870184e-02   4.7430231e-02   3.9763474e-02   3.2740158e-02   2.9559220e-02   2.8399917e-02
   1.7100000e+01   5.3995703e-02   5.4941193e-02   5.3484396e-02   5.1123385e-02   4.9720198e-02   4.9457376e-02   4.7209989e-02   3.9634345e-02   3.2679199e-02   2.9535288e-02   2.8391265e-02
   1.7550000e+01   5.3992398e-02   5.3739353e-02   5.1880593e-02   4.9747657e-02   4.8860434e-02   4.9045026e-02   4.6985302e-02   3.9501944e-02   3.2616624e-02   2.9510719e-02   2.8382382e-02
   1.8000000e+01   5.3973210e-02   5.1556853e-02   5.0081237e-02   4.8348580e-02   4.7995977e-02   4.8633867e-02   4.6756255e-02   3.9366285e-02   3.2552434e-02   2.9485511e-02   2.8373268e-02
   1.8450000e+01   5.3355638e-02   4.9033283e-02   4.8113019e-02   4.6936321e-02   4.7130477e-02   4.8224618e-02   4.6522934e-02   3.9227382e-02   3.2486630e-02   2.9459666e-02   2.8363924e-02
   1.8900000e+01   4.8482732e-02   4.6549908e-02   4.6025520e-02   4.5521920e-02   4.6267640e-02   4.7817978e-02   4.6285423e-02   3.9085249e-02   3.2419213e-02   2.9433183e-02   2.8354349e-02
   1.9350000e+01   4.4315000e-02   4.4103681e-02   4.3870161e-02   4.4117040e-02   4.5411206e-02   4.7414625e-02   4.6043806e-02   3.8939900e-02   3.2350183e-02   2.9406062e-02   2.8344543e-02
   1.9800000e+01   4.1731462e-02   4.1671925e-02   4.1690050e-02   4.2733659e-02   4.4564920e-02   4.7015209e-02   4.5798165e-02   3.8791349e-02   3.2279541e-02   2.9378304e-02   2.8334507e-02
   2.0250000e+01   3.9291072e-02   3.9244529e-02   3.9521790e-02   4.1383712e-02   4.3732509e-02   4.6620349e-02   4.5548583e-02   3.8639612e-02   3.2207288e-02   2.9349908e-02   2.8324239e-02
   2.0700000e+01   3.6855756e-02   3.6815922e-02   3.7403062e-02   4.0078701e-02   4.2917652e-02   4.6230632e-02   4.5295138e-02   3.8484704e-02   3.2133426e-02   2.9320874e-02   2.8313741e-02
   2.1150000e+01   3.4417712e-02   3.4374825e-02   3.5382273e-02   3.8829307e-02   4.2123963e-02   4.5846606e-02   4.5037911e-02   3.8326641e-02   3.2057954e-02   2.9291203e-02   2.8303013e-02
   2.1600000e+01   3.1977214e-02   3.1878874e-02   3.3527270e-02   3.7645016e-02   4.1354962e-02   4.5468779e-02   4.4776977e-02   3.8165438e-02   3.1980875e-02   2.9260894e-02   2.8292053e-02
   2.2050000e+01   2.9524256e-02   2.9271749e-02   3.1924374e-02   3.6533795e-02   4.0614059e-02   4.5097615e-02   4.4512414e-02   3.8001112e-02   3.1902188e-02   2.9229947e-02   2.8280863e-02
   2.2500000e+01   2.7091838e-02   2.7236327e-02   3.0655036e-02   3.5501835e-02   3.9904533e-02   4.4733529e-02   4.4244295e-02   3.7833680e-02   3.1821896e-02   2.9198363e-02   2.8269442e-02
   2.2950000e+01   2.7331708e-02   2.7087348e-02   2.9754861e-02   3.4553387e-02   3.9229512e-02   4.4376890e-02   4.3972694e-02   3.7663158e-02   3.1739998e-02   2.9166141e-02   2.8257791e-02
   2.3400000e+01   2.7593216e-02   2.7511956e-02   2.9191368e-02   3.3690688e-02   3.8591957e-02   4.4028010e-02   4.3697681e-02   3.7489563e-02   3.1656497e-02   2.9133282e-02   2.8245909e-02
   2.3850000e+01   2.7843803e-02   2.7827140e-02   2.8886172e-02   3.2914010e-02   3.7994646e-02   4.3687148e-02   4.3419325e-02   3.7312913e-02   3.1571393e-02   2.9099786e-02   2.8233796e-02
   2.4300000e+01   2.8094059e-02   2.8089056e-02   2.8756175e-02   3.2221792e-02   3.7440157e-02   4.3354506e-02   4.3137694e-02   3.7133226e-02   3.1484687e-02   2.9065652e-02   2.8221452e-02
   2.4750000e+01   2.8344035e-02   2.8339585e-02   2.8737421e-02   3.1610886e-02   3.6930857e-02   4.3030225e-02   4.2852853e-02   3.6950519e-02   3.1396381e-02   2.9030881e-02   2.8208878e-02
   2.5200000e+01   2.8594531e-02   2.8588594e-02   2.8786851e-02   3.1076861e-02   3.6468880e-02   4.2714389e-02   4.2564867e-02   3.6764812e-02   3.1306475e-02   2.8995473e-02   2.8196073e-02
   2.5650000e+01   2.8859721e-02   2.8838217e-02   2.8874892e-02   3.0614383e-02   3.6056119e-02   4.2407017e-02   4.2273797e-02   3.6576122e-02   3.1214971e-02   2.8959427e-02   2.8183037e-02
   2.6100000e+01   2.9287523e-02   2.9090817e-02   2.8977879e-02   3.0217615e-02   3.5694209e-02   4.2108069e-02   4.1979703e-02   3.6384468e-02   3.1121870e-02   2.8922744e-02   2.8169771e-02
   2.6550000e+01   2.9787709e-02   2.9354088e-02   2.9072826e-02   2.9880638e-02   3.5384508e-02   4.1817440e-02   4.1682643e-02   3.6189870e-02   3.1027174e-02   2.8885424e-02   2.8156274e-02
   2.7000000e+01   2.9851109e-02   2.9637042e-02   2.9135512e-02   2.9597863e-02   3.5128088e-02   4.1534964e-02   4.1382673e-02   3.5992347e-02   3.0930883e-02   2.8847467e-02   2.8142546e-02
   2.7450000e+01   2.9853079e-02   2.9823852e-02   2.9143727e-02   2.9364415e-02   3.4925709e-02   4.1260412e-02   4.1079849e-02   3.5791918e-02   3.0832998e-02   2.8808872e-02   2.8128588e-02
   2.7900000e+01   2.9852126e-02   2.9651122e-02   2.9085000e-02   2.9176481e-02   3.4777810e-02   4.0993494e-02   4.0774221e-02   3.5588605e-02   3.0733522e-02   2.8769641e-02   2.8114398e-02
   2.8350000e+01   2.9828637e-02   2.9324138e-02   2.8961865e-02   2.9031602e-02   3.4684486e-02   4.0733862e-02   4.0465842e-02   3.5382426e-02   3.0632455e-02   2.8729772e-02   2.8099979e-02
   2.8800000e+01   2.9539216e-02   2.9008833e-02   2.8788351e-02   2.8928905e-02   3.4645469e-02   4.0481107e-02   4.0154759e-02   3.5173403e-02   3.0529799e-02   2.8689267e-02   2.8085328e-02
   2.9250000e+01   2.8841187e-02   2.8705934e-02   2.8581510e-02   2.8869265e-02   3.4660113e-02   4.0234765e-02   3.9841020e-02   3.4961556e-02   3.0425555e-02   2.8648125e-02   2.8070447e-02
   2.9700000e+01   2.8426947e-02   2.8407289e-02   2.8355784e-02   2.8855406e-02   3.4727371e-02   3.9994321e-02   3.9524671e-02   3.4746907e-02   3.0319725e-02   2.8606345e-02   2.8055335e-02
   3.0150000e+01   2.8117613e-02   2.8109805e-02   2.8122186e-02   2.8891914e-02   3.4845781e-02   3.9759205e-02   3.9205755e-02   3.4529476e-02   3.0212310e-02   2.8563929e-02   2.8039992e-02
   3.0600000e+01   2.7793724e-02   2.7811674e-02   2.7890002e-02   2.8985181e-02   3.5013449e-02   3.9528803e-02   3.8884315e-02   3.4309285e-02   3.0103311e-02   2.8520876e-02   2.8024419e-02
   3.1050000e+01   2.7237684e-02   2.7510194e-02   2.7669130e-02   2.9143266e-02   3.5228033e-02   3.9302456e-02   3.8560391e-02   3.4086356e-02   2.9992731e-02   2.8477187e-02   2.8008615e-02
   3.1500000e+01   2.6648504e-02   2.7199302e-02   2.7472331e-02   2.9375668e-02   3.5486738e-02   3.9079465e-02   3.8234023e-02   3.3860710e-02   2.9880570e-02   2.8432861e-02   2.7992581e-02
   3.1950000e+01   2.6574417e-02   2.6874298e-02   2.7316381e-02   2.9693007e-02   3.5786301e-02   3.8859096e-02   3.7905248e-02   3.3632371e-02   2.9766830e-02   2.8387898e-02   2.7976315e-02
   3.2400000e+01   2.6571648e-02   2.6618456e-02   2.7220140e-02   3.0106613e-02   3.6122998e-02   3.8640583e-02   3.7574103e-02   3.3401360e-02   2.9651512e-02   2.8342298e-02   2.7959819e-02
   3.2850000e+01   2.6571838e-02   2.6644213e-02   2.7199044e-02   3.0628018e-02   3.6492642e-02   3.8423136e-02   3.7240623e-02   3.3167701e-02   2.9534620e-02   2.8296062e-02   2.7943093e-02
   3.3300000e+01   2.6578026e-02   2.6823078e-02   2.7260579e-02   3.1268345e-02   3.6890594e-02   3.8205941e-02   3.6904843e-02   3.2931415e-02   2.9416153e-02   2.8249189e-02   2.7926135e-02
   3.3750000e+01   2.6674821e-02   2.6999013e-02   2.7406400e-02   3.2037623e-02   3.7311783e-02   3.7988169e-02   3.6566796e-02   3.2692527e-02   2.9296113e-02   2.8201680e-02   2.7908947e-02
   3.4200000e+01   2.7049544e-02   2.7163839e-02   2.7639563e-02   3.2944010e-02   3.7750729e-02   3.7768981e-02   3.6226513e-02   3.2451060e-02   2.9174503e-02   2.8153535e-02   2.7891529e-02
   3.4650000e+01   2.7307779e-02   2.7324720e-02   2.7971168e-02   3.3992985e-02   3.8201576e-02   3.7547533e-02   3.5884027e-02   3.2207036e-02   2.9051324e-02   2.8104753e-02   2.7873879e-02
   3.5100000e+01   2.7478080e-02   2.7484571e-02   2.8424972e-02   3.5186511e-02   3.8658136e-02   3.7322978e-02   3.5539368e-02   3.1960481e-02   2.8926578e-02   2.8055335e-02   2.7855999e-02
   3.5550000e+01   2.7653886e-02   2.7643042e-02   2.9043215e-02   3.6522228e-02   3.9113936e-02   3.7094479e-02   3.5192566e-02   3.1711418e-02   2.8800267e-02   2.8005281e-02   2.7837889e-02
   3.6000000e+01   2.7958305e-02   2.7788866e-02   2.9897147e-02   3.7992722e-02   3.9562279e-02   3.6861207e-02   3.4843651e-02   3.1459871e-02   2.8672391e-02   2.7954591e-02   2.7819547e-02
   3.6450000e+01   2.8278205e-02   2.7865318e-02   3.1100809e-02   3.9584940e-02   3.9996310e-02   3.6622351e-02   3.4492651e-02   3.1205864e-02   2.8542955e-02   2.7903264e-02   2.7800976e-02
   3.6900000e+01   2.8320953e-02   2.7745401e-02   3.2813974e-02   4.1279793e-02   4.0409086e-02   3.6377123e-02   3.4139594e-02   3.0949422e-02   2.8411958e-02   2.7851302e-02   2.7782173e-02
   3.7350000e+01   2.8322638e-02   2.8006592e-02   3.5206615e-02   4.3052019e-02   4.0793659e-02   3.6124759e-02   3.3784511e-02   3.0690571e-02   2.8279403e-02   2.7798703e-02   2.7763140e-02
   3.7800000e+01   2.8327691e-02   3.1404511e-02   3.8376858e-02   4.4870355e-02   4.1143158e-02   3.5864531e-02   3.3427428e-02   3.0429334e-02   2.8145292e-02   2.7745469e-02   2.7743876e-02
   3.8250000e+01   2.8480781e-02   3.7529888e-02   4.2280324e-02   4.6698048e-02   4.1450878e-02   3.5595746e-02   3.3068374e-02   3.0165737e-02   2.8009627e-02   2.7691598e-02   2.7724381e-02
   3.8700000e+01   3.1211869e-02   4.3967857e-02   4.6745563e-02   4.8493709e-02   4.1710367e-02   3.5317753e-02   3.2707377e-02   2.9899805e-02   2.7872410e-02   2.7637092e-02   2.7704656e-02
   3.9150000e+01   4.4955053e-02   5.0241252e-02   5.1555700e-02   5.0212521e-02   4.1915517e-02   3.5029946e-02   3.2344465e-02   2.9631564e-02   2.7733643e-02   2.7581950e-02   2.7684700e-02
   3.9600000e+01   5.5723519e-02   5.6400637e-02   5.6512635e-02   5.1807733e-02   4.2060652e-02   3.4731770e-02   3.1979669e-02   2.9361039e-02   2.7593328e-02   2.7526173e-02   2.7664514e-02
   4.0050000e+01   6.2382446e-02   6.2511441e-02   6.1448275e-02   5.3232401e-02   4.2140611e-02   3.4422724e-02   3.1613016e-02   2.9088256e-02   2.7451468e-02   2.7469760e-02   2.7644096e-02
   4.0500000e+01   6.9149826e-02   6.8628830e-02   6.6200543e-02   5.4441265e-02   4.2150830e-02   3.4102362e-02   3.1244536e-02   2.8813242e-02   2.7308063e-02   2.7412711e-02   2.7623449e-02
   4.0950000e+01   8.0756290e-02   7.4822857e-02   7.0574581e-02   5.5392678e-02   4.2087410e-02   3.3770298e-02   3.0874260e-02   2.8536021e-02   2.7163117e-02   2.7355027e-02   2.7602570e-02
   4.1400000e+01   9.3376624e-02   8.1226963e-02   7.4300694e-02   5.6050461e-02   4.1947179e-02   3.3426208e-02   3.0502218e-02   2.8256621e-02   2.7016631e-02   2.7296707e-02   2.7581461e-02
   4.1850000e+01   9.5231226e-02   8.7996939e-02   7.7015133e-02   5.6385569e-02   4.1727750e-02   3.3069833e-02   3.0128443e-02   2.7975067e-02   2.6868608e-02   2.7237752e-02   2.7560121e-02
   4.2300000e+01   9.5316845e-02   9.3805789e-02   7.8318754e-02   5.6377456e-02   4.1427556e-02   3.2700976e-02   2.9752966e-02   2.7691387e-02   2.6719050e-02   2.7178161e-02   2.7538551e-02
   4.2750000e+01   9.5315440e-02   9.3080642e-02   7.7940125e-02   5.6015055e-02   4.1045878e-02   3.2319511e-02   2.9375821e-02   2.7405607e-02   2.6567959e-02   2.7117936e-02   2.7516750e-02
   4.3200000e+01   9.5194117e-02   8.6420698e-02   7.5895839e-02   5.5297290e-02   4.0582865e-02   3.1925375e-02   2.8997044e-02   2.7117753e-02   2.6415338e-02   2.7057075e-02   2.7494718e-02
   4.3650000e+01   9.2800095e-02   7.9113546e-02   7.2479023e-02   5.4233105e-02   4.0039526e-02   3.1518574e-02   2.8616668e-02   2.6827853e-02   2.6261189e-02   2.6995579e-02   2.7472456e-02
   4.4100000e+01   7.8450503e-02   7.2159292e-02   6.8089350e-02   5.2840989e-02   3.9417720e-02   3.1099180e-02   2.8234732e-02   2.6535934e-02   2.6105515e-02   2.6933449e-02   2.7449963e-02
   4.4550000e+01   6.6084597e-02   6.5400614e-02   6.3078820e-02   5.1148054e-02   3.8720131e-02   3.0667332e-02   2.7851274e-02   2.6242022e-02   2.5948317e-02   2.6870683e-02   2.7427240e-02
   4.5000000e+01   5.8715945e-02   5.8714787e-02   5.7704016e-02   4.9188727e-02   3.7950221e-02   3.0223232e-02   2.7466333e-02   2.5946146e-02   2.5789598e-02   2.6807282e-02   2.7404286e-02
   4.5450000e+01   5.1347294e-02   5.2029951e-02   5.2149386e-02   4.7003151e-02   3.7112181e-02   2.9767147e-02   2.7079950e-02   2.5648332e-02   2.5629361e-02   2.6743247e-02   2.7381101e-02
   4.5900000e+01   3.8981388e-02   4.5283366e-02   4.6568439e-02   4.4635400e-02   3.6210863e-02   2.9299404e-02   2.6692167e-02   2.5348608e-02   2.5467609e-02   2.6678577e-02   2.7357686e-02
   4.6350000e+01   2.4631799e-02   3.8404548e-02   4.1119735e-02   4.2131626e-02   3.5251707e-02   2.8820389e-02   2.6303028e-02   2.5047002e-02   2.5304343e-02   2.6613272e-02   2.7334040e-02
   4.6800000e+01   2.2237811e-02   3.1382806e-02   3.5987128e-02   3.9538257e-02   3.4240658e-02   2.8330544e-02   2.5912579e-02   2.4743541e-02   2.5139566e-02   2.6547333e-02   2.7310163e-02
   4.7250000e+01   2.2116638e-02   2.4906097e-02   3.1365667e-02   3.6900319e-02   3.3184074e-02   2.7830363e-02   2.5520868e-02   2.4438253e-02   2.4973282e-02   2.6480759e-02   2.7286056e-02
   4.7700000e+01   2.2112702e-02   2.1257472e-02   2.7400849e-02   3.4260002e-02   3.2088633e-02   2.7320390e-02   2.5127942e-02   2.4131165e-02   2.4805492e-02   2.6413551e-02   2.7261718e-02
   4.8150000e+01   2.2093250e-02   1.9972938e-02   2.4119789e-02   3.1655489e-02   3.0961238e-02   2.6801214e-02   2.4733853e-02   2.3822307e-02   2.4636199e-02   2.6345709e-02   2.7237150e-02
   4.8600000e+01   2.1668547e-02   1.8770788e-02   2.1427335e-02   2.9120113e-02   2.9808916e-02   2.6273468e-02   2.4338652e-02   2.3511705e-02   2.4465407e-02   2.6277232e-02   2.7212351e-02
   4.9050000e+01   1.8778187e-02   1.7403303e-02   1.9173703e-02   2.6681838e-02   2.8638721e-02   2.5737820e-02   2.3942394e-02   2.3199389e-02   2.4293117e-02   2.6208121e-02   2.7187322e-02
   4.9500000e+01   1.6120022e-02   1.6001151e-02   1.7224045e-02   2.4363049e-02   2.7457643e-02   2.5194972e-02   2.3545135e-02   2.2885385e-02   2.4119333e-02   2.6138376e-02   2.7162061e-02
   4.9950000e+01   1.4570126e-02   1.4600970e-02   1.5485510e-02   2.2180617e-02   2.6272518e-02   2.4645657e-02   2.3146933e-02   2.2569723e-02   2.3944057e-02   2.6067997e-02   2.7136571e-02
   5.0400000e+01   1.3045069e-02   1.3200751e-02   1.3903301e-02   2.0146206e-02   2.5089945e-02   2.4090631e-02   2.2747846e-02   2.2252430e-02   2.3767293e-02   2.5996984e-02   2.7110849e-02
   5.0850000e+01   1.0578826e-02   1.1790019e-02   1.2449710e-02   1.8266740e-02   2.3916208e-02   2.3530670e-02   2.2347937e-02   2.1933536e-02   2.3589042e-02   2.5925338e-02   2.7084897e-02
   5.1300000e+01   7.4313000e-03   1.0355373e-02   1.1117062e-02   1.6544994e-02   2.2757216e-02   2.2966568e-02   2.1947269e-02   2.1613068e-02   2.3409309e-02   2.5853057e-02   2.7058715e-02
   5.1750000e+01   6.8058150e-03   8.8902048e-03   9.9140828e-03   1.4980251e-02   2.1618437e-02   2.2399128e-02   2.1545906e-02   2.1291054e-02   2.3228096e-02   2.5780143e-02   2.7032302e-02
   5.2200000e+01   6.7707591e-03   7.4980149e-03   8.8596997e-03   1.3568970e-02   2.0504856e-02   2.1829160e-02   2.1143916e-02   2.0967524e-02   2.3045407e-02   2.5706595e-02   2.7005658e-02
   5.2650000e+01   6.7695424e-03   6.6315071e-03   7.9693815e-03   1.2305425e-02   1.9420935e-02   2.1257479e-02   2.0741368e-02   2.0642506e-02   2.2861243e-02   2.5632414e-02   2.6978784e-02
   5.3100000e+01   6.7660596e-03   6.3195295e-03   7.2397199e-03   1.1182304e-02   1.8370590e-02   2.0684896e-02   2.0338331e-02   2.0316029e-02   2.2675609e-02   2.5557600e-02   2.6951679e-02
   5.3550000e+01   6.6822760e-03   6.0540471e-03   6.6456110e-03   1.0191221e-02   1.7357168e-02   2.0112216e-02   1.9934878e-02   1.9988120e-02   2.2488507e-02   2.5482152e-02   2.6924344e-02
   5.4000000e+01   6.0558716e-03   5.7509745e-03   6.1526693e-03   9.3231504e-03   1.6383447e-02   1.9540238e-02   1.9531084e-02   1.9658810e-02   2.2299940e-02   2.5406071e-02   2.6896778e-02
   5.4450000e+01   5.4597916e-03   5.4386957e-03   5.7311761e-03   8.5687746e-03   1.5451632e-02   1.8969744e-02   1.9127024e-02   1.9328126e-02   2.2109912e-02   2.5329357e-02   2.6868981e-02
   5.4900000e+01   5.1155469e-03   5.1264504e-03   5.3616830e-03   7.9187408e-03   1.4563372e-02   1.8401502e-02   1.8722776e-02   1.8996097e-02   2.1918427e-02   2.5252010e-02   2.6840954e-02
   5.5350000e+01   4.7820819e-03   4.8143144e-03   5.0342301e-03   7.3638438e-03   1.3719774e-02   1.7836258e-02   1.8318418e-02   1.8662752e-02   2.1725486e-02   2.5174030e-02   2.6812697e-02
   5.5800000e+01   4.2764339e-03   4.5001172e-03   4.7463431e-03   6.8951402e-03   1.2921435e-02   1.7274739e-02   1.7914031e-02   1.8328120e-02   2.1531094e-02   2.5095417e-02   2.6784208e-02
   5.6250000e+01   3.5426910e-03   4.1795037e-03   4.5022596e-03   6.5040092e-03   1.2168467e-02   1.6717642e-02   1.7509697e-02   1.7992229e-02   2.1335254e-02   2.5016171e-02   2.6755490e-02
   5.6700000e+01   3.3531587e-03   3.8435575e-03   4.3128599e-03   6.1821719e-03   1.1460538e-02   1.6165639e-02   1.7105500e-02   1.7655108e-02   2.1137969e-02   2.4936293e-02   2.6726540e-02
   5.7150000e+01   3.3410469e-03   3.5073525e-03   4.1935541e-03   5.9216864e-03   1.0796913e-02   1.5619371e-02   1.6701525e-02   1.7316787e-02   2.0939243e-02   2.4855782e-02   2.6697361e-02
   5.7600000e+01   3.3406394e-03   3.3842651e-03   4.1573972e-03   5.7149265e-03   1.0176494e-02   1.5079448e-02   1.6297859e-02   1.6977293e-02   2.0739079e-02   2.4774639e-02   2.6667950e-02
   5.8050000e+01   3.3434271e-03   3.6339912e-03   4.2060529e-03   5.5545589e-03   9.5978703e-03   1.4546445e-02   1.5894588e-02   1.6636656e-02   2.0537480e-02   2.4692863e-02   2.6638309e-02
   5.8500000e+01   3.4179813e-03   3.9690916e-03   4.3270188e-03   5.4335243e-03   9.0593613e-03   1.4020902e-02   1.5491802e-02   1.6294904e-02   2.0334451e-02   2.4610456e-02   2.6608438e-02
   5.8950000e+01   4.0108604e-03   4.2845845e-03   4.5000992e-03   5.3450295e-03   8.5590640e-03   1.3503324e-02   1.5089590e-02   1.5952066e-02   2.0129994e-02   2.4527416e-02   2.6578336e-02
   5.9400000e+01   4.5703916e-03   4.5884390e-03   4.7057984e-03   5.2825518e-03   8.0948987e-03   1.2994177e-02   1.4688044e-02   1.5608171e-02   1.9924114e-02   2.4443744e-02   2.6548003e-02
   5.9850000e+01   4.8963132e-03   4.8884868e-03   4.9290093e-03   5.2398593e-03   7.6646533e-03   1.2493893e-02   1.4287255e-02   1.5263248e-02   1.9716814e-02   2.4359440e-02   2.6517440e-02
   6.0300000e+01   5.2075899e-03   5.1878285e-03   5.1583009e-03   5.2110425e-03   7.2660253e-03   1.2002862e-02   1.3887316e-02   1.4917325e-02   1.9508097e-02   2.4274504e-02   2.6486647e-02
   6.0750000e+01   5.6244298e-03   5.4883105e-03   5.3835379e-03   5.1905570e-03   6.8966618e-03   1.1521438e-02   1.3488320e-02   1.4570432e-02   1.9297968e-02   2.4188937e-02   2.6455622e-02
   6.1200000e+01   6.3268415e-03   5.7928705e-03   5.5933343e-03   5.1732716e-03   6.5541957e-03   1.1049936e-02   1.3090362e-02   1.4222596e-02   1.9086430e-02   2.4102738e-02   2.6424368e-02
   6.1650000e+01   6.6180797e-03   6.1090035e-03   5.7731179e-03   5.1545193e-03   6.2362795e-03   1.0588634e-02   1.2693536e-02   1.3873846e-02   1.8873486e-02   2.4015908e-02   2.6392883e-02
   6.2100000e+01   6.6417151e-03   6.4355228e-03   5.9054768e-03   5.1301446e-03   5.9406149e-03   1.0137773e-02   1.2297937e-02   1.3524212e-02   1.8659142e-02   2.3928446e-02   2.6361167e-02
   6.2550000e+01   6.6426767e-03   6.6180275e-03   5.9749028e-03   5.0965454e-03   5.6649788e-03   9.6975567e-03   1.1903660e-02   1.3173721e-02   1.8443400e-02   2.3840353e-02   2.6329221e-02
   6.3000000e+01   6.6410442e-03   6.4681923e-03   5.9752881e-03   5.0507042e-03   5.4072461e-03   9.2681523e-03   1.1510802e-02   1.2822403e-02   1.8226265e-02   2.3751629e-02   2.6297044e-02
   6.3450000e+01   6.5885123e-03   6.2305584e-03   5.9130970e-03   4.9902078e-03   5.1654079e-03   8.8496932e-03   1.1119458e-02   1.2470285e-02   1.8007741e-02   2.3662273e-02   2.6264637e-02
   6.3900000e+01   6.1740764e-03   6.0112840e-03   5.8024332e-03   4.9132528e-03   4.9375864e-03   8.4422785e-03   1.0729724e-02   1.2117397e-02   1.7787831e-02   2.3572287e-02   2.6231999e-02
   6.4350000e+01   5.8196159e-03   5.8017166e-03   5.6574641e-03   4.8186385e-03   4.7220465e-03   8.0459749e-03   1.0341697e-02   1.1763766e-02   1.7566539e-02   2.3481670e-02   2.6199131e-02
   6.4800000e+01   5.5998892e-03   5.5947222e-03   5.4883846e-03   4.7057477e-03   4.5172036e-03   7.6608178e-03   9.9554708e-03   1.1409422e-02   1.7343870e-02   2.3390423e-02   2.6166033e-02
   6.5250000e+01   5.3923371e-03   5.3882788e-03   5.3011498e-03   4.5745158e-03   4.3216281e-03   7.2868127e-03   9.5711420e-03   1.1054392e-02   1.7119828e-02   2.3298544e-02   2.6132703e-02
   6.5700000e+01   5.1852165e-03   5.1819696e-03   5.0984640e-03   4.4253919e-03   4.1340472e-03   6.9239369e-03   9.1888053e-03   1.0698705e-02   1.6894417e-02   2.3206036e-02   2.6099144e-02
   6.6150000e+01   4.9778639e-03   4.9763253e-03   4.8804614e-03   4.2592928e-03   3.9533441e-03   6.5721408e-03   8.8085553e-03   1.0342389e-02   1.6667641e-02   2.3112897e-02   2.6065354e-02
   6.6600000e+01   4.7703163e-03   4.7742225e-03   4.6449247e-03   4.0775520e-03   3.7785546e-03   6.2313496e-03   8.4304859e-03   9.9854726e-03   1.6439504e-02   2.3019127e-02   2.6031333e-02
   6.7050000e+01   4.5633716e-03   4.5795621e-03   4.3878196e-03   3.8818643e-03   3.6088616e-03   5.9014652e-03   8.0546903e-03   9.6279834e-03   1.6210010e-02   2.2924728e-02   2.5997082e-02
   6.7500000e+01   4.3548063e-03   4.3447378e-03   4.1051961e-03   3.6742278e-03   3.4435880e-03   5.5823674e-03   7.6812610e-03   9.2699496e-03   1.5979165e-02   2.2829699e-02   2.5962600e-02
   6.7950000e+01   3.9600275e-03   3.9784601e-03   3.7961649e-03   3.4568837e-03   3.2821878e-03   5.2739161e-03   7.3102895e-03   8.9113994e-03   1.5746972e-02   2.2734039e-02   2.5927888e-02
   6.8400000e+01   3.5639304e-03   3.5725385e-03   3.4644463e-03   3.2322535e-03   3.1242369e-03   4.9759527e-03   6.9418661e-03   8.5523606e-03   1.5513435e-02   2.2637751e-02   2.5892946e-02
   6.8850000e+01   3.1688596e-03   3.1745449e-03   3.1168321e-03   3.0028751e-03   2.9694217e-03   4.6883019e-03   6.5760802e-03   8.1928611e-03   1.5278560e-02   2.2540832e-02   2.5857773e-02
   6.9300000e+01   2.7741779e-03   2.7805398e-03   2.7604372e-03   2.7713383e-03   2.8175286e-03   4.4107732e-03   6.2130200e-03   7.8329288e-03   1.5042350e-02   2.2443284e-02   2.5822369e-02
   6.9750000e+01   2.3799379e-03   2.3875253e-03   2.4012645e-03   2.5402201e-03   2.6684321e-03   4.1431630e-03   5.8527723e-03   7.4725914e-03   1.4804809e-02   2.2345107e-02   2.5786736e-02
   7.0200000e+01   1.9848764e-03   1.9945647e-03   2.0444066e-03   2.3120215e-03   2.5220833e-03   3.8852560e-03   5.4954223e-03   7.1118765e-03   1.4565944e-02   2.2246300e-02   2.5750871e-02
   7.0650000e+01   1.5666415e-03   1.6008236e-03   1.6950730e-03   2.0891072e-03   2.3784986e-03   3.6368264e-03   5.1410539e-03   6.7508117e-03   1.4325757e-02   2.2146865e-02   2.5714777e-02
   7.1100000e+01   8.9194996e-04   1.2041887e-03   1.3599284e-03   1.8736495e-03   2.2377485e-03   3.3976402e-03   4.7897493e-03   6.3894246e-03   1.4084255e-02   2.2046800e-02   2.5678451e-02
   7.1550000e+01   1.0310110e-04   7.9884072e-04   1.0483658e-03   1.6675794e-03   2.0999472e-03   3.1674561e-03   4.4415892e-03   6.0277424e-03   1.3841440e-02   2.1946107e-02   2.5641896e-02
   7.2000000e+01   3.1223518e-06   3.8082360e-04   7.7259190e-04   1.4725456e-03   1.9652421e-03   2.9460275e-03   4.0966521e-03   5.6657927e-03   1.3597319e-02   2.1844785e-02   2.5605110e-02
   7.2450000e+01   1.5860943e-08   4.2270150e-05   5.4467891e-04   1.2898835e-03   1.8338050e-03   2.7331031e-03   3.7550150e-03   5.3036025e-03   1.3351895e-02   2.1742835e-02   2.5568093e-02
   7.2900000e+01  -6.5417794e-09  -3.4850792e-05   3.7078875e-04   1.1205965e-03   1.7058232e-03   2.5284290e-03   3.4167528e-03   4.9411991e-03   1.3105174e-02   2.1640256e-02   2.5530846e-02
   7.3350000e+01  -6.8696639e-10  -1.2515191e-05   2.4738321e-04   9.6534948e-04   1.5814922e-03   2.3317494e-03   3.0819383e-03   4.5786096e-03   1.2857161e-02   2.1537049e-02   2.5493369e-02
   7.3800000e+01  -3.5959410e-11  -2.3028003e-06   1.6372310e-04   8.2447456e-04   1.4610080e-03   2.1428082e-03   2.7506425e-03   4.2158609e-03   1.2607860e-02   2.1433213e-02   2.5455661e-02
   7.4250000e+01  -4.5533806e-13  -2.0209304e-07   1.0779506e-04   6.9798947e-04   1.3445619e-03   1.9613497e-03   2.4229338e-03   3.8529798e-03   1.2357275e-02   2.1328750e-02   2.5417723e-02
   7.4700000e+01  -1.5689872e-15   5.3762548e-08   7.0198513e-05   5.8562597e-04   1.2323347e-03   1.7871198e-03   2.0988788e-03   3.4899933e-03   1.2105413e-02   2.1223659e-02   2.5379554e-02
   7.5150000e+01   4.4916999e-17   3.9278674e-08   4.4754887e-05   4.8686694e-04   1.1244923e-03   1.6198669e-03   1.7785414e-03   3.1269279e-03   1.1852278e-02   2.1117940e-02   2.5341155e-02
   7.5600000e+01   2.6492206e-18   1.5760085e-08   2.7612653e-05   4.0098938e-04   1.0211823e-03   1.4593429e-03   1.4619834e-03   2.7638102e-03   1.1597875e-02   2.1011594e-02   2.5302526e-02
   7.6050000e+01   8.5243191e-20   5.0982812e-09   1.6294992e-05   3.2711066e-04   9.2253095e-04   1.3053036e-03   1.1492641e-03   2.4006667e-03   1.1342209e-02   2.0904620e-02   2.5263666e-02
   7.6500000e+01   5.6098527e-22   1.3700571e-09   9.0980902e-06   2.6423541e-04   8.2864079e-04   1.1575100e-03   8.4044048e-04   2.0375238e-03   1.1085285e-02   2.0797019e-02   2.5224576e-02
   7.6950000e+01   1.1410139e-24   2.6178450e-10   4.7713321e-06   2.1130059e-04   7.3958927e-04   1.0157282e-03   5.3556678e-04   1.6744078e-03   1.0827108e-02   2.0688791e-02   2.5185255e-02
   7.7400000e+01   6.8353463e-28   1.3755821e-11   2.3551799e-06   1.6721679e-04   6.5542765e-04   8.7973040e-04   2.3469484e-04   1.3113447e-03   1.0567684e-02   2.0579936e-02   2.5145704e-02
   7.7850000e+01  -8.2426773e-30  -3.8219402e-12   1.1129364e-06   1.3090415e-04   5.7618065e-04   7.4929537e-04  -6.2126117e-05   9.4836073e-04   1.0307017e-02   2.0470454e-02   2.5105923e-02
   7.8300000e+01  -6.2508471e-32  -6.0522545e-13   5.1826303e-07   1.0132211e-04   5.0184645e-04   6.2420858e-04  -3.5484948e-04   5.8548170e-04   1.0045113e-02   2.0360346e-02   2.5065911e-02
   7.8750000e+01  -2.6212372e-34  -4.8995272e-14   2.4394589e-07   7.7492278e-05   4.3239724e-04   5.0426272e-04  -6.4343130e-04   2.2273347e-04   9.7819773e-03   2.0249611e-02   2.5025669e-02
   7.9200000e+01  -3.0776295e-37  -2.6000503e-15   1.1677380e-07   5.8514799e-05   3.6778013e-04   3.8925787e-04  -9.2783030e-04  -1.3985827e-04   9.5176149e-03   2.0138250e-02   2.4985197e-02
   7.9650000e+01  -9.4068778e-41  -2.0091934e-17   5.6108552e-08   4.3578369e-05   3.0791834e-04   2.7900172e-04  -1.2080079e-03  -5.0226794e-04   9.2520312e-03   2.0026262e-02   2.4944494e-02
   8.0100000e+01   5.8193615e-44   1.9435588e-17   2.6506853e-08   3.1964862e-05   2.5271278e-04   1.7330966e-04  -1.4839282e-03  -8.6447007e-04   8.9852317e-03   1.9913649e-02   2.4903561e-02
   8.0550000e+01   2.6508498e-46   3.6993535e-18   1.2071796e-08   2.3049407e-05   2.0204380e-04   7.2004881e-05  -1.7555580e-03  -1.2264393e-03   8.7172217e-03   1.9800409e-02   2.4862397e-02
   8.1000000e+01   5.2643724e-49   4.9113364e-19   5.2115713e-09   1.6296969e-05   1.5577311e-04  -2.5081613e-05  -2.0228670e-03  -1.5881505e-03   8.4480066e-03   1.9686544e-02   2.4821003e-02
   8.1450000e+01   2.2329534e-52   5.2347336e-20   2.1022751e-09   1.1256396e-05   1.1374594e-04  -1.1811106e-04  -2.2858274e-03  -1.9495785e-03   8.1775920e-03   1.9572053e-02   2.4779379e-02
   8.1900000e+01   3.0958985e-56   4.0097111e-21   7.8408985e-10   7.5528450e-06   7.5793136e-05  -2.0723700e-04  -2.5444144e-03  -2.3106983e-03   7.9059835e-03   1.9456937e-02   2.4737524e-02
   8.2350000e+01   1.6900998e-60   1.0422932e-22   2.7017812e-10   4.8793278e-06   4.1733484e-05  -2.9260541e-04  -2.7986056e-03  -2.6714852e-03   7.6331864e-03   1.9341196e-02   2.4695439e-02
   8.2800000e+01  -7.5596506e-64  -8.1441110e-24   8.7514996e-11   2.9879852e-06   1.1375909e-05  -3.7435485e-04  -3.0483816e-03  -3.0319144e-03   7.3592066e-03   1.9224830e-02   2.4653124e-02
   8.3250000e+01  -4.1669164e-67  -5.7436018e-25   2.7662489e-11   1.6815352e-06  -1.5478282e-05  -4.5261666e-04  -3.2937256e-03  -3.3919613e-03   7.0840495e-03   1.9107839e-02   2.4610578e-02
   8.3700000e+01  -1.2620539e-70  -1.9163326e-26   8.8842895e-12   8.0521499e-07  -3.9033232e-05  -5.2751516e-04  -3.5346236e-03  -3.7516016e-03   6.8077209e-03   1.8990223e-02   2.4567802e-02
   8.4150000e+01  -1.1750299e-74  -4.3820530e-28   2.9409077e-12   2.3941827e-07  -5.9496455e-05  -5.9916794e-04  -3.7710640e-03  -4.1108108e-03   6.5302265e-03   1.8871982e-02   2.4524796e-02
   8.4600000e+01  -2.6499222e-79  -4.5671882e-30   9.8100540e-13  -1.0686026e-07  -7.7076858e-05  -6.6768607e-04  -4.0030383e-03  -4.4695650e-03   6.2515720e-03   1.8753117e-02   2.4481559e-02
   8.5050000e+01   4.4777469e-84   2.4342064e-31   3.1496550e-13  -3.0172944e-07  -9.1982910e-05  -7.3317443e-04  -4.2305402e-03  -4.8278399e-03   5.9717632e-03   1.8633628e-02   2.4438092e-02
   8.5500000e+01   1.7975888e-87   2.2373453e-32   9.1186492e-14  -3.9526340e-07  -1.0442095e-04  -7.9573198e-04  -4.4535663e-03  -5.1856118e-03   5.6908059e-03   1.8513515e-02   2.4394395e-02
   8.5950000e+01   2.2994281e-91   1.2075653e-33   2.0678114e-14  -4.2356459e-07  -1.1459364e-04  -8.5545205e-04  -4.6721157e-03  -5.5428569e-03   5.4087059e-03   1.8392778e-02   2.4350468e-02
   8.6400000e+01   6.6068088e-96   5.1209627e-35   1.3812025e-15  -4.1209524e-07  -1.2269863e-04  -9.1242271e-04  -4.8861898e-03  -5.8995516e-03   5.1254691e-03   1.8271418e-02   2.4306310e-02
   8.6850000e+01  6.2851966e-101   1.6374674e-36  -2.3056729e-15  -3.7835881e-07  -1.2892736e-04  -9.6672705e-04  -5.0957928e-03  -6.2556724e-03   4.8411015e-03   1.8149433e-02   2.4261922e-02
   8.7300000e+01  2.8046455e-106   2.3170474e-38  -2.0525959e-15  -3.3401846e-07  -1.3346404e-04  -1.0184435e-03  -5.3009314e-03  -6.6111961e-03   4.5556090e-03   1.8026826e-02   2.4217303e-02
   8.7750000e+01 -5.0558383e-111  -1.4392139e-39  -1.2490249e-15  -2.8653988e-07  -1.3648481e-04  -1.0676462e-03  -5.5016143e-03  -6.9660996e-03   4.2689975e-03   1.7903595e-02   2.4172455e-02
   8.8200000e+01 -2.0982178e-115  -1.2980518e-40  -6.5513090e-16  -2.4044116e-07  -1.3815708e-04  -1.1144051e-03  -5.6978530e-03  -7.3203597e-03   3.9812732e-03   1.7779742e-02   2.4127376e-02
   8.8650000e+01 -5.1814854e-120  -5.7934712e-42  -3.1621310e-16  -1.9822539e-07  -1.3863899e-04  -1.1587867e-03  -5.8896610e-03  -7.6739536e-03   3.6924419e-03   1.7655265e-02   2.4082067e-02
   8.9100000e+01 -1.1002454e-124  -1.9229545e-43  -1.4442819e-16  -1.6106209e-07  -1.3807907e-04  -1.2008540e-03  -6.0770544e-03  -8.0268587e-03   3.4025099e-03   1.7530166e-02   2.4036527e-02
   8.9550000e+01 -2.1826467e-129  -5.5013056e-45  -6.3320661e-17  -1.2927450e-07  -1.3661601e-04  -1.2406669e-03  -6.2600512e-03  -8.3790524e-03   3.1114833e-03   1.7404445e-02   2.3990757e-02
   9.0000000e+01 -4.1754908e-134  -1.4564954e-46  -2.6858016e-17  -1.0267933e-07  -1.3437858e-04  -1.2782823e-03  -6.4386718e-03  -8.7305123e-03   2.8193681e-03   1.7278101e-02   2.3944757e-02
