  -9.0000000e+01   6.6656380e-03
  -8.9550000e+01   7.0819563e-03
  -8.9100000e+01   7.4867975e-03
  -8.8650000e+01   7.8805159e-03
  -8.8200000e+01   8.2634704e-03
  -8.7750000e+01   8.6360244e-03
  -8.7300000e+01   8.9985464e-03
  -8.6850000e+01   9.3514105e-03
  -8.6400000e+01   9.6949966e-03
  -8.5950000e+01   1.0029691e-02
  -8.5500000e+01   1.0355886e-02
  -8.5050000e+01   1.0673982e-02
  -8.4600000e+01   1.0984385e-02
  -8.4150000e+01   1.1287510e-02
  -8.3700000e+01   1.1583779e-02
  -8.3250000e+01   1.1873622e-02
  -8.2800000e+01   1.2157475e-02
  -8.2350000e+01   1.2435785e-02
  -8.1900000e+01   1.2709005e-02
  -8.1450000e+01   1.2977595e-02
  -8.1000000e+01   1.3242024e-02
  -8.0550000e+01   1.3502768e-02
  -8.0100000e+01   1.3760308e-02
  -7.9650000e+01   1.4015133e-02
  -7.9200000e+01   1.4267737e-02
  -7.8750000e+01   1.4518619e-02
  -7.8300000e+01   1.4768282e-02
  -7.7850000e+01   1.5017232e-02
  -7.7400000e+01   1.5265978e-02
  -7.6950000e+01   1.5515029e-02
  -7.6500000e+01   1.5764895e-02
  -7.6050000e+01   1.6016083e-02
  -7.5600000e+01   1.6269098e-02
  -7.5150000e+01   1.6524440e-02
  -7.4700000e+01   1.6782604e-02
  -7.4250000e+01   1.7044075e-02
  -7.3800000e+01   1.7309331e-02
  -7.3350000e+01   1.7578836e-02
  -7.2900000e+01   1.7853041e-02
  -7.2450000e+01   1.8132384e-02
  -7.2000000e+01   1.8417283e-02
  -7.1550000e+01   1.8708135e-02
  -7.1100000e+01   1.9005319e-02
  -7.0650000e+01   1.9309188e-02
  -7.0200000e+01   1.9620068e-02
  -6.9750000e+01   1.9938259e-02
  -6.9300000e+01   2.0264029e-02
  -6.8850000e+01   2.0597614e-02
  -6.8400000e+01   2.0939216e-02
  -6.7950000e+01   2.1289000e-02
  -6.7500000e+01   2.1647092e-02
  -6.7050000e+01   2.2013580e-02
  -6.6600000e+01   2.2388507e-02
  -6.6150000e+01   2.2771875e-02
  -6.5700000e+01   2.3163639e-02
  -6.5250000e+01   2.3563707e-02
  -6.4800000e+01   2.3971942e-02
  -6.4350000e+01   2.4388156e-02
  -6.3900000e+01   2.4812111e-02
  -6.3450000e+01   2.5243519e-02
  -6.3000000e+01   2.5682043e-02
  -6.2550000e+01   2.6127291e-02
  -6.2100000e+01   2.6578823e-02
  -6.1650000e+01   2.7036146e-02
  -6.1200000e+01   2.7498717e-02
  -6.0750000e+01   2.7965943e-02
  -6.0300000e+01   2.8437181e-02
  -5.9850000e+01   2.8911741e-02
  -5.9400000e+01   2.9388885e-02
  -5.8950000e+01   2.9867832e-02
  -5.8500000e+01   3.0347757e-02
  -5.8050000e+01   3.0827795e-02
  -5.7600000e+01   3.1307042e-02
  -5.7150000e+01   3.1784562e-02
  -5.6700000e+01   3.2259383e-02
  -5.6250000e+01   3.2730506e-02
  -5.5800000e+01   3.3196909e-02
  -5.5350000e+01   3.3657547e-02
  -5.4900000e+01   3.4111359e-02
  -5.4450000e+01   3.4557270e-02
  -5.4000000e+01   3.4994199e-02
  -5.3550000e+01   3.5421061e-02
  -5.3100000e+01   3.5836773e-02
  -5.2650000e+01   3.6240257e-02
  -5.2200000e+01   3.6630450e-02
  -5.1750000e+01   3.7006303e-02
  -5.1300000e+01   3.7366791e-02
  -5.0850000e+01   3.7710916e-02
  -5.0400000e+01   3.8037711e-02
  -4.9950000e+01   3.8346250e-02
  -4.9500000e+01   3.8635648e-02
  -4.9050000e+01   3.8905067e-02
  -4.8600000e+01   3.9153722e-02
  -4.8150000e+01   3.9380886e-02
  -4.7700000e+01   3.9585892e-02
  -4.7250000e+01   3.9768140e-02
  -4.6800000e+01   3.9927095e-02
  -4.6350000e+01   4.0062301e-02
  -4.5900000e+01   4.0173371e-02
  -4.5450000e+01   4.0260000e-02
  -4.5000000e+01   4.0321963e-02
  -4.4550000e+01   4.0359117e-02
  -4.4100000e+01   4.0371401e-02
  -4.3650000e+01   4.0358843e-02
  -4.3200000e+01   4.0321553e-02
  -4.2750000e+01   4.0259728e-02
  -4.2300000e+01   4.0173649e-02
  -4.1850000e+01   4.0063683e-02
  -4.1400000e+01   3.9930279e-02
  -4.0950000e+01   3.9773969e-02
  -4.0500000e+01   3.9595363e-02
  -4.0050000e+01   3.9395151e-02
  -3.9600000e+01   3.9174093e-02
  -3.9150000e+01   3.8933023e-02
  -3.8700000e+01   3.8672842e-02
  -3.8250000e+01   3.8394514e-02
  -3.7800000e+01   3.8099065e-02
  -3.7350000e+01   3.7787572e-02
  -3.6900000e+01   3.7461165e-02
  -3.6450000e+01   3.7121021e-02
  -3.6000000e+01   3.6768353e-02
  -3.5550000e+01   3.6404413e-02
  -3.5100000e+01   3.6030483e-02
  -3.4650000e+01   3.5647866e-02
  -3.4200000e+01   3.5257889e-02
  -3.3750000e+01   3.4861889e-02
  -3.3300000e+01   3.4461213e-02
  -3.2850000e+01   3.4057209e-02
  -3.2400000e+01   3.3651224e-02
  -3.1950000e+01   3.3244597e-02
  -3.1500000e+01   3.2838651e-02
  -3.1050000e+01   3.2434694e-02
  -3.0600000e+01   3.2034010e-02
  -3.0150000e+01   3.1637852e-02
  -2.9700000e+01   3.1247444e-02
  -2.9250000e+01   3.0863971e-02
  -2.8800000e+01   3.0488578e-02
  -2.8350000e+01   3.0122362e-02
  -2.7900000e+01   2.9766375e-02
  -2.7450000e+01   2.9421614e-02
  -2.7000000e+01   2.9089020e-02
  -2.6550000e+01   2.8769479e-02
  -2.6100000e+01   2.8463810e-02
  -2.5650000e+01   2.8172775e-02
  -2.5200000e+01   2.7897065e-02
  -2.4750000e+01   2.7637307e-02
  -2.4300000e+01   2.7394056e-02
  -2.3850000e+01   2.7167799e-02
  -2.3400000e+01   2.6958949e-02
  -2.2950000e+01   2.6767851e-02
  -2.2500000e+01   2.6594773e-02
  -2.2050000e+01   2.6439912e-02
  -2.1600000e+01   2.6303393e-02
  -2.1150000e+01   2.6185267e-02
  -2.0700000e+01   2.6085515e-02
  -2.0250000e+01   2.6004044e-02
  -1.9800000e+01   2.5940695e-02
  -1.9350000e+01   2.5895236e-02
  -1.8900000e+01   2.5867371e-02
  -1.8450000e+01   2.5856738e-02
  -1.8000000e+01   2.5862910e-02
  -1.7550000e+01   2.5885401e-02
  -1.7100000e+01   2.5923664e-02
  -1.6650000e+01   2.5977098e-02
  -1.6200000e+01   2.6045046e-02
  -1.5750000e+01   2.6126802e-02
  -1.5300000e+01   2.6221613e-02
  -1.4850000e+01   2.6328681e-02
  -1.4400000e+01   2.6447166e-02
  -1.3950000e+01   2.6576194e-02
  -1.3500000e+01   2.6714856e-02
  -1.3050000e+01   2.6862212e-02
  -1.2600000e+01   2.7017299e-02
  -1.2150000e+01   2.7179131e-02
  -1.1700000e+01   2.7346704e-02
  -1.1250000e+01   2.7519003e-02
  -1.0800000e+01   2.7695001e-02
  -1.0350000e+01   2.7873670e-02
  -9.9000000e+00   2.8053977e-02
  -9.4500000e+00   2.8234898e-02
  -9.0000000e+00   2.8415414e-02
  -8.5500000e+00   2.8594519e-02
  -8.1000000e+00   2.8771226e-02
  -7.6500000e+00   2.8944567e-02
  -7.2000000e+00   2.9113600e-02
  -6.7500000e+00   2.9277413e-02
  -6.3000000e+00   2.9435126e-02
  -5.8500000e+00   2.9585897e-02
  -5.4000000e+00   2.9728924e-02
  -4.9500000e+00   2.9863451e-02
  -4.5000000e+00   2.9988767e-02
  -4.0500000e+00   3.0104214e-02
  -3.6000000e+00   3.0209187e-02
  -3.1500000e+00   3.0303136e-02
  -2.7000000e+00   3.0385570e-02
  -2.2500000e+00   3.0456061e-02
  -1.8000000e+00   3.0514242e-02
  -1.3500000e+00   3.0559809e-02
  -9.0000000e-01   3.0592527e-02
  -4.5000000e-01   3.0612226e-02
   0.0000000e+00   3.0618804e-02
   4.5000000e-01   3.0612226e-02
   9.0000000e-01   3.0592527e-02
   1.3500000e+00   3.0559809e-02
   1.8000000e+00   3.0514242e-02
   2.2500000e+00   3.0456061e-02
   2.7000000e+00   3.0385570e-02
   3.1500000e+00   3.0303136e-02
   3.6000000e+00   3.0209187e-02
   4.0500000e+00   3.0104214e-02
   4.5000000e+00   2.9988767e-02
   4.9500000e+00   2.9863451e-02
   5.4000000e+00   2.9728924e-02
   5.8500000e+00   2.9585897e-02
   6.3000000e+00   2.9435126e-02
   6.7500000e+00   2.9277413e-02
   7.2000000e+00   2.9113600e-02
   7.6500000e+00   2.8944567e-02
   8.1000000e+00   2.8771226e-02
   8.5500000e+00   2.8594519e-02
   9.0000000e+00   2.8415414e-02
   9.4500000e+00   2.8234898e-02
   9.9000000e+00   2.8053977e-02
   1.0350000e+01   2.7873670e-02
   1.0800000e+01   2.7695001e-02
   1.1250000e+01   2.7519003e-02
   1.1700000e+01   2.7346704e-02
   1.2150000e+01   2.7179131e-02
   1.2600000e+01   2.7017299e-02
   1.3050000e+01   2.6862212e-02
   1.3500000e+01   2.6714856e-02
   1.3950000e+01   2.6576194e-02
   1.4400000e+01   2.6447166e-02
   1.4850000e+01   2.6328681e-02
   1.5300000e+01   2.6221613e-02
   1.5750000e+01   2.6126802e-02
   1.6200000e+01   2.6045046e-02
   1.6650000e+01   2.5977098e-02
   1.7100000e+01   2.5923664e-02
   1.7550000e+01   2.5885401e-02
   1.8000000e+01   2.5862910e-02
   1.8450000e+01   2.5856738e-02
   1.8900000e+01   2.5867371e-02
   1.9350000e+01   2.5895236e-02
   1.9800000e+01   2.5940695e-02
   2.0250000e+01   2.6004044e-02
   2.0700000e+01   2.6085515e-02
   2.1150000e+01   2.6185267e-02
   2.1600000e+01   2.6303393e-02
   2.2050000e+01   2.6439912e-02
   2.2500000e+01   2.6594773e-02
   2.2950000e+01   2.6767851e-02
   2.3400000e+01   2.6958949e-02
   2.3850000e+01   2.7167799e-02
   2.4300000e+01   2.7394056e-02
   2.4750000e+01   2.7637307e-02
   2.5200000e+01   2.7897065e-02
   2.5650000e+01   2.8172775e-02
   2.6100000e+01   2.8463810e-02
   2.6550000e+01   2.8769479e-02
   2.7000000e+01   2.9089020e-02
   2.7450000e+01   2.9421614e-02
   2.7900000e+01   2.9766375e-02
   2.8350000e+01   3.0122362e-02
   2.8800000e+01   3.0488578e-02
   2.9250000e+01   3.0863971e-02
   2.9700000e+01   3.1247444e-02
   3.0150000e+01   3.1637852e-02
   3.0600000e+01   3.2034010e-02
   3.1050000e+01   3.2434694e-02
   3.1500000e+01   3.2838651e-02
   3.1950000e+01   3.3244597e-02
   3.2400000e+01   3.3651224e-02
   3.2850000e+01   3.4057209e-02
   3.3300000e+01   3.4461213e-02
   3.3750000e+01   3.4861889e-02
   3.4200000e+01   3.5257889e-02
   3.4650000e+01   3.5647866e-02
   3.5100000e+01   3.6030483e-02
   3.5550000e+01   3.6404413e-02
   3.6000000e+01   3.6768353e-02
   3.6450000e+01   3.7121021e-02
   3.6900000e+01   3.7461165e-02
   3.7350000e+01   3.7787572e-02
   3.7800000e+01   3.8099065e-02
   3.8250000e+01   3.8394514e-02
   3.8700000e+01   3.8672842e-02
   3.9150000e+01   3.8933023e-02
   3.9600000e+01   3.9174093e-02
   4.0050000e+01   3.9395151e-02
   4.0500000e+01   3.9595363e-02
   4.0950000e+01   3.9773969e-02
   4.1400000e+01   3.9930279e-02
   4.1850000e+01   4.0063683e-02
   4.2300000e+01   4.0173649e-02
   4.2750000e+01   4.0259728e-02
   4.3200000e+01   4.0321553e-02
   4.3650000e+01   4.0358843e-02
   4.4100000e+01   4.0371401e-02
   4.4550000e+01   4.0359117e-02
   4.5000000e+01   4.0321963e-02
   4.5450000e+01   4.0260000e-02
   4.5900000e+01   4.0173371e-02
   4.6350000e+01   4.0062301e-02
   4.6800000e+01   3.9927095e-02
   4.7250000e+01   3.9768140e-02
   4.7700000e+01   3.9585892e-02
   4.8150000e+01   3.9380886e-02
   4.8600000e+01   3.9153722e-02
   4.9050000e+01   3.8905067e-02
   4.9500000e+01   3.8635648e-02
   4.9950000e+01   3.8346250e-02
   5.0400000e+01   3.8037711e-02
   5.0850000e+01   3.7710916e-02
   5.1300000e+01   3.7366791e-02
   5.1750000e+01   3.7006303e-02
   5.2200000e+01   3.6630450e-02
   5.2650000e+01   3.6240257e-02
   5.3100000e+01   3.5836773e-02
   5.3550000e+01   3.5421061e-02
   5.4000000e+01   3.4994199e-02
   5.4450000e+01   3.4557270e-02
   5.4900000e+01   3.4111359e-02
   5.5350000e+01   3.3657547e-02
   5.5800000e+01   3.3196909e-02
   5.6250000e+01   3.2730506e-02
   5.6700000e+01   3.2259383e-02
   5.7150000e+01   3.1784562e-02
   5.7600000e+01   3.1307042e-02
   5.8050000e+01   3.0827795e-02
   5.8500000e+01   3.0347757e-02
   5.8950000e+01   2.9867832e-02
   5.9400000e+01   2.9388885e-02
   5.9850000e+01   2.8911741e-02
   6.0300000e+01   2.8437181e-02
   6.0750000e+01   2.7965943e-02
   6.1200000e+01   2.7498717e-02
   6.1650000e+01   2.7036146e-02
   6.2100000e+01   2.6578823e-02
   6.2550000e+01   2.6127291e-02
   6.3000000e+01   2.5682043e-02
   6.3450000e+01   2.5243519e-02
   6.3900000e+01   2.4812111e-02
   6.4350000e+01   2.4388156e-02
   6.4800000e+01   2.3971942e-02
   6.5250000e+01   2.3563707e-02
   6.5700000e+01   2.3163639e-02
   6.6150000e+01   2.2771875e-02
   6.6600000e+01   2.2388507e-02
   6.7050000e+01   2.2013580e-02
   6.7500000e+01   2.1647092e-02
   6.7950000e+01   2.1289000e-02
   6.8400000e+01   2.0939216e-02
   6.8850000e+01   2.0597614e-02
   6.9300000e+01   2.0264029e-02
   6.9750000e+01   1.9938259e-02
   7.0200000e+01   1.9620068e-02
   7.0650000e+01   1.9309188e-02
   7.1100000e+01   1.9005319e-02
   7.1550000e+01   1.8708135e-02
   7.2000000e+01   1.8417283e-02
   7.2450000e+01   1.8132384e-02
   7.2900000e+01   1.7853041e-02
   7.3350000e+01   1.7578836e-02
   7.3800000e+01   1.7309331e-02
   7.4250000e+01   1.7044075e-02
   7.4700000e+01   1.6782604e-02
   7.5150000e+01   1.6524440e-02
   7.5600000e+01   1.6269098e-02
   7.6050000e+01   1.6016083e-02
   7.6500000e+01   1.5764895e-02
   7.6950000e+01   1.5515029e-02
   7.7400000e+01   1.5265978e-02
   7.7850000e+01   1.5017232e-02
   7.8300000e+01   1.4768282e-02
   7.8750000e+01   1.4518619e-02
   7.9200000e+01   1.4267737e-02
   7.9650000e+01   1.4015133e-02
   8.0100000e+01   1.3760308e-02
   8.0550000e+01   1.3502768e-02
   8.1000000e+01   1.3242024e-02
   8.1450000e+01   1.2977595e-02
   8.1900000e+01   1.2709005e-02
   8.2350000e+01   1.2435785e-02
   8.2800000e+01   1.2157475e-02
   8.3250000e+01   1.1873622e-02
   8.3700000e+01   1.1583779e-02
   8.4150000e+01   1.1287510e-02
   8.4600000e+01   1.0984385e-02
   8.5050000e+01   1.0673982e-02
   8.5500000e+01   1.0355886e-02
   8.5950000e+01   1.0029691e-02
   8.6400000e+01   9.6949966e-03
   8.6850000e+01   9.3514105e-03
   8.7300000e+01   8.9985464e-03
   8.7750000e+01   8.6360244e-03
   8.8200000e+01   8.2634704e-03
   8.8650000e+01   7.8805159e-03
   8.9100000e+01   7.4867975e-03
   8.9550000e+01   7.0819563e-03
   9.0000000e+01   6.6656380e-03
