  -9.0000000e+01   0.0000000e+00 -3.1435097e-128  -5.5159405e-45  -1.2996885e-16  -5.4085060e-07  -7.1669657e-04  -7.5802349e-03  -9.1043461e-03   3.0217337e-03   1.7351883e-02   2.3964087e-02
  -8.9550000e+01   0.0000000e+00 -2.0723835e-125  -3.5222966e-44  -2.3370772e-16  -6.2525505e-07  -7.2781500e-04  -7.4028327e-03  -8.7342583e-03   3.3137993e-03   1.7477490e-02   2.4009866e-02
  -8.9100000e+01   0.0000000e+00 -1.2644840e-122  -2.1819530e-43  -4.1693119e-16  -7.1998064e-07  -7.3774630e-04  -7.2196719e-03  -8.3636433e-03   3.6047293e-03   1.7602476e-02   2.4055415e-02
  -8.8650000e+01   0.0000000e+00 -6.6516993e-120  -1.3037845e-42  -7.3720094e-16  -8.2553650e-07  -7.4634524e-04  -7.0307396e-03  -7.9925278e-03   3.8945182e-03   1.7726841e-02   2.4100735e-02
  -8.8200000e+01   0.0000000e+00 -2.6045644e-117  -7.4420905e-42  -1.2903820e-15  -9.4221849e-07  -7.5345776e-04  -6.8360265e-03  -7.6209382e-03   4.1831603e-03   1.7850585e-02   2.4145826e-02
  -8.7750000e+01   0.0000000e+00 -5.0812114e-115  -3.9900234e-41  -2.2326378e-15  -1.0700152e-06  -7.5892069e-04  -6.6355267e-03  -7.2489012e-03   4.4706502e-03   1.7973707e-02   2.4190688e-02
  -8.7300000e+01  7.0157322e-322  1.3704703e-112  -1.9452479e-40  -3.8112670e-15  -1.2084900e-06  -7.6256157e-04  -6.4292380e-03  -6.8764436e-03   4.7569825e-03   1.8096207e-02   2.4235320e-02
  -8.6850000e+01  3.3414851e-313  1.7107287e-109  -7.9907360e-40  -6.4033089e-15  -1.3566341e-06  -7.6419846e-04  -6.2171618e-03  -6.5035920e-03   5.0421516e-03   1.8218086e-02   2.4279723e-02
  -8.6400000e+01  1.3460299e-304  9.2791690e-107  -2.0721568e-39  -1.0553027e-14  -1.5126864e-06  -7.6363975e-04  -5.9993035e-03  -6.1303732e-03   5.3261523e-03   1.8339343e-02   2.4323897e-02
  -8.5950000e+01  1.7931352e-296  3.7482514e-104   5.8607601e-39  -1.6979918e-14  -1.6739136e-06  -7.6068402e-04  -5.7756720e-03  -5.7568142e-03   5.6089791e-03   1.8459978e-02   2.4367842e-02
  -8.5500000e+01  5.3260953e-289  1.1488256e-101   1.4626201e-37  -2.6484787e-14  -1.8363450e-06  -7.5511995e-04  -5.5462802e-03  -5.3829418e-03   5.8906267e-03   1.8579990e-02   2.4411557e-02
  -8.5050000e+01  4.1335813e-282   1.5986266e-99   1.4858150e-36  -3.9587237e-14  -1.9944547e-06  -7.4672617e-04  -5.3111448e-03  -5.0087829e-03   6.1710899e-03   1.8699381e-02   2.4455043e-02
  -8.4600000e+01 -1.3522259e-273  -1.3230937e-96   1.2096992e-35  -5.5535066e-14  -2.1407837e-06  -7.3527128e-04  -5.0702866e-03  -4.6343644e-03   6.4503633e-03   1.8818148e-02   2.4498299e-02
  -8.4150000e+01 -2.2456620e-265  -1.6569858e-93   9.3228015e-35  -6.9943686e-14  -2.2654936e-06  -7.2051378e-04  -4.8237299e-03  -4.2597135e-03   6.7284417e-03   1.8936293e-02   2.4541327e-02
  -8.3700000e+01 -9.2257868e-258  -1.2017493e-90   7.7323378e-34  -6.9585402e-14  -2.3558449e-06  -7.0220208e-04  -4.5715035e-03  -3.8848570e-03   7.0053201e-03   1.9053816e-02   2.4584125e-02
  -8.3250000e+01 -1.1677065e-250  -6.1929006e-88   7.2915247e-33  -2.1454006e-14  -2.3955885e-06  -6.8007460e-04  -4.3136396e-03  -3.5098221e-03   7.2809931e-03   1.9170715e-02   2.4626694e-02
  -8.2800000e+01 -8.1411102e-244  -1.5529377e-85   7.2724921e-32   1.4935265e-13  -2.3642631e-06  -6.5385984e-04  -4.0501748e-03  -3.1346359e-03   7.5554557e-03   1.9286992e-02   2.4669033e-02
  -8.2350000e+01  6.8641049e-237   3.0910528e-83   6.8909051e-31   6.0309166e-13  -2.2363887e-06  -6.2327656e-04  -3.7811495e-03  -2.7593254e-03   7.8287028e-03   1.9402645e-02   2.4711143e-02
  -8.1900000e+01  4.8546890e-229   2.1613125e-80   5.8417556e-30   1.6687617e-12  -1.9805458e-06  -5.8803394e-04  -3.5066081e-03  -2.3839178e-03   8.1007294e-03   1.9517676e-02   2.4753024e-02
  -8.1450000e+01  1.3425211e-221   4.8935309e-78   4.3674988e-29   4.0008843e-12  -1.5583324e-06  -5.4783187e-04  -3.2265990e-03  -2.0084403e-03   8.3715304e-03   1.9632082e-02   2.4794676e-02
  -8.1000000e+01  1.2116033e-214   7.8172119e-76   2.9031808e-28   8.8690568e-12  -9.2318942e-07  -5.0236123e-04  -2.9411745e-03  -1.6329200e-03   8.6411009e-03   1.9745865e-02   2.4836098e-02
  -8.0550000e+01  2.3154218e-208   9.5989599e-74   1.7423574e-27   1.8684168e-11  -1.9085766e-08  -4.5130427e-04  -2.6503909e-03  -1.2573841e-03   8.9094360e-03   1.9859025e-02   2.4877291e-02
  -8.0100000e+01  1.6505009e-202   6.5176277e-72   9.6084762e-27   3.7940598e-11   1.2209431e-06  -3.9433504e-04  -2.3543085e-03  -8.8185981e-04   9.1765307e-03   1.9971561e-02   2.4918255e-02
  -7.9650000e+01 -1.6046333e-195  -1.0773040e-69   4.9871971e-26   7.4879880e-11   2.8764101e-06  -3.3111986e-04  -2.0529913e-03  -5.0637438e-04   9.4423802e-03   2.0083472e-02   2.4958989e-02
  -7.9200000e+01 -1.9010054e-188  -6.2719061e-67   2.5417921e-25   1.4438933e-10   5.0411482e-06  -2.6131791e-04  -1.7465072e-03  -1.3095501e-04   9.7069797e-03   2.0194760e-02   2.4999494e-02
  -7.8750000e+01 -6.1817629e-182  -1.8350762e-64   1.3602099e-24   2.7298752e-10   7.8252432e-06  -1.8458180e-04  -1.4349281e-03   2.4437106e-04   9.9703243e-03   2.0305424e-02   2.5039770e-02
  -7.8300000e+01 -5.6535856e-176  -3.8271476e-62   8.0756558e-24   5.0729101e-10   1.1357126e-05  -1.0055828e-04  -1.1183294e-03   6.1957659e-04   1.0232409e-02   2.0415463e-02   2.5079816e-02
  -7.7850000e+01 -2.8667300e-170  -4.2720671e-60   5.1981620e-23   9.2821360e-10   1.5785822e-05  -8.8890159e-06  -7.9679041e-04   9.9463435e-04   1.0493230e-02   2.0524878e-02   2.5119633e-02
  -7.7400000e+01  8.8617231e-165   2.1294008e-58   3.3312243e-22   1.6744830e-09   2.1283357e-05   9.0788610e-05  -4.7039393e-04   1.3695171e-03   1.0752782e-02   2.0633668e-02   2.5159221e-02
  -7.6950000e+01  5.7695720e-158   7.8941762e-56   1.9793169e-21   2.9811028e-09   2.8047298e-05   1.9884059e-04  -1.3922645e-04   1.7441975e-03   1.1011060e-02   2.0741834e-02   2.5198579e-02
  -7.6500000e+01  1.0884028e-151   7.1537705e-54   1.0591135e-20   5.2414679e-09   3.6303433e-05   3.1563533e-04   1.9662211e-04   2.1186485e-03   1.1268060e-02   2.0849375e-02   2.5237708e-02
  -7.6050000e+01  6.3312194e-146   4.4741827e-52   5.1029148e-20   9.1064086e-09   4.6308561e-05   4.4154258e-04   5.3705835e-04   2.4928427e-03   1.1523777e-02   2.0956291e-02   2.5276608e-02
  -7.5600000e+01  7.4476981e-141   2.1880602e-50   2.2410005e-19   1.5640097e-08   5.8353372e-05   5.7693236e-04   8.8198557e-04   2.8667529e-03   1.1778206e-02   2.1062582e-02   2.5315278e-02
  -7.5150000e+01  4.0617713e-136   6.7716047e-49   9.1210271e-19   2.6562276e-08   7.2765389e-05   7.2217375e-04   1.2313038e-03   3.2403518e-03   1.2031344e-02   2.1168247e-02   2.5353719e-02
  -7.4700000e+01 -1.3139086e-130  -1.9777473e-47   3.5168883e-18   4.4619659e-08   8.9911947e-05   8.7763364e-04   1.5849100e-03   3.6136124e-03   1.2283186e-02   2.1273288e-02   2.5391931e-02
  -7.4250000e+01 -1.1715096e-124  -6.2943802e-45   1.3289800e-17   7.4147750e-08   1.1020317e-04   1.0436754e-03   1.9426979e-03   3.9865073e-03   1.2533727e-02   2.1377703e-02   2.5429913e-02
  -7.3800000e+01 -3.5022339e-119  -7.5365526e-43   5.1673203e-17   1.2190918e-07   1.3409486e-04   1.2206575e-03   2.3045585e-03   4.3590093e-03   1.2782962e-02   2.1481493e-02   2.5467666e-02
  -7.3350000e+01 -2.5661836e-114  -6.3864977e-41   2.1545971e-16   1.9832728e-07   1.6209138e-04   1.4089322e-03   2.6703799e-03   4.7310913e-03   1.3030889e-02   2.1584657e-02   2.5505189e-02
  -7.2900000e+01 -9.4052079e-110  -3.1317349e-39   9.5519382e-16   3.1927563e-07   1.9474826e-04   1.6088436e-03   3.0400474e-03   5.1027262e-03   1.3277501e-02   2.1687196e-02   2.5542483e-02
  -7.2450000e+01  8.1822841e-106   3.3490621e-38   4.2431368e-15   5.0863656e-07   2.3267469e-04   1.8207266e-03   3.4134440e-03   5.4738867e-03   1.3522796e-02   2.1789109e-02   2.5579548e-02
  -7.2000000e+01  6.5115346e-100   7.8964755e-36   1.7773191e-14   8.0190525e-07   2.7653570e-04   2.0449051e-03   3.7904499e-03   5.8445457e-03   1.3766768e-02   2.1890395e-02   2.5616384e-02
  -7.1550000e+01   8.2590295e-95   2.8556305e-34   6.8071733e-14   1.2511893e-06   3.2705399e-04   2.2816901e-03   4.1709433e-03   6.2146762e-03   1.4009414e-02   2.1991056e-02   2.5652990e-02
  -7.1100000e+01   2.7344033e-90   6.9681994e-33   2.3749511e-13   1.9320357e-06   3.8501144e-04   2.5313784e-03   4.5548001e-03   6.5842510e-03   1.4250729e-02   2.2091091e-02   2.5689366e-02
  -7.0650000e+01   1.8025630e-86   1.3532378e-31   7.6242745e-13   2.9526015e-06   4.5125003e-04   2.7942502e-03   4.9418940e-03   6.9532430e-03   1.4490709e-02   2.2190499e-02   2.5725514e-02
  -7.0200000e+01   6.7455394e-83   1.8439527e-30   2.2871700e-12   4.4657631e-06   5.2667238e-04   3.0705683e-03   5.3320972e-03   7.3216253e-03   1.4729350e-02   2.2289282e-02   2.5761431e-02
  -6.9750000e+01  -6.9947011e-79  -3.9776577e-30   6.5370029e-12   6.6848193e-06   6.1224161e-04   3.3605753e-03   5.7252798e-03   7.6893708e-03   1.4966649e-02   2.2387437e-02   2.5797120e-02
  -6.9300000e+01  -5.1699110e-74  -1.6072385e-27   1.8277144e-11   9.9034682e-06   7.0898068e-04   3.6644923e-03   6.1213107e-03   8.0564525e-03   1.5202601e-02   2.2484967e-02   2.5832579e-02
  -6.8850000e+01  -2.4079061e-69  -8.1042128e-26   5.1734518e-11   1.4520705e-05   8.1797101e-04   3.9825170e-03   6.5200570e-03   8.4228435e-03   1.5437201e-02   2.2581869e-02   2.5867809e-02
  -6.8400000e+01  -9.6773765e-65  -2.8085960e-24   1.5269702e-10   2.1071171e-05   9.4035051e-04   4.3148218e-03   6.9213849e-03   8.7885169e-03   1.5670447e-02   2.2678145e-02   2.5902809e-02
  -6.7950000e+01  -2.8951122e-60  -5.9751974e-23   4.6959390e-10   3.0261269e-05   1.0773109e-03   4.6615519e-03   7.3251592e-03   9.1534457e-03   1.5902335e-02   2.2773794e-02   2.5937580e-02
  -6.7500000e+01   1.5479966e-61   6.7108367e-23   1.4485801e-09   4.3010992e-05   1.2300945e-03   5.0228237e-03   7.7312440e-03   9.5176031e-03   1.6132859e-02   2.2868816e-02   2.5972122e-02
  -6.7050000e+01   4.2419100e-53   2.0474195e-20   4.2740323e-09   6.0500926e-05   1.3999901e-03   5.3987226e-03   8.1395026e-03   9.8809622e-03   1.6362017e-02   2.2963211e-02   2.6006434e-02
  -6.6600000e+01   2.0778151e-50   2.9699464e-19   1.1714853e-08   8.4223204e-05   1.5883287e-03   5.7893017e-03   8.5497978e-03   1.0243496e-02   1.6589805e-02   2.3056979e-02   2.6040517e-02
  -6.6150000e+01   7.5862153e-48   2.8493919e-18   2.9640558e-08   1.1603437e-04   1.7964783e-03   6.1945797e-03   8.9619917e-03   1.0605179e-02   1.6816219e-02   2.3150120e-02   2.6074370e-02
  -6.5700000e+01   2.4248814e-45   2.2187646e-17   6.9761691e-08   1.5820712e-04   2.0258384e-03   6.6145394e-03   9.3759465e-03   1.0965983e-02   1.7041256e-02   2.3242633e-02   2.6107994e-02
  -6.5250000e+01   6.1136231e-43   1.3259736e-16   1.5479666e-07   2.1347685e-04   2.2778342e-03   7.0491260e-03   9.7915241e-03   1.1325881e-02   1.7264911e-02   2.3334519e-02   2.6141389e-02
  -6.4800000e+01  -2.2347110e-40   2.7184633e-16   3.2903880e-07   2.8507783e-04   2.5539102e-03   7.4982458e-03   1.0208587e-02   1.1684848e-02   1.7487181e-02   2.3425777e-02   2.6174554e-02
  -6.4350000e+01  -1.2719370e-36  -8.8854283e-15   6.8263022e-07   3.7676273e-04   2.8555235e-03   7.9617644e-03   1.0626997e-02   1.2042857e-02   1.7708062e-02   2.3516408e-02   2.6207490e-02
  -6.3900000e+01  -2.8853908e-33  -2.0487813e-13   1.4116537e-06   4.9279880e-04   3.1841370e-03   8.4395056e-03   1.1046617e-02   1.2399880e-02   1.7927551e-02   2.3606412e-02   2.6240196e-02
  -6.3450000e+01  -1.2773708e-30  -2.8758248e-12   2.9613107e-06   6.3793322e-04   3.5412121e-03   8.9312501e-03   1.1467311e-02   1.2755892e-02   1.8145645e-02   2.3695787e-02   2.6272673e-02
  -6.3000000e+01  -1.4706640e-28  -2.4787156e-11   6.3140816e-06   8.1732100e-04   3.9282010e-03   9.4367346e-03   1.1888942e-02   1.3110867e-02   1.8362339e-02   2.3784535e-02   2.6304921e-02
  -6.2550000e+01  -2.5534532e-27  -1.1386170e-11   1.3416456e-05   1.0364098e-03   4.3465390e-03   9.9556503e-03   1.2311377e-02   1.3464777e-02   1.8577630e-02   2.3872654e-02   2.6336939e-02
  -6.2100000e+01   4.6100508e-24   1.2155285e-09   2.7563766e-05   1.3007778e-03   4.7976357e-03   1.0487643e-02   1.2734481e-02   1.3817596e-02   1.8791516e-02   2.3960146e-02   2.6368727e-02
  -6.1650000e+01   1.8339152e-21   7.5557367e-09   5.3534307e-05   1.6159255e-03   5.2828663e-03   1.1032311e-02   1.3158123e-02   1.4169298e-02   1.9003992e-02   2.4047009e-02   2.6400287e-02
  -6.1200000e+01   3.6624933e-19   2.9579391e-08   9.7603050e-05   1.9870229e-03   5.8035610e-03   1.1589207e-02   1.3582170e-02   1.4519857e-02   1.9215055e-02   2.4133244e-02   2.6431617e-02
  -6.0750000e+01   1.8169992e-17   9.4729007e-08   1.6783892e-04   2.4186242e-03   6.3609945e-03   1.2157835e-02   1.4006495e-02   1.4869247e-02   1.9424702e-02   2.4218851e-02   2.6462717e-02
  -6.0300000e+01   3.5756644e-16   2.5250340e-07   2.7498026e-04   2.9143603e-03   6.9563735e-03   1.2737652e-02   1.4430969e-02   1.5217441e-02   1.9632930e-02   2.4303830e-02   2.6493588e-02
  -5.9850000e+01  -8.8028030e-16   4.6525835e-07   4.3420222e-04   3.4766322e-03   7.5908233e-03   1.3328069e-02   1.4855467e-02   1.5564414e-02   1.9839735e-02   2.4388180e-02   2.6524230e-02
  -5.9400000e+01  -1.3614128e-12  -3.0550168e-07   6.6848880e-04   4.1063275e-03   8.2653715e-03   1.3928450e-02   1.5279865e-02   1.5910139e-02   2.0045114e-02   2.4471902e-02   2.6554642e-02
  -5.8950000e+01  -1.7831331e-10  -9.0970789e-06   1.0143714e-03   4.8025911e-03   8.9809313e-03   1.4538111e-02   1.5704042e-02   1.6254590e-02   2.0249064e-02   2.4554995e-02   2.6584824e-02
  -5.8500000e+01  -4.5067737e-09  -5.7538233e-05   1.5287177e-03   5.5626806e-03   9.7382812e-03   1.5156325e-02   1.6127878e-02   1.6597742e-02   2.0451582e-02   2.4637459e-02   2.6614778e-02
  -5.8050000e+01  -3.4832106e-08  -2.0490006e-04   2.2891319e-03   6.3819377e-03   1.0538043e-02   1.5782321e-02   1.6551259e-02   1.6939568e-02   2.0652665e-02   2.4719294e-02   2.6644501e-02
  -5.7600000e+01  -7.2689597e-08  -6.3650921e-05   3.3748040e-03   7.2539056e-03   1.1380659e-02   1.6415285e-02   1.6974068e-02   1.7280044e-02   2.0852309e-02   2.4800501e-02   2.6673996e-02
  -5.7150000e+01   3.8906508e-06   1.7137758e-03   4.8265580e-03   8.1706106e-03   1.2266363e-02   1.7054362e-02   1.7396196e-02   1.7619142e-02   2.1050512e-02   2.4881079e-02   2.6703261e-02
  -5.6700000e+01   1.1153226e-04   4.5714469e-03   6.6166667e-03   9.1230218e-03   1.3195152e-02   1.7698660e-02   1.7817534e-02   1.7956838e-02   2.1247271e-02   2.4961027e-02   2.6732296e-02
  -5.6250000e+01   1.7967610e-03   7.4787608e-03   8.6611244e-03   1.0101681e-02   1.4166757e-02   1.8347248e-02   1.8237976e-02   1.8293105e-02   2.1442582e-02   2.5040347e-02   2.6761102e-02
  -5.5800000e+01   8.3208707e-03   1.0311297e-02   1.0859314e-02   1.1097489e-02   1.5180611e-02   1.8999164e-02   1.8657420e-02   1.8627919e-02   2.1636443e-02   2.5119038e-02   2.6789679e-02
  -5.5350000e+01   1.2816866e-02   1.3101781e-02   1.3121853e-02   1.2102601e-02   1.6235814e-02   1.9653415e-02   1.9075767e-02   1.8961254e-02   2.1828851e-02   2.5197099e-02   2.6818026e-02
  -5.4900000e+01   1.5781885e-02   1.5875956e-02   1.5373666e-02   1.3111387e-02   1.7331101e-02   2.0308981e-02   1.9492920e-02   1.9293084e-02   2.2019803e-02   2.5274531e-02   2.6846143e-02
  -5.4450000e+01   1.8842755e-02   1.8655262e-02   1.7542114e-02   1.4121378e-02   1.8464814e-02   2.0964816e-02   1.9908787e-02   1.9623385e-02   2.2209297e-02   2.5351333e-02   2.6874032e-02
  -5.4000000e+01   2.4142829e-02   2.1470514e-02   1.9539385e-02   1.5134128e-02   1.9634866e-02   2.1619857e-02   2.0323278e-02   1.9952131e-02   2.2397328e-02   2.5427506e-02   2.6901690e-02
  -5.3550000e+01   2.9712550e-02   2.4386328e-02   2.1244656e-02   1.6155882e-02   2.0838718e-02   2.2273024e-02   2.0736307e-02   2.0279296e-02   2.2583895e-02   2.5503050e-02   2.6929120e-02
  -5.3100000e+01   3.0457629e-02   2.7467774e-02   2.2499045e-02   1.7197991e-02   2.2073356e-02   2.2923225e-02   2.1147792e-02   2.0604857e-02   2.2768996e-02   2.5577964e-02   2.6956319e-02
  -5.2650000e+01   3.0488862e-02   2.9954335e-02   2.3138128e-02   1.8276965e-02   2.3335275e-02   2.3569362e-02   2.1557654e-02   2.0928787e-02   2.2952626e-02   2.5652248e-02   2.6983290e-02
  -5.2200000e+01   3.0487176e-02   2.9320314e-02   2.3068558e-02   1.9414118e-02   2.4620465e-02   2.4210334e-02   2.1965817e-02   2.1251062e-02   2.3134784e-02   2.5725902e-02   2.7010031e-02
  -5.1750000e+01   3.0417449e-02   2.6422301e-02   2.2333904e-02   2.0634756e-02   2.5924416e-02   2.4845045e-02   2.2372210e-02   2.1571658e-02   2.3315467e-02   2.5798927e-02   2.7036542e-02
  -5.1300000e+01   2.9174538e-02   2.3396012e-02   2.1099712e-02   2.1966902e-02   2.7242119e-02   2.5472404e-02   2.2776764e-02   2.1890548e-02   2.3494673e-02   2.5871322e-02   2.7062824e-02
  -5.0850000e+01   2.2920106e-02   2.0517701e-02   1.9576970e-02   2.3439591e-02   2.8568090e-02   2.6091338e-02   2.3179415e-02   2.2207710e-02   2.3672398e-02   2.5943087e-02   2.7088877e-02
  -5.0400000e+01   1.8019449e-02   1.7711675e-02   1.7962717e-02   2.5080789e-02   2.9896392e-02   2.6700790e-02   2.3580101e-02   2.2523118e-02   2.3848641e-02   2.6014222e-02   2.7114700e-02
  -4.9950000e+01   1.4989016e-02   1.4931499e-02   1.6431294e-02   2.6915064e-02   3.1220682e-02   2.7299727e-02   2.3978766e-02   2.2836747e-02   2.4023398e-02   2.6084727e-02   2.7140293e-02
  -4.9500000e+01   1.1909226e-02   1.2146705e-02   1.5160356e-02   2.8961128e-02   3.2534257e-02   2.7887147e-02   2.4375356e-02   2.3148574e-02   2.4196668e-02   2.6154601e-02   2.7165657e-02
  -4.9050000e+01   6.6272015e-03   9.3084545e-03   1.4373515e-02   3.1229433e-02   3.3830123e-02   2.8462085e-02   2.4769820e-02   2.3458574e-02   2.4368448e-02   2.6223846e-02   2.7190792e-02
  -4.8600000e+01   8.8376477e-04   6.2763365e-03   1.4387908e-02   3.3720001e-02   3.5101065e-02   2.9023615e-02   2.5162112e-02   2.3766723e-02   2.4538736e-02   2.6292460e-02   2.7215697e-02
  -4.8150000e+01   3.9692934e-05   2.7821606e-03   1.5634623e-02   3.6420676e-02   3.6339731e-02   2.9570860e-02   2.5552190e-02   2.4072997e-02   2.4707528e-02   2.6360444e-02   2.7240373e-02
  -4.7700000e+01   5.4215258e-07   8.4223433e-05   1.8584268e-02   3.9305975e-02   3.7538728e-02   3.0102991e-02   2.5940013e-02   2.4377372e-02   2.4874824e-02   2.6427798e-02   2.7264819e-02
  -4.7250000e+01   6.2327838e-06   4.9394032e-03   2.3545439e-02   4.2336704e-02   3.8690721e-02   3.0619241e-02   2.6325546e-02   2.4679824e-02   2.5040620e-02   2.6494521e-02   2.7289035e-02
  -4.6800000e+01   2.3814741e-04   1.7462624e-02   3.0467581e-02   4.5460408e-02   3.9788533e-02   3.1118902e-02   2.6708756e-02   2.4980329e-02   2.5204915e-02   2.6560613e-02   2.7313023e-02
  -4.6350000e+01   4.8179141e-03   3.1102735e-02   3.8953904e-02   4.8612750e-02   4.0825260e-02   3.1601332e-02   2.7089613e-02   2.5278864e-02   2.5367706e-02   2.6626076e-02   2.7336780e-02
  -4.5900000e+01   3.2268937e-02   4.4316747e-02   4.8466415e-02   5.1719755e-02   4.1794372e-02   3.2065964e-02   2.7468092e-02   2.5575406e-02   2.5528990e-02   2.6690907e-02   2.7360308e-02
  -4.5450000e+01   5.5925136e-02   5.7231574e-02   5.8508878e-02   5.4700865e-02   4.2689822e-02   3.2512302e-02   2.7844169e-02   2.5869930e-02   2.5688767e-02   2.6755108e-02   2.7383607e-02
  -4.5000000e+01   7.0021498e-02   7.0019957e-02   6.8675231e-02   5.7472623e-02   4.3506141e-02   3.2939931e-02   2.8217824e-02   2.6162413e-02   2.5847033e-02   2.6818678e-02   2.7406676e-02
  -4.4550000e+01   8.4117861e-02   8.2809659e-02   7.8602388e-02   5.9952797e-02   4.4238537e-02   3.3348520e-02   2.8589042e-02   2.6452833e-02   2.6003787e-02   2.6881617e-02   2.7429516e-02
  -4.4100000e+01   1.0777406e-01   9.5740577e-02   8.7886137e-02   6.2064674e-02   4.4882970e-02   3.3737821e-02   2.8957806e-02   2.6741166e-02   2.6159026e-02   2.6943925e-02   2.7452126e-02
  -4.3650000e+01   1.3522509e-01   1.0905496e-01   9.5990132e-02   6.3741253e-02   4.5436224e-02   3.4107675e-02   2.9324106e-02   2.7027390e-02   2.6312748e-02   2.7005603e-02   2.7474507e-02
  -4.3200000e+01   1.3980490e-01   1.2307481e-01   1.0219476e-01   6.4929045e-02   4.5895958e-02   3.4458011e-02   2.9687932e-02   2.7311481e-02   2.6464952e-02   2.7066650e-02   2.7496658e-02
  -4.2750000e+01   1.4003701e-01   1.3584183e-01   1.0569049e-01   6.5591223e-02   4.6260750e-02   3.4788852e-02   3.0049280e-02   2.7593416e-02   2.6615636e-02   2.7127065e-02   2.7518580e-02
  -4.2300000e+01   1.4003934e-01   1.3680728e-01   1.0588543e-01   6.5709886e-02   4.6530109e-02   3.5100311e-02   3.0408143e-02   2.7873174e-02   2.6764796e-02   2.7186850e-02   2.7540272e-02
  -4.1850000e+01   1.3986039e-01   1.2467151e-01   1.0274507e-01   6.5287267e-02   4.6704483e-02   3.5392594e-02   3.0764521e-02   2.8150732e-02   2.6912433e-02   2.7246003e-02   2.7561735e-02
  -4.1400000e+01   1.3598367e-01   1.1057032e-01   9.6815324e-02   6.4345805e-02   4.6785241e-02   3.5666001e-02   3.1118413e-02   2.8426067e-02   2.7058542e-02   2.7304525e-02   2.7582968e-02
  -4.0950000e+01   1.0960305e-01   9.7198019e-02   8.8902189e-02   6.2927057e-02   4.6774640e-02   3.5920922e-02   3.1469822e-02   2.8699158e-02   2.7203124e-02   2.7362416e-02   2.7603972e-02
  -4.0500000e+01   8.5341755e-02   8.4253011e-02   7.9746019e-02   6.1089544e-02   4.6675772e-02   3.6157838e-02   3.1818752e-02   2.8969982e-02   2.7346176e-02   2.7419676e-02   2.7624746e-02
  -4.0050000e+01   7.1195722e-02   7.1466102e-02   6.9905732e-02   5.8905670e-02   4.6492502e-02   3.6377317e-02   3.2165206e-02   2.9238518e-02   2.7487695e-02   2.7476305e-02   2.7645291e-02
  -3.9600000e+01   5.7276391e-02   5.8692403e-02   5.9800843e-02   5.6457952e-02   4.6229388e-02   3.6580016e-02   3.2509194e-02   2.9504744e-02   2.7627681e-02   2.7532302e-02   2.7665606e-02
  -3.9150000e+01   3.4766782e-02   4.5812573e-02   4.9802727e-02   5.3834801e-02   4.5891590e-02   3.6766673e-02   3.2850721e-02   2.9768637e-02   2.7766132e-02   2.7587667e-02   2.7685692e-02
  -3.8700000e+01   6.0390404e-03   3.2667143e-02   4.0322892e-02   5.1126140e-02   4.5484772e-02   3.6938105e-02   3.3189798e-02   3.0030178e-02   2.7903045e-02   2.7642402e-02   2.7705548e-02
  -3.8250000e+01   3.3016131e-04   1.9078586e-02   3.1868408e-02   4.8419143e-02   4.5015006e-02   3.7095206e-02   3.3526433e-02   3.0289344e-02   2.8038420e-02   2.7696504e-02   2.7725174e-02
  -3.7800000e+01   1.0075562e-05   6.1245184e-03   2.5005569e-02   4.5794335e-02   4.4488658e-02   3.7238940e-02   3.3860639e-02   3.0546115e-02   2.8172254e-02   2.7749976e-02   2.7744572e-02
  -3.7350000e+01   3.4684092e-07   2.6147113e-04   2.0180880e-02   4.3322285e-02   4.3912293e-02   3.7370337e-02   3.4192425e-02   3.0800469e-02   2.8304545e-02   2.7802815e-02   2.7763739e-02
  -3.6900000e+01   4.0306427e-05   3.2557996e-03   1.7495800e-02   4.1061038e-02   4.3292573e-02   3.7490488e-02   3.4521803e-02   3.1052386e-02   2.8435293e-02   2.7855023e-02   2.7782677e-02
  -3.6450000e+01   9.8981039e-04   7.6194345e-03   1.6663611e-02   3.9054396e-02   4.2636162e-02   3.7600537e-02   3.4848785e-02   3.1301846e-02   2.8564496e-02   2.7906600e-02   2.7801386e-02
  -3.6000000e+01   8.0871752e-03   1.1468963e-02   1.7201860e-02   3.7331072e-02   4.1949651e-02   3.7701678e-02   3.5173383e-02   3.1548826e-02   2.8692151e-02   2.7957544e-02   2.7819865e-02
  -3.5550000e+01   1.4840928e-02   1.5079734e-02   1.8655081e-02   3.5904694e-02   4.1239479e-02   3.7795143e-02   3.5495607e-02   3.1793309e-02   2.8818258e-02   2.8007857e-02   2.7838114e-02
  -3.5100000e+01   1.8741317e-02   1.8623044e-02   2.0689186e-02   3.4774563e-02   4.0511881e-02   3.7882203e-02   3.5815468e-02   3.2035272e-02   2.8942816e-02   2.8057538e-02   2.7856134e-02
  -3.4650000e+01   2.2519567e-02   2.2157352e-02   2.3078951e-02   3.3927047e-02   3.9772842e-02   3.7964152e-02   3.6132977e-02   3.2274697e-02   2.9065821e-02   2.8106587e-02   2.7873925e-02
  -3.4200000e+01   2.8248700e-02   2.5712318e-02   2.5662794e-02   3.3337444e-02   3.9028069e-02   3.8042308e-02   3.6448144e-02   3.2511564e-02   2.9187274e-02   2.8155004e-02   2.7891486e-02
  -3.3750000e+01   3.6562210e-02   2.9318707e-02   2.8302969e-02   3.2972171e-02   3.8282977e-02   3.8117998e-02   3.6760977e-02   3.2745852e-02   2.9307172e-02   2.8202790e-02   2.7908817e-02
  -3.3300000e+01   3.8709653e-02   3.3010703e-02   3.0860478e-02   3.2791098e-02   3.7542689e-02   3.8192556e-02   3.7071483e-02   3.2977543e-02   2.9425514e-02   2.8249943e-02   2.7925919e-02
  -3.2850000e+01   3.8846810e-02   3.6631223e-02   3.3192027e-02   3.2749899e-02   3.6812051e-02   3.8267312e-02   3.7379668e-02   3.3206618e-02   2.9542299e-02   2.8296464e-02   2.7942792e-02
  -3.2400000e+01   3.8851914e-02   3.9004655e-02   3.5177663e-02   3.2802306e-02   3.6095654e-02   3.8343585e-02   3.7685538e-02   3.3433057e-02   2.9657526e-02   2.8342354e-02   2.7959434e-02
  -3.1950000e+01   3.8855798e-02   3.9559840e-02   3.6763823e-02   3.2902153e-02   3.5397869e-02   3.8422675e-02   3.7989095e-02   3.3656841e-02   2.9771193e-02   2.8387611e-02   2.7975848e-02
  -3.1500000e+01   3.8961068e-02   3.9821994e-02   3.7976861e-02   3.3005180e-02   3.4722892e-02   3.8505857e-02   3.8290341e-02   3.3877953e-02   2.9883298e-02   2.8432236e-02   2.7992032e-02
  -3.1050000e+01   3.9798548e-02   4.0198194e-02   3.8888405e-02   3.3070540e-02   3.4074783e-02   3.8594372e-02   3.8589274e-02   3.4096373e-02   2.9993841e-02   2.8476229e-02   2.8007986e-02
  -3.0600000e+01   4.0588927e-02   4.0614712e-02   3.9568355e-02   3.3062013e-02   3.3457517e-02   3.8689422e-02   3.8885893e-02   3.4312083e-02   3.0102820e-02   2.8519590e-02   2.8023711e-02
  -3.0150000e+01   4.1049316e-02   4.1037230e-02   4.0060125e-02   3.2948938e-02   3.2875028e-02   3.8792157e-02   3.9180191e-02   3.4525065e-02   3.0210234e-02   2.8562318e-02   2.8039206e-02
  -2.9700000e+01   4.1489017e-02   4.1460244e-02   4.0376615e-02   3.2706882e-02   3.2331254e-02   3.8903677e-02   3.9472161e-02   3.4735302e-02   3.0316082e-02   2.8604414e-02   2.8054471e-02
  -2.9250000e+01   4.2077835e-02   4.1887290e-02   4.0500703e-02   3.2318088e-02   3.1830166e-02   3.9025019e-02   3.9761793e-02   3.4942776e-02   3.0420363e-02   2.8645878e-02   2.8069508e-02
  -2.8800000e+01   4.3070044e-02   4.2337030e-02   4.0381006e-02   3.1771726e-02   3.1375800e-02   3.9157153e-02   4.0049074e-02   3.5147468e-02   3.0523075e-02   2.8686710e-02   2.8084314e-02
  -2.8350000e+01   4.3481446e-02   4.2878093e-02   3.9925786e-02   3.1063985e-02   3.0972265e-02   3.9300978e-02   4.0333990e-02   3.5349363e-02   3.0624217e-02   2.8726909e-02   2.8098891e-02
  -2.7900000e+01   4.3514887e-02   4.3545952e-02   3.9011874e-02   3.0198020e-02   3.0623750e-02   3.9457314e-02   4.0616520e-02   3.5548444e-02   3.0723788e-02   2.8766476e-02   2.8113239e-02
  -2.7450000e+01   4.3516038e-02   4.3090344e-02   3.7528959e-02   2.9183776e-02   3.0334509e-02   3.9626899e-02   4.0896645e-02   3.5744692e-02   3.0821788e-02   2.8805410e-02   2.8127357e-02
  -2.7000000e+01   4.3484995e-02   3.9746883e-02   3.5445717e-02   2.8037707e-02   3.0108837e-02   3.9810388e-02   4.1174340e-02   3.5938093e-02   3.0918214e-02   2.8843712e-02   2.8141245e-02
  -2.6550000e+01   4.2485931e-02   3.5544322e-02   3.2837504e-02   2.6782378e-02   2.9951023e-02   4.0008342e-02   4.1449576e-02   3.6128629e-02   3.1013066e-02   2.8881382e-02   2.8154904e-02
  -2.6100000e+01   3.4603216e-02   3.1484908e-02   2.9844569e-02   2.5445983e-02   2.9865302e-02   4.0221233e-02   4.1722324e-02   3.6316284e-02   3.1106343e-02   2.8918419e-02   2.8168333e-02
  -2.5650000e+01   2.7861240e-02   2.7519849e-02   2.6608858e-02   2.4061760e-02   2.9855777e-02   4.0449437e-02   4.1992549e-02   3.6501043e-02   3.1198044e-02   2.8954823e-02   2.8181533e-02
  -2.5200000e+01   2.3681953e-02   2.3585277e-02   2.3242597e-02   2.2667319e-02   2.9926350e-02   4.0693233e-02   4.2260213e-02   3.6682890e-02   3.1288168e-02   2.8990595e-02   2.8194503e-02
  -2.4750000e+01   1.9734230e-02   1.9658686e-02   1.9831019e-02   2.1303889e-02   3.0080621e-02   4.0952803e-02   4.2525277e-02   3.6861809e-02   3.1376713e-02   2.9025734e-02   2.8207244e-02
  -2.4300000e+01   1.5794717e-02   1.5730356e-02   1.6449385e-02   2.0015487e-02   3.0321800e-02   4.1228233e-02   4.2787696e-02   3.7037785e-02   3.1463680e-02   2.9060240e-02   2.8219755e-02
  -2.3850000e+01   1.1850789e-02   1.1783445e-02   1.3182476e-02   1.8848005e-02   3.0652601e-02   4.1519508e-02   4.3047423e-02   3.7210804e-02   3.1549066e-02   2.9094114e-02   2.8232037e-02
  -2.3400000e+01   7.9029045e-03   7.7557612e-03   1.0141082e-02   1.7848235e-02   3.1075143e-02   4.1826517e-02   4.3304407e-02   3.7380851e-02   3.1632872e-02   2.9127355e-02   2.8244089e-02
  -2.2950000e+01   3.9364834e-03   3.5646699e-03   7.4636090e-03   1.7062816e-02   3.1590848e-02   4.2149056e-02   4.3558593e-02   3.7547910e-02   3.1715095e-02   2.9159964e-02   2.8255911e-02
  -2.2500000e+01   1.0515888e-08   2.1198698e-04   5.2846943e-03   1.6537117e-02   3.2200350e-02   4.2486824e-02   4.3809925e-02   3.7711969e-02   3.1795736e-02   2.9191939e-02   2.8267504e-02
  -2.2050000e+01  -1.6024370e-05  -3.7314383e-04   3.6770964e-03   1.6314059e-02   3.2903407e-02   4.2839431e-02   4.4058341e-02   3.7873012e-02   3.1874794e-02   2.9223282e-02   2.8278868e-02
  -2.1600000e+01  -1.3087680e-07  -1.1643840e-04   2.6195389e-03   1.6432882e-02   3.3698827e-02   4.3206398e-02   4.4303778e-02   3.8031027e-02   3.1952267e-02   2.9253992e-02   2.8290001e-02
  -2.1150000e+01  -7.9483598e-10  -1.9891685e-05   2.0294073e-03   1.6927869e-02   3.4584414e-02   4.3587163e-02   4.4546169e-02   3.8185999e-02   3.2028155e-02   2.9284070e-02   2.8300906e-02
  -2.0700000e+01  -4.1051361e-12  -1.0118183e-06   1.8251401e-03   1.7827051e-02   3.5556924e-02   4.3981084e-02   4.4785443e-02   3.8337916e-02   3.2102457e-02   2.9313514e-02   2.8311580e-02
  -2.0250000e+01  -8.0755712e-15   1.7904379e-06   1.9661320e-03   1.9150908e-02   3.6612041e-02   4.4387441e-02   4.5021528e-02   3.8486764e-02   3.2175172e-02   2.9342326e-02   2.8322026e-02
  -1.9800000e+01  -1.8212189e-14   2.4121927e-06   2.4646171e-03   2.0911125e-02   3.7744385e-02   4.4805447e-02   4.5254347e-02   3.8632531e-02   3.2246300e-02   2.9370504e-02   2.8332241e-02
  -1.9350000e+01  -9.9919677e-12  -2.7390420e-06   3.3922119e-03   2.3109450e-02   3.8947524e-02   4.5234247e-02   4.5483821e-02   3.8775204e-02   3.2315839e-02   2.9398050e-02   2.8342227e-02
  -1.8900000e+01  -1.4717399e-09  -5.1712106e-05   4.8978662e-03   2.5736712e-02   4.0214028e-02   4.5672927e-02   4.5709870e-02   3.8914771e-02   3.2383790e-02   2.9424963e-02   2.8351984e-02
  -1.8450000e+01  -4.1743650e-08  -3.1306019e-04   7.2328020e-03   2.8772100e-02   4.1535531e-02   4.6120520e-02   4.5932409e-02   3.9051221e-02   3.2450151e-02   2.9451243e-02   2.8361511e-02
  -1.8000000e+01  -3.0731620e-07  -1.0587113e-03   1.0744180e-02   3.2182771e-02   4.2902823e-02   4.6576010e-02   4.6151351e-02   3.9184541e-02   3.2514921e-02   2.9476890e-02   2.8370808e-02
  -1.7550000e+01  -3.2821379e-07   1.0105122e-04   1.5776159e-02   3.5923883e-02   4.4305962e-02   4.7038341e-02   4.6366610e-02   3.9314719e-02   3.2578101e-02   2.9501904e-02   2.8379876e-02
  -1.7100000e+01   3.9945650e-05   9.3288767e-03   2.2484025e-02   3.9939118e-02   4.5734396e-02   4.7506420e-02   4.6578093e-02   3.9441746e-02   3.2639689e-02   2.9526285e-02   2.8388714e-02
  -1.6650000e+01   1.0177669e-03   2.2353548e-02   3.0712953e-02   4.4161735e-02   4.7177118e-02   4.7979128e-02   4.6785709e-02   3.9565609e-02   3.2699685e-02   2.9550032e-02   2.8397323e-02
  -1.6200000e+01   1.3068134e-02   3.5212041e-02   4.0075230e-02   4.8516185e-02   4.8622816e-02   4.8455321e-02   4.6989364e-02   3.9686299e-02   3.2758088e-02   2.9573147e-02   2.8405702e-02
  -1.5750000e+01   4.2131381e-02   4.7768111e-02   5.0133249e-02   5.2920237e-02   5.0060045e-02   4.8933840e-02   4.7188963e-02   3.9803804e-02   3.2814897e-02   2.9595629e-02   2.8413852e-02
  -1.5300000e+01   5.9378704e-02   6.0195762e-02   6.0514615e-02   5.7287562e-02   5.1477402e-02   4.9413516e-02   4.7384408e-02   3.9918115e-02   3.2870113e-02   2.9617478e-02   2.8421772e-02
  -1.4850000e+01   7.2258206e-02   7.2582229e-02   7.0918347e-02   6.1530663e-02   5.2863702e-02   4.9893177e-02   4.7575603e-02   4.0029222e-02   3.2923734e-02   2.9638693e-02   2.8429463e-02
  -1.4400000e+01   8.5743660e-02   8.4995891e-02   8.1062846e-02   6.5564001e-02   5.4208154e-02   5.0371653e-02   4.7762449e-02   4.0137116e-02   3.2975760e-02   2.9659275e-02   2.8436923e-02
  -1.3950000e+01   1.0889503e-01   9.7548687e-02   9.0615614e-02   6.9307161e-02   5.5500533e-02   5.0847780e-02   4.7944847e-02   4.0241786e-02   3.3026191e-02   2.9679225e-02   2.8444155e-02
  -1.3500000e+01   1.3342621e-01   1.1049345e-01   9.9126201e-02   7.2687876e-02   5.6731340e-02   5.1320410e-02   4.8122697e-02   4.0343225e-02   3.3075025e-02   2.9698541e-02   2.8451157e-02
  -1.3050000e+01   1.3651092e-01   1.2402629e-01   1.0601071e-01   7.5644716e-02   5.7891955e-02   5.1788410e-02   4.8295901e-02   4.0441422e-02   3.3122263e-02   2.9717224e-02   2.8457929e-02
  -1.2600000e+01   1.3662618e-01   1.3467769e-01   1.1067412e-01   7.8129305e-02   5.8974768e-02   5.2250672e-02   4.8464359e-02   4.0536371e-02   3.3167904e-02   2.9735273e-02   2.8464472e-02
  -1.2150000e+01   1.3661826e-01   1.3359432e-01   1.1277801e-01   8.0107907e-02   5.9973298e-02   5.2706113e-02   4.8627972e-02   4.0628062e-02   3.3211947e-02   2.9752690e-02   2.8470785e-02
  -1.1700000e+01   1.3635994e-01   1.2612984e-01   1.1244440e-01   8.1562296e-02   6.0882283e-02   5.3153683e-02   4.8786641e-02   4.0716488e-02   3.3254393e-02   2.9769473e-02   2.8476868e-02
  -1.1250000e+01   1.3231932e-01   1.1878838e-01   1.1016939e-01   8.2489882e-02   6.1697758e-02   5.3592364e-02   4.8940271e-02   4.0801641e-02   3.3295240e-02   2.9785623e-02   2.8482722e-02
  -1.0800000e+01   1.1667680e-01   1.1191355e-01   1.0654564e-01   8.2903088e-02   6.2417102e-02   5.4021177e-02   4.9088763e-02   4.0883514e-02   3.3334488e-02   2.9801140e-02   2.8488347e-02
  -1.0350000e+01   1.0589698e-01   1.0521136e-01   1.0206030e-01   8.2828062e-02   6.3039058e-02   5.4439182e-02   4.9232024e-02   4.0962100e-02   3.3372137e-02   2.9816024e-02   2.8493741e-02
  -9.9000000e+00   9.8787911e-02   9.8559468e-02   9.7053590e-02   8.2302825e-02   6.3563740e-02   5.4845482e-02   4.9369960e-02   4.1037391e-02   3.3408187e-02   2.9830274e-02   2.8498907e-02
  -9.4500000e+00   9.1449024e-02   9.1898044e-02   9.1762874e-02   8.1375009e-02   6.3992600e-02   5.5239222e-02   4.9502479e-02   4.1109382e-02   3.3442637e-02   2.9843891e-02   2.8503842e-02
  -9.0000000e+00   7.8741312e-02   8.5169181e-02   8.6379389e-02   8.0099335e-02   6.4328383e-02   5.5619593e-02   4.9629493e-02   4.1178066e-02   3.3475487e-02   2.9856875e-02   2.8508549e-02
  -8.5500000e+00   6.5387090e-02   7.8296974e-02   8.1091844e-02   7.8535006e-02   6.4575055e-02   5.5985832e-02   4.9750915e-02   4.1243438e-02   3.3506737e-02   2.9869226e-02   2.8513025e-02
  -8.1000000e+00   6.3600714e-02   7.1296107e-02   7.6106604e-02   7.6743166e-02   6.4737711e-02   5.6337222e-02   4.9866659e-02   4.1305491e-02   3.3536386e-02   2.9880943e-02   2.8517272e-02
  -7.6500000e+00   6.3525972e-02   6.5179807e-02   7.1626864e-02   7.4784555e-02   6.4822467e-02   5.6673093e-02   4.9976645e-02   4.1364220e-02   3.3564433e-02   2.9892027e-02   2.8521290e-02
  -7.2000000e+00   6.3523296e-02   6.2219925e-02   6.7787137e-02   7.2717482e-02   6.4836333e-02   5.6992822e-02   5.0080795e-02   4.1419621e-02   3.3590880e-02   2.9902477e-02   2.8525078e-02
  -6.7500000e+00   6.3485548e-02   6.0960760e-02   6.4594506e-02   7.0596172e-02   6.4787072e-02   5.7295829e-02   5.0179032e-02   4.1471688e-02   3.3615725e-02   2.9912294e-02   2.8528636e-02
  -6.3000000e+00   6.2809813e-02   5.9591872e-02   6.1943567e-02   6.8469542e-02   6.4683055e-02   5.7581582e-02   5.0271285e-02   4.1520417e-02   3.3638968e-02   2.9921478e-02   2.8531965e-02
  -5.8500000e+00   5.9409309e-02   5.8094236e-02   5.9690528e-02   6.6380412e-02   6.4533102e-02   5.7849592e-02   5.0357486e-02   4.1565803e-02   3.3660609e-02   2.9930029e-02   2.8535064e-02
  -5.4000000e+00   5.6744843e-02   5.6578066e-02   5.7714792e-02   6.4365129e-02   6.4346321e-02   5.8099412e-02   5.0437570e-02   4.1607844e-02   3.3680648e-02   2.9937946e-02   2.8537933e-02
  -4.9500000e+00   5.5097210e-02   5.5065955e-02   5.5937636e-02   6.2453548e-02   6.4131945e-02   5.8330639e-02   5.0511477e-02   4.1646534e-02   3.3699084e-02   2.9945230e-02   2.8540574e-02
  -4.5000000e+00   5.3422742e-02   5.3551967e-02   5.4316007e-02   6.0669331e-02   6.3899172e-02   5.8542906e-02   5.0579151e-02   4.1681872e-02   3.3715918e-02   2.9951881e-02   2.8542984e-02
  -4.0500000e+00   5.0550928e-02   5.2022408e-02   5.2833227e-02   5.9030473e-02   6.3657003e-02   5.8735889e-02   5.0640540e-02   4.1713853e-02   3.3731149e-02   2.9957898e-02   2.8545165e-02
  -3.6000000e+00   4.7428251e-02   5.0457700e-02   5.1494359e-02   5.7549988e-02   6.3414094e-02   5.8909298e-02   5.0695597e-02   4.1742475e-02   3.3744777e-02   2.9963281e-02   2.8547116e-02
  -3.1500000e+00   4.6969372e-02   4.8852687e-02   5.0323274e-02   5.6236697e-02   6.3178610e-02   5.9062879e-02   5.0744278e-02   4.1767735e-02   3.3756803e-02   2.9968032e-02   2.8548838e-02
  -2.7000000e+00   4.6948219e-02   4.7424611e-02   4.9353194e-02   5.5096042e-02   6.2958089e-02   5.9196412e-02   5.0786547e-02   4.1789632e-02   3.3767225e-02   2.9972149e-02   2.8550330e-02
  -2.2500000e+00   4.6947710e-02   4.6836043e-02   4.8606459e-02   5.4130897e-02   6.2759327e-02   5.9309710e-02   5.0822369e-02   4.1808164e-02   3.3776043e-02   2.9975632e-02   2.8551593e-02
  -1.8000000e+00   4.6947740e-02   4.6872933e-02   4.8075548e-02   5.3342311e-02   6.2588262e-02   5.9402617e-02   5.0851717e-02   4.1823328e-02   3.3783259e-02   2.9978483e-02   2.8552626e-02
  -1.3500000e+00   4.6947747e-02   4.6930393e-02   4.7724518e-02   5.2730185e-02   6.2449885e-02   5.9475007e-02   5.0874568e-02   4.1835124e-02   3.3788871e-02   2.9980700e-02   2.8553429e-02
  -9.0000000e-01   4.6947747e-02   4.6945580e-02   4.7508762e-02   5.2293834e-02   6.2348159e-02   5.9526783e-02   5.0890902e-02   4.1843550e-02   3.3792880e-02   2.9982283e-02   2.8554003e-02
  -4.5000000e-01   4.6947747e-02   4.6948014e-02   4.7392821e-02   5.2032443e-02   6.2285961e-02   5.9557876e-02   5.0900708e-02   4.1848606e-02   3.3795285e-02   2.9983233e-02   2.8554348e-02
   0.0000000e+00   4.6947747e-02   4.6948214e-02   4.7356308e-02   5.1945389e-02   6.2265033e-02   5.9568245e-02   5.0903978e-02   4.1850291e-02   3.3796087e-02   2.9983550e-02   2.8554462e-02
   4.5000000e-01   4.6947747e-02   4.6948014e-02   4.7392821e-02   5.2032443e-02   6.2285961e-02   5.9557876e-02   5.0900708e-02   4.1848606e-02   3.3795285e-02   2.9983233e-02   2.8554348e-02
   9.0000000e-01   4.6947747e-02   4.6945580e-02   4.7508762e-02   5.2293834e-02   6.2348159e-02   5.9526783e-02   5.0890902e-02   4.1843550e-02   3.3792880e-02   2.9982283e-02   2.8554003e-02
   1.3500000e+00   4.6947747e-02   4.6930393e-02   4.7724518e-02   5.2730185e-02   6.2449885e-02   5.9475007e-02   5.0874568e-02   4.1835124e-02   3.3788871e-02   2.9980700e-02   2.8553429e-02
   1.8000000e+00   4.6947740e-02   4.6872933e-02   4.8075548e-02   5.3342311e-02   6.2588262e-02   5.9402617e-02   5.0851717e-02   4.1823328e-02   3.3783259e-02   2.9978483e-02   2.8552626e-02
   2.2500000e+00   4.6947710e-02   4.6836043e-02   4.8606459e-02   5.4130897e-02   6.2759327e-02   5.9309710e-02   5.0822369e-02   4.1808164e-02   3.3776043e-02   2.9975632e-02   2.8551593e-02
   2.7000000e+00   4.6948219e-02   4.7424611e-02   4.9353194e-02   5.5096042e-02   6.2958089e-02   5.9196412e-02   5.0786547e-02   4.1789632e-02   3.3767225e-02   2.9972149e-02   2.8550330e-02
   3.1500000e+00   4.6969372e-02   4.8852687e-02   5.0323274e-02   5.6236697e-02   6.3178610e-02   5.9062879e-02   5.0744278e-02   4.1767735e-02   3.3756803e-02   2.9968032e-02   2.8548838e-02
   3.6000000e+00   4.7428251e-02   5.0457700e-02   5.1494359e-02   5.7549988e-02   6.3414094e-02   5.8909298e-02   5.0695597e-02   4.1742475e-02   3.3744777e-02   2.9963281e-02   2.8547116e-02
   4.0500000e+00   5.0550928e-02   5.2022408e-02   5.2833227e-02   5.9030473e-02   6.3657003e-02   5.8735889e-02   5.0640540e-02   4.1713853e-02   3.3731149e-02   2.9957898e-02   2.8545165e-02
   4.5000000e+00   5.3422742e-02   5.3551967e-02   5.4316007e-02   6.0669331e-02   6.3899172e-02   5.8542906e-02   5.0579151e-02   4.1681872e-02   3.3715918e-02   2.9951881e-02   2.8542984e-02
   4.9500000e+00   5.5097210e-02   5.5065955e-02   5.5937636e-02   6.2453548e-02   6.4131945e-02   5.8330639e-02   5.0511477e-02   4.1646534e-02   3.3699084e-02   2.9945230e-02   2.8540574e-02
   5.4000000e+00   5.6744843e-02   5.6578066e-02   5.7714792e-02   6.4365129e-02   6.4346321e-02   5.8099412e-02   5.0437570e-02   4.1607844e-02   3.3680648e-02   2.9937946e-02   2.8537933e-02
   5.8500000e+00   5.9409309e-02   5.8094236e-02   5.9690528e-02   6.6380412e-02   6.4533102e-02   5.7849592e-02   5.0357486e-02   4.1565803e-02   3.3660609e-02   2.9930029e-02   2.8535064e-02
   6.3000000e+00   6.2809813e-02   5.9591872e-02   6.1943567e-02   6.8469542e-02   6.4683055e-02   5.7581582e-02   5.0271285e-02   4.1520417e-02   3.3638968e-02   2.9921478e-02   2.8531965e-02
   6.7500000e+00   6.3485548e-02   6.0960760e-02   6.4594506e-02   7.0596172e-02   6.4787072e-02   5.7295829e-02   5.0179032e-02   4.1471688e-02   3.3615725e-02   2.9912294e-02   2.8528636e-02
   7.2000000e+00   6.3523296e-02   6.2219925e-02   6.7787137e-02   7.2717482e-02   6.4836333e-02   5.6992822e-02   5.0080795e-02   4.1419621e-02   3.3590880e-02   2.9902477e-02   2.8525078e-02
   7.6500000e+00   6.3525972e-02   6.5179807e-02   7.1626864e-02   7.4784555e-02   6.4822467e-02   5.6673093e-02   4.9976645e-02   4.1364220e-02   3.3564433e-02   2.9892027e-02   2.8521290e-02
   8.1000000e+00   6.3600714e-02   7.1296107e-02   7.6106604e-02   7.6743166e-02   6.4737711e-02   5.6337222e-02   4.9866659e-02   4.1305491e-02   3.3536386e-02   2.9880943e-02   2.8517272e-02
   8.5500000e+00   6.5387090e-02   7.8296974e-02   8.1091844e-02   7.8535006e-02   6.4575055e-02   5.5985832e-02   4.9750915e-02   4.1243438e-02   3.3506737e-02   2.9869226e-02   2.8513025e-02
   9.0000000e+00   7.8741312e-02   8.5169181e-02   8.6379389e-02   8.0099335e-02   6.4328383e-02   5.5619593e-02   4.9629493e-02   4.1178066e-02   3.3475487e-02   2.9856875e-02   2.8508549e-02
   9.4500000e+00   9.1449024e-02   9.1898044e-02   9.1762874e-02   8.1375009e-02   6.3992600e-02   5.5239222e-02   4.9502479e-02   4.1109382e-02   3.3442637e-02   2.9843891e-02   2.8503842e-02
   9.9000000e+00   9.8787911e-02   9.8559468e-02   9.7053590e-02   8.2302825e-02   6.3563740e-02   5.4845482e-02   4.9369960e-02   4.1037391e-02   3.3408187e-02   2.9830274e-02   2.8498907e-02
   1.0350000e+01   1.0589698e-01   1.0521136e-01   1.0206030e-01   8.2828062e-02   6.3039058e-02   5.4439182e-02   4.9232024e-02   4.0962100e-02   3.3372137e-02   2.9816024e-02   2.8493741e-02
   1.0800000e+01   1.1667680e-01   1.1191355e-01   1.0654564e-01   8.2903088e-02   6.2417102e-02   5.4021177e-02   4.9088763e-02   4.0883514e-02   3.3334488e-02   2.9801140e-02   2.8488347e-02
   1.1250000e+01   1.3231932e-01   1.1878838e-01   1.1016939e-01   8.2489882e-02   6.1697758e-02   5.3592364e-02   4.8940271e-02   4.0801641e-02   3.3295240e-02   2.9785623e-02   2.8482722e-02
   1.1700000e+01   1.3635994e-01   1.2612984e-01   1.1244440e-01   8.1562296e-02   6.0882283e-02   5.3153683e-02   4.8786641e-02   4.0716488e-02   3.3254393e-02   2.9769473e-02   2.8476868e-02
   1.2150000e+01   1.3661826e-01   1.3359432e-01   1.1277801e-01   8.0107907e-02   5.9973298e-02   5.2706113e-02   4.8627972e-02   4.0628062e-02   3.3211947e-02   2.9752690e-02   2.8470785e-02
   1.2600000e+01   1.3662618e-01   1.3467769e-01   1.1067412e-01   7.8129305e-02   5.8974768e-02   5.2250672e-02   4.8464359e-02   4.0536371e-02   3.3167904e-02   2.9735273e-02   2.8464472e-02
   1.3050000e+01   1.3651092e-01   1.2402629e-01   1.0601071e-01   7.5644716e-02   5.7891955e-02   5.1788410e-02   4.8295901e-02   4.0441422e-02   3.3122263e-02   2.9717224e-02   2.8457929e-02
   1.3500000e+01   1.3342621e-01   1.1049345e-01   9.9126201e-02   7.2687876e-02   5.6731340e-02   5.1320410e-02   4.8122697e-02   4.0343225e-02   3.3075025e-02   2.9698541e-02   2.8451157e-02
   1.3950000e+01   1.0889503e-01   9.7548687e-02   9.0615614e-02   6.9307161e-02   5.5500533e-02   5.0847780e-02   4.7944847e-02   4.0241786e-02   3.3026191e-02   2.9679225e-02   2.8444155e-02
   1.4400000e+01   8.5743660e-02   8.4995891e-02   8.1062846e-02   6.5564001e-02   5.4208154e-02   5.0371653e-02   4.7762449e-02   4.0137116e-02   3.2975760e-02   2.9659275e-02   2.8436923e-02
   1.4850000e+01   7.2258206e-02   7.2582229e-02   7.0918347e-02   6.1530663e-02   5.2863702e-02   4.9893177e-02   4.7575603e-02   4.0029222e-02   3.2923734e-02   2.9638693e-02   2.8429463e-02
   1.5300000e+01   5.9378704e-02   6.0195762e-02   6.0514615e-02   5.7287562e-02   5.1477402e-02   4.9413516e-02   4.7384408e-02   3.9918115e-02   3.2870113e-02   2.9617478e-02   2.8421772e-02
   1.5750000e+01   4.2131381e-02   4.7768111e-02   5.0133249e-02   5.2920237e-02   5.0060045e-02   4.8933840e-02   4.7188963e-02   3.9803804e-02   3.2814897e-02   2.9595629e-02   2.8413852e-02
   1.6200000e+01   1.3068134e-02   3.5212041e-02   4.0075230e-02   4.8516185e-02   4.8622816e-02   4.8455321e-02   4.6989364e-02   3.9686299e-02   3.2758088e-02   2.9573147e-02   2.8405702e-02
   1.6650000e+01   1.0177669e-03   2.2353548e-02   3.0712953e-02   4.4161735e-02   4.7177118e-02   4.7979128e-02   4.6785709e-02   3.9565609e-02   3.2699685e-02   2.9550032e-02   2.8397323e-02
   1.7100000e+01   3.9945650e-05   9.3288767e-03   2.2484025e-02   3.9939118e-02   4.5734396e-02   4.7506420e-02   4.6578093e-02   3.9441746e-02   3.2639689e-02   2.9526285e-02   2.8388714e-02
   1.7550000e+01  -3.2821379e-07   1.0105122e-04   1.5776159e-02   3.5923883e-02   4.4305962e-02   4.7038341e-02   4.6366610e-02   3.9314719e-02   3.2578101e-02   2.9501904e-02   2.8379876e-02
   1.8000000e+01  -3.0731620e-07  -1.0587113e-03   1.0744180e-02   3.2182771e-02   4.2902823e-02   4.6576010e-02   4.6151351e-02   3.9184541e-02   3.2514921e-02   2.9476890e-02   2.8370808e-02
   1.8450000e+01  -4.1743650e-08  -3.1306019e-04   7.2328020e-03   2.8772100e-02   4.1535531e-02   4.6120520e-02   4.5932409e-02   3.9051221e-02   3.2450151e-02   2.9451243e-02   2.8361511e-02
   1.8900000e+01  -1.4717399e-09  -5.1712106e-05   4.8978662e-03   2.5736712e-02   4.0214028e-02   4.5672927e-02   4.5709870e-02   3.8914771e-02   3.2383790e-02   2.9424963e-02   2.8351984e-02
   1.9350000e+01  -9.9919677e-12  -2.7390420e-06   3.3922119e-03   2.3109450e-02   3.8947524e-02   4.5234247e-02   4.5483821e-02   3.8775204e-02   3.2315839e-02   2.9398050e-02   2.8342227e-02
   1.9800000e+01  -1.8212189e-14   2.4121927e-06   2.4646171e-03   2.0911125e-02   3.7744385e-02   4.4805447e-02   4.5254347e-02   3.8632531e-02   3.2246300e-02   2.9370504e-02   2.8332241e-02
   2.0250000e+01  -8.0755712e-15   1.7904379e-06   1.9661320e-03   1.9150908e-02   3.6612041e-02   4.4387441e-02   4.5021528e-02   3.8486764e-02   3.2175172e-02   2.9342326e-02   2.8322026e-02
   2.0700000e+01  -4.1051361e-12  -1.0118183e-06   1.8251401e-03   1.7827051e-02   3.5556924e-02   4.3981084e-02   4.4785443e-02   3.8337916e-02   3.2102457e-02   2.9313514e-02   2.8311580e-02
   2.1150000e+01  -7.9483598e-10  -1.9891685e-05   2.0294073e-03   1.6927869e-02   3.4584414e-02   4.3587163e-02   4.4546169e-02   3.8185999e-02   3.2028155e-02   2.9284070e-02   2.8300906e-02
   2.1600000e+01  -1.3087680e-07  -1.1643840e-04   2.6195389e-03   1.6432882e-02   3.3698827e-02   4.3206398e-02   4.4303778e-02   3.8031027e-02   3.1952267e-02   2.9253992e-02   2.8290001e-02
   2.2050000e+01  -1.6024370e-05  -3.7314383e-04   3.6770964e-03   1.6314059e-02   3.2903407e-02   4.2839431e-02   4.4058341e-02   3.7873012e-02   3.1874794e-02   2.9223282e-02   2.8278868e-02
   2.2500000e+01   1.0515888e-08   2.1198698e-04   5.2846943e-03   1.6537117e-02   3.2200350e-02   4.2486824e-02   4.3809925e-02   3.7711969e-02   3.1795736e-02   2.9191939e-02   2.8267504e-02
   2.2950000e+01   3.9364834e-03   3.5646699e-03   7.4636090e-03   1.7062816e-02   3.1590848e-02   4.2149056e-02   4.3558593e-02   3.7547910e-02   3.1715095e-02   2.9159964e-02   2.8255911e-02
   2.3400000e+01   7.9029045e-03   7.7557612e-03   1.0141082e-02   1.7848235e-02   3.1075143e-02   4.1826517e-02   4.3304407e-02   3.7380851e-02   3.1632872e-02   2.9127355e-02   2.8244089e-02
   2.3850000e+01   1.1850789e-02   1.1783445e-02   1.3182476e-02   1.8848005e-02   3.0652601e-02   4.1519508e-02   4.3047423e-02   3.7210804e-02   3.1549066e-02   2.9094114e-02   2.8232037e-02
   2.4300000e+01   1.5794717e-02   1.5730356e-02   1.6449385e-02   2.0015487e-02   3.0321800e-02   4.1228233e-02   4.2787696e-02   3.7037785e-02   3.1463680e-02   2.9060240e-02   2.8219755e-02
   2.4750000e+01   1.9734230e-02   1.9658686e-02   1.9831019e-02   2.1303889e-02   3.0080621e-02   4.0952803e-02   4.2525277e-02   3.6861809e-02   3.1376713e-02   2.9025734e-02   2.8207244e-02
   2.5200000e+01   2.3681953e-02   2.3585277e-02   2.3242597e-02   2.2667319e-02   2.9926350e-02   4.0693233e-02   4.2260213e-02   3.6682890e-02   3.1288168e-02   2.8990595e-02   2.8194503e-02
   2.5650000e+01   2.7861240e-02   2.7519849e-02   2.6608858e-02   2.4061760e-02   2.9855777e-02   4.0449437e-02   4.1992549e-02   3.6501043e-02   3.1198044e-02   2.8954823e-02   2.8181533e-02
   2.6100000e+01   3.4603216e-02   3.1484908e-02   2.9844569e-02   2.5445983e-02   2.9865302e-02   4.0221233e-02   4.1722324e-02   3.6316284e-02   3.1106343e-02   2.8918419e-02   2.8168333e-02
   2.6550000e+01   4.2485931e-02   3.5544322e-02   3.2837504e-02   2.6782378e-02   2.9951023e-02   4.0008342e-02   4.1449576e-02   3.6128629e-02   3.1013066e-02   2.8881382e-02   2.8154904e-02
   2.7000000e+01   4.3484995e-02   3.9746883e-02   3.5445717e-02   2.8037707e-02   3.0108837e-02   3.9810388e-02   4.1174340e-02   3.5938093e-02   3.0918214e-02   2.8843712e-02   2.8141245e-02
   2.7450000e+01   4.3516038e-02   4.3090344e-02   3.7528959e-02   2.9183776e-02   3.0334509e-02   3.9626899e-02   4.0896645e-02   3.5744692e-02   3.0821788e-02   2.8805410e-02   2.8127357e-02
   2.7900000e+01   4.3514887e-02   4.3545952e-02   3.9011874e-02   3.0198020e-02   3.0623750e-02   3.9457314e-02   4.0616520e-02   3.5548444e-02   3.0723788e-02   2.8766476e-02   2.8113239e-02
   2.8350000e+01   4.3481446e-02   4.2878093e-02   3.9925786e-02   3.1063985e-02   3.0972265e-02   3.9300978e-02   4.0333990e-02   3.5349363e-02   3.0624217e-02   2.8726909e-02   2.8098891e-02
   2.8800000e+01   4.3070044e-02   4.2337030e-02   4.0381006e-02   3.1771726e-02   3.1375800e-02   3.9157153e-02   4.0049074e-02   3.5147468e-02   3.0523075e-02   2.8686710e-02   2.8084314e-02
   2.9250000e+01   4.2077835e-02   4.1887290e-02   4.0500703e-02   3.2318088e-02   3.1830166e-02   3.9025019e-02   3.9761793e-02   3.4942776e-02   3.0420363e-02   2.8645878e-02   2.8069508e-02
   2.9700000e+01   4.1489017e-02   4.1460244e-02   4.0376615e-02   3.2706882e-02   3.2331254e-02   3.8903677e-02   3.9472161e-02   3.4735302e-02   3.0316082e-02   2.8604414e-02   2.8054471e-02
   3.0150000e+01   4.1049316e-02   4.1037230e-02   4.0060125e-02   3.2948938e-02   3.2875028e-02   3.8792157e-02   3.9180191e-02   3.4525065e-02   3.0210234e-02   2.8562318e-02   2.8039206e-02
   3.0600000e+01   4.0588927e-02   4.0614712e-02   3.9568355e-02   3.3062013e-02   3.3457517e-02   3.8689422e-02   3.8885893e-02   3.4312083e-02   3.0102820e-02   2.8519590e-02   2.8023711e-02
   3.1050000e+01   3.9798548e-02   4.0198194e-02   3.8888405e-02   3.3070540e-02   3.4074783e-02   3.8594372e-02   3.8589274e-02   3.4096373e-02   2.9993841e-02   2.8476229e-02   2.8007986e-02
   3.1500000e+01   3.8961068e-02   3.9821994e-02   3.7976861e-02   3.3005180e-02   3.4722892e-02   3.8505857e-02   3.8290341e-02   3.3877953e-02   2.9883298e-02   2.8432236e-02   2.7992032e-02
   3.1950000e+01   3.8855798e-02   3.9559840e-02   3.6763823e-02   3.2902153e-02   3.5397869e-02   3.8422675e-02   3.7989095e-02   3.3656841e-02   2.9771193e-02   2.8387611e-02   2.7975848e-02
   3.2400000e+01   3.8851914e-02   3.9004655e-02   3.5177663e-02   3.2802306e-02   3.6095654e-02   3.8343585e-02   3.7685538e-02   3.3433057e-02   2.9657526e-02   2.8342354e-02   2.7959434e-02
   3.2850000e+01   3.8846810e-02   3.6631223e-02   3.3192027e-02   3.2749899e-02   3.6812051e-02   3.8267312e-02   3.7379668e-02   3.3206618e-02   2.9542299e-02   2.8296464e-02   2.7942792e-02
   3.3300000e+01   3.8709653e-02   3.3010703e-02   3.0860478e-02   3.2791098e-02   3.7542689e-02   3.8192556e-02   3.7071483e-02   3.2977543e-02   2.9425514e-02   2.8249943e-02   2.7925919e-02
   3.3750000e+01   3.6562210e-02   2.9318707e-02   2.8302969e-02   3.2972171e-02   3.8282977e-02   3.8117998e-02   3.6760977e-02   3.2745852e-02   2.9307172e-02   2.8202790e-02   2.7908817e-02
   3.4200000e+01   2.8248700e-02   2.5712318e-02   2.5662794e-02   3.3337444e-02   3.9028069e-02   3.8042308e-02   3.6448144e-02   3.2511564e-02   2.9187274e-02   2.8155004e-02   2.7891486e-02
   3.4650000e+01   2.2519567e-02   2.2157352e-02   2.3078951e-02   3.3927047e-02   3.9772842e-02   3.7964152e-02   3.6132977e-02   3.2274697e-02   2.9065821e-02   2.8106587e-02   2.7873925e-02
   3.5100000e+01   1.8741317e-02   1.8623044e-02   2.0689186e-02   3.4774563e-02   4.0511881e-02   3.7882203e-02   3.5815468e-02   3.2035272e-02   2.8942816e-02   2.8057538e-02   2.7856134e-02
   3.5550000e+01   1.4840928e-02   1.5079734e-02   1.8655081e-02   3.5904694e-02   4.1239479e-02   3.7795143e-02   3.5495607e-02   3.1793309e-02   2.8818258e-02   2.8007857e-02   2.7838114e-02
   3.6000000e+01   8.0871752e-03   1.1468963e-02   1.7201860e-02   3.7331072e-02   4.1949651e-02   3.7701678e-02   3.5173383e-02   3.1548826e-02   2.8692151e-02   2.7957544e-02   2.7819865e-02
   3.6450000e+01   9.8981039e-04   7.6194345e-03   1.6663611e-02   3.9054396e-02   4.2636162e-02   3.7600537e-02   3.4848785e-02   3.1301846e-02   2.8564496e-02   2.7906600e-02   2.7801386e-02
   3.6900000e+01   4.0306427e-05   3.2557996e-03   1.7495800e-02   4.1061038e-02   4.3292573e-02   3.7490488e-02   3.4521803e-02   3.1052386e-02   2.8435293e-02   2.7855023e-02   2.7782677e-02
   3.7350000e+01   3.4684092e-07   2.6147113e-04   2.0180880e-02   4.3322285e-02   4.3912293e-02   3.7370337e-02   3.4192425e-02   3.0800469e-02   2.8304545e-02   2.7802815e-02   2.7763739e-02
   3.7800000e+01   1.0075562e-05   6.1245184e-03   2.5005569e-02   4.5794335e-02   4.4488658e-02   3.7238940e-02   3.3860639e-02   3.0546115e-02   2.8172254e-02   2.7749976e-02   2.7744572e-02
   3.8250000e+01   3.3016131e-04   1.9078586e-02   3.1868408e-02   4.8419143e-02   4.5015006e-02   3.7095206e-02   3.3526433e-02   3.0289344e-02   2.8038420e-02   2.7696504e-02   2.7725174e-02
   3.8700000e+01   6.0390404e-03   3.2667143e-02   4.0322892e-02   5.1126140e-02   4.5484772e-02   3.6938105e-02   3.3189798e-02   3.0030178e-02   2.7903045e-02   2.7642402e-02   2.7705548e-02
   3.9150000e+01   3.4766782e-02   4.5812573e-02   4.9802727e-02   5.3834801e-02   4.5891590e-02   3.6766673e-02   3.2850721e-02   2.9768637e-02   2.7766132e-02   2.7587667e-02   2.7685692e-02
   3.9600000e+01   5.7276391e-02   5.8692403e-02   5.9800843e-02   5.6457952e-02   4.6229388e-02   3.6580016e-02   3.2509194e-02   2.9504744e-02   2.7627681e-02   2.7532302e-02   2.7665606e-02
   4.0050000e+01   7.1195722e-02   7.1466102e-02   6.9905732e-02   5.8905670e-02   4.6492502e-02   3.6377317e-02   3.2165206e-02   2.9238518e-02   2.7487695e-02   2.7476305e-02   2.7645291e-02
   4.0500000e+01   8.5341755e-02   8.4253011e-02   7.9746019e-02   6.1089544e-02   4.6675772e-02   3.6157838e-02   3.1818752e-02   2.8969982e-02   2.7346176e-02   2.7419676e-02   2.7624746e-02
   4.0950000e+01   1.0960305e-01   9.7198019e-02   8.8902189e-02   6.2927057e-02   4.6774640e-02   3.5920922e-02   3.1469822e-02   2.8699158e-02   2.7203124e-02   2.7362416e-02   2.7603972e-02
   4.1400000e+01   1.3598367e-01   1.1057032e-01   9.6815324e-02   6.4345805e-02   4.6785241e-02   3.5666001e-02   3.1118413e-02   2.8426067e-02   2.7058542e-02   2.7304525e-02   2.7582968e-02
   4.1850000e+01   1.3986039e-01   1.2467151e-01   1.0274507e-01   6.5287267e-02   4.6704483e-02   3.5392594e-02   3.0764521e-02   2.8150732e-02   2.6912433e-02   2.7246003e-02   2.7561735e-02
   4.2300000e+01   1.4003934e-01   1.3680728e-01   1.0588543e-01   6.5709886e-02   4.6530109e-02   3.5100311e-02   3.0408143e-02   2.7873174e-02   2.6764796e-02   2.7186850e-02   2.7540272e-02
   4.2750000e+01   1.4003701e-01   1.3584183e-01   1.0569049e-01   6.5591223e-02   4.6260750e-02   3.4788852e-02   3.0049280e-02   2.7593416e-02   2.6615636e-02   2.7127065e-02   2.7518580e-02
   4.3200000e+01   1.3980490e-01   1.2307481e-01   1.0219476e-01   6.4929045e-02   4.5895958e-02   3.4458011e-02   2.9687932e-02   2.7311481e-02   2.6464952e-02   2.7066650e-02   2.7496658e-02
   4.3650000e+01   1.3522509e-01   1.0905496e-01   9.5990132e-02   6.3741253e-02   4.5436224e-02   3.4107675e-02   2.9324106e-02   2.7027390e-02   2.6312748e-02   2.7005603e-02   2.7474507e-02
   4.4100000e+01   1.0777406e-01   9.5740577e-02   8.7886137e-02   6.2064674e-02   4.4882970e-02   3.3737821e-02   2.8957806e-02   2.6741166e-02   2.6159026e-02   2.6943925e-02   2.7452126e-02
   4.4550000e+01   8.4117861e-02   8.2809659e-02   7.8602388e-02   5.9952797e-02   4.4238537e-02   3.3348520e-02   2.8589042e-02   2.6452833e-02   2.6003787e-02   2.6881617e-02   2.7429516e-02
   4.5000000e+01   7.0021498e-02   7.0019957e-02   6.8675231e-02   5.7472623e-02   4.3506141e-02   3.2939931e-02   2.8217824e-02   2.6162413e-02   2.5847033e-02   2.6818678e-02   2.7406676e-02
   4.5450000e+01   5.5925136e-02   5.7231574e-02   5.8508878e-02   5.4700865e-02   4.2689822e-02   3.2512302e-02   2.7844169e-02   2.5869930e-02   2.5688767e-02   2.6755108e-02   2.7383607e-02
   4.5900000e+01   3.2268937e-02   4.4316747e-02   4.8466415e-02   5.1719755e-02   4.1794372e-02   3.2065964e-02   2.7468092e-02   2.5575406e-02   2.5528990e-02   2.6690907e-02   2.7360308e-02
   4.6350000e+01   4.8179141e-03   3.1102735e-02   3.8953904e-02   4.8612750e-02   4.0825260e-02   3.1601332e-02   2.7089613e-02   2.5278864e-02   2.5367706e-02   2.6626076e-02   2.7336780e-02
   4.6800000e+01   2.3814741e-04   1.7462624e-02   3.0467581e-02   4.5460408e-02   3.9788533e-02   3.1118902e-02   2.6708756e-02   2.4980329e-02   2.5204915e-02   2.6560613e-02   2.7313023e-02
   4.7250000e+01   6.2327838e-06   4.9394032e-03   2.3545439e-02   4.2336704e-02   3.8690721e-02   3.0619241e-02   2.6325546e-02   2.4679824e-02   2.5040620e-02   2.6494521e-02   2.7289035e-02
   4.7700000e+01   5.4215258e-07   8.4223433e-05   1.8584268e-02   3.9305975e-02   3.7538728e-02   3.0102991e-02   2.5940013e-02   2.4377372e-02   2.4874824e-02   2.6427798e-02   2.7264819e-02
   4.8150000e+01   3.9692934e-05   2.7821606e-03   1.5634623e-02   3.6420676e-02   3.6339731e-02   2.9570860e-02   2.5552190e-02   2.4072997e-02   2.4707528e-02   2.6360444e-02   2.7240373e-02
   4.8600000e+01   8.8376477e-04   6.2763365e-03   1.4387908e-02   3.3720001e-02   3.5101065e-02   2.9023615e-02   2.5162112e-02   2.3766723e-02   2.4538736e-02   2.6292460e-02   2.7215697e-02
   4.9050000e+01   6.6272015e-03   9.3084545e-03   1.4373515e-02   3.1229433e-02   3.3830123e-02   2.8462085e-02   2.4769820e-02   2.3458574e-02   2.4368448e-02   2.6223846e-02   2.7190792e-02
   4.9500000e+01   1.1909226e-02   1.2146705e-02   1.5160356e-02   2.8961128e-02   3.2534257e-02   2.7887147e-02   2.4375356e-02   2.3148574e-02   2.4196668e-02   2.6154601e-02   2.7165657e-02
   4.9950000e+01   1.4989016e-02   1.4931499e-02   1.6431294e-02   2.6915064e-02   3.1220682e-02   2.7299727e-02   2.3978766e-02   2.2836747e-02   2.4023398e-02   2.6084727e-02   2.7140293e-02
   5.0400000e+01   1.8019449e-02   1.7711675e-02   1.7962717e-02   2.5080789e-02   2.9896392e-02   2.6700790e-02   2.3580101e-02   2.2523118e-02   2.3848641e-02   2.6014222e-02   2.7114700e-02
   5.0850000e+01   2.2920106e-02   2.0517701e-02   1.9576970e-02   2.3439591e-02   2.8568090e-02   2.6091338e-02   2.3179415e-02   2.2207710e-02   2.3672398e-02   2.5943087e-02   2.7088877e-02
   5.1300000e+01   2.9174538e-02   2.3396012e-02   2.1099712e-02   2.1966902e-02   2.7242119e-02   2.5472404e-02   2.2776764e-02   2.1890548e-02   2.3494673e-02   2.5871322e-02   2.7062824e-02
   5.1750000e+01   3.0417449e-02   2.6422301e-02   2.2333904e-02   2.0634756e-02   2.5924416e-02   2.4845045e-02   2.2372210e-02   2.1571658e-02   2.3315467e-02   2.5798927e-02   2.7036542e-02
   5.2200000e+01   3.0487176e-02   2.9320314e-02   2.3068558e-02   1.9414118e-02   2.4620465e-02   2.4210334e-02   2.1965817e-02   2.1251062e-02   2.3134784e-02   2.5725902e-02   2.7010031e-02
   5.2650000e+01   3.0488862e-02   2.9954335e-02   2.3138128e-02   1.8276965e-02   2.3335275e-02   2.3569362e-02   2.1557654e-02   2.0928787e-02   2.2952626e-02   2.5652248e-02   2.6983290e-02
   5.3100000e+01   3.0457629e-02   2.7467774e-02   2.2499045e-02   1.7197991e-02   2.2073356e-02   2.2923225e-02   2.1147792e-02   2.0604857e-02   2.2768996e-02   2.5577964e-02   2.6956319e-02
   5.3550000e+01   2.9712550e-02   2.4386328e-02   2.1244656e-02   1.6155882e-02   2.0838718e-02   2.2273024e-02   2.0736307e-02   2.0279296e-02   2.2583895e-02   2.5503050e-02   2.6929120e-02
   5.4000000e+01   2.4142829e-02   2.1470514e-02   1.9539385e-02   1.5134128e-02   1.9634866e-02   2.1619857e-02   2.0323278e-02   1.9952131e-02   2.2397328e-02   2.5427506e-02   2.6901690e-02
   5.4450000e+01   1.8842755e-02   1.8655262e-02   1.7542114e-02   1.4121378e-02   1.8464814e-02   2.0964816e-02   1.9908787e-02   1.9623385e-02   2.2209297e-02   2.5351333e-02   2.6874032e-02
   5.4900000e+01   1.5781885e-02   1.5875956e-02   1.5373666e-02   1.3111387e-02   1.7331101e-02   2.0308981e-02   1.9492920e-02   1.9293084e-02   2.2019803e-02   2.5274531e-02   2.6846143e-02
   5.5350000e+01   1.2816866e-02   1.3101781e-02   1.3121853e-02   1.2102601e-02   1.6235814e-02   1.9653415e-02   1.9075767e-02   1.8961254e-02   2.1828851e-02   2.5197099e-02   2.6818026e-02
   5.5800000e+01   8.3208707e-03   1.0311297e-02   1.0859314e-02   1.1097489e-02   1.5180611e-02   1.8999164e-02   1.8657420e-02   1.8627919e-02   2.1636443e-02   2.5119038e-02   2.6789679e-02
   5.6250000e+01   1.7967610e-03   7.4787608e-03   8.6611244e-03   1.0101681e-02   1.4166757e-02   1.8347248e-02   1.8237976e-02   1.8293105e-02   2.1442582e-02   2.5040347e-02   2.6761102e-02
   5.6700000e+01   1.1153226e-04   4.5714469e-03   6.6166667e-03   9.1230218e-03   1.3195152e-02   1.7698660e-02   1.7817534e-02   1.7956838e-02   2.1247271e-02   2.4961027e-02   2.6732296e-02
   5.7150000e+01   3.8906508e-06   1.7137758e-03   4.8265580e-03   8.1706106e-03   1.2266363e-02   1.7054362e-02   1.7396196e-02   1.7619142e-02   2.1050512e-02   2.4881079e-02   2.6703261e-02
   5.7600000e+01  -7.2689597e-08  -6.3650921e-05   3.3748040e-03   7.2539056e-03   1.1380659e-02   1.6415285e-02   1.6974068e-02   1.7280044e-02   2.0852309e-02   2.4800501e-02   2.6673996e-02
   5.8050000e+01  -3.4832106e-08  -2.0490006e-04   2.2891319e-03   6.3819377e-03   1.0538043e-02   1.5782321e-02   1.6551259e-02   1.6939568e-02   2.0652665e-02   2.4719294e-02   2.6644501e-02
   5.8500000e+01  -4.5067737e-09  -5.7538233e-05   1.5287177e-03   5.5626806e-03   9.7382812e-03   1.5156325e-02   1.6127878e-02   1.6597742e-02   2.0451582e-02   2.4637459e-02   2.6614778e-02
   5.8950000e+01  -1.7831331e-10  -9.0970789e-06   1.0143714e-03   4.8025911e-03   8.9809313e-03   1.4538111e-02   1.5704042e-02   1.6254590e-02   2.0249064e-02   2.4554995e-02   2.6584824e-02
   5.9400000e+01  -1.3614128e-12  -3.0550168e-07   6.6848880e-04   4.1063275e-03   8.2653715e-03   1.3928450e-02   1.5279865e-02   1.5910139e-02   2.0045114e-02   2.4471902e-02   2.6554642e-02
   5.9850000e+01  -8.8028030e-16   4.6525835e-07   4.3420222e-04   3.4766322e-03   7.5908233e-03   1.3328069e-02   1.4855467e-02   1.5564414e-02   1.9839735e-02   2.4388180e-02   2.6524230e-02
   6.0300000e+01   3.5756644e-16   2.5250340e-07   2.7498026e-04   2.9143603e-03   6.9563735e-03   1.2737652e-02   1.4430969e-02   1.5217441e-02   1.9632930e-02   2.4303830e-02   2.6493588e-02
   6.0750000e+01   1.8169992e-17   9.4729007e-08   1.6783892e-04   2.4186242e-03   6.3609945e-03   1.2157835e-02   1.4006495e-02   1.4869247e-02   1.9424702e-02   2.4218851e-02   2.6462717e-02
   6.1200000e+01   3.6624933e-19   2.9579391e-08   9.7603050e-05   1.9870229e-03   5.8035610e-03   1.1589207e-02   1.3582170e-02   1.4519857e-02   1.9215055e-02   2.4133244e-02   2.6431617e-02
   6.1650000e+01   1.8339152e-21   7.5557367e-09   5.3534307e-05   1.6159255e-03   5.2828663e-03   1.1032311e-02   1.3158123e-02   1.4169298e-02   1.9003992e-02   2.4047009e-02   2.6400287e-02
   6.2100000e+01   4.6100508e-24   1.2155285e-09   2.7563766e-05   1.3007778e-03   4.7976357e-03   1.0487643e-02   1.2734481e-02   1.3817596e-02   1.8791516e-02   2.3960146e-02   2.6368727e-02
   6.2550000e+01  -2.5534532e-27  -1.1386170e-11   1.3416456e-05   1.0364098e-03   4.3465390e-03   9.9556503e-03   1.2311377e-02   1.3464777e-02   1.8577630e-02   2.3872654e-02   2.6336939e-02
   6.3000000e+01  -1.4706640e-28  -2.4787156e-11   6.3140816e-06   8.1732100e-04   3.9282010e-03   9.4367346e-03   1.1888942e-02   1.3110867e-02   1.8362339e-02   2.3784535e-02   2.6304921e-02
   6.3450000e+01  -1.2773708e-30  -2.8758248e-12   2.9613107e-06   6.3793322e-04   3.5412121e-03   8.9312501e-03   1.1467311e-02   1.2755892e-02   1.8145645e-02   2.3695787e-02   2.6272673e-02
   6.3900000e+01  -2.8853908e-33  -2.0487813e-13   1.4116537e-06   4.9279880e-04   3.1841370e-03   8.4395056e-03   1.1046617e-02   1.2399880e-02   1.7927551e-02   2.3606412e-02   2.6240196e-02
   6.4350000e+01  -1.2719370e-36  -8.8854283e-15   6.8263022e-07   3.7676273e-04   2.8555235e-03   7.9617644e-03   1.0626997e-02   1.2042857e-02   1.7708062e-02   2.3516408e-02   2.6207490e-02
   6.4800000e+01  -2.2347110e-40   2.7184633e-16   3.2903880e-07   2.8507783e-04   2.5539102e-03   7.4982458e-03   1.0208587e-02   1.1684848e-02   1.7487181e-02   2.3425777e-02   2.6174554e-02
   6.5250000e+01   6.1136231e-43   1.3259736e-16   1.5479666e-07   2.1347685e-04   2.2778342e-03   7.0491260e-03   9.7915241e-03   1.1325881e-02   1.7264911e-02   2.3334519e-02   2.6141389e-02
   6.5700000e+01   2.4248814e-45   2.2187646e-17   6.9761691e-08   1.5820712e-04   2.0258384e-03   6.6145394e-03   9.3759465e-03   1.0965983e-02   1.7041256e-02   2.3242633e-02   2.6107994e-02
   6.6150000e+01   7.5862153e-48   2.8493919e-18   2.9640558e-08   1.1603437e-04   1.7964783e-03   6.1945797e-03   8.9619917e-03   1.0605179e-02   1.6816219e-02   2.3150120e-02   2.6074370e-02
   6.6600000e+01   2.0778151e-50   2.9699464e-19   1.1714853e-08   8.4223204e-05   1.5883287e-03   5.7893017e-03   8.5497978e-03   1.0243496e-02   1.6589805e-02   2.3056979e-02   2.6040517e-02
   6.7050000e+01   4.2419100e-53   2.0474195e-20   4.2740323e-09   6.0500926e-05   1.3999901e-03   5.3987226e-03   8.1395026e-03   9.8809622e-03   1.6362017e-02   2.2963211e-02   2.6006434e-02
   6.7500000e+01   1.5479966e-61   6.7108367e-23   1.4485801e-09   4.3010992e-05   1.2300945e-03   5.0228237e-03   7.7312440e-03   9.5176031e-03   1.6132859e-02   2.2868816e-02   2.5972122e-02
   6.7950000e+01  -2.8951122e-60  -5.9751974e-23   4.6959390e-10   3.0261269e-05   1.0773109e-03   4.6615519e-03   7.3251592e-03   9.1534457e-03   1.5902335e-02   2.2773794e-02   2.5937580e-02
   6.8400000e+01  -9.6773765e-65  -2.8085960e-24   1.5269702e-10   2.1071171e-05   9.4035051e-04   4.3148218e-03   6.9213849e-03   8.7885169e-03   1.5670447e-02   2.2678145e-02   2.5902809e-02
   6.8850000e+01  -2.4079061e-69  -8.1042128e-26   5.1734518e-11   1.4520705e-05   8.1797101e-04   3.9825170e-03   6.5200570e-03   8.4228435e-03   1.5437201e-02   2.2581869e-02   2.5867809e-02
   6.9300000e+01  -5.1699110e-74  -1.6072385e-27   1.8277144e-11   9.9034682e-06   7.0898068e-04   3.6644923e-03   6.1213107e-03   8.0564525e-03   1.5202601e-02   2.2484967e-02   2.5832579e-02
   6.9750000e+01  -6.9947011e-79  -3.9776577e-30   6.5370029e-12   6.6848193e-06   6.1224161e-04   3.3605753e-03   5.7252798e-03   7.6893708e-03   1.4966649e-02   2.2387437e-02   2.5797120e-02
   7.0200000e+01   6.7455394e-83   1.8439527e-30   2.2871700e-12   4.4657631e-06   5.2667238e-04   3.0705683e-03   5.3320972e-03   7.3216253e-03   1.4729350e-02   2.2289282e-02   2.5761431e-02
   7.0650000e+01   1.8025630e-86   1.3532378e-31   7.6242745e-13   2.9526015e-06   4.5125003e-04   2.7942502e-03   4.9418940e-03   6.9532430e-03   1.4490709e-02   2.2190499e-02   2.5725514e-02
   7.1100000e+01   2.7344033e-90   6.9681994e-33   2.3749511e-13   1.9320357e-06   3.8501144e-04   2.5313784e-03   4.5548001e-03   6.5842510e-03   1.4250729e-02   2.2091091e-02   2.5689366e-02
   7.1550000e+01   8.2590295e-95   2.8556305e-34   6.8071733e-14   1.2511893e-06   3.2705399e-04   2.2816901e-03   4.1709433e-03   6.2146762e-03   1.4009414e-02   2.1991056e-02   2.5652990e-02
   7.2000000e+01  6.5115346e-100   7.8964755e-36   1.7773191e-14   8.0190525e-07   2.7653570e-04   2.0449051e-03   3.7904499e-03   5.8445457e-03   1.3766768e-02   2.1890395e-02   2.5616384e-02
   7.2450000e+01  8.1822841e-106   3.3490621e-38   4.2431368e-15   5.0863656e-07   2.3267469e-04   1.8207266e-03   3.4134440e-03   5.4738867e-03   1.3522796e-02   2.1789109e-02   2.5579548e-02
   7.2900000e+01 -9.4052079e-110  -3.1317349e-39   9.5519382e-16   3.1927563e-07   1.9474826e-04   1.6088436e-03   3.0400474e-03   5.1027262e-03   1.3277501e-02   2.1687196e-02   2.5542483e-02
   7.3350000e+01 -2.5661836e-114  -6.3864977e-41   2.1545971e-16   1.9832728e-07   1.6209138e-04   1.4089322e-03   2.6703799e-03   4.7310913e-03   1.3030889e-02   2.1584657e-02   2.5505189e-02
   7.3800000e+01 -3.5022339e-119  -7.5365526e-43   5.1673203e-17   1.2190918e-07   1.3409486e-04   1.2206575e-03   2.3045585e-03   4.3590093e-03   1.2782962e-02   2.1481493e-02   2.5467666e-02
   7.4250000e+01 -1.1715096e-124  -6.2943802e-45   1.3289800e-17   7.4147750e-08   1.1020317e-04   1.0436754e-03   1.9426979e-03   3.9865073e-03   1.2533727e-02   2.1377703e-02   2.5429913e-02
   7.4700000e+01 -1.3139086e-130  -1.9777473e-47   3.5168883e-18   4.4619659e-08   8.9911947e-05   8.7763364e-04   1.5849100e-03   3.6136124e-03   1.2283186e-02   2.1273288e-02   2.5391931e-02
   7.5150000e+01  4.0617713e-136   6.7716047e-49   9.1210271e-19   2.6562276e-08   7.2765389e-05   7.2217375e-04   1.2313038e-03   3.2403518e-03   1.2031344e-02   2.1168247e-02   2.5353719e-02
   7.5600000e+01  7.4476981e-141   2.1880602e-50   2.2410005e-19   1.5640097e-08   5.8353372e-05   5.7693236e-04   8.8198557e-04   2.8667529e-03   1.1778206e-02   2.1062582e-02   2.5315278e-02
   7.6050000e+01  6.3312194e-146   4.4741827e-52   5.1029148e-20   9.1064086e-09   4.6308561e-05   4.4154258e-04   5.3705835e-04   2.4928427e-03   1.1523777e-02   2.0956291e-02   2.5276608e-02
   7.6500000e+01  1.0884028e-151   7.1537705e-54   1.0591135e-20   5.2414679e-09   3.6303433e-05   3.1563533e-04   1.9662211e-04   2.1186485e-03   1.1268060e-02   2.0849375e-02   2.5237708e-02
   7.6950000e+01  5.7695720e-158   7.8941762e-56   1.9793169e-21   2.9811028e-09   2.8047298e-05   1.9884059e-04  -1.3922645e-04   1.7441975e-03   1.1011060e-02   2.0741834e-02   2.5198579e-02
   7.7400000e+01  8.8617231e-165   2.1294008e-58   3.3312243e-22   1.6744830e-09   2.1283357e-05   9.0788610e-05  -4.7039393e-04   1.3695171e-03   1.0752782e-02   2.0633668e-02   2.5159221e-02
   7.7850000e+01 -2.8667300e-170  -4.2720671e-60   5.1981620e-23   9.2821360e-10   1.5785822e-05  -8.8890159e-06  -7.9679041e-04   9.9463435e-04   1.0493230e-02   2.0524878e-02   2.5119633e-02
   7.8300000e+01 -5.6535856e-176  -3.8271476e-62   8.0756558e-24   5.0729101e-10   1.1357126e-05  -1.0055828e-04  -1.1183294e-03   6.1957659e-04   1.0232409e-02   2.0415463e-02   2.5079816e-02
   7.8750000e+01 -6.1817629e-182  -1.8350762e-64   1.3602099e-24   2.7298752e-10   7.8252432e-06  -1.8458180e-04  -1.4349281e-03   2.4437106e-04   9.9703243e-03   2.0305424e-02   2.5039770e-02
   7.9200000e+01 -1.9010054e-188  -6.2719061e-67   2.5417921e-25   1.4438933e-10   5.0411482e-06  -2.6131791e-04  -1.7465072e-03  -1.3095501e-04   9.7069797e-03   2.0194760e-02   2.4999494e-02
   7.9650000e+01 -1.6046333e-195  -1.0773040e-69   4.9871971e-26   7.4879880e-11   2.8764101e-06  -3.3111986e-04  -2.0529913e-03  -5.0637438e-04   9.4423802e-03   2.0083472e-02   2.4958989e-02
   8.0100000e+01  1.6505009e-202   6.5176277e-72   9.6084762e-27   3.7940598e-11   1.2209431e-06  -3.9433504e-04  -2.3543085e-03  -8.8185981e-04   9.1765307e-03   1.9971561e-02   2.4918255e-02
   8.0550000e+01  2.3154218e-208   9.5989599e-74   1.7423574e-27   1.8684168e-11  -1.9085766e-08  -4.5130427e-04  -2.6503909e-03  -1.2573841e-03   8.9094360e-03   1.9859025e-02   2.4877291e-02
   8.1000000e+01  1.2116033e-214   7.8172119e-76   2.9031808e-28   8.8690568e-12  -9.2318942e-07  -5.0236123e-04  -2.9411745e-03  -1.6329200e-03   8.6411009e-03   1.9745865e-02   2.4836098e-02
   8.1450000e+01  1.3425211e-221   4.8935309e-78   4.3674988e-29   4.0008843e-12  -1.5583324e-06  -5.4783187e-04  -3.2265990e-03  -2.0084403e-03   8.3715304e-03   1.9632082e-02   2.4794676e-02
   8.1900000e+01  4.8546890e-229   2.1613125e-80   5.8417556e-30   1.6687617e-12  -1.9805458e-06  -5.8803394e-04  -3.5066081e-03  -2.3839178e-03   8.1007294e-03   1.9517676e-02   2.4753024e-02
   8.2350000e+01  6.8641049e-237   3.0910528e-83   6.8909051e-31   6.0309166e-13  -2.2363887e-06  -6.2327656e-04  -3.7811495e-03  -2.7593254e-03   7.8287028e-03   1.9402645e-02   2.4711143e-02
   8.2800000e+01 -8.1411102e-244  -1.5529377e-85   7.2724921e-32   1.4935265e-13  -2.3642631e-06  -6.5385984e-04  -4.0501748e-03  -3.1346359e-03   7.5554557e-03   1.9286992e-02   2.4669033e-02
   8.3250000e+01 -1.1677065e-250  -6.1929006e-88   7.2915247e-33  -2.1454006e-14  -2.3955885e-06  -6.8007460e-04  -4.3136396e-03  -3.5098221e-03   7.2809931e-03   1.9170715e-02   2.4626694e-02
   8.3700000e+01 -9.2257868e-258  -1.2017493e-90   7.7323378e-34  -6.9585402e-14  -2.3558449e-06  -7.0220208e-04  -4.5715035e-03  -3.8848570e-03   7.0053201e-03   1.9053816e-02   2.4584125e-02
   8.4150000e+01 -2.2456620e-265  -1.6569858e-93   9.3228015e-35  -6.9943686e-14  -2.2654936e-06  -7.2051378e-04  -4.8237299e-03  -4.2597135e-03   6.7284417e-03   1.8936293e-02   2.4541327e-02
   8.4600000e+01 -1.3522259e-273  -1.3230937e-96   1.2096992e-35  -5.5535066e-14  -2.1407837e-06  -7.3527128e-04  -5.0702866e-03  -4.6343644e-03   6.4503633e-03   1.8818148e-02   2.4498299e-02
   8.5050000e+01  4.1335813e-282   1.5986266e-99   1.4858150e-36  -3.9587237e-14  -1.9944547e-06  -7.4672617e-04  -5.3111448e-03  -5.0087829e-03   6.1710899e-03   1.8699381e-02   2.4455043e-02
   8.5500000e+01  5.3260953e-289  1.1488256e-101   1.4626201e-37  -2.6484787e-14  -1.8363450e-06  -7.5511995e-04  -5.5462802e-03  -5.3829418e-03   5.8906267e-03   1.8579990e-02   2.4411557e-02
   8.5950000e+01  1.7931352e-296  3.7482514e-104   5.8607601e-39  -1.6979918e-14  -1.6739136e-06  -7.6068402e-04  -5.7756720e-03  -5.7568142e-03   5.6089791e-03   1.8459978e-02   2.4367842e-02
   8.6400000e+01  1.3460299e-304  9.2791690e-107  -2.0721568e-39  -1.0553027e-14  -1.5126864e-06  -7.6363975e-04  -5.9993035e-03  -6.1303732e-03   5.3261523e-03   1.8339343e-02   2.4323897e-02
   8.6850000e+01  3.3414851e-313  1.7107287e-109  -7.9907360e-40  -6.4033089e-15  -1.3566341e-06  -7.6419846e-04  -6.2171618e-03  -6.5035920e-03   5.0421516e-03   1.8218086e-02   2.4279723e-02
   8.7300000e+01  7.0157322e-322  1.3704703e-112  -1.9452479e-40  -3.8112670e-15  -1.2084900e-06  -7.6256157e-04  -6.4292380e-03  -6.8764436e-03   4.7569825e-03   1.8096207e-02   2.4235320e-02
   8.7750000e+01   0.0000000e+00 -5.0812114e-115  -3.9900234e-41  -2.2326378e-15  -1.0700152e-06  -7.5892069e-04  -6.6355267e-03  -7.2489012e-03   4.4706502e-03   1.7973707e-02   2.4190688e-02
   8.8200000e+01   0.0000000e+00 -2.6045644e-117  -7.4420905e-42  -1.2903820e-15  -9.4221849e-07  -7.5345776e-04  -6.8360265e-03  -7.6209382e-03   4.1831603e-03   1.7850585e-02   2.4145826e-02
   8.8650000e+01   0.0000000e+00 -6.6516993e-120  -1.3037845e-42  -7.3720094e-16  -8.2553650e-07  -7.4634524e-04  -7.0307396e-03  -7.9925278e-03   3.8945182e-03   1.7726841e-02   2.4100735e-02
   8.9100000e+01   0.0000000e+00 -1.2644840e-122  -2.1819530e-43  -4.1693119e-16  -7.1998064e-07  -7.3774630e-04  -7.2196719e-03  -8.3636433e-03   3.6047293e-03   1.7602476e-02   2.4055415e-02
   8.9550000e+01   0.0000000e+00 -2.0723835e-125  -3.5222966e-44  -2.3370772e-16  -6.2525505e-07  -7.2781500e-04  -7.4028327e-03  -8.7342583e-03   3.3137993e-03   1.7477490e-02   2.4009866e-02
   9.0000000e+01   0.0000000e+00 -3.1435097e-128  -5.5159405e-45  -1.2996885e-16  -5.4085060e-07  -7.1669657e-04  -7.5802349e-03  -9.1043461e-03   3.0217337e-03   1.7351883e-02   2.3964087e-02
