  -9.0000000e+01  -5.7569530e-04
  -8.9550000e+01  -5.8046331e-04
  -8.9100000e+01  -5.8412394e-04
  -8.8650000e+01  -5.8657412e-04
  -8.8200000e+01  -5.8770593e-04
  -8.7750000e+01  -5.8740667e-04
  -8.7300000e+01  -5.8555878e-04
  -8.6850000e+01  -5.8203985e-04
  -8.6400000e+01  -5.7672265e-04
  -8.5950000e+01  -5.6947511e-04
  -8.5500000e+01  -5.6016039e-04
  -8.5050000e+01  -5.4863692e-04
  -8.4600000e+01  -5.3475851e-04
  -8.4150000e+01  -5.1837438e-04
  -8.3700000e+01  -4.9932935e-04
  -8.3250000e+01  -4.7746387e-04
  -8.2800000e+01  -4.5261427e-04
  -8.2350000e+01  -4.2461285e-04
  -8.1900000e+01  -3.9328813e-04
  -8.1450000e+01  -3.5846499e-04
  -8.1000000e+01  -3.1996496e-04
  -8.0550000e+01  -2.7760643e-04
  -8.0100000e+01  -2.3120494e-04
  -7.9650000e+01  -1.8057342e-04
  -7.9200000e+01  -1.2552255e-04
  -7.8750000e+01  -6.5861063e-05
  -7.8300000e+01  -1.3960615e-06
  -7.7850000e+01   6.8066595e-05
  -7.7400000e+01   1.4272193e-04
  -7.6950000e+01   2.2276546e-04
  -7.6500000e+01   3.0839279e-04
  -7.6050000e+01   3.9979919e-04
  -7.5600000e+01   4.9717918e-04
  -7.5150000e+01   6.0072607e-04
  -7.4700000e+01   7.1063154e-04
  -7.4250000e+01   8.2708514e-04
  -7.3800000e+01   9.5027383e-04
  -7.3350000e+01   1.0803816e-03
  -7.2900000e+01   1.2175887e-03
  -7.2450000e+01   1.3620716e-03
  -7.2000000e+01   1.5140022e-03
  -7.1550000e+01   1.6735473e-03
  -7.1100000e+01   1.8408683e-03
  -7.0650000e+01   2.0161207e-03
  -7.0200000e+01   2.1994535e-03
  -6.9750000e+01   2.3910087e-03
  -6.9300000e+01   2.5909209e-03
  -6.8850000e+01   2.7993171e-03
  -6.8400000e+01   3.0163156e-03
  -6.7950000e+01   3.2420262e-03
  -6.7500000e+01   3.4765493e-03
  -6.7050000e+01   3.7199758e-03
  -6.6600000e+01   3.9723863e-03
  -6.6150000e+01   4.2338513e-03
  -6.5700000e+01   4.5044301e-03
  -6.5250000e+01   4.7841710e-03
  -6.4800000e+01   5.0731106e-03
  -6.4350000e+01   5.3712737e-03
  -6.3900000e+01   5.6786727e-03
  -6.3450000e+01   5.9953078e-03
  -6.3000000e+01   6.3211661e-03
  -6.2550000e+01   6.6562220e-03
  -6.2100000e+01   7.0004365e-03
  -6.1650000e+01   7.3537573e-03
  -6.1200000e+01   7.7161186e-03
  -6.0750000e+01   8.0874410e-03
  -6.0300000e+01   8.4676313e-03
  -5.9850000e+01   8.8565828e-03
  -5.9400000e+01   9.2541749e-03
  -5.8950000e+01   9.6602736e-03
  -5.8500000e+01   1.0074731e-02
  -5.8050000e+01   1.0497387e-02
  -5.7600000e+01   1.0928066e-02
  -5.7150000e+01   1.1366583e-02
  -5.6700000e+01   1.1812737e-02
  -5.6250000e+01   1.2266317e-02
  -5.5800000e+01   1.2727099e-02
  -5.5350000e+01   1.3194851e-02
  -5.4900000e+01   1.3669325e-02
  -5.4450000e+01   1.4150268e-02
  -5.4000000e+01   1.4637415e-02
  -5.3550000e+01   1.5130494e-02
  -5.3100000e+01   1.5629224e-02
  -5.2650000e+01   1.6133317e-02
  -5.2200000e+01   1.6642480e-02
  -5.1750000e+01   1.7156416e-02
  -5.1300000e+01   1.7674822e-02
  -5.0850000e+01   1.8197393e-02
  -5.0400000e+01   1.8723822e-02
  -4.9950000e+01   1.9253802e-02
  -4.9500000e+01   1.9787025e-02
  -4.9050000e+01   2.0323186e-02
  -4.8600000e+01   2.0861982e-02
  -4.8150000e+01   2.1403114e-02
  -4.7700000e+01   2.1946288e-02
  -4.7250000e+01   2.2491216e-02
  -4.6800000e+01   2.3037618e-02
  -4.6350000e+01   2.3585220e-02
  -4.5900000e+01   2.4133759e-02
  -4.5450000e+01   2.4682983e-02
  -4.5000000e+01   2.5232649e-02
  -4.4550000e+01   2.5782526e-02
  -4.4100000e+01   2.6332396e-02
  -4.3650000e+01   2.6882055e-02
  -4.3200000e+01   2.7431311e-02
  -4.2750000e+01   2.7979986e-02
  -4.2300000e+01   2.8527917e-02
  -4.1850000e+01   2.9074954e-02
  -4.1400000e+01   2.9620963e-02
  -4.0950000e+01   3.0165822e-02
  -4.0500000e+01   3.0709426e-02
  -4.0050000e+01   3.1251680e-02
  -3.9600000e+01   3.1792506e-02
  -3.9150000e+01   3.2331833e-02
  -3.8700000e+01   3.2869608e-02
  -3.8250000e+01   3.3405784e-02
  -3.7800000e+01   3.3940326e-02
  -3.7350000e+01   3.4473207e-02
  -3.6900000e+01   3.5004407e-02
  -3.6450000e+01   3.5533913e-02
  -3.6000000e+01   3.6061718e-02
  -3.5550000e+01   3.6587815e-02
  -3.5100000e+01   3.7112203e-02
  -3.4650000e+01   3.7634878e-02
  -3.4200000e+01   3.8155837e-02
  -3.3750000e+01   3.8675074e-02
  -3.3300000e+01   3.9192578e-02
  -3.2850000e+01   3.9708334e-02
  -3.2400000e+01   4.0222318e-02
  -3.1950000e+01   4.0734498e-02
  -3.1500000e+01   4.1244834e-02
  -3.1050000e+01   4.1753273e-02
  -3.0600000e+01   4.2259751e-02
  -3.0150000e+01   4.2764189e-02
  -2.9700000e+01   4.3266497e-02
  -2.9250000e+01   4.3766568e-02
  -2.8800000e+01   4.4264280e-02
  -2.8350000e+01   4.4759495e-02
  -2.7900000e+01   4.5252060e-02
  -2.7450000e+01   4.5741806e-02
  -2.7000000e+01   4.6228546e-02
  -2.6550000e+01   4.6712080e-02
  -2.6100000e+01   4.7192191e-02
  -2.5650000e+01   4.7668648e-02
  -2.5200000e+01   4.8141205e-02
  -2.4750000e+01   4.8609604e-02
  -2.4300000e+01   4.9073577e-02
  -2.3850000e+01   4.9532843e-02
  -2.3400000e+01   4.9987112e-02
  -2.2950000e+01   5.0436087e-02
  -2.2500000e+01   5.0879467e-02
  -2.2050000e+01   5.1316944e-02
  -2.1600000e+01   5.1748207e-02
  -2.1150000e+01   5.2172949e-02
  -2.0700000e+01   5.2590858e-02
  -2.0250000e+01   5.3001631e-02
  -1.9800000e+01   5.3404966e-02
  -1.9350000e+01   5.3800569e-02
  -1.8900000e+01   5.4188157e-02
  -1.8450000e+01   5.4567454e-02
  -1.8000000e+01   5.4938199e-02
  -1.7550000e+01   5.5300144e-02
  -1.7100000e+01   5.5653055e-02
  -1.6650000e+01   5.5996717e-02
  -1.6200000e+01   5.6330931e-02
  -1.5750000e+01   5.6655519e-02
  -1.5300000e+01   5.6970320e-02
  -1.4850000e+01   5.7275197e-02
  -1.4400000e+01   5.7570031e-02
  -1.3950000e+01   5.7854726e-02
  -1.3500000e+01   5.8129208e-02
  -1.3050000e+01   5.8393425e-02
  -1.2600000e+01   5.8647343e-02
  -1.2150000e+01   5.8890954e-02
  -1.1700000e+01   5.9124268e-02
  -1.1250000e+01   5.9347312e-02
  -1.0800000e+01   5.9560137e-02
  -1.0350000e+01   5.9762807e-02
  -9.9000000e+00   5.9955404e-02
  -9.4500000e+00   6.0138027e-02
  -9.0000000e+00   6.0310785e-02
  -8.5500000e+00   6.0473800e-02
  -8.1000000e+00   6.0627205e-02
  -7.6500000e+00   6.0771141e-02
  -7.2000000e+00   6.0905755e-02
  -6.7500000e+00   6.1031198e-02
  -6.3000000e+00   6.1147624e-02
  -5.8500000e+00   6.1255190e-02
  -5.4000000e+00   6.1354050e-02
  -4.9500000e+00   6.1444354e-02
  -4.5000000e+00   6.1526249e-02
  -4.0500000e+00   6.1599876e-02
  -3.6000000e+00   6.1665367e-02
  -3.1500000e+00   6.1722844e-02
  -2.7000000e+00   6.1772419e-02
  -2.2500000e+00   6.1814192e-02
  -1.8000000e+00   6.1848249e-02
  -1.3500000e+00   6.1874662e-02
  -9.0000000e-01   6.1893487e-02
  -4.5000000e-01   6.1904765e-02
   0.0000000e+00   6.1908522e-02
   4.5000000e-01   6.1904765e-02
   9.0000000e-01   6.1893487e-02
   1.3500000e+00   6.1874662e-02
   1.8000000e+00   6.1848249e-02
   2.2500000e+00   6.1814192e-02
   2.7000000e+00   6.1772419e-02
   3.1500000e+00   6.1722844e-02
   3.6000000e+00   6.1665367e-02
   4.0500000e+00   6.1599876e-02
   4.5000000e+00   6.1526249e-02
   4.9500000e+00   6.1444354e-02
   5.4000000e+00   6.1354050e-02
   5.8500000e+00   6.1255190e-02
   6.3000000e+00   6.1147624e-02
   6.7500000e+00   6.1031198e-02
   7.2000000e+00   6.0905755e-02
   7.6500000e+00   6.0771141e-02
   8.1000000e+00   6.0627205e-02
   8.5500000e+00   6.0473800e-02
   9.0000000e+00   6.0310785e-02
   9.4500000e+00   6.0138027e-02
   9.9000000e+00   5.9955404e-02
   1.0350000e+01   5.9762807e-02
   1.0800000e+01   5.9560137e-02
   1.1250000e+01   5.9347312e-02
   1.1700000e+01   5.9124268e-02
   1.2150000e+01   5.8890954e-02
   1.2600000e+01   5.8647343e-02
   1.3050000e+01   5.8393425e-02
   1.3500000e+01   5.8129208e-02
   1.3950000e+01   5.7854726e-02
   1.4400000e+01   5.7570031e-02
   1.4850000e+01   5.7275197e-02
   1.5300000e+01   5.6970320e-02
   1.5750000e+01   5.6655519e-02
   1.6200000e+01   5.6330931e-02
   1.6650000e+01   5.5996717e-02
   1.7100000e+01   5.5653055e-02
   1.7550000e+01   5.5300144e-02
   1.8000000e+01   5.4938199e-02
   1.8450000e+01   5.4567454e-02
   1.8900000e+01   5.4188157e-02
   1.9350000e+01   5.3800569e-02
   1.9800000e+01   5.3404966e-02
   2.0250000e+01   5.3001631e-02
   2.0700000e+01   5.2590858e-02
   2.1150000e+01   5.2172949e-02
   2.1600000e+01   5.1748207e-02
   2.2050000e+01   5.1316944e-02
   2.2500000e+01   5.0879467e-02
   2.2950000e+01   5.0436087e-02
   2.3400000e+01   4.9987112e-02
   2.3850000e+01   4.9532843e-02
   2.4300000e+01   4.9073577e-02
   2.4750000e+01   4.8609604e-02
   2.5200000e+01   4.8141205e-02
   2.5650000e+01   4.7668648e-02
   2.6100000e+01   4.7192191e-02
   2.6550000e+01   4.6712080e-02
   2.7000000e+01   4.6228546e-02
   2.7450000e+01   4.5741806e-02
   2.7900000e+01   4.5252060e-02
   2.8350000e+01   4.4759495e-02
   2.8800000e+01   4.4264280e-02
   2.9250000e+01   4.3766568e-02
   2.9700000e+01   4.3266497e-02
   3.0150000e+01   4.2764189e-02
   3.0600000e+01   4.2259751e-02
   3.1050000e+01   4.1753273e-02
   3.1500000e+01   4.1244834e-02
   3.1950000e+01   4.0734498e-02
   3.2400000e+01   4.0222318e-02
   3.2850000e+01   3.9708334e-02
   3.3300000e+01   3.9192578e-02
   3.3750000e+01   3.8675074e-02
   3.4200000e+01   3.8155837e-02
   3.4650000e+01   3.7634878e-02
   3.5100000e+01   3.7112203e-02
   3.5550000e+01   3.6587815e-02
   3.6000000e+01   3.6061718e-02
   3.6450000e+01   3.5533913e-02
   3.6900000e+01   3.5004407e-02
   3.7350000e+01   3.4473207e-02
   3.7800000e+01   3.3940326e-02
   3.8250000e+01   3.3405784e-02
   3.8700000e+01   3.2869608e-02
   3.9150000e+01   3.2331833e-02
   3.9600000e+01   3.1792506e-02
   4.0050000e+01   3.1251680e-02
   4.0500000e+01   3.0709426e-02
   4.0950000e+01   3.0165822e-02
   4.1400000e+01   2.9620963e-02
   4.1850000e+01   2.9074954e-02
   4.2300000e+01   2.8527917e-02
   4.2750000e+01   2.7979986e-02
   4.3200000e+01   2.7431311e-02
   4.3650000e+01   2.6882055e-02
   4.4100000e+01   2.6332396e-02
   4.4550000e+01   2.5782526e-02
   4.5000000e+01   2.5232649e-02
   4.5450000e+01   2.4682983e-02
   4.5900000e+01   2.4133759e-02
   4.6350000e+01   2.3585220e-02
   4.6800000e+01   2.3037618e-02
   4.7250000e+01   2.2491216e-02
   4.7700000e+01   2.1946288e-02
   4.8150000e+01   2.1403114e-02
   4.8600000e+01   2.0861982e-02
   4.9050000e+01   2.0323186e-02
   4.9500000e+01   1.9787025e-02
   4.9950000e+01   1.9253802e-02
   5.0400000e+01   1.8723822e-02
   5.0850000e+01   1.8197393e-02
   5.1300000e+01   1.7674822e-02
   5.1750000e+01   1.7156416e-02
   5.2200000e+01   1.6642480e-02
   5.2650000e+01   1.6133317e-02
   5.3100000e+01   1.5629224e-02
   5.3550000e+01   1.5130494e-02
   5.4000000e+01   1.4637415e-02
   5.4450000e+01   1.4150268e-02
   5.4900000e+01   1.3669325e-02
   5.5350000e+01   1.3194851e-02
   5.5800000e+01   1.2727099e-02
   5.6250000e+01   1.2266317e-02
   5.6700000e+01   1.1812737e-02
   5.7150000e+01   1.1366583e-02
   5.7600000e+01   1.0928066e-02
   5.8050000e+01   1.0497387e-02
   5.8500000e+01   1.0074731e-02
   5.8950000e+01   9.6602736e-03
   5.9400000e+01   9.2541749e-03
   5.9850000e+01   8.8565828e-03
   6.0300000e+01   8.4676313e-03
   6.0750000e+01   8.0874410e-03
   6.1200000e+01   7.7161186e-03
   6.1650000e+01   7.3537573e-03
   6.2100000e+01   7.0004365e-03
   6.2550000e+01   6.6562220e-03
   6.3000000e+01   6.3211661e-03
   6.3450000e+01   5.9953078e-03
   6.3900000e+01   5.6786727e-03
   6.4350000e+01   5.3712737e-03
   6.4800000e+01   5.0731106e-03
   6.5250000e+01   4.7841710e-03
   6.5700000e+01   4.5044301e-03
   6.6150000e+01   4.2338513e-03
   6.6600000e+01   3.9723863e-03
   6.7050000e+01   3.7199758e-03
   6.7500000e+01   3.4765493e-03
   6.7950000e+01   3.2420262e-03
   6.8400000e+01   3.0163156e-03
   6.8850000e+01   2.7993171e-03
   6.9300000e+01   2.5909209e-03
   6.9750000e+01   2.3910087e-03
   7.0200000e+01   2.1994535e-03
   7.0650000e+01   2.0161207e-03
   7.1100000e+01   1.8408683e-03
   7.1550000e+01   1.6735473e-03
   7.2000000e+01   1.5140022e-03
   7.2450000e+01   1.3620716e-03
   7.2900000e+01   1.2175887e-03
   7.3350000e+01   1.0803816e-03
   7.3800000e+01   9.5027383e-04
   7.4250000e+01   8.2708514e-04
   7.4700000e+01   7.1063154e-04
   7.5150000e+01   6.0072607e-04
   7.5600000e+01   4.9717918e-04
   7.6050000e+01   3.9979919e-04
   7.6500000e+01   3.0839279e-04
   7.6950000e+01   2.2276546e-04
   7.7400000e+01   1.4272193e-04
   7.7850000e+01   6.8066595e-05
   7.8300000e+01  -1.3960615e-06
   7.8750000e+01  -6.5861063e-05
   7.9200000e+01  -1.2552255e-04
   7.9650000e+01  -1.8057342e-04
   8.0100000e+01  -2.3120494e-04
   8.0550000e+01  -2.7760643e-04
   8.1000000e+01  -3.1996496e-04
   8.1450000e+01  -3.5846499e-04
   8.1900000e+01  -3.9328813e-04
   8.2350000e+01  -4.2461285e-04
   8.2800000e+01  -4.5261427e-04
   8.3250000e+01  -4.7746387e-04
   8.3700000e+01  -4.9932935e-04
   8.4150000e+01  -5.1837438e-04
   8.4600000e+01  -5.3475851e-04
   8.5050000e+01  -5.4863692e-04
   8.5500000e+01  -5.6016039e-04
   8.5950000e+01  -5.6947511e-04
   8.6400000e+01  -5.7672265e-04
   8.6850000e+01  -5.8203985e-04
   8.7300000e+01  -5.8555878e-04
   8.7750000e+01  -5.8740667e-04
   8.8200000e+01  -5.8770593e-04
   8.8650000e+01  -5.8657412e-04
   8.9100000e+01  -5.8412394e-04
   8.9550000e+01  -5.8046331e-04
   9.0000000e+01  -5.7569530e-04
