  -9.0000000e+01  -4.4149912e-03
  -8.9550000e+01  -1.8816808e-03
  -8.9100000e+01   6.7518698e-04
  -8.8650000e+01   3.2491328e-03
  -8.8200000e+01   5.8333850e-03
  -8.7750000e+01   8.4209164e-03
  -8.7300000e+01   1.1004486e-02
  -8.6850000e+01   1.3576682e-02
  -8.6400000e+01   1.6129975e-02
  -8.5950000e+01   1.8656766e-02
  -8.5500000e+01   2.1149442e-02
  -8.5050000e+01   2.3600433e-02
  -8.4600000e+01   2.6002272e-02
  -8.4150000e+01   2.8347652e-02
  -8.3700000e+01   3.0629485e-02
  -8.3250000e+01   3.2840961e-02
  -8.2800000e+01   3.4975605e-02
  -8.2350000e+01   3.7027330e-02
  -8.1900000e+01   3.8990492e-02
  -8.1450000e+01   4.0859931e-02
  -8.1000000e+01   4.2631023e-02
  -8.0550000e+01   4.4299710e-02
  -8.0100000e+01   4.5862537e-02
  -7.9650000e+01   4.7316678e-02
  -7.9200000e+01   4.8659956e-02
  -7.8750000e+01   4.9890857e-02
  -7.8300000e+01   5.1008536e-02
  -7.7850000e+01   5.2012821e-02
  -7.7400000e+01   5.2904203e-02
  -7.6950000e+01   5.3683825e-02
  -7.6500000e+01   5.4353464e-02
  -7.6050000e+01   5.4915508e-02
  -7.5600000e+01   5.5372923e-02
  -7.5150000e+01   5.5729219e-02
  -7.4700000e+01   5.5988411e-02
  -7.4250000e+01   5.6154975e-02
  -7.3800000e+01   5.6233800e-02
  -7.3350000e+01   5.6230137e-02
  -7.2900000e+01   5.6149544e-02
  -7.2450000e+01   5.5997831e-02
  -7.2000000e+01   5.5781001e-02
  -7.1550000e+01   5.5505193e-02
  -7.1100000e+01   5.5176618e-02
  -7.0650000e+01   5.4801500e-02
  -7.0200000e+01   5.4386019e-02
  -6.9750000e+01   5.3936250e-02
  -6.9300000e+01   5.3458105e-02
  -6.8850000e+01   5.2957285e-02
  -6.8400000e+01   5.2439227e-02
  -6.7950000e+01   5.1909056e-02
  -6.7500000e+01   5.1371550e-02
  -6.7050000e+01   5.0831100e-02
  -6.6600000e+01   5.0291685e-02
  -6.6150000e+01   4.9756849e-02
  -6.5700000e+01   4.9229685e-02
  -6.5250000e+01   4.8712829e-02
  -6.4800000e+01   4.8208455e-02
  -6.4350000e+01   4.7718288e-02
  -6.3900000e+01   4.7243607e-02
  -6.3450000e+01   4.6785271e-02
  -6.3000000e+01   4.6343737e-02
  -6.2550000e+01   4.5919090e-02
  -6.2100000e+01   4.5511076e-02
  -6.1650000e+01   4.5119135e-02
  -6.1200000e+01   4.4742438e-02
  -6.0750000e+01   4.4379924e-02
  -6.0300000e+01   4.4030342e-02
  -5.9850000e+01   4.3692285e-02
  -5.9400000e+01   4.3364231e-02
  -5.8950000e+01   4.3044578e-02
  -5.8500000e+01   4.2731674e-02
  -5.8050000e+01   4.2423853e-02
  -5.7600000e+01   4.2119462e-02
  -5.7150000e+01   4.1816886e-02
  -5.6700000e+01   4.1514569e-02
  -5.6250000e+01   4.1211036e-02
  -5.5800000e+01   4.0904906e-02
  -5.5350000e+01   4.0594907e-02
  -5.4900000e+01   4.0279885e-02
  -5.4450000e+01   3.9958813e-02
  -5.4000000e+01   3.9630791e-02
  -5.3550000e+01   3.9295054e-02
  -5.3100000e+01   3.8950969e-02
  -5.2650000e+01   3.8598034e-02
  -5.2200000e+01   3.8235877e-02
  -5.1750000e+01   3.7864248e-02
  -5.1300000e+01   3.7483019e-02
  -5.0850000e+01   3.7092171e-02
  -5.0400000e+01   3.6691793e-02
  -4.9950000e+01   3.6282070e-02
  -4.9500000e+01   3.5863278e-02
  -4.9050000e+01   3.5435774e-02
  -4.8600000e+01   3.4999985e-02
  -4.8150000e+01   3.4556404e-02
  -4.7700000e+01   3.4105575e-02
  -4.7250000e+01   3.3648088e-02
  -4.6800000e+01   3.3184567e-02
  -4.6350000e+01   3.2715662e-02
  -4.5900000e+01   3.2242037e-02
  -4.5450000e+01   3.1764363e-02
  -4.5000000e+01   3.1283307e-02
  -4.4550000e+01   3.0799524e-02
  -4.4100000e+01   3.0313648e-02
  -4.3650000e+01   2.9826281e-02
  -4.3200000e+01   2.9337990e-02
  -4.2750000e+01   2.8849297e-02
  -4.2300000e+01   2.8360672e-02
  -4.1850000e+01   2.7872531e-02
  -4.1400000e+01   2.7385227e-02
  -4.0950000e+01   2.6899051e-02
  -4.0500000e+01   2.6414229e-02
  -4.0050000e+01   2.5930924e-02
  -3.9600000e+01   2.5449232e-02
  -3.9150000e+01   2.4969189e-02
  -3.8700000e+01   2.4490776e-02
  -3.8250000e+01   2.4013921e-02
  -3.7800000e+01   2.3538508e-02
  -3.7350000e+01   2.3064388e-02
  -3.6900000e+01   2.2591381e-02
  -3.6450000e+01   2.2119294e-02
  -3.6000000e+01   2.1647928e-02
  -3.5550000e+01   2.1177089e-02
  -3.5100000e+01   2.0706601e-02
  -3.4650000e+01   2.0236316e-02
  -3.4200000e+01   1.9766125e-02
  -3.3750000e+01   1.9295968e-02
  -3.3300000e+01   1.8825841e-02
  -3.2850000e+01   1.8355808e-02
  -3.2400000e+01   1.7886003e-02
  -3.1950000e+01   1.7416638e-02
  -3.1500000e+01   1.6948001e-02
  -3.1050000e+01   1.6480462e-02
  -3.0600000e+01   1.6014469e-02
  -3.0150000e+01   1.5550546e-02
  -2.9700000e+01   1.5089287e-02
  -2.9250000e+01   1.4631350e-02
  -2.8800000e+01   1.4177449e-02
  -2.8350000e+01   1.3728345e-02
  -2.7900000e+01   1.3284834e-02
  -2.7450000e+01   1.2847735e-02
  -2.7000000e+01   1.2417879e-02
  -2.6550000e+01   1.1996095e-02
  -2.6100000e+01   1.1583199e-02
  -2.5650000e+01   1.1179980e-02
  -2.5200000e+01   1.0787189e-02
  -2.4750000e+01   1.0405528e-02
  -2.4300000e+01   1.0035638e-02
  -2.3850000e+01   9.6780939e-03
  -2.3400000e+01   9.3333952e-03
  -2.2950000e+01   9.0019596e-03
  -2.2500000e+01   8.6841197e-03
  -2.2050000e+01   8.3801204e-03
  -2.1600000e+01   8.0901180e-03
  -2.1150000e+01   7.8141807e-03
  -2.0700000e+01   7.5522912e-03
  -2.0250000e+01   7.3043496e-03
  -1.9800000e+01   7.0701789e-03
  -1.9350000e+01   6.8495307e-03
  -1.8900000e+01   6.6420913e-03
  -1.8450000e+01   6.4474899e-03
  -1.8000000e+01   6.2653061e-03
  -1.7550000e+01   6.0950776e-03
  -1.7100000e+01   5.9363092e-03
  -1.6650000e+01   5.7884800e-03
  -1.6200000e+01   5.6510519e-03
  -1.5750000e+01   5.5234763e-03
  -1.5300000e+01   5.4052016e-03
  -1.4850000e+01   5.2956789e-03
  -1.4400000e+01   5.1943677e-03
  -1.3950000e+01   5.1007408e-03
  -1.3500000e+01   5.0142882e-03
  -1.3050000e+01   4.9345202e-03
  -1.2600000e+01   4.8609701e-03
  -1.2150000e+01   4.7931960e-03
  -1.1700000e+01   4.7307819e-03
  -1.1250000e+01   4.6733381e-03
  -1.0800000e+01   4.6205016e-03
  -1.0350000e+01   4.5719353e-03
  -9.9000000e+00   4.5273274e-03
  -9.4500000e+00   4.4863905e-03
  -9.0000000e+00   4.4488601e-03
  -8.5500000e+00   4.4144933e-03
  -8.1000000e+00   4.3830673e-03
  -7.6500000e+00   4.3543779e-03
  -7.2000000e+00   4.3282383e-03
  -6.7500000e+00   4.3044772e-03
  -6.3000000e+00   4.2829381e-03
  -5.8500000e+00   4.2634778e-03
  -5.4000000e+00   4.2459656e-03
  -4.9500000e+00   4.2302823e-03
  -4.5000000e+00   4.2163194e-03
  -4.0500000e+00   4.2039791e-03
  -3.6000000e+00   4.1931731e-03
  -3.1500000e+00   4.1838229e-03
  -2.7000000e+00   4.1758595e-03
  -2.2500000e+00   4.1692227e-03
  -1.8000000e+00   4.1638620e-03
  -1.3500000e+00   4.1597357e-03
  -9.0000000e-01   4.1568115e-03
  -4.5000000e-01   4.1550662e-03
   0.0000000e+00   4.1544860e-03
   4.5000000e-01   4.1550662e-03
   9.0000000e-01   4.1568115e-03
   1.3500000e+00   4.1597357e-03
   1.8000000e+00   4.1638620e-03
   2.2500000e+00   4.1692227e-03
   2.7000000e+00   4.1758595e-03
   3.1500000e+00   4.1838229e-03
   3.6000000e+00   4.1931731e-03
   4.0500000e+00   4.2039791e-03
   4.5000000e+00   4.2163194e-03
   4.9500000e+00   4.2302823e-03
   5.4000000e+00   4.2459656e-03
   5.8500000e+00   4.2634778e-03
   6.3000000e+00   4.2829381e-03
   6.7500000e+00   4.3044772e-03
   7.2000000e+00   4.3282383e-03
   7.6500000e+00   4.3543779e-03
   8.1000000e+00   4.3830673e-03
   8.5500000e+00   4.4144933e-03
   9.0000000e+00   4.4488601e-03
   9.4500000e+00   4.4863905e-03
   9.9000000e+00   4.5273274e-03
   1.0350000e+01   4.5719353e-03
   1.0800000e+01   4.6205016e-03
   1.1250000e+01   4.6733381e-03
   1.1700000e+01   4.7307819e-03
   1.2150000e+01   4.7931960e-03
   1.2600000e+01   4.8609701e-03
   1.3050000e+01   4.9345202e-03
   1.3500000e+01   5.0142882e-03
   1.3950000e+01   5.1007408e-03
   1.4400000e+01   5.1943677e-03
   1.4850000e+01   5.2956789e-03
   1.5300000e+01   5.4052016e-03
   1.5750000e+01   5.5234763e-03
   1.6200000e+01   5.6510519e-03
   1.6650000e+01   5.7884800e-03
   1.7100000e+01   5.9363092e-03
   1.7550000e+01   6.0950776e-03
   1.8000000e+01   6.2653061e-03
   1.8450000e+01   6.4474899e-03
   1.8900000e+01   6.6420913e-03
   1.9350000e+01   6.8495307e-03
   1.9800000e+01   7.0701789e-03
   2.0250000e+01   7.3043496e-03
   2.0700000e+01   7.5522912e-03
   2.1150000e+01   7.8141807e-03
   2.1600000e+01   8.0901180e-03
   2.2050000e+01   8.3801204e-03
   2.2500000e+01   8.6841197e-03
   2.2950000e+01   9.0019596e-03
   2.3400000e+01   9.3333952e-03
   2.3850000e+01   9.6780939e-03
   2.4300000e+01   1.0035638e-02
   2.4750000e+01   1.0405528e-02
   2.5200000e+01   1.0787189e-02
   2.5650000e+01   1.1179980e-02
   2.6100000e+01   1.1583199e-02
   2.6550000e+01   1.1996095e-02
   2.7000000e+01   1.2417879e-02
   2.7450000e+01   1.2847735e-02
   2.7900000e+01   1.3284834e-02
   2.8350000e+01   1.3728345e-02
   2.8800000e+01   1.4177449e-02
   2.9250000e+01   1.4631350e-02
   2.9700000e+01   1.5089287e-02
   3.0150000e+01   1.5550546e-02
   3.0600000e+01   1.6014469e-02
   3.1050000e+01   1.6480462e-02
   3.1500000e+01   1.6948001e-02
   3.1950000e+01   1.7416638e-02
   3.2400000e+01   1.7886003e-02
   3.2850000e+01   1.8355808e-02
   3.3300000e+01   1.8825841e-02
   3.3750000e+01   1.9295968e-02
   3.4200000e+01   1.9766125e-02
   3.4650000e+01   2.0236316e-02
   3.5100000e+01   2.0706601e-02
   3.5550000e+01   2.1177089e-02
   3.6000000e+01   2.1647928e-02
   3.6450000e+01   2.2119294e-02
   3.6900000e+01   2.2591381e-02
   3.7350000e+01   2.3064388e-02
   3.7800000e+01   2.3538508e-02
   3.8250000e+01   2.4013921e-02
   3.8700000e+01   2.4490776e-02
   3.9150000e+01   2.4969189e-02
   3.9600000e+01   2.5449232e-02
   4.0050000e+01   2.5930924e-02
   4.0500000e+01   2.6414229e-02
   4.0950000e+01   2.6899051e-02
   4.1400000e+01   2.7385227e-02
   4.1850000e+01   2.7872531e-02
   4.2300000e+01   2.8360672e-02
   4.2750000e+01   2.8849297e-02
   4.3200000e+01   2.9337990e-02
   4.3650000e+01   2.9826281e-02
   4.4100000e+01   3.0313648e-02
   4.4550000e+01   3.0799524e-02
   4.5000000e+01   3.1283307e-02
   4.5450000e+01   3.1764363e-02
   4.5900000e+01   3.2242037e-02
   4.6350000e+01   3.2715662e-02
   4.6800000e+01   3.3184567e-02
   4.7250000e+01   3.3648088e-02
   4.7700000e+01   3.4105575e-02
   4.8150000e+01   3.4556404e-02
   4.8600000e+01   3.4999985e-02
   4.9050000e+01   3.5435774e-02
   4.9500000e+01   3.5863278e-02
   4.9950000e+01   3.6282070e-02
   5.0400000e+01   3.6691793e-02
   5.0850000e+01   3.7092171e-02
   5.1300000e+01   3.7483019e-02
   5.1750000e+01   3.7864248e-02
   5.2200000e+01   3.8235877e-02
   5.2650000e+01   3.8598034e-02
   5.3100000e+01   3.8950969e-02
   5.3550000e+01   3.9295054e-02
   5.4000000e+01   3.9630791e-02
   5.4450000e+01   3.9958813e-02
   5.4900000e+01   4.0279885e-02
   5.5350000e+01   4.0594907e-02
   5.5800000e+01   4.0904906e-02
   5.6250000e+01   4.1211036e-02
   5.6700000e+01   4.1514569e-02
   5.7150000e+01   4.1816886e-02
   5.7600000e+01   4.2119462e-02
   5.8050000e+01   4.2423853e-02
   5.8500000e+01   4.2731674e-02
   5.8950000e+01   4.3044578e-02
   5.9400000e+01   4.3364231e-02
   5.9850000e+01   4.3692285e-02
   6.0300000e+01   4.4030342e-02
   6.0750000e+01   4.4379924e-02
   6.1200000e+01   4.4742438e-02
   6.1650000e+01   4.5119135e-02
   6.2100000e+01   4.5511076e-02
   6.2550000e+01   4.5919090e-02
   6.3000000e+01   4.6343737e-02
   6.3450000e+01   4.6785271e-02
   6.3900000e+01   4.7243607e-02
   6.4350000e+01   4.7718288e-02
   6.4800000e+01   4.8208455e-02
   6.5250000e+01   4.8712829e-02
   6.5700000e+01   4.9229685e-02
   6.6150000e+01   4.9756849e-02
   6.6600000e+01   5.0291685e-02
   6.7050000e+01   5.0831100e-02
   6.7500000e+01   5.1371550e-02
   6.7950000e+01   5.1909056e-02
   6.8400000e+01   5.2439227e-02
   6.8850000e+01   5.2957285e-02
   6.9300000e+01   5.3458105e-02
   6.9750000e+01   5.3936250e-02
   7.0200000e+01   5.4386019e-02
   7.0650000e+01   5.4801500e-02
   7.1100000e+01   5.5176618e-02
   7.1550000e+01   5.5505193e-02
   7.2000000e+01   5.5781001e-02
   7.2450000e+01   5.5997831e-02
   7.2900000e+01   5.6149544e-02
   7.3350000e+01   5.6230137e-02
   7.3800000e+01   5.6233800e-02
   7.4250000e+01   5.6154975e-02
   7.4700000e+01   5.5988411e-02
   7.5150000e+01   5.5729219e-02
   7.5600000e+01   5.5372923e-02
   7.6050000e+01   5.4915508e-02
   7.6500000e+01   5.4353464e-02
   7.6950000e+01   5.3683825e-02
   7.7400000e+01   5.2904203e-02
   7.7850000e+01   5.2012821e-02
   7.8300000e+01   5.1008536e-02
   7.8750000e+01   4.9890857e-02
   7.9200000e+01   4.8659956e-02
   7.9650000e+01   4.7316678e-02
   8.0100000e+01   4.5862537e-02
   8.0550000e+01   4.4299710e-02
   8.1000000e+01   4.2631023e-02
   8.1450000e+01   4.0859931e-02
   8.1900000e+01   3.8990492e-02
   8.2350000e+01   3.7027330e-02
   8.2800000e+01   3.4975605e-02
   8.3250000e+01   3.2840961e-02
   8.3700000e+01   3.0629485e-02
   8.4150000e+01   2.8347652e-02
   8.4600000e+01   2.6002272e-02
   8.5050000e+01   2.3600433e-02
   8.5500000e+01   2.1149442e-02
   8.5950000e+01   1.8656766e-02
   8.6400000e+01   1.6129975e-02
   8.6850000e+01   1.3576682e-02
   8.7300000e+01   1.1004486e-02
   8.7750000e+01   8.4209164e-03
   8.8200000e+01   5.8333850e-03
   8.8650000e+01   3.2491328e-03
   8.9100000e+01   6.7518698e-04
   8.9550000e+01  -1.8816808e-03
   9.0000000e+01  -4.4149912e-03