  -9.0000000e+01   0.0000000e+00 -7.5276378e-165  -1.1483481e-57  -5.7607228e-21  -1.9557324e-08  -2.2679531e-04  -6.6597558e-03  -1.1872758e-02   2.9527818e-03   1.7311903e-02   2.3929592e-02
  -8.9550000e+01   0.0000000e+00 -1.2872022e-161  -1.0212039e-56  -1.1642907e-20  -2.3587547e-08  -2.3321374e-04  -6.5877676e-03  -1.1458779e-02   3.2533186e-03   1.7438410e-02   2.3975811e-02
  -8.9100000e+01   0.0000000e+00 -2.0371780e-158  -8.8136465e-56  -2.3354155e-20  -2.8343852e-08  -2.3941006e-04  -6.5103514e-03  -1.1043547e-02   3.5525481e-03   1.7564284e-02   2.4021798e-02
  -8.8650000e+01   0.0000000e+00 -2.7797435e-155  -7.3430827e-55  -4.6451541e-20  -3.3925490e-08  -2.4533306e-04  -6.4273884e-03  -1.0627116e-02   3.8504658e-03   1.7689527e-02   2.4067554e-02
  -8.8200000e+01   0.0000000e+00 -2.8237721e-152  -5.8528679e-54  -9.1518241e-20  -4.0435019e-08  -2.5092710e-04  -6.3387604e-03  -1.0209539e-02   4.1470670e-03   1.7814137e-02   2.4113077e-02
  -8.7750000e+01   0.0000000e+00 -1.4307804e-149  -4.3950680e-53  -1.7837066e-19  -4.7974200e-08  -2.5613185e-04  -6.2443500e-03  -9.7908710e-03   4.4423474e-03   1.7938114e-02   2.4158369e-02
  -8.7300000e+01   0.0000000e+00  9.9400211e-147  -3.0225662e-52  -3.4335639e-19  -5.6637952e-08  -2.6088206e-04  -6.1440407e-03  -9.3711653e-03   4.7363024e-03   1.8061460e-02   2.4203429e-02
  -8.6850000e+01   0.0000000e+00  3.2249148e-143  -1.7889613e-51  -6.5143996e-19  -6.6505737e-08  -2.6510731e-04  -6.0377171e-03  -8.9504768e-03   5.0289276e-03   1.8184172e-02   2.4248258e-02
  -8.6400000e+01   0.0000000e+00  4.5321154e-140  -7.4614907e-51  -1.2148545e-18  -7.7629659e-08  -2.6873181e-04  -5.9252653e-03  -8.5288604e-03   5.3202188e-03   1.8306253e-02   2.4292855e-02
  -8.5950000e+01   0.0000000e+00  4.7329216e-137   6.1565783e-51  -2.2185201e-18  -9.0018325e-08  -2.7167410e-04  -5.8065725e-03  -8.1063714e-03   5.6101717e-03   1.8427700e-02   2.4337220e-02
  -8.5500000e+01   0.0000000e+00  3.7260429e-134   6.0809728e-49  -3.9458009e-18  -1.0361537e-07  -2.7384683e-04  -5.6815277e-03  -7.6830650e-03   5.8987819e-03   1.8548516e-02   2.4381353e-02
  -8.5050000e+01   0.0000000e+00  1.2529170e-131   9.0168032e-48  -6.7781365e-18  -1.1827125e-07  -2.7515654e-04  -5.5500214e-03  -7.2589969e-03   6.1860454e-03   1.8668698e-02   2.4425255e-02
  -8.4600000e+01   0.0000000e+00 -3.1356881e-128   1.0046973e-46  -1.1089096e-17  -1.3370676e-07  -2.7550334e-04  -5.4119462e-03  -6.8342231e-03   6.4719581e-03   1.8788248e-02   2.4468924e-02
  -8.4150000e+01   0.0000000e+00 -9.8654517e-125   1.0486223e-45  -1.6823453e-17  -1.4946618e-07  -2.7478075e-04  -5.2671968e-03  -6.4087994e-03   6.7565157e-03   1.8907165e-02   2.4512363e-02
  -8.3700000e+01   0.0000000e+00 -1.8432644e-121   1.2225870e-44  -2.2248780e-17  -1.6485785e-07  -2.7287539e-04  -5.1156700e-03  -5.9827822e-03   7.0397143e-03   1.9025450e-02   2.4555569e-02
  -8.3250000e+01   0.0000000e+00 -2.4585655e-118   1.7040440e-43  -2.0685551e-17  -1.7887947e-07  -2.6966676e-04  -4.9572653e-03  -5.5562279e-03   7.3215500e-03   1.9143101e-02   2.4598544e-02
  -8.2800000e+01   0.0000000e+00 -1.6018940e-115   2.5280473e-42   7.4669024e-18  -1.9012488e-07  -2.6502700e-04  -4.7918844e-03  -5.1291929e-03   7.6020188e-03   1.9260120e-02   2.4641287e-02
  -8.2350000e+01   0.0000000e+00  8.1319004e-113   3.4876786e-41   1.1326688e-16  -1.9666868e-07  -2.5882063e-04  -4.6194321e-03  -4.7017339e-03   7.8811168e-03   1.9376506e-02   2.4683798e-02
  -8.1900000e+01  3.2138287e-313  1.4838212e-109   4.2156117e-40   4.2082605e-16  -1.9592451e-07  -2.5090436e-04  -4.4398161e-03  -4.2739078e-03   8.1588402e-03   1.9492259e-02   2.4726078e-02
  -8.1450000e+01  1.3905872e-304  8.7051095e-107   4.4272786e-39   1.2180939e-15  -1.8447213e-07  -2.4112682e-04  -4.2529474e-03  -3.8457712e-03   8.4351853e-03   1.9607378e-02   2.4768126e-02
  -8.1000000e+01  1.9631502e-296  3.5930897e-104   4.0883492e-38   3.1505112e-15  -1.5784782e-07  -2.2932834e-04  -4.0587400e-03  -3.4173812e-03   8.7101482e-03   1.9721865e-02   2.4809942e-02
  -8.0550000e+01  5.8613743e-289  1.1318522e-101   3.3749124e-37   7.6260731e-15  -1.1029205e-07  -2.1534076e-04  -3.8571117e-03  -2.9887947e-03   8.9837254e-03   1.9835719e-02   2.4851526e-02
  -8.0100000e+01  6.3663443e-282   1.8768933e-99   2.5330383e-36   1.7648076e-14  -3.4447457e-08  -1.9898720e-04  -3.6479840e-03  -2.5600687e-03   9.2559132e-03   1.9948940e-02   2.4892879e-02
  -7.9650000e+01 -1.0299466e-273  -9.7567111e-97   1.7698698e-35   3.9500582e-14   7.9000324e-08  -1.8008184e-04  -3.4312823e-03  -2.1312602e-03   9.5267081e-03   2.0061527e-02   2.4934000e-02
  -7.9200000e+01 -1.8972478e-265  -1.3819914e-93   1.2079099e-34   8.6110935e-14   2.4174738e-07  -1.5842979e-04  -3.2069361e-03  -1.7024263e-03   9.7961064e-03   2.0173482e-02   2.4974890e-02
  -7.8750000e+01 -9.6480819e-258  -1.0370946e-90   8.7909553e-34   1.8366771e-13   4.6837071e-07  -1.3382682e-04  -2.9748792e-03  -1.2736238e-03   1.0064105e-02   2.0284803e-02   2.5015547e-02
  -7.8300000e+01 -1.3805667e-250  -5.5901558e-88   7.3765917e-33   3.8447837e-13   7.7691156e-07  -1.0605928e-04  -2.7350498e-03  -8.4490974e-04   1.0330700e-02   2.0395491e-02   2.5055973e-02
  -7.7850000e+01 -1.0956031e-243  -1.6204012e-85   6.8937200e-32   7.9163889e-13   1.1895532e-06  -7.4903872e-05  -2.4873909e-03  -4.1634097e-04   1.0595888e-02   2.0505545e-02   2.5096168e-02
  -7.7400000e+01  5.2820042e-237   2.0382844e-83   6.3990544e-31   1.6057912e-12   1.7334041e-06  -4.0127537e-05  -2.2318503e-03   1.2025732e-05   1.0859666e-02   2.0614966e-02   2.5136130e-02
  -7.6950000e+01  5.3908667e-229   1.9868506e-80   5.4270164e-30   3.2126820e-12   2.4413966e-06  -1.4873100e-06  -1.9683810e-03   4.4013369e-04   1.1122031e-02   2.0723754e-02   2.5175861e-02
  -7.6500000e+01  1.5912286e-221   4.6647263e-78   4.0858833e-29   6.3451799e-12   3.3533141e-06   4.1269791e-05  -1.6969410e-03   8.6792635e-04   1.1382979e-02   2.0831909e-02   2.5215360e-02
  -7.6050000e+01  1.4479272e-214   7.5308238e-76   2.7371366e-28   1.2379520e-11   4.5169556e-06   8.8406873e-05  -1.4174938e-03   1.2953473e-03   1.1642507e-02   2.0939430e-02   2.5254628e-02
  -7.5600000e+01  2.6610034e-208   9.4275122e-74   1.6536375e-27   2.3870572e-11   5.9894499e-06   1.4019725e-04  -1.1300087e-03   1.7223403e-03   1.1900613e-02   2.1046318e-02   2.5293663e-02
  -7.5150000e+01  2.2213325e-202   7.1387805e-72   9.1618145e-27   4.5507537e-11   7.8387280e-06   1.9692451e-04  -8.3446057e-04   2.1488492e-03   1.2157292e-02   2.1152572e-02   2.5332468e-02
  -7.4700000e+01 -1.2147453e-195  -7.4434667e-70   4.7615360e-26   8.5799971e-11   1.0145162e-05   2.5888258e-04  -5.3083028e-04   2.5748182e-03   1.2412542e-02   2.1258192e-02   2.5371040e-02
  -7.4250000e+01 -1.6723252e-188  -5.2304033e-67   2.4156962e-25   1.6001669e-10   1.3003376e-05   3.2637571e-04  -2.1910489e-04   3.0001916e-03   1.2666360e-02   2.1363179e-02   2.5409381e-02
  -7.3800000e+01 -7.8146273e-182  -1.5918454e-64   1.2776895e-24   2.9524678e-10   1.6524236e-05   3.9971855e-04   1.0072226e-04   3.4249141e-03   1.2918743e-02   2.1467533e-02   2.5447490e-02
  -7.3350000e+01 -8.9581847e-176  -3.4764967e-62   7.4872046e-24   5.3900948e-10   2.0837010e-05   4.7923606e-04   4.2865137e-04   3.8489303e-03   1.3169689e-02   2.1571253e-02   2.5485367e-02
  -7.2900000e+01 -5.1377127e-170  -4.4223141e-60   4.7953869e-23   9.7372207e-10   2.6091707e-05   5.6526352e-04   7.6467598e-04   4.2721855e-03   1.3419193e-02   2.1674339e-02   2.5523012e-02
  -7.2450000e+01  6.9606320e-165   1.1583192e-58   3.0870545e-22   1.7407124e-09   3.2461569e-05   6.5814643e-04   1.1087829e-03   4.6946250e-03   1.3667254e-02   2.1776792e-02   2.5560426e-02
  -7.2000000e+01  8.6978642e-158   7.3596894e-56   1.8511320e-21   3.0795773e-09   4.0145710e-05   7.5824046e-04   1.4609519e-03   5.1161945e-03   1.3913868e-02   2.1878611e-02   2.5597608e-02
  -7.1550000e+01  1.7261168e-151   6.8934109e-54   1.0000099e-20   5.3918862e-09   4.9371884e-05   8.6591127e-04   1.8211559e-03   5.5368402e-03   1.4159033e-02   2.1979796e-02   2.5634559e-02
  -7.1100000e+01  8.9393750e-146   4.3343400e-52   4.8563583e-20   9.3429820e-09   6.0399330e-05   9.8153439e-04   2.1893603e-03   5.9565083e-03   1.4402747e-02   2.2080347e-02   2.5671278e-02
  -7.0650000e+01  9.2058564e-141   2.1464073e-50   2.1447552e-19   1.6022577e-08   7.3521679e-05   1.1054950e-03   2.5655234e-03   6.3751456e-03   1.4645006e-02   2.2180265e-02   2.5707765e-02
  -7.0200000e+01  5.2795520e-136   7.1213190e-49   8.7551768e-19   2.7194804e-08   8.9069849e-05   1.2381878e-03   2.9495959e-03   6.7926993e-03   1.4885808e-02   2.2279549e-02   2.5744020e-02
  -6.9750000e+01 -9.6839257e-131  -1.1346030e-47   3.3738562e-18   4.5682395e-08   1.0741489e-04   1.3800165e-03   3.3415209e-03   7.2091168e-03   1.5125150e-02   2.2378199e-02   2.5780044e-02
  -6.9300000e+01 -1.0822807e-124  -5.2439289e-45   1.2680145e-17   7.5948969e-08   1.2897069e-04   1.5313938e-03   3.7412340e-03   7.6243462e-03   1.5363031e-02   2.2476215e-02   2.5815836e-02
  -6.8850000e+01 -7.8691576e-119  -6.5754504e-43   4.8809097e-17   1.2496945e-07   1.5419648e-04   1.6927409e-03   4.1486629e-03   8.0383359e-03   1.5599446e-02   2.2573598e-02   2.5851396e-02
  -6.8400000e+01 -4.9461705e-113  -5.8356403e-41   2.0157117e-16   2.0351289e-07   1.8359908e-04   1.8644871e-03   4.5637273e-03   8.4510346e-03   1.5834395e-02   2.2670346e-02   2.5886725e-02
  -6.7950000e+01 -2.3145702e-107  -3.2135665e-39   8.9197264e-16   3.2800601e-07   2.1773465e-04   2.0470694e-03   4.9863390e-03   8.8623917e-03   1.6067875e-02   2.2766461e-02   2.5921821e-02
  -6.7500000e+01  1.4518971e-107   6.9139660e-39   3.9916285e-15   5.2320072e-07   2.5721013e-04   2.2409318e-03   5.4164020e-03   9.2723571e-03   1.6299883e-02   2.2861941e-02   2.5956687e-02
  -6.7050000e+01   8.2977413e-98   7.1871596e-36   1.6928623e-14   8.2593540e-07   3.0268393e-04   2.4465250e-03   5.8538118e-03   9.6808809e-03   1.6530416e-02   2.2956788e-02   2.5991320e-02
  -6.6600000e+01   6.3575523e-94   2.6985965e-34   6.5696859e-14   1.2903573e-06   3.5486605e-04   2.6643057e-03   6.2984560e-03   1.0087914e-02   1.6759474e-02   2.3051001e-02   2.6025722e-02
  -6.6150000e+01   3.6300752e-90   6.6476399e-33   2.3191775e-13   1.9950601e-06   4.1451740e-04   2.8947358e-03   6.7502140e-03   1.0493408e-02   1.6987053e-02   2.3144580e-02   2.6059892e-02
  -6.5700000e+01   1.8113585e-86   1.3101855e-31   7.5176857e-13   3.0526805e-06   4.8244828e-04   3.1382816e-03   7.2089569e-03   1.0897314e-02   1.7213152e-02   2.3237525e-02   2.6093831e-02
  -6.5250000e+01   6.9552058e-83   1.8813540e-30   2.2720127e-12   4.6225862e-06   5.5951589e-04   3.3954132e-03   7.6745477e-03   1.1299586e-02   1.7437768e-02   2.3329835e-02   2.6127537e-02
  -6.4800000e+01  -5.1090827e-79   2.0506852e-30   6.5231490e-12   6.9273534e-06   6.4662099e-04   3.6666033e-03   8.1468409e-03   1.1700175e-02   1.7660899e-02   2.3421512e-02   2.6161012e-02
  -6.4350000e+01  -4.1237546e-74  -1.2912433e-27   1.8240364e-11   1.0273774e-05   7.4470341e-04   3.9523264e-03   8.6256829e-03   1.2099036e-02   1.7882543e-02   2.3512555e-02   2.6194256e-02
  -6.3900000e+01  -1.4563947e-69  -6.8495454e-26   5.1327638e-11   1.5079105e-05   8.5473674e-04   4.2530577e-03   9.1109119e-03   1.2496124e-02   1.8102698e-02   2.3602963e-02   2.6227267e-02
  -6.3450000e+01  -1.0082905e-65  -2.4176242e-24   1.4988532e-10   2.1903183e-05   9.7772192e-04   4.5692717e-03   9.6023578e-03   1.2891392e-02   1.8321363e-02   2.3692738e-02   2.6260047e-02
  -6.3000000e+01  -1.8168284e-62  -5.3707947e-23   4.5633967e-10   3.1486798e-05   1.1146801e-03   4.9014412e-03   1.0099842e-02   1.3284796e-02   1.8538534e-02   2.3781878e-02   2.6292596e-02
  -6.2550000e+01  -4.9997080e-60  -9.2617020e-23   1.4019372e-09   4.4796386e-05   1.2666445e-03   5.2500357e-03   1.0603179e-02   1.3676293e-02   1.8754211e-02   2.3870384e-02   2.6324912e-02
  -6.2100000e+01   1.3892449e-55   1.6595707e-20   4.1464701e-09   6.3074582e-05   1.4346519e-03   5.6155200e-03   1.1112174e-02   1.4065839e-02   1.8968392e-02   2.3958256e-02   2.6356997e-02
  -6.1650000e+01   8.6502664e-52   2.6722615e-19   1.1436667e-08   8.7895471e-05   1.6197338e-03   5.9983528e-03   1.1626625e-02   1.4453392e-02   1.9181074e-02   2.4045494e-02   2.6388851e-02
  -6.1200000e+01   2.7014359e-48   2.6655540e-18   2.9150686e-08   1.2122252e-04   1.8229066e-03   6.3989845e-03   1.2146320e-02   1.4838910e-02   1.9392256e-02   2.4132098e-02   2.6420472e-02
  -6.0750000e+01   2.0891414e-45   2.1252379e-17   6.9083744e-08   1.6546606e-04   2.0451630e-03   6.8178560e-03   1.2671043e-02   1.5222352e-02   1.9601936e-02   2.4218067e-02   2.6451862e-02
  -6.0300000e+01   6.1896493e-43   1.3191549e-16   1.5417611e-07   2.2353616e-04   2.2874627e-03   7.2553964e-03   1.3200567e-02   1.5603677e-02   1.9810112e-02   2.4303402e-02   2.6483020e-02
  -5.9850000e+01  -1.0349330e-40   3.6422101e-16   3.2910129e-07   2.9888519e-04   2.5507245e-03   7.7120210e-03   1.3734660e-02   1.5982845e-02   2.0016784e-02   2.4388104e-02   2.6513947e-02
  -5.9400000e+01  -8.1824851e-37  -6.7715320e-15   6.8427829e-07   3.9553366e-04   2.8358190e-03   8.1881291e-03   1.4273080e-02   1.6359819e-02   2.0221948e-02   2.4472170e-02   2.6544642e-02
  -5.8950000e+01  -1.6383113e-33  -1.7074615e-13   1.4149212e-06   5.1807155e-04   3.1435629e-03   8.6841022e-03   1.4815579e-02   1.6734559e-02   2.0425604e-02   2.4555603e-02   2.6575105e-02
  -5.8500000e+01  -6.4550696e-31  -2.4500266e-12   2.9625461e-06   6.7162708e-04   3.4747143e-03   9.2003010e-03   1.5361903e-02   1.7107027e-02   2.0627750e-02   2.4638401e-02   2.6605336e-02
  -5.8050000e+01  -7.8006622e-29  -2.2037273e-11   6.3055704e-06   8.6179517e-04   3.8299711e-03   9.7370631e-03   1.5911790e-02   1.7477188e-02   2.0828384e-02   2.4720565e-02   2.6635336e-02
  -5.7600000e+01  -2.6228271e-27  -3.1777135e-11   1.3406320e-05   1.0945185e-03   4.2099707e-03   1.0294701e-02   1.6464971e-02   1.7845005e-02   2.1027505e-02   2.4802095e-02   2.6665104e-02
  -5.7150000e+01   2.0760116e-24   1.0040287e-09   2.7642901e-05   1.3759160e-03   4.6152924e-03   1.0873498e-02   1.7021171e-02   1.8210443e-02   2.1225111e-02   2.4882991e-02   2.6694640e-02
  -5.6700000e+01   9.2918094e-22   7.0040995e-09   5.3988938e-05   1.7120580e-03   5.0464626e-03   1.1473708e-02   1.7580109e-02   1.8573468e-02   2.1421202e-02   2.4963252e-02   2.6723945e-02
  -5.6250000e+01   2.3208563e-19   2.8544165e-08   9.9029990e-05   2.1086879e-03   5.5039628e-03   1.2095549e-02   1.8141497e-02   1.8934045e-02   2.1615775e-02   2.5042879e-02   2.6753018e-02
  -5.5800000e+01   1.6483897e-17   9.3360350e-08   1.7123588e-04   2.5708992e-03   5.9882397e-03   1.2739204e-02   1.8705043e-02   1.9292142e-02   2.1808829e-02   2.5121871e-02   2.6781860e-02
  -5.5350000e+01   3.6039332e-16   2.5473323e-07   2.8182596e-04   3.1027786e-03   6.4997183e-03   1.3404816e-02   1.9270447e-02   1.9647727e-02   2.2000363e-02   2.5200230e-02   2.6810469e-02
  -5.4900000e+01   1.1349849e-15   5.0207800e-07   4.4654308e-04   3.7070336e-03   7.0388179e-03   1.4092483e-02   1.9837407e-02   2.0000769e-02   2.2190376e-02   2.5277953e-02   2.6838847e-02
  -5.4450000e+01  -9.3372036e-13  -4.3222020e-08   6.8904624e-04   4.3846265e-03   7.6059689e-03   1.4802262e-02   2.0405612e-02   2.0351236e-02   2.2378866e-02   2.5355043e-02   2.6866994e-02
  -5.4000000e+01  -1.1997049e-10  -7.6226911e-06   1.0467833e-03   5.1344439e-03   8.2016322e-03   1.5534156e-02   2.0974750e-02   2.0699100e-02   2.2565832e-02   2.5431498e-02   2.6894908e-02
  -5.3550000e+01  -3.0640376e-09  -5.1108501e-05   1.5783411e-03   5.9530301e-03   8.8263193e-03   1.6288119e-02   2.1544503e-02   2.1044332e-02   2.2751273e-02   2.5507319e-02   2.6922591e-02
  -5.3100000e+01  -2.5287136e-08  -1.9295883e-04   2.3652082e-03   6.8344188e-03   9.4806125e-03   1.7064050e-02   2.2114549e-02   2.1386903e-02   2.2935188e-02   2.5582505e-02   2.6950043e-02
  -5.2650000e+01  -7.7501374e-08  -1.3640535e-04   3.4941264e-03   7.7700914e-03   1.0165186e-02   1.7861790e-02   2.2684563e-02   2.1726787e-02   2.3117576e-02   2.5657057e-02   2.6977262e-02
  -5.2200000e+01   2.3830018e-06   1.5044009e-03   5.0159824e-03   8.7490867e-03   1.0880822e-02   1.8681119e-02   2.3254215e-02   2.2063956e-02   2.3298434e-02   2.5730975e-02   2.7004250e-02
  -5.1750000e+01   7.7437577e-05   4.5104200e-03   6.9103240e-03   9.7582801e-03   1.1628432e-02   1.9521752e-02   2.3823175e-02   2.2398386e-02   2.3477764e-02   2.5804258e-02   2.7031007e-02
  -5.1300000e+01   1.4163633e-03   7.6693100e-03   9.0931597e-03   1.0782837e-02   1.2409066e-02   2.0383342e-02   2.4391107e-02   2.2730051e-02   2.3655562e-02   2.5876907e-02   2.7057531e-02
  -5.0850000e+01   8.1540082e-03   1.0745526e-02   1.1458167e-02   1.1806834e-02   1.3223926e-02   2.1265469e-02   2.4957675e-02   2.3058928e-02   2.3831829e-02   2.5948921e-02   2.7083824e-02
  -5.0400000e+01   1.3433287e-02   1.3765321e-02   1.3909310e-02   1.2814028e-02   1.4074369e-02   2.2167644e-02   2.5522541e-02   2.3384994e-02   2.4006563e-02   2.6020301e-02   2.7109885e-02
  -4.9950000e+01   1.6697850e-02   1.6761235e-02   1.6367084e-02   1.3788732e-02   1.4961907e-02   2.3089304e-02   2.6085364e-02   2.3708226e-02   2.4179763e-02   2.6091047e-02   2.7135715e-02
  -4.9500000e+01   2.0015582e-02   1.9760213e-02   1.8757524e-02   1.4716771e-02   1.5888203e-02   2.4029811e-02   2.6645804e-02   2.4028602e-02   2.4351428e-02   2.6161158e-02   2.7161313e-02
  -4.9050000e+01   2.5705692e-02   2.2795205e-02   2.0994620e-02   1.5586433e-02   1.6855054e-02   2.4988451e-02   2.7203519e-02   2.4346103e-02   2.4521558e-02   2.6230634e-02   2.7186679e-02
  -4.8600000e+01   3.1892855e-02   2.5924889e-02   2.2961776e-02   1.6389391e-02   1.7864372e-02   2.5964429e-02   2.7758167e-02   2.4660708e-02   2.4690151e-02   2.6299476e-02   2.7211814e-02
  -4.8150000e+01   3.2802076e-02   2.9208959e-02   2.4503546e-02   1.7121497e-02   1.8918158e-02   2.6956874e-02   2.8309407e-02   2.4972399e-02   2.4857207e-02   2.6367684e-02   2.7236717e-02
  -4.7700000e+01   3.2844035e-02   3.2052172e-02   2.5450969e-02   1.7783429e-02   2.0018465e-02   2.7964833e-02   2.8856898e-02   2.5281156e-02   2.5022725e-02   2.6435257e-02   2.7261388e-02
  -4.7250000e+01   3.2843773e-02   3.2079233e-02   2.5691542e-02   1.8381100e-02   2.1167355e-02   2.8987271e-02   2.9400301e-02   2.5586964e-02   2.5186704e-02   2.6502196e-02   2.7285827e-02
  -4.6800000e+01   3.2799233e-02   2.9616679e-02   2.5237755e-02   1.8925829e-02   2.2366852e-02   3.0023074e-02   2.9939276e-02   2.5889805e-02   2.5349142e-02   2.6568500e-02   2.7310035e-02
  -4.6350000e+01   3.1920628e-02   2.6906374e-02   2.4222171e-02   1.9434233e-02   2.3618887e-02   3.1071046e-02   3.0473489e-02   2.6189663e-02   2.5510041e-02   2.6634170e-02   2.7334012e-02
  -4.5900000e+01   2.6654358e-02   2.4346699e-02   2.2825194e-02   1.9927835e-02   2.4925235e-02   3.2129914e-02   3.1002605e-02   2.6486524e-02   2.5669397e-02   2.6699206e-02   2.7357756e-02
  -4.5450000e+01   2.2116096e-02   2.1865292e-02   2.1210286e-02   2.0432426e-02   2.6287457e-02   3.3198322e-02   3.1526293e-02   2.6780372e-02   2.5827212e-02   2.6763606e-02   2.7381269e-02
  -4.5000000e+01   1.9411816e-02   1.9411923e-02   1.9505616e-02   2.0977183e-02   2.7706829e-02   3.4274841e-02   3.2044227e-02   2.7071196e-02   2.5983484e-02   2.6827373e-02   2.7404550e-02
  -4.4550000e+01   1.6707536e-02   1.6958463e-02   1.7817858e-02   2.1593621e-02   2.9184274e-02   3.5357965e-02   3.2556082e-02   2.7358982e-02   2.6138212e-02   2.6890505e-02   2.7427600e-02
  -4.4100000e+01   1.2169275e-02   1.4475942e-02   1.6256732e-02   2.2314414e-02   3.0720300e-02   3.6446114e-02   3.3061541e-02   2.7643719e-02   2.6291396e-02   2.6953002e-02   2.7450418e-02
  -4.3650000e+01   6.9030036e-03   1.1909322e-02   1.4960185e-02   2.3172144e-02   3.2314930e-02   3.7537642e-02   3.3560288e-02   2.7925395e-02   2.6443036e-02   2.7014865e-02   2.7473004e-02
  -4.3200000e+01   6.0243960e-03   9.1727416e-03   1.4109006e-02   2.4198059e-02   3.3967647e-02   3.8630833e-02   3.4052015e-02   2.8203999e-02   2.6593130e-02   2.7076093e-02   2.7495358e-02
  -4.2750000e+01   5.9798423e-03   6.6933178e-03   1.3906368e-02   2.5420869e-02   3.5677334e-02   3.9723911e-02   3.4536419e-02   2.8479523e-02   2.6741678e-02   2.7136687e-02   2.7517481e-02
  -4.2300000e+01   5.9798133e-03   6.9895251e-03   1.4505584e-02   2.6865648e-02   3.7442228e-02   4.0815040e-02   3.5013202e-02   2.8751958e-02   2.6888679e-02   2.7196647e-02   2.7539372e-02
  -4.1850000e+01   6.0314455e-03   1.0485785e-02   1.5929277e-02   2.8552866e-02   3.9259884e-02   4.1902334e-02   3.5482076e-02   2.9021295e-02   2.7034133e-02   2.7255972e-02   2.7561032e-02
  -4.1400000e+01   7.1505058e-03   1.4503830e-02   1.8063861e-02   3.0497585e-02   4.1127142e-02   4.2983856e-02   3.5942757e-02   2.9287527e-02   2.7178040e-02   2.7314662e-02   2.7582460e-02
  -4.0950000e+01   1.4765631e-02   1.8349105e-02   2.0736990e-02   3.2708832e-02   4.3040113e-02   4.4057628e-02   3.6394970e-02   2.9550648e-02   2.7320398e-02   2.7372718e-02   2.7603656e-02
  -4.0500000e+01   2.1768988e-02   2.2083730e-02   2.3797762e-02   3.5189141e-02   4.4994172e-02   4.5121635e-02   3.6838448e-02   2.9810650e-02   2.7461208e-02   2.7430139e-02   2.7624621e-02
  -4.0050000e+01   2.5852434e-02   2.5775397e-02   2.7148562e-02   3.7934278e-02   4.6983964e-02   4.6173831e-02   3.7272933e-02   3.0067530e-02   2.7600468e-02   2.7486926e-02   2.7645354e-02
  -3.9600000e+01   2.9870439e-02   2.9462753e-02   3.0742346e-02   4.0933125e-02   4.9003427e-02   4.7212150e-02   3.7698175e-02   3.0321282e-02   2.7738179e-02   2.7543078e-02   2.7665855e-02
  -3.9150000e+01   3.6368146e-02   3.3170412e-02   3.4573926e-02   4.4167732e-02   5.1045825e-02   4.8234508e-02   3.8113935e-02   3.0571903e-02   2.7874340e-02   2.7598596e-02   2.7686124e-02
  -3.8700000e+01   4.4660799e-02   3.6893903e-02   3.8677828e-02   4.7613522e-02   5.3103791e-02   4.9238811e-02   3.8519984e-02   3.0819388e-02   2.8008950e-02   2.7653480e-02   2.7706162e-02
  -3.8250000e+01   4.6308713e-02   4.0524657e-02   4.3128025e-02   5.1239671e-02   5.5169386e-02   5.0222967e-02   3.8916100e-02   3.1063736e-02   2.8142009e-02   2.7707728e-02   2.7725968e-02
  -3.7800000e+01   4.6400938e-02   4.3930102e-02   4.8021554e-02   5.5009646e-02   5.7234167e-02   5.1184889e-02   3.9302077e-02   3.1304945e-02   2.8273517e-02   2.7761343e-02   2.7745543e-02
  -3.7350000e+01   4.6405603e-02   4.8381841e-02   5.3430988e-02   5.8881942e-02   5.9289265e-02   5.2122504e-02   3.9677716e-02   3.1543013e-02   2.8403473e-02   2.7814322e-02   2.7764886e-02
  -3.6900000e+01   4.6490846e-02   5.5397307e-02   5.9347901e-02   6.2810991e-02   6.1325470e-02   5.3033764e-02   4.0042833e-02   3.1777938e-02   2.8531878e-02   2.7866668e-02   2.7783997e-02
  -3.6450000e+01   4.8529004e-02   6.3292109e-02   6.5671124e-02   6.6748271e-02   6.3333325e-02   5.3916652e-02   4.0397252e-02   3.2009722e-02   2.8658730e-02   2.7918378e-02   2.7802877e-02
  -3.6000000e+01   6.3765555e-02   7.1104627e-02   7.2250897e-02   7.0643585e-02   6.5303219e-02   5.4769189e-02   4.0740814e-02   3.2238364e-02   2.8784029e-02   2.7969454e-02   2.7821525e-02
  -3.5550000e+01   7.8264469e-02   7.8777338e-02   7.8938540e-02   7.4446489e-02   6.7225492e-02   5.5589446e-02   4.1073369e-02   3.2463865e-02   2.8907775e-02   2.8019896e-02   2.7839941e-02
  -3.5100000e+01   8.6637801e-02   8.6378089e-02   8.5603090e-02   7.8107820e-02   6.9090532e-02   5.6375548e-02   4.1394782e-02   3.2686227e-02   2.9029968e-02   2.8069703e-02   2.7858126e-02
  -3.4650000e+01   9.4748927e-02   9.3967984e-02   9.2118217e-02   8.1581278e-02   7.0888876e-02   5.7125684e-02   4.1704932e-02   3.2905451e-02   2.9150607e-02   2.8118876e-02   2.7876078e-02
  -3.4200000e+01   1.0704820e-01   1.0160576e-01   9.8333698e-02   8.4824974e-02   7.2611304e-02   5.7838119e-02   4.2003708e-02   3.3121540e-02   2.9269692e-02   2.8167414e-02   2.7893800e-02
  -3.3750000e+01   1.2489559e-01   1.0938090e-01   1.0403946e-01   8.7802864e-02   7.4248937e-02   5.8511192e-02   4.2291018e-02   3.3334498e-02   2.9387224e-02   2.8215317e-02   2.7911289e-02
  -3.3300000e+01   1.2950572e-01   1.1745091e-01   1.0893809e-01   9.0485982e-02   7.5793320e-02   5.9143334e-02   4.2566781e-02   3.3544327e-02   2.9503200e-02   2.8262586e-02   2.7928547e-02
  -3.2850000e+01   1.2980026e-01   1.2546123e-01   1.1266923e-01   9.2853385e-02   7.7236502e-02   5.9733068e-02   4.2830931e-02   3.3751032e-02   2.9617623e-02   2.8309221e-02   2.7945574e-02
  -3.2400000e+01   1.2981061e-01   1.2932337e-01   1.1493123e-01   9.4892731e-02   7.8571111e-02   6.0279020e-02   4.3083419e-02   3.3954617e-02   2.9730490e-02   2.8355221e-02   2.7962368e-02
  -3.1950000e+01   1.2977426e-01   1.2625119e-01   1.1564804e-01   9.6600426e-02   7.9790412e-02   6.0779923e-02   4.3324207e-02   3.4155086e-02   2.9841802e-02   2.8400586e-02   2.7978931e-02
  -3.1500000e+01   1.2880344e-01   1.2170047e-01   1.1502081e-01   9.7981327e-02   8.0888364e-02   6.1234623e-02   4.3553275e-02   3.4352446e-02   2.9951559e-02   2.8445317e-02   2.7995263e-02
  -3.1050000e+01   1.2108345e-01   1.1753080e-01   1.1340449e-01   9.9047982e-02   8.1859665e-02   6.1642086e-02   4.3770618e-02   3.4546702e-02   3.0059761e-02   2.8489413e-02   2.8011362e-02
  -3.0600000e+01   1.1379769e-01   1.1356306e-01   1.1114610e-01   9.9819459e-02   8.2699783e-02   6.2001405e-02   4.3976245e-02   3.4737860e-02   3.0166407e-02   2.8532875e-02   2.8027230e-02
  -3.0150000e+01   1.0955381e-01   1.0965507e-01   1.0851037e-01   1.0031983e-01   8.3404983e-02   6.2311797e-02   4.4170182e-02   3.4925926e-02   3.0271497e-02   2.8575703e-02   2.8042867e-02
  -2.9700000e+01   1.0550062e-01   1.0575754e-01   1.0568801e-01   1.0057639e-01   8.3972343e-02   6.2572617e-02   4.4352469e-02   3.5110907e-02   3.0375031e-02   2.8617895e-02   2.8058271e-02
  -2.9250000e+01   1.0007288e-01   1.0184549e-01   1.0283372e-01   1.0061777e-01   8.4399763e-02   6.2783353e-02   4.4523164e-02   3.5292810e-02   3.0477010e-02   2.8659454e-02   2.8073444e-02
  -2.8800000e+01   9.0926652e-02   9.7882953e-02   1.0010480e-01   1.0047202e-01   8.4685960e-02   6.2943634e-02   4.4682338e-02   3.5471644e-02   3.0577432e-02   2.8700377e-02   2.8088386e-02
  -2.8350000e+01   8.7134389e-02   9.3781671e-02   9.7688431e-02   1.0016483e-01   8.4830463e-02   6.3053229e-02   4.4830078e-02   3.5647415e-02   3.0676297e-02   2.8740667e-02   2.8103096e-02
  -2.7900000e+01   8.6826637e-02   8.9563069e-02   9.5799018e-02   9.9717977e-02   8.4833599e-02   6.3112051e-02   4.4966489e-02   3.5820132e-02   3.0773607e-02   2.8780322e-02   2.8117574e-02
  -2.7450000e+01   8.6814083e-02   8.7072511e-02   9.4621408e-02   9.9148148e-02   8.4696473e-02   6.3120155e-02   4.5091688e-02   3.5989804e-02   3.0869359e-02   2.8819342e-02   2.8131820e-02
  -2.7000000e+01   8.6830743e-02   8.8522506e-02   9.4221060e-02   9.8466162e-02   8.4420938e-02   6.3077743e-02   4.5205811e-02   3.6156438e-02   3.0963555e-02   2.8857727e-02   2.8145835e-02
  -2.6550000e+01   8.7366811e-02   9.0998119e-02   9.4506101e-02   9.7676676e-02   8.4009572e-02   6.2985158e-02   4.5309005e-02   3.6320044e-02   3.1056195e-02   2.8895479e-02   2.8159618e-02
  -2.6100000e+01   9.1595827e-02   9.3253345e-02   9.5285907e-02   9.6778377e-02   8.3465639e-02   6.2842885e-02   4.5401435e-02   3.6480631e-02   3.1147277e-02   2.8932595e-02   2.8173169e-02
  -2.5650000e+01   9.5212835e-02   9.5394869e-02   9.6359964e-02   9.5764634e-02   8.2793054e-02   6.2651553e-02   4.5483279e-02   3.6638208e-02   3.1236802e-02   2.8969078e-02   2.8186489e-02
  -2.5200000e+01   9.7454984e-02   9.7506783e-02   9.7562235e-02   9.4624569e-02   8.1996344e-02   6.2411927e-02   4.5554733e-02   3.6792784e-02   3.1324771e-02   2.9004925e-02   2.8199577e-02
  -2.4750000e+01   9.9572901e-02   9.9612761e-02   9.8756440e-02   9.3344443e-02   8.1080601e-02   6.2124909e-02   4.5616002e-02   3.6944371e-02   3.1411183e-02   2.9040138e-02   2.8212434e-02
  -2.4300000e+01   1.0168641e-01   1.0172359e-01   9.9808629e-02   9.1909269e-02   8.0051442e-02   6.1791532e-02   4.5667310e-02   3.7092976e-02   3.1496037e-02   2.9074717e-02   2.8225059e-02
  -2.3850000e+01   1.0380230e-01   1.0387270e-01   1.0055308e-01   9.0304526e-02   7.8914958e-02   6.1412959e-02   4.5708891e-02   3.7238611e-02   3.1579334e-02   2.9108661e-02   2.8237452e-02
  -2.3400000e+01   1.0592052e-01   1.0619826e-01   1.0076241e-01   8.8517843e-02   7.7677665e-02   6.0990477e-02   4.5740995e-02   3.7381286e-02   3.1661074e-02   2.9141971e-02   2.8249613e-02
  -2.2950000e+01   1.0807563e-01   1.0888527e-01   1.0015056e-01   8.6540535e-02   7.6346453e-02   6.0525489e-02   4.5763882e-02   3.7521010e-02   3.1741257e-02   2.9174646e-02   2.8261543e-02
  -2.2500000e+01   1.1016011e-01   1.0968421e-01   9.8450004e-02   8.4368883e-02   7.4928533e-02   6.0019516e-02   4.5777827e-02   3.7657794e-02   3.1819883e-02   2.9206687e-02   2.8273242e-02
  -2.2050000e+01   1.0344301e-01   1.0426987e-01   9.5546968e-02   8.2005068e-02   7.3431377e-02   5.9474184e-02   4.5783115e-02   3.7791649e-02   3.1896951e-02   2.9238093e-02   2.8284708e-02
  -2.1600000e+01   9.6657609e-02   9.6971425e-02   9.1554590e-02   7.9457689e-02   7.1862668e-02   5.8891220e-02   4.5780045e-02   3.7922586e-02   3.1972462e-02   2.9268864e-02   2.8295943e-02
  -2.1150000e+01   8.9912338e-02   9.0038125e-02   8.6739557e-02   7.6741864e-02   7.0230237e-02   5.8272449e-02   4.5768923e-02   3.8050614e-02   3.2046416e-02   2.9299002e-02   2.8306946e-02
  -2.0700000e+01   8.3173895e-02   8.3284578e-02   8.1386720e-02   7.3878894e-02   6.8542004e-02   5.7619780e-02   4.5750070e-02   3.8175744e-02   3.2118812e-02   2.9328504e-02   2.8317718e-02
  -2.0250000e+01   7.6442995e-02   7.6571565e-02   7.5721766e-02   7.0895546e-02   6.6805920e-02   5.6935208e-02   4.5723813e-02   3.8297987e-02   3.2189651e-02   2.9357372e-02   2.8328258e-02
  -1.9800000e+01   6.9698070e-02   6.9862729e-02   6.9908064e-02   6.7823016e-02   6.5029907e-02   5.6220798e-02   4.5690491e-02   3.8417354e-02   3.2258933e-02   2.9385606e-02   2.8338566e-02
  -1.9350000e+01   6.2557503e-02   6.3141151e-02   6.4076084e-02   6.4695662e-02   6.3221796e-02   5.5478685e-02   4.5650448e-02   3.8533856e-02   3.2326657e-02   2.9413205e-02   2.8348643e-02
  -1.8900000e+01   5.1038425e-02   5.6374141e-02   5.8356767e-02   6.1549587e-02   6.1389272e-02   5.4711059e-02   4.5604041e-02   3.8647502e-02   3.2392824e-02   2.9440170e-02   2.8358488e-02
  -1.8450000e+01   3.7570332e-02   4.9478400e-02   5.2908393e-02   5.8421191e-02   5.9539817e-02   5.3920166e-02   4.5551629e-02   3.8758304e-02   3.2457434e-02   2.9466500e-02   2.8368101e-02
  -1.8000000e+01   3.5863410e-02   4.2412199e-02   4.7922565e-02   5.5345754e-02   5.7680660e-02   5.3108293e-02   4.5493581e-02   3.8866272e-02   3.2520486e-02   2.9492196e-02   2.8377483e-02
  -1.7550000e+01   3.5810374e-02   3.6522183e-02   4.3585207e-02   5.2356156e-02   5.5818723e-02   5.2277763e-02   4.5430270e-02   3.8971416e-02   3.2581981e-02   2.9517257e-02   2.8386633e-02
  -1.7100000e+01   3.5806177e-02   3.4331355e-02   3.9996336e-02   4.9481773e-02   5.3960582e-02   5.1430930e-02   4.5362075e-02   3.9073748e-02   3.2641918e-02   2.9541684e-02   2.8395552e-02
  -1.6650000e+01   3.5713650e-02   3.3478891e-02   3.7116934e-02   4.6747606e-02   5.2112423e-02   5.0570168e-02   4.5289380e-02   3.9173277e-02   3.2700299e-02   2.9565476e-02   2.8404238e-02
  -1.6200000e+01   3.4572153e-02   3.2435187e-02   3.4804441e-02   4.4173666e-02   5.0280015e-02   4.9697865e-02   4.5212570e-02   3.9270013e-02   3.2757122e-02   2.9588634e-02   2.8412693e-02
  -1.5750000e+01   3.1819048e-02   3.1281639e-02   3.2897244e-02   4.1774602e-02   4.8468682e-02   4.8816415e-02   4.5132035e-02   3.9363967e-02   3.2812388e-02   2.9611157e-02   2.8420917e-02
  -1.5300000e+01   3.0185242e-02   3.0108758e-02   3.1270934e-02   3.9559580e-02   4.6683280e-02   4.7928214e-02   4.5048165e-02   3.9455149e-02   3.2866096e-02   2.9633046e-02   2.8428909e-02
  -1.4850000e+01   2.8965191e-02   2.8935161e-02   2.9848692e-02   3.7532377e-02   4.4928196e-02   4.7035647e-02   4.4961354e-02   3.9543568e-02   3.2918248e-02   2.9654300e-02   2.8436669e-02
  -1.4400000e+01   2.7687740e-02   2.7758849e-02   2.8591184e-02   3.5691646e-02   4.3207336e-02   4.6141091e-02   4.4871994e-02   3.9629234e-02   3.2968842e-02   2.9674920e-02   2.8444197e-02
  -1.3950000e+01   2.5494655e-02   2.6569704e-02   2.7486952e-02   3.4031332e-02   4.1524134e-02   4.5246897e-02   4.4780476e-02   3.9712157e-02   3.3017879e-02   2.9694906e-02   2.8451494e-02
  -1.3500000e+01   2.3170864e-02   2.5344175e-02   2.6548301e-02   3.2541197e-02   3.9881563e-02   4.4355395e-02   4.4687193e-02   3.9792346e-02   3.3065359e-02   2.9714257e-02   2.8458560e-02
  -1.3050000e+01   2.2878656e-02   2.4064550e-02   2.5807052e-02   3.1207419e-02   3.8282158e-02   4.3468880e-02   4.4592531e-02   3.9869810e-02   3.3111282e-02   2.9732973e-02   2.8465393e-02
  -1.2600000e+01   2.2867738e-02   2.3053322e-02   2.5300074e-02   3.0013240e-02   3.6728036e-02   4.2589612e-02   4.4496877e-02   3.9944559e-02   3.3155647e-02   2.9751055e-02   2.8471995e-02
  -1.2150000e+01   2.2868425e-02   2.3127792e-02   2.5042979e-02   2.8939656e-02   3.5220934e-02   4.1719808e-02   4.4400613e-02   4.0016600e-02   3.3198456e-02   2.9768502e-02   2.8478365e-02
  -1.1700000e+01   2.2891191e-02   2.3789618e-02   2.5010911e-02   2.7966115e-02   3.3762243e-02   4.0861636e-02   4.4304116e-02   4.0085943e-02   3.3239708e-02   2.9785316e-02   2.8484504e-02
  -1.1250000e+01   2.3247257e-02   2.4438988e-02   2.5146332e-02   2.7071228e-02   3.2353048e-02   4.0017216e-02   4.4207757e-02   4.0152596e-02   3.3279402e-02   2.9801494e-02   2.8490411e-02
  -1.0800000e+01   2.4625703e-02   2.5045299e-02   2.5383638e-02   2.6233475e-02   3.0994171e-02   3.9188609e-02   4.4111901e-02   4.0216567e-02   3.3317540e-02   2.9817038e-02   2.8496086e-02
  -1.0350000e+01   2.5575638e-02   2.5635829e-02   2.5665997e-02   2.5431896e-02   2.9686220e-02   3.8377819e-02   4.4016908e-02   4.0277863e-02   3.3354121e-02   2.9831948e-02   2.8501530e-02
  -9.9000000e+00   2.6202101e-02   2.6221772e-02   2.5946699e-02   2.4646756e-02   2.8429628e-02   3.7586783e-02   4.3923128e-02   4.0336493e-02   3.3389145e-02   2.9846223e-02   2.8506742e-02
  -9.4500000e+00   2.6848816e-02   2.6809293e-02   2.6181488e-02   2.3860170e-02   2.7224701e-02   3.6817376e-02   4.3830902e-02   4.0392464e-02   3.3422612e-02   2.9859864e-02   2.8511723e-02
  -9.0000000e+00   2.7968642e-02   2.7409349e-02   2.6317625e-02   2.3056672e-02   2.6071660e-02   3.6071401e-02   4.3740563e-02   4.0445782e-02   3.3454522e-02   2.9872870e-02   2.8516471e-02
  -8.5500000e+00   2.9145441e-02   2.8055678e-02   2.6282849e-02   2.2223712e-02   2.4970676e-02   3.5350589e-02   4.3652433e-02   4.0496455e-02   3.3484876e-02   2.9885242e-02   2.8520988e-02
  -8.1000000e+00   2.9302880e-02   2.8805497e-02   2.5981643e-02   2.1352050e-02   2.3921909e-02   3.4656597e-02   4.3566826e-02   4.0544489e-02   3.3513673e-02   2.9896979e-02   2.8525274e-02
  -7.6500000e+00   2.9309515e-02   2.9291494e-02   2.5313212e-02   2.0436045e-02   2.2925537e-02   3.3991006e-02   4.3484039e-02   4.0589891e-02   3.3540912e-02   2.9908082e-02   2.8529328e-02
  -7.2000000e+00   2.9307446e-02   2.8015154e-02   2.4215412e-02   1.9473813e-02   2.1981776e-02   3.3355318e-02   4.3404362e-02   4.0632665e-02   3.3566596e-02   2.9918551e-02   2.8533150e-02
  -6.7500000e+00   2.9240459e-02   2.5309958e-02   2.2702993e-02   1.8467243e-02   2.1090904e-02   3.2750954e-02   4.3328069e-02   4.0672819e-02   3.3590722e-02   2.9928385e-02   2.8536740e-02
  -6.3000000e+00   2.8045649e-02   2.2471205e-02   2.0858956e-02   1.7421873e-02   2.0253269e-02   3.2179256e-02   4.3255423e-02   4.0710357e-02   3.3613292e-02   2.9937584e-02   2.8540099e-02
  -5.8500000e+00   2.2033229e-02   1.9721219e-02   1.8789244e-02   1.6346624e-02   1.9469299e-02   3.1641481e-02   4.3186671e-02   4.0745284e-02   3.3634305e-02   2.9946149e-02   2.8543226e-02
  -5.4000000e+00   1.7322199e-02   1.7025654e-02   1.6586138e-02   1.5253409e-02   1.8739497e-02   3.1138803e-02   4.3122046e-02   4.0777604e-02   3.3653762e-02   2.9954080e-02   2.8546122e-02
  -4.9500000e+00   1.4409026e-02   1.4352024e-02   1.4319509e-02   1.4156637e-02   1.8064440e-02   3.0672312e-02   4.3061767e-02   4.0807323e-02   3.3671662e-02   2.9961376e-02   2.8548786e-02
  -4.5000000e+00   1.1448407e-02   1.1676128e-02   1.2045249e-02   1.3072631e-02   1.7444766e-02   3.0243011e-02   4.3006035e-02   4.0834444e-02   3.3688005e-02   2.9968038e-02   2.8551218e-02
  -4.0500000e+00   6.3707669e-03   8.9722212e-03   9.8183742e-03   1.2019001e-02   1.6881159e-02   2.9851820e-02   4.2955038e-02   4.0858971e-02   3.3702792e-02   2.9974065e-02   2.8553419e-02
  -3.6000000e+00   8.4957689e-04   6.2058554e-03   7.7053467e-03   1.1013983e-02   1.6374333e-02   2.9499569e-02   4.2908945e-02   4.0880907e-02   3.3716022e-02   2.9979458e-02   2.8555388e-02
  -3.1500000e+00   3.8235065e-05   3.3680992e-03   5.7902000e-03   1.0075796e-02   1.5925008e-02   2.9187004e-02   4.2867910e-02   4.0900256e-02   3.3727696e-02   2.9984216e-02   2.8557125e-02
  -2.7000000e+00   8.3421070e-07   8.4313802e-04   4.1636487e-03   9.2220221e-03   1.5533893e-02   2.8914783e-02   4.2832069e-02   4.0917019e-02   3.3737813e-02   2.9988340e-02   2.8558631e-02
  -2.2500000e+00  -6.6641247e-08  -1.9750400e-04   2.8899538e-03   8.4690392e-03   1.5201656e-02   2.8683475e-02   4.2801539e-02   4.0931199e-02   3.3746374e-02   2.9991830e-02   2.8559905e-02
  -1.8000000e+00  -1.3473461e-08  -1.3227963e-04   1.9739693e-03   7.8315267e-03   1.4928910e-02   2.8493565e-02   4.2776422e-02   4.0942798e-02   3.3753378e-02   2.9994685e-02   2.8560947e-02
  -1.3500000e+00  -1.3898649e-09  -3.0684996e-05   1.3638601e-03   7.3220457e-03   1.4716185e-02   2.8345447e-02   4.2756800e-02   4.0951818e-02   3.3758826e-02   2.9996905e-02   2.8561758e-02
  -9.0000000e-01  -4.6106165e-11  -3.8329501e-06   9.8718004e-04   6.9507016e-03   1.4563915e-02   2.8239428e-02   4.2742739e-02   4.0958260e-02   3.3762717e-02   2.9998491e-02   2.8562337e-02
  -4.5000000e-01  -3.2360418e-13   4.7185638e-07   7.8426076e-04   6.7248888e-03   1.4472422e-02   2.8175729e-02   4.2734283e-02   4.0962125e-02   3.3765052e-02   2.9999443e-02   2.8562685e-02
   0.0000000e+00   4.9700692e-15   8.2486019e-07   7.2028528e-04   6.6491134e-03   1.4441902e-02   2.8154482e-02   4.2731462e-02   4.0963414e-02   3.3765830e-02   2.9999760e-02   2.8562801e-02
   4.5000000e-01  -3.2360418e-13   4.7185638e-07   7.8426076e-04   6.7248888e-03   1.4472422e-02   2.8175729e-02   4.2734283e-02   4.0962125e-02   3.3765052e-02   2.9999443e-02   2.8562685e-02
   9.0000000e-01  -4.6106165e-11  -3.8329501e-06   9.8718004e-04   6.9507016e-03   1.4563915e-02   2.8239428e-02   4.2742739e-02   4.0958260e-02   3.3762717e-02   2.9998491e-02   2.8562337e-02
   1.3500000e+00  -1.3898649e-09  -3.0684996e-05   1.3638601e-03   7.3220457e-03   1.4716185e-02   2.8345447e-02   4.2756800e-02   4.0951818e-02   3.3758826e-02   2.9996905e-02   2.8561758e-02
   1.8000000e+00  -1.3473461e-08  -1.3227963e-04   1.9739693e-03   7.8315267e-03   1.4928910e-02   2.8493565e-02   4.2776422e-02   4.0942798e-02   3.3753378e-02   2.9994685e-02   2.8560947e-02
   2.2500000e+00  -6.6641247e-08  -1.9750400e-04   2.8899538e-03   8.4690392e-03   1.5201656e-02   2.8683475e-02   4.2801539e-02   4.0931199e-02   3.3746374e-02   2.9991830e-02   2.8559905e-02
   2.7000000e+00   8.3421070e-07   8.4313802e-04   4.1636487e-03   9.2220221e-03   1.5533893e-02   2.8914783e-02   4.2832069e-02   4.0917019e-02   3.3737813e-02   2.9988340e-02   2.8558631e-02
   3.1500000e+00   3.8235065e-05   3.3680992e-03   5.7902000e-03   1.0075796e-02   1.5925008e-02   2.9187004e-02   4.2867910e-02   4.0900256e-02   3.3727696e-02   2.9984216e-02   2.8557125e-02
   3.6000000e+00   8.4957689e-04   6.2058554e-03   7.7053467e-03   1.1013983e-02   1.6374333e-02   2.9499569e-02   4.2908945e-02   4.0880907e-02   3.3716022e-02   2.9979458e-02   2.8555388e-02
   4.0500000e+00   6.3707669e-03   8.9722212e-03   9.8183742e-03   1.2019001e-02   1.6881159e-02   2.9851820e-02   4.2955038e-02   4.0858971e-02   3.3702792e-02   2.9974065e-02   2.8553419e-02
   4.5000000e+00   1.1448407e-02   1.1676128e-02   1.2045249e-02   1.3072631e-02   1.7444766e-02   3.0243011e-02   4.3006035e-02   4.0834444e-02   3.3688005e-02   2.9968038e-02   2.8551218e-02
   4.9500000e+00   1.4409026e-02   1.4352024e-02   1.4319509e-02   1.4156637e-02   1.8064440e-02   3.0672312e-02   4.3061767e-02   4.0807323e-02   3.3671662e-02   2.9961376e-02   2.8548786e-02
   5.4000000e+00   1.7322199e-02   1.7025654e-02   1.6586138e-02   1.5253409e-02   1.8739497e-02   3.1138803e-02   4.3122046e-02   4.0777604e-02   3.3653762e-02   2.9954080e-02   2.8546122e-02
   5.8500000e+00   2.2033229e-02   1.9721219e-02   1.8789244e-02   1.6346624e-02   1.9469299e-02   3.1641481e-02   4.3186671e-02   4.0745284e-02   3.3634305e-02   2.9946149e-02   2.8543226e-02
   6.3000000e+00   2.8045649e-02   2.2471205e-02   2.0858956e-02   1.7421873e-02   2.0253269e-02   3.2179256e-02   4.3255423e-02   4.0710357e-02   3.3613292e-02   2.9937584e-02   2.8540099e-02
   6.7500000e+00   2.9240459e-02   2.5309958e-02   2.2702993e-02   1.8467243e-02   2.1090904e-02   3.2750954e-02   4.3328069e-02   4.0672819e-02   3.3590722e-02   2.9928385e-02   2.8536740e-02
   7.2000000e+00   2.9307446e-02   2.8015154e-02   2.4215412e-02   1.9473813e-02   2.1981776e-02   3.3355318e-02   4.3404362e-02   4.0632665e-02   3.3566596e-02   2.9918551e-02   2.8533150e-02
   7.6500000e+00   2.9309515e-02   2.9291494e-02   2.5313212e-02   2.0436045e-02   2.2925537e-02   3.3991006e-02   4.3484039e-02   4.0589891e-02   3.3540912e-02   2.9908082e-02   2.8529328e-02
   8.1000000e+00   2.9302880e-02   2.8805497e-02   2.5981643e-02   2.1352050e-02   2.3921909e-02   3.4656597e-02   4.3566826e-02   4.0544489e-02   3.3513673e-02   2.9896979e-02   2.8525274e-02
   8.5500000e+00   2.9145441e-02   2.8055678e-02   2.6282849e-02   2.2223712e-02   2.4970676e-02   3.5350589e-02   4.3652433e-02   4.0496455e-02   3.3484876e-02   2.9885242e-02   2.8520988e-02
   9.0000000e+00   2.7968642e-02   2.7409349e-02   2.6317625e-02   2.3056672e-02   2.6071660e-02   3.6071401e-02   4.3740563e-02   4.0445782e-02   3.3454522e-02   2.9872870e-02   2.8516471e-02
   9.4500000e+00   2.6848816e-02   2.6809293e-02   2.6181488e-02   2.3860170e-02   2.7224701e-02   3.6817376e-02   4.3830902e-02   4.0392464e-02   3.3422612e-02   2.9859864e-02   2.8511723e-02
   9.9000000e+00   2.6202101e-02   2.6221772e-02   2.5946699e-02   2.4646756e-02   2.8429628e-02   3.7586783e-02   4.3923128e-02   4.0336493e-02   3.3389145e-02   2.9846223e-02   2.8506742e-02
   1.0350000e+01   2.5575638e-02   2.5635829e-02   2.5665997e-02   2.5431896e-02   2.9686220e-02   3.8377819e-02   4.4016908e-02   4.0277863e-02   3.3354121e-02   2.9831948e-02   2.8501530e-02
   1.0800000e+01   2.4625703e-02   2.5045299e-02   2.5383638e-02   2.6233475e-02   3.0994171e-02   3.9188609e-02   4.4111901e-02   4.0216567e-02   3.3317540e-02   2.9817038e-02   2.8496086e-02
   1.1250000e+01   2.3247257e-02   2.4438988e-02   2.5146332e-02   2.7071228e-02   3.2353048e-02   4.0017216e-02   4.4207757e-02   4.0152596e-02   3.3279402e-02   2.9801494e-02   2.8490411e-02
   1.1700000e+01   2.2891191e-02   2.3789618e-02   2.5010911e-02   2.7966115e-02   3.3762243e-02   4.0861636e-02   4.4304116e-02   4.0085943e-02   3.3239708e-02   2.9785316e-02   2.8484504e-02
   1.2150000e+01   2.2868425e-02   2.3127792e-02   2.5042979e-02   2.8939656e-02   3.5220934e-02   4.1719808e-02   4.4400613e-02   4.0016600e-02   3.3198456e-02   2.9768502e-02   2.8478365e-02
   1.2600000e+01   2.2867738e-02   2.3053322e-02   2.5300074e-02   3.0013240e-02   3.6728036e-02   4.2589612e-02   4.4496877e-02   3.9944559e-02   3.3155647e-02   2.9751055e-02   2.8471995e-02
   1.3050000e+01   2.2878656e-02   2.4064550e-02   2.5807052e-02   3.1207419e-02   3.8282158e-02   4.3468880e-02   4.4592531e-02   3.9869810e-02   3.3111282e-02   2.9732973e-02   2.8465393e-02
   1.3500000e+01   2.3170864e-02   2.5344175e-02   2.6548301e-02   3.2541197e-02   3.9881563e-02   4.4355395e-02   4.4687193e-02   3.9792346e-02   3.3065359e-02   2.9714257e-02   2.8458560e-02
   1.3950000e+01   2.5494655e-02   2.6569704e-02   2.7486952e-02   3.4031332e-02   4.1524134e-02   4.5246897e-02   4.4780476e-02   3.9712157e-02   3.3017879e-02   2.9694906e-02   2.8451494e-02
   1.4400000e+01   2.7687740e-02   2.7758849e-02   2.8591184e-02   3.5691646e-02   4.3207336e-02   4.6141091e-02   4.4871994e-02   3.9629234e-02   3.2968842e-02   2.9674920e-02   2.8444197e-02
   1.4850000e+01   2.8965191e-02   2.8935161e-02   2.9848692e-02   3.7532377e-02   4.4928196e-02   4.7035647e-02   4.4961354e-02   3.9543568e-02   3.2918248e-02   2.9654300e-02   2.8436669e-02
   1.5300000e+01   3.0185242e-02   3.0108758e-02   3.1270934e-02   3.9559580e-02   4.6683280e-02   4.7928214e-02   4.5048165e-02   3.9455149e-02   3.2866096e-02   2.9633046e-02   2.8428909e-02
   1.5750000e+01   3.1819048e-02   3.1281639e-02   3.2897244e-02   4.1774602e-02   4.8468682e-02   4.8816415e-02   4.5132035e-02   3.9363967e-02   3.2812388e-02   2.9611157e-02   2.8420917e-02
   1.6200000e+01   3.4572153e-02   3.2435187e-02   3.4804441e-02   4.4173666e-02   5.0280015e-02   4.9697865e-02   4.5212570e-02   3.9270013e-02   3.2757122e-02   2.9588634e-02   2.8412693e-02
   1.6650000e+01   3.5713650e-02   3.3478891e-02   3.7116934e-02   4.6747606e-02   5.2112423e-02   5.0570168e-02   4.5289380e-02   3.9173277e-02   3.2700299e-02   2.9565476e-02   2.8404238e-02
   1.7100000e+01   3.5806177e-02   3.4331355e-02   3.9996336e-02   4.9481773e-02   5.3960582e-02   5.1430930e-02   4.5362075e-02   3.9073748e-02   3.2641918e-02   2.9541684e-02   2.8395552e-02
   1.7550000e+01   3.5810374e-02   3.6522183e-02   4.3585207e-02   5.2356156e-02   5.5818723e-02   5.2277763e-02   4.5430270e-02   3.8971416e-02   3.2581981e-02   2.9517257e-02   2.8386633e-02
   1.8000000e+01   3.5863410e-02   4.2412199e-02   4.7922565e-02   5.5345754e-02   5.7680660e-02   5.3108293e-02   4.5493581e-02   3.8866272e-02   3.2520486e-02   2.9492196e-02   2.8377483e-02
   1.8450000e+01   3.7570332e-02   4.9478400e-02   5.2908393e-02   5.8421191e-02   5.9539817e-02   5.3920166e-02   4.5551629e-02   3.8758304e-02   3.2457434e-02   2.9466500e-02   2.8368101e-02
   1.8900000e+01   5.1038425e-02   5.6374141e-02   5.8356767e-02   6.1549587e-02   6.1389272e-02   5.4711059e-02   4.5604041e-02   3.8647502e-02   3.2392824e-02   2.9440170e-02   2.8358488e-02
   1.9350000e+01   6.2557503e-02   6.3141151e-02   6.4076084e-02   6.4695662e-02   6.3221796e-02   5.5478685e-02   4.5650448e-02   3.8533856e-02   3.2326657e-02   2.9413205e-02   2.8348643e-02
   1.9800000e+01   6.9698070e-02   6.9862729e-02   6.9908064e-02   6.7823016e-02   6.5029907e-02   5.6220798e-02   4.5690491e-02   3.8417354e-02   3.2258933e-02   2.9385606e-02   2.8338566e-02
   2.0250000e+01   7.6442995e-02   7.6571565e-02   7.5721766e-02   7.0895546e-02   6.6805920e-02   5.6935208e-02   4.5723813e-02   3.8297987e-02   3.2189651e-02   2.9357372e-02   2.8328258e-02
   2.0700000e+01   8.3173895e-02   8.3284578e-02   8.1386720e-02   7.3878894e-02   6.8542004e-02   5.7619780e-02   4.5750070e-02   3.8175744e-02   3.2118812e-02   2.9328504e-02   2.8317718e-02
   2.1150000e+01   8.9912338e-02   9.0038125e-02   8.6739557e-02   7.6741864e-02   7.0230237e-02   5.8272449e-02   4.5768923e-02   3.8050614e-02   3.2046416e-02   2.9299002e-02   2.8306946e-02
   2.1600000e+01   9.6657609e-02   9.6971425e-02   9.1554590e-02   7.9457689e-02   7.1862668e-02   5.8891220e-02   4.5780045e-02   3.7922586e-02   3.1972462e-02   2.9268864e-02   2.8295943e-02
   2.2050000e+01   1.0344301e-01   1.0426987e-01   9.5546968e-02   8.2005068e-02   7.3431377e-02   5.9474184e-02   4.5783115e-02   3.7791649e-02   3.1896951e-02   2.9238093e-02   2.8284708e-02
   2.2500000e+01   1.1016011e-01   1.0968421e-01   9.8450004e-02   8.4368883e-02   7.4928533e-02   6.0019516e-02   4.5777827e-02   3.7657794e-02   3.1819883e-02   2.9206687e-02   2.8273242e-02
   2.2950000e+01   1.0807563e-01   1.0888527e-01   1.0015056e-01   8.6540535e-02   7.6346453e-02   6.0525489e-02   4.5763882e-02   3.7521010e-02   3.1741257e-02   2.9174646e-02   2.8261543e-02
   2.3400000e+01   1.0592052e-01   1.0619826e-01   1.0076241e-01   8.8517843e-02   7.7677665e-02   6.0990477e-02   4.5740995e-02   3.7381286e-02   3.1661074e-02   2.9141971e-02   2.8249613e-02
   2.3850000e+01   1.0380230e-01   1.0387270e-01   1.0055308e-01   9.0304526e-02   7.8914958e-02   6.1412959e-02   4.5708891e-02   3.7238611e-02   3.1579334e-02   2.9108661e-02   2.8237452e-02
   2.4300000e+01   1.0168641e-01   1.0172359e-01   9.9808629e-02   9.1909269e-02   8.0051442e-02   6.1791532e-02   4.5667310e-02   3.7092976e-02   3.1496037e-02   2.9074717e-02   2.8225059e-02
   2.4750000e+01   9.9572901e-02   9.9612761e-02   9.8756440e-02   9.3344443e-02   8.1080601e-02   6.2124909e-02   4.5616002e-02   3.6944371e-02   3.1411183e-02   2.9040138e-02   2.8212434e-02
   2.5200000e+01   9.7454984e-02   9.7506783e-02   9.7562235e-02   9.4624569e-02   8.1996344e-02   6.2411927e-02   4.5554733e-02   3.6792784e-02   3.1324771e-02   2.9004925e-02   2.8199577e-02
   2.5650000e+01   9.5212835e-02   9.5394869e-02   9.6359964e-02   9.5764634e-02   8.2793054e-02   6.2651553e-02   4.5483279e-02   3.6638208e-02   3.1236802e-02   2.8969078e-02   2.8186489e-02
   2.6100000e+01   9.1595827e-02   9.3253345e-02   9.5285907e-02   9.6778377e-02   8.3465639e-02   6.2842885e-02   4.5401435e-02   3.6480631e-02   3.1147277e-02   2.8932595e-02   2.8173169e-02
   2.6550000e+01   8.7366811e-02   9.0998119e-02   9.4506101e-02   9.7676676e-02   8.4009572e-02   6.2985158e-02   4.5309005e-02   3.6320044e-02   3.1056195e-02   2.8895479e-02   2.8159618e-02
   2.7000000e+01   8.6830743e-02   8.8522506e-02   9.4221060e-02   9.8466162e-02   8.4420938e-02   6.3077743e-02   4.5205811e-02   3.6156438e-02   3.0963555e-02   2.8857727e-02   2.8145835e-02
   2.7450000e+01   8.6814083e-02   8.7072511e-02   9.4621408e-02   9.9148148e-02   8.4696473e-02   6.3120155e-02   4.5091688e-02   3.5989804e-02   3.0869359e-02   2.8819342e-02   2.8131820e-02
   2.7900000e+01   8.6826637e-02   8.9563069e-02   9.5799018e-02   9.9717977e-02   8.4833599e-02   6.3112051e-02   4.4966489e-02   3.5820132e-02   3.0773607e-02   2.8780322e-02   2.8117574e-02
   2.8350000e+01   8.7134389e-02   9.3781671e-02   9.7688431e-02   1.0016483e-01   8.4830463e-02   6.3053229e-02   4.4830078e-02   3.5647415e-02   3.0676297e-02   2.8740667e-02   2.8103096e-02
   2.8800000e+01   9.0926652e-02   9.7882953e-02   1.0010480e-01   1.0047202e-01   8.4685960e-02   6.2943634e-02   4.4682338e-02   3.5471644e-02   3.0577432e-02   2.8700377e-02   2.8088386e-02
   2.9250000e+01   1.0007288e-01   1.0184549e-01   1.0283372e-01   1.0061777e-01   8.4399763e-02   6.2783353e-02   4.4523164e-02   3.5292810e-02   3.0477010e-02   2.8659454e-02   2.8073444e-02
   2.9700000e+01   1.0550062e-01   1.0575754e-01   1.0568801e-01   1.0057639e-01   8.3972343e-02   6.2572617e-02   4.4352469e-02   3.5110907e-02   3.0375031e-02   2.8617895e-02   2.8058271e-02
   3.0150000e+01   1.0955381e-01   1.0965507e-01   1.0851037e-01   1.0031983e-01   8.3404983e-02   6.2311797e-02   4.4170182e-02   3.4925926e-02   3.0271497e-02   2.8575703e-02   2.8042867e-02
   3.0600000e+01   1.1379769e-01   1.1356306e-01   1.1114610e-01   9.9819459e-02   8.2699783e-02   6.2001405e-02   4.3976245e-02   3.4737860e-02   3.0166407e-02   2.8532875e-02   2.8027230e-02
   3.1050000e+01   1.2108345e-01   1.1753080e-01   1.1340449e-01   9.9047982e-02   8.1859665e-02   6.1642086e-02   4.3770618e-02   3.4546702e-02   3.0059761e-02   2.8489413e-02   2.8011362e-02
   3.1500000e+01   1.2880344e-01   1.2170047e-01   1.1502081e-01   9.7981327e-02   8.0888364e-02   6.1234623e-02   4.3553275e-02   3.4352446e-02   2.9951559e-02   2.8445317e-02   2.7995263e-02
   3.1950000e+01   1.2977426e-01   1.2625119e-01   1.1564804e-01   9.6600426e-02   7.9790412e-02   6.0779923e-02   4.3324207e-02   3.4155086e-02   2.9841802e-02   2.8400586e-02   2.7978931e-02
   3.2400000e+01   1.2981061e-01   1.2932337e-01   1.1493123e-01   9.4892731e-02   7.8571111e-02   6.0279020e-02   4.3083419e-02   3.3954617e-02   2.9730490e-02   2.8355221e-02   2.7962368e-02
   3.2850000e+01   1.2980026e-01   1.2546123e-01   1.1266923e-01   9.2853385e-02   7.7236502e-02   5.9733068e-02   4.2830931e-02   3.3751032e-02   2.9617623e-02   2.8309221e-02   2.7945574e-02
   3.3300000e+01   1.2950572e-01   1.1745091e-01   1.0893809e-01   9.0485982e-02   7.5793320e-02   5.9143334e-02   4.2566781e-02   3.3544327e-02   2.9503200e-02   2.8262586e-02   2.7928547e-02
   3.3750000e+01   1.2489559e-01   1.0938090e-01   1.0403946e-01   8.7802864e-02   7.4248937e-02   5.8511192e-02   4.2291018e-02   3.3334498e-02   2.9387224e-02   2.8215317e-02   2.7911289e-02
   3.4200000e+01   1.0704820e-01   1.0160576e-01   9.8333698e-02   8.4824974e-02   7.2611304e-02   5.7838119e-02   4.2003708e-02   3.3121540e-02   2.9269692e-02   2.8167414e-02   2.7893800e-02
   3.4650000e+01   9.4748927e-02   9.3967984e-02   9.2118217e-02   8.1581278e-02   7.0888876e-02   5.7125684e-02   4.1704932e-02   3.2905451e-02   2.9150607e-02   2.8118876e-02   2.7876078e-02
   3.5100000e+01   8.6637801e-02   8.6378089e-02   8.5603090e-02   7.8107820e-02   6.9090532e-02   5.6375548e-02   4.1394782e-02   3.2686227e-02   2.9029968e-02   2.8069703e-02   2.7858126e-02
   3.5550000e+01   7.8264469e-02   7.8777338e-02   7.8938540e-02   7.4446489e-02   6.7225492e-02   5.5589446e-02   4.1073369e-02   3.2463865e-02   2.8907775e-02   2.8019896e-02   2.7839941e-02
   3.6000000e+01   6.3765555e-02   7.1104627e-02   7.2250897e-02   7.0643585e-02   6.5303219e-02   5.4769189e-02   4.0740814e-02   3.2238364e-02   2.8784029e-02   2.7969454e-02   2.7821525e-02
   3.6450000e+01   4.8529004e-02   6.3292109e-02   6.5671124e-02   6.6748271e-02   6.3333325e-02   5.3916652e-02   4.0397252e-02   3.2009722e-02   2.8658730e-02   2.7918378e-02   2.7802877e-02
   3.6900000e+01   4.6490846e-02   5.5397307e-02   5.9347901e-02   6.2810991e-02   6.1325470e-02   5.3033764e-02   4.0042833e-02   3.1777938e-02   2.8531878e-02   2.7866668e-02   2.7783997e-02
   3.7350000e+01   4.6405603e-02   4.8381841e-02   5.3430988e-02   5.8881942e-02   5.9289265e-02   5.2122504e-02   3.9677716e-02   3.1543013e-02   2.8403473e-02   2.7814322e-02   2.7764886e-02
   3.7800000e+01   4.6400938e-02   4.3930102e-02   4.8021554e-02   5.5009646e-02   5.7234167e-02   5.1184889e-02   3.9302077e-02   3.1304945e-02   2.8273517e-02   2.7761343e-02   2.7745543e-02
   3.8250000e+01   4.6308713e-02   4.0524657e-02   4.3128025e-02   5.1239671e-02   5.5169386e-02   5.0222967e-02   3.8916100e-02   3.1063736e-02   2.8142009e-02   2.7707728e-02   2.7725968e-02
   3.8700000e+01   4.4660799e-02   3.6893903e-02   3.8677828e-02   4.7613522e-02   5.3103791e-02   4.9238811e-02   3.8519984e-02   3.0819388e-02   2.8008950e-02   2.7653480e-02   2.7706162e-02
   3.9150000e+01   3.6368146e-02   3.3170412e-02   3.4573926e-02   4.4167732e-02   5.1045825e-02   4.8234508e-02   3.8113935e-02   3.0571903e-02   2.7874340e-02   2.7598596e-02   2.7686124e-02
   3.9600000e+01   2.9870439e-02   2.9462753e-02   3.0742346e-02   4.0933125e-02   4.9003427e-02   4.7212150e-02   3.7698175e-02   3.0321282e-02   2.7738179e-02   2.7543078e-02   2.7665855e-02
   4.0050000e+01   2.5852434e-02   2.5775397e-02   2.7148562e-02   3.7934278e-02   4.6983964e-02   4.6173831e-02   3.7272933e-02   3.0067530e-02   2.7600468e-02   2.7486926e-02   2.7645354e-02
   4.0500000e+01   2.1768988e-02   2.2083730e-02   2.3797762e-02   3.5189141e-02   4.4994172e-02   4.5121635e-02   3.6838448e-02   2.9810650e-02   2.7461208e-02   2.7430139e-02   2.7624621e-02
   4.0950000e+01   1.4765631e-02   1.8349105e-02   2.0736990e-02   3.2708832e-02   4.3040113e-02   4.4057628e-02   3.6394970e-02   2.9550648e-02   2.7320398e-02   2.7372718e-02   2.7603656e-02
   4.1400000e+01   7.1505058e-03   1.4503830e-02   1.8063861e-02   3.0497585e-02   4.1127142e-02   4.2983856e-02   3.5942757e-02   2.9287527e-02   2.7178040e-02   2.7314662e-02   2.7582460e-02
   4.1850000e+01   6.0314455e-03   1.0485785e-02   1.5929277e-02   2.8552866e-02   3.9259884e-02   4.1902334e-02   3.5482076e-02   2.9021295e-02   2.7034133e-02   2.7255972e-02   2.7561032e-02
   4.2300000e+01   5.9798133e-03   6.9895251e-03   1.4505584e-02   2.6865648e-02   3.7442228e-02   4.0815040e-02   3.5013202e-02   2.8751958e-02   2.6888679e-02   2.7196647e-02   2.7539372e-02
   4.2750000e+01   5.9798423e-03   6.6933178e-03   1.3906368e-02   2.5420869e-02   3.5677334e-02   3.9723911e-02   3.4536419e-02   2.8479523e-02   2.6741678e-02   2.7136687e-02   2.7517481e-02
   4.3200000e+01   6.0243960e-03   9.1727416e-03   1.4109006e-02   2.4198059e-02   3.3967647e-02   3.8630833e-02   3.4052015e-02   2.8203999e-02   2.6593130e-02   2.7076093e-02   2.7495358e-02
   4.3650000e+01   6.9030036e-03   1.1909322e-02   1.4960185e-02   2.3172144e-02   3.2314930e-02   3.7537642e-02   3.3560288e-02   2.7925395e-02   2.6443036e-02   2.7014865e-02   2.7473004e-02
   4.4100000e+01   1.2169275e-02   1.4475942e-02   1.6256732e-02   2.2314414e-02   3.0720300e-02   3.6446114e-02   3.3061541e-02   2.7643719e-02   2.6291396e-02   2.6953002e-02   2.7450418e-02
   4.4550000e+01   1.6707536e-02   1.6958463e-02   1.7817858e-02   2.1593621e-02   2.9184274e-02   3.5357965e-02   3.2556082e-02   2.7358982e-02   2.6138212e-02   2.6890505e-02   2.7427600e-02
   4.5000000e+01   1.9411816e-02   1.9411923e-02   1.9505616e-02   2.0977183e-02   2.7706829e-02   3.4274841e-02   3.2044227e-02   2.7071196e-02   2.5983484e-02   2.6827373e-02   2.7404550e-02
   4.5450000e+01   2.2116096e-02   2.1865292e-02   2.1210286e-02   2.0432426e-02   2.6287457e-02   3.3198322e-02   3.1526293e-02   2.6780372e-02   2.5827212e-02   2.6763606e-02   2.7381269e-02
   4.5900000e+01   2.6654358e-02   2.4346699e-02   2.2825194e-02   1.9927835e-02   2.4925235e-02   3.2129914e-02   3.1002605e-02   2.6486524e-02   2.5669397e-02   2.6699206e-02   2.7357756e-02
   4.6350000e+01   3.1920628e-02   2.6906374e-02   2.4222171e-02   1.9434233e-02   2.3618887e-02   3.1071046e-02   3.0473489e-02   2.6189663e-02   2.5510041e-02   2.6634170e-02   2.7334012e-02
   4.6800000e+01   3.2799233e-02   2.9616679e-02   2.5237755e-02   1.8925829e-02   2.2366852e-02   3.0023074e-02   2.9939276e-02   2.5889805e-02   2.5349142e-02   2.6568500e-02   2.7310035e-02
   4.7250000e+01   3.2843773e-02   3.2079233e-02   2.5691542e-02   1.8381100e-02   2.1167355e-02   2.8987271e-02   2.9400301e-02   2.5586964e-02   2.5186704e-02   2.6502196e-02   2.7285827e-02
   4.7700000e+01   3.2844035e-02   3.2052172e-02   2.5450969e-02   1.7783429e-02   2.0018465e-02   2.7964833e-02   2.8856898e-02   2.5281156e-02   2.5022725e-02   2.6435257e-02   2.7261388e-02
   4.8150000e+01   3.2802076e-02   2.9208959e-02   2.4503546e-02   1.7121497e-02   1.8918158e-02   2.6956874e-02   2.8309407e-02   2.4972399e-02   2.4857207e-02   2.6367684e-02   2.7236717e-02
   4.8600000e+01   3.1892855e-02   2.5924889e-02   2.2961776e-02   1.6389391e-02   1.7864372e-02   2.5964429e-02   2.7758167e-02   2.4660708e-02   2.4690151e-02   2.6299476e-02   2.7211814e-02
   4.9050000e+01   2.5705692e-02   2.2795205e-02   2.0994620e-02   1.5586433e-02   1.6855054e-02   2.4988451e-02   2.7203519e-02   2.4346103e-02   2.4521558e-02   2.6230634e-02   2.7186679e-02
   4.9500000e+01   2.0015582e-02   1.9760213e-02   1.8757524e-02   1.4716771e-02   1.5888203e-02   2.4029811e-02   2.6645804e-02   2.4028602e-02   2.4351428e-02   2.6161158e-02   2.7161313e-02
   4.9950000e+01   1.6697850e-02   1.6761235e-02   1.6367084e-02   1.3788732e-02   1.4961907e-02   2.3089304e-02   2.6085364e-02   2.3708226e-02   2.4179763e-02   2.6091047e-02   2.7135715e-02
   5.0400000e+01   1.3433287e-02   1.3765321e-02   1.3909310e-02   1.2814028e-02   1.4074369e-02   2.2167644e-02   2.5522541e-02   2.3384994e-02   2.4006563e-02   2.6020301e-02   2.7109885e-02
   5.0850000e+01   8.1540082e-03   1.0745526e-02   1.1458167e-02   1.1806834e-02   1.3223926e-02   2.1265469e-02   2.4957675e-02   2.3058928e-02   2.3831829e-02   2.5948921e-02   2.7083824e-02
   5.1300000e+01   1.4163633e-03   7.6693100e-03   9.0931597e-03   1.0782837e-02   1.2409066e-02   2.0383342e-02   2.4391107e-02   2.2730051e-02   2.3655562e-02   2.5876907e-02   2.7057531e-02
   5.1750000e+01   7.7437577e-05   4.5104200e-03   6.9103240e-03   9.7582801e-03   1.1628432e-02   1.9521752e-02   2.3823175e-02   2.2398386e-02   2.3477764e-02   2.5804258e-02   2.7031007e-02
   5.2200000e+01   2.3830018e-06   1.5044009e-03   5.0159824e-03   8.7490867e-03   1.0880822e-02   1.8681119e-02   2.3254215e-02   2.2063956e-02   2.3298434e-02   2.5730975e-02   2.7004250e-02
   5.2650000e+01  -7.7501374e-08  -1.3640535e-04   3.4941264e-03   7.7700914e-03   1.0165186e-02   1.7861790e-02   2.2684563e-02   2.1726787e-02   2.3117576e-02   2.5657057e-02   2.6977262e-02
   5.3100000e+01  -2.5287136e-08  -1.9295883e-04   2.3652082e-03   6.8344188e-03   9.4806125e-03   1.7064050e-02   2.2114549e-02   2.1386903e-02   2.2935188e-02   2.5582505e-02   2.6950043e-02
   5.3550000e+01  -3.0640376e-09  -5.1108501e-05   1.5783411e-03   5.9530301e-03   8.8263193e-03   1.6288119e-02   2.1544503e-02   2.1044332e-02   2.2751273e-02   2.5507319e-02   2.6922591e-02
   5.4000000e+01  -1.1997049e-10  -7.6226911e-06   1.0467833e-03   5.1344439e-03   8.2016322e-03   1.5534156e-02   2.0974750e-02   2.0699100e-02   2.2565832e-02   2.5431498e-02   2.6894908e-02
   5.4450000e+01  -9.3372036e-13  -4.3222020e-08   6.8904624e-04   4.3846265e-03   7.6059689e-03   1.4802262e-02   2.0405612e-02   2.0351236e-02   2.2378866e-02   2.5355043e-02   2.6866994e-02
   5.4900000e+01   1.1349849e-15   5.0207800e-07   4.4654308e-04   3.7070336e-03   7.0388179e-03   1.4092483e-02   1.9837407e-02   2.0000769e-02   2.2190376e-02   2.5277953e-02   2.6838847e-02
   5.5350000e+01   3.6039332e-16   2.5473323e-07   2.8182596e-04   3.1027786e-03   6.4997183e-03   1.3404816e-02   1.9270447e-02   1.9647727e-02   2.2000363e-02   2.5200230e-02   2.6810469e-02
   5.5800000e+01   1.6483897e-17   9.3360350e-08   1.7123588e-04   2.5708992e-03   5.9882397e-03   1.2739204e-02   1.8705043e-02   1.9292142e-02   2.1808829e-02   2.5121871e-02   2.6781860e-02
   5.6250000e+01   2.3208563e-19   2.8544165e-08   9.9029990e-05   2.1086879e-03   5.5039628e-03   1.2095549e-02   1.8141497e-02   1.8934045e-02   2.1615775e-02   2.5042879e-02   2.6753018e-02
   5.6700000e+01   9.2918094e-22   7.0040995e-09   5.3988938e-05   1.7120580e-03   5.0464626e-03   1.1473708e-02   1.7580109e-02   1.8573468e-02   2.1421202e-02   2.4963252e-02   2.6723945e-02
   5.7150000e+01   2.0760116e-24   1.0040287e-09   2.7642901e-05   1.3759160e-03   4.6152924e-03   1.0873498e-02   1.7021171e-02   1.8210443e-02   2.1225111e-02   2.4882991e-02   2.6694640e-02
   5.7600000e+01  -2.6228271e-27  -3.1777135e-11   1.3406320e-05   1.0945185e-03   4.2099707e-03   1.0294701e-02   1.6464971e-02   1.7845005e-02   2.1027505e-02   2.4802095e-02   2.6665104e-02
   5.8050000e+01  -7.8006622e-29  -2.2037273e-11   6.3055704e-06   8.6179517e-04   3.8299711e-03   9.7370631e-03   1.5911790e-02   1.7477188e-02   2.0828384e-02   2.4720565e-02   2.6635336e-02
   5.8500000e+01  -6.4550696e-31  -2.4500266e-12   2.9625461e-06   6.7162708e-04   3.4747143e-03   9.2003010e-03   1.5361903e-02   1.7107027e-02   2.0627750e-02   2.4638401e-02   2.6605336e-02
   5.8950000e+01  -1.6383113e-33  -1.7074615e-13   1.4149212e-06   5.1807155e-04   3.1435629e-03   8.6841022e-03   1.4815579e-02   1.6734559e-02   2.0425604e-02   2.4555603e-02   2.6575105e-02
   5.9400000e+01  -8.1824851e-37  -6.7715320e-15   6.8427829e-07   3.9553366e-04   2.8358190e-03   8.1881291e-03   1.4273080e-02   1.6359819e-02   2.0221948e-02   2.4472170e-02   2.6544642e-02
   5.9850000e+01  -1.0349330e-40   3.6422101e-16   3.2910129e-07   2.9888519e-04   2.5507245e-03   7.7120210e-03   1.3734660e-02   1.5982845e-02   2.0016784e-02   2.4388104e-02   2.6513947e-02
   6.0300000e+01   6.1896493e-43   1.3191549e-16   1.5417611e-07   2.2353616e-04   2.2874627e-03   7.2553964e-03   1.3200567e-02   1.5603677e-02   1.9810112e-02   2.4303402e-02   2.6483020e-02
   6.0750000e+01   2.0891414e-45   2.1252379e-17   6.9083744e-08   1.6546606e-04   2.0451630e-03   6.8178560e-03   1.2671043e-02   1.5222352e-02   1.9601936e-02   2.4218067e-02   2.6451862e-02
   6.1200000e+01   2.7014359e-48   2.6655540e-18   2.9150686e-08   1.2122252e-04   1.8229066e-03   6.3989845e-03   1.2146320e-02   1.4838910e-02   1.9392256e-02   2.4132098e-02   2.6420472e-02
   6.1650000e+01   8.6502664e-52   2.6722615e-19   1.1436667e-08   8.7895471e-05   1.6197338e-03   5.9983528e-03   1.1626625e-02   1.4453392e-02   1.9181074e-02   2.4045494e-02   2.6388851e-02
   6.2100000e+01   1.3892449e-55   1.6595707e-20   4.1464701e-09   6.3074582e-05   1.4346519e-03   5.6155200e-03   1.1112174e-02   1.4065839e-02   1.8968392e-02   2.3958256e-02   2.6356997e-02
   6.2550000e+01  -4.9997080e-60  -9.2617020e-23   1.4019372e-09   4.4796386e-05   1.2666445e-03   5.2500357e-03   1.0603179e-02   1.3676293e-02   1.8754211e-02   2.3870384e-02   2.6324912e-02
   6.3000000e+01  -1.8168284e-62  -5.3707947e-23   4.5633967e-10   3.1486798e-05   1.1146801e-03   4.9014412e-03   1.0099842e-02   1.3284796e-02   1.8538534e-02   2.3781878e-02   2.6292596e-02
   6.3450000e+01  -1.0082905e-65  -2.4176242e-24   1.4988532e-10   2.1903183e-05   9.7772192e-04   4.5692717e-03   9.6023578e-03   1.2891392e-02   1.8321363e-02   2.3692738e-02   2.6260047e-02
   6.3900000e+01  -1.4563947e-69  -6.8495454e-26   5.1327638e-11   1.5079105e-05   8.5473674e-04   4.2530577e-03   9.1109119e-03   1.2496124e-02   1.8102698e-02   2.3602963e-02   2.6227267e-02
   6.4350000e+01  -4.1237546e-74  -1.2912433e-27   1.8240364e-11   1.0273774e-05   7.4470341e-04   3.9523264e-03   8.6256829e-03   1.2099036e-02   1.7882543e-02   2.3512555e-02   2.6194256e-02
   6.4800000e+01  -5.1090827e-79   2.0506852e-30   6.5231490e-12   6.9273534e-06   6.4662099e-04   3.6666033e-03   8.1468409e-03   1.1700175e-02   1.7660899e-02   2.3421512e-02   2.6161012e-02
   6.5250000e+01   6.9552058e-83   1.8813540e-30   2.2720127e-12   4.6225862e-06   5.5951589e-04   3.3954132e-03   7.6745477e-03   1.1299586e-02   1.7437768e-02   2.3329835e-02   2.6127537e-02
   6.5700000e+01   1.8113585e-86   1.3101855e-31   7.5176857e-13   3.0526805e-06   4.8244828e-04   3.1382816e-03   7.2089569e-03   1.0897314e-02   1.7213152e-02   2.3237525e-02   2.6093831e-02
   6.6150000e+01   3.6300752e-90   6.6476399e-33   2.3191775e-13   1.9950601e-06   4.1451740e-04   2.8947358e-03   6.7502140e-03   1.0493408e-02   1.6987053e-02   2.3144580e-02   2.6059892e-02
   6.6600000e+01   6.3575523e-94   2.6985965e-34   6.5696859e-14   1.2903573e-06   3.5486605e-04   2.6643057e-03   6.2984560e-03   1.0087914e-02   1.6759474e-02   2.3051001e-02   2.6025722e-02
   6.7050000e+01   8.2977413e-98   7.1871596e-36   1.6928623e-14   8.2593540e-07   3.0268393e-04   2.4465250e-03   5.8538118e-03   9.6808809e-03   1.6530416e-02   2.2956788e-02   2.5991320e-02
   6.7500000e+01  1.4518971e-107   6.9139660e-39   3.9916285e-15   5.2320072e-07   2.5721013e-04   2.2409318e-03   5.4164020e-03   9.2723571e-03   1.6299883e-02   2.2861941e-02   2.5956687e-02
   6.7950000e+01 -2.3145702e-107  -3.2135665e-39   8.9197264e-16   3.2800601e-07   2.1773465e-04   2.0470694e-03   4.9863390e-03   8.8623917e-03   1.6067875e-02   2.2766461e-02   2.5921821e-02
   6.8400000e+01 -4.9461705e-113  -5.8356403e-41   2.0157117e-16   2.0351289e-07   1.8359908e-04   1.8644871e-03   4.5637273e-03   8.4510346e-03   1.5834395e-02   2.2670346e-02   2.5886725e-02
   6.8850000e+01 -7.8691576e-119  -6.5754504e-43   4.8809097e-17   1.2496945e-07   1.5419648e-04   1.6927409e-03   4.1486629e-03   8.0383359e-03   1.5599446e-02   2.2573598e-02   2.5851396e-02
   6.9300000e+01 -1.0822807e-124  -5.2439289e-45   1.2680145e-17   7.5948969e-08   1.2897069e-04   1.5313938e-03   3.7412340e-03   7.6243462e-03   1.5363031e-02   2.2476215e-02   2.5815836e-02
   6.9750000e+01 -9.6839257e-131  -1.1346030e-47   3.3738562e-18   4.5682395e-08   1.0741489e-04   1.3800165e-03   3.3415209e-03   7.2091168e-03   1.5125150e-02   2.2378199e-02   2.5780044e-02
   7.0200000e+01  5.2795520e-136   7.1213190e-49   8.7551768e-19   2.7194804e-08   8.9069849e-05   1.2381878e-03   2.9495959e-03   6.7926993e-03   1.4885808e-02   2.2279549e-02   2.5744020e-02
   7.0650000e+01  9.2058564e-141   2.1464073e-50   2.1447552e-19   1.6022577e-08   7.3521679e-05   1.1054950e-03   2.5655234e-03   6.3751456e-03   1.4645006e-02   2.2180265e-02   2.5707765e-02
   7.1100000e+01  8.9393750e-146   4.3343400e-52   4.8563583e-20   9.3429820e-09   6.0399330e-05   9.8153439e-04   2.1893603e-03   5.9565083e-03   1.4402747e-02   2.2080347e-02   2.5671278e-02
   7.1550000e+01  1.7261168e-151   6.8934109e-54   1.0000099e-20   5.3918862e-09   4.9371884e-05   8.6591127e-04   1.8211559e-03   5.5368402e-03   1.4159033e-02   2.1979796e-02   2.5634559e-02
   7.2000000e+01  8.6978642e-158   7.3596894e-56   1.8511320e-21   3.0795773e-09   4.0145710e-05   7.5824046e-04   1.4609519e-03   5.1161945e-03   1.3913868e-02   2.1878611e-02   2.5597608e-02
   7.2450000e+01  6.9606320e-165   1.1583192e-58   3.0870545e-22   1.7407124e-09   3.2461569e-05   6.5814643e-04   1.1087829e-03   4.6946250e-03   1.3667254e-02   2.1776792e-02   2.5560426e-02
   7.2900000e+01 -5.1377127e-170  -4.4223141e-60   4.7953869e-23   9.7372207e-10   2.6091707e-05   5.6526352e-04   7.6467598e-04   4.2721855e-03   1.3419193e-02   2.1674339e-02   2.5523012e-02
   7.3350000e+01 -8.9581847e-176  -3.4764967e-62   7.4872046e-24   5.3900948e-10   2.0837010e-05   4.7923606e-04   4.2865137e-04   3.8489303e-03   1.3169689e-02   2.1571253e-02   2.5485367e-02
   7.3800000e+01 -7.8146273e-182  -1.5918454e-64   1.2776895e-24   2.9524678e-10   1.6524236e-05   3.9971855e-04   1.0072226e-04   3.4249141e-03   1.2918743e-02   2.1467533e-02   2.5447490e-02
   7.4250000e+01 -1.6723252e-188  -5.2304033e-67   2.4156962e-25   1.6001669e-10   1.3003376e-05   3.2637571e-04  -2.1910489e-04   3.0001916e-03   1.2666360e-02   2.1363179e-02   2.5409381e-02
   7.4700000e+01 -1.2147453e-195  -7.4434667e-70   4.7615360e-26   8.5799971e-11   1.0145162e-05   2.5888258e-04  -5.3083028e-04   2.5748182e-03   1.2412542e-02   2.1258192e-02   2.5371040e-02
   7.5150000e+01  2.2213325e-202   7.1387805e-72   9.1618145e-27   4.5507537e-11   7.8387280e-06   1.9692451e-04  -8.3446057e-04   2.1488492e-03   1.2157292e-02   2.1152572e-02   2.5332468e-02
   7.5600000e+01  2.6610034e-208   9.4275122e-74   1.6536375e-27   2.3870572e-11   5.9894499e-06   1.4019725e-04  -1.1300087e-03   1.7223403e-03   1.1900613e-02   2.1046318e-02   2.5293663e-02
   7.6050000e+01  1.4479272e-214   7.5308238e-76   2.7371366e-28   1.2379520e-11   4.5169556e-06   8.8406873e-05  -1.4174938e-03   1.2953473e-03   1.1642507e-02   2.0939430e-02   2.5254628e-02
   7.6500000e+01  1.5912286e-221   4.6647263e-78   4.0858833e-29   6.3451799e-12   3.3533141e-06   4.1269791e-05  -1.6969410e-03   8.6792635e-04   1.1382979e-02   2.0831909e-02   2.5215360e-02
   7.6950000e+01  5.3908667e-229   1.9868506e-80   5.4270164e-30   3.2126820e-12   2.4413966e-06  -1.4873100e-06  -1.9683810e-03   4.4013369e-04   1.1122031e-02   2.0723754e-02   2.5175861e-02
   7.7400000e+01  5.2820042e-237   2.0382844e-83   6.3990544e-31   1.6057912e-12   1.7334041e-06  -4.0127537e-05  -2.2318503e-03   1.2025732e-05   1.0859666e-02   2.0614966e-02   2.5136130e-02
   7.7850000e+01 -1.0956031e-243  -1.6204012e-85   6.8937200e-32   7.9163889e-13   1.1895532e-06  -7.4903872e-05  -2.4873909e-03  -4.1634097e-04   1.0595888e-02   2.0505545e-02   2.5096168e-02
   7.8300000e+01 -1.3805667e-250  -5.5901558e-88   7.3765917e-33   3.8447837e-13   7.7691156e-07  -1.0605928e-04  -2.7350498e-03  -8.4490974e-04   1.0330700e-02   2.0395491e-02   2.5055973e-02
   7.8750000e+01 -9.6480819e-258  -1.0370946e-90   8.7909553e-34   1.8366771e-13   4.6837071e-07  -1.3382682e-04  -2.9748792e-03  -1.2736238e-03   1.0064105e-02   2.0284803e-02   2.5015547e-02
   7.9200000e+01 -1.8972478e-265  -1.3819914e-93   1.2079099e-34   8.6110935e-14   2.4174738e-07  -1.5842979e-04  -3.2069361e-03  -1.7024263e-03   9.7961064e-03   2.0173482e-02   2.4974890e-02
   7.9650000e+01 -1.0299466e-273  -9.7567111e-97   1.7698698e-35   3.9500582e-14   7.9000324e-08  -1.8008184e-04  -3.4312823e-03  -2.1312602e-03   9.5267081e-03   2.0061527e-02   2.4934000e-02
   8.0100000e+01  6.3663443e-282   1.8768933e-99   2.5330383e-36   1.7648076e-14  -3.4447457e-08  -1.9898720e-04  -3.6479840e-03  -2.5600687e-03   9.2559132e-03   1.9948940e-02   2.4892879e-02
   8.0550000e+01  5.8613743e-289  1.1318522e-101   3.3749124e-37   7.6260731e-15  -1.1029205e-07  -2.1534076e-04  -3.8571117e-03  -2.9887947e-03   8.9837254e-03   1.9835719e-02   2.4851526e-02
   8.1000000e+01  1.9631502e-296  3.5930897e-104   4.0883492e-38   3.1505112e-15  -1.5784782e-07  -2.2932834e-04  -4.0587400e-03  -3.4173812e-03   8.7101482e-03   1.9721865e-02   2.4809942e-02
   8.1450000e+01  1.3905872e-304  8.7051095e-107   4.4272786e-39   1.2180939e-15  -1.8447213e-07  -2.4112682e-04  -4.2529474e-03  -3.8457712e-03   8.4351853e-03   1.9607378e-02   2.4768126e-02
   8.1900000e+01  3.2138287e-313  1.4838212e-109   4.2156117e-40   4.2082605e-16  -1.9592451e-07  -2.5090436e-04  -4.4398161e-03  -4.2739078e-03   8.1588402e-03   1.9492259e-02   2.4726078e-02
   8.2350000e+01   0.0000000e+00  8.1319004e-113   3.4876786e-41   1.1326688e-16  -1.9666868e-07  -2.5882063e-04  -4.6194321e-03  -4.7017339e-03   7.8811168e-03   1.9376506e-02   2.4683798e-02
   8.2800000e+01   0.0000000e+00 -1.6018940e-115   2.5280473e-42   7.4669024e-18  -1.9012488e-07  -2.6502700e-04  -4.7918844e-03  -5.1291929e-03   7.6020188e-03   1.9260120e-02   2.4641287e-02
   8.3250000e+01   0.0000000e+00 -2.4585655e-118   1.7040440e-43  -2.0685551e-17  -1.7887947e-07  -2.6966676e-04  -4.9572653e-03  -5.5562279e-03   7.3215500e-03   1.9143101e-02   2.4598544e-02
   8.3700000e+01   0.0000000e+00 -1.8432644e-121   1.2225870e-44  -2.2248780e-17  -1.6485785e-07  -2.7287539e-04  -5.1156700e-03  -5.9827822e-03   7.0397143e-03   1.9025450e-02   2.4555569e-02
   8.4150000e+01   0.0000000e+00 -9.8654517e-125   1.0486223e-45  -1.6823453e-17  -1.4946618e-07  -2.7478075e-04  -5.2671968e-03  -6.4087994e-03   6.7565157e-03   1.8907165e-02   2.4512363e-02
   8.4600000e+01   0.0000000e+00 -3.1356881e-128   1.0046973e-46  -1.1089096e-17  -1.3370676e-07  -2.7550334e-04  -5.4119462e-03  -6.8342231e-03   6.4719581e-03   1.8788248e-02   2.4468924e-02
   8.5050000e+01   0.0000000e+00  1.2529170e-131   9.0168032e-48  -6.7781365e-18  -1.1827125e-07  -2.7515654e-04  -5.5500214e-03  -7.2589969e-03   6.1860454e-03   1.8668698e-02   2.4425255e-02
   8.5500000e+01   0.0000000e+00  3.7260429e-134   6.0809728e-49  -3.9458009e-18  -1.0361537e-07  -2.7384683e-04  -5.6815277e-03  -7.6830650e-03   5.8987819e-03   1.8548516e-02   2.4381353e-02
   8.5950000e+01   0.0000000e+00  4.7329216e-137   6.1565783e-51  -2.2185201e-18  -9.0018325e-08  -2.7167410e-04  -5.8065725e-03  -8.1063714e-03   5.6101717e-03   1.8427700e-02   2.4337220e-02
   8.6400000e+01   0.0000000e+00  4.5321154e-140  -7.4614907e-51  -1.2148545e-18  -7.7629659e-08  -2.6873181e-04  -5.9252653e-03  -8.5288604e-03   5.3202188e-03   1.8306253e-02   2.4292855e-02
   8.6850000e+01   0.0000000e+00  3.2249148e-143  -1.7889613e-51  -6.5143996e-19  -6.6505737e-08  -2.6510731e-04  -6.0377171e-03  -8.9504768e-03   5.0289276e-03   1.8184172e-02   2.4248258e-02
   8.7300000e+01   0.0000000e+00  9.9400211e-147  -3.0225662e-52  -3.4335639e-19  -5.6637952e-08  -2.6088206e-04  -6.1440407e-03  -9.3711653e-03   4.7363024e-03   1.8061460e-02   2.4203429e-02
   8.7750000e+01   0.0000000e+00 -1.4307804e-149  -4.3950680e-53  -1.7837066e-19  -4.7974200e-08  -2.5613185e-04  -6.2443500e-03  -9.7908710e-03   4.4423474e-03   1.7938114e-02   2.4158369e-02
   8.8200000e+01   0.0000000e+00 -2.8237721e-152  -5.8528679e-54  -9.1518241e-20  -4.0435019e-08  -2.5092710e-04  -6.3387604e-03  -1.0209539e-02   4.1470670e-03   1.7814137e-02   2.4113077e-02
   8.8650000e+01   0.0000000e+00 -2.7797435e-155  -7.3430827e-55  -4.6451541e-20  -3.3925490e-08  -2.4533306e-04  -6.4273884e-03  -1.0627116e-02   3.8504658e-03   1.7689527e-02   2.4067554e-02
   8.9100000e+01   0.0000000e+00 -2.0371780e-158  -8.8136465e-56  -2.3354155e-20  -2.8343852e-08  -2.3941006e-04  -6.5103514e-03  -1.1043547e-02   3.5525481e-03   1.7564284e-02   2.4021798e-02
   8.9550000e+01   0.0000000e+00 -1.2872022e-161  -1.0212039e-56  -1.1642907e-20  -2.3587547e-08  -2.3321374e-04  -6.5877676e-03  -1.1458779e-02   3.2533186e-03   1.7438410e-02   2.3975811e-02
   9.0000000e+01   0.0000000e+00 -7.5276378e-165  -1.1483481e-57  -5.7607228e-21  -1.9557324e-08  -2.2679531e-04  -6.6597558e-03  -1.1872758e-02   2.9527818e-03   1.7311903e-02   2.3929592e-02
