  -9.0000000e+01 -8.0131485e-134  -2.7951479e-46  -5.1542987e-17  -1.9736963e-07  -2.8558135e-04  -2.7730438e-03  -4.5843949e-03  -7.1695615e-03   3.0590189e-03   1.7393197e-02   2.3998240e-02
  -8.9550000e+01 -4.1886985e-129  -1.0557508e-44  -1.2151814e-16  -2.4854207e-07  -2.9165791e-04  -2.6618401e-03  -4.3584729e-03  -6.8549261e-03   3.3445370e-03   1.7517923e-02   2.4043582e-02
  -8.9100000e+01 -2.1114715e-124  -3.6903255e-43  -2.7717091e-16  -3.0972962e-07  -2.9621243e-04  -2.5448641e-03  -4.1311939e-03  -6.5394246e-03   3.6290661e-03   1.7642039e-02   2.4088698e-02
  -8.8650000e+01 -9.9437441e-120  -1.1118201e-41  -6.0684186e-16  -3.8129923e-07  -2.9896211e-04  -2.4220961e-03  -3.9025648e-03  -6.2230676e-03   3.9125995e-03   1.7765544e-02   2.4133587e-02
  -8.8200000e+01 -4.0266717e-115  -2.4910800e-40  -1.2572561e-15  -4.6264802e-07  -2.9959831e-04  -2.2935258e-03  -3.6725920e-03  -5.9058658e-03   4.1951302e-03   1.7888438e-02   2.4178249e-02
  -8.7750000e+01 -9.7026159e-111  -2.7619831e-39  -2.3969930e-15  -5.5154934e-07  -2.9778597e-04  -2.1591524e-03  -3.4412809e-03  -5.5878306e-03   4.4766516e-03   1.8010720e-02   2.4222684e-02
  -8.7300000e+01  5.3823710e-106   4.4466258e-38  -3.9391195e-15  -6.4321416e-07  -2.9316324e-04  -2.0189852e-03  -3.2086363e-03  -5.2689735e-03   4.7571568e-03   1.8132392e-02   2.4266893e-02
  -8.6850000e+01  1.2061867e-100   3.1424497e-36  -4.4247976e-15  -7.2897591e-07  -2.8534138e-04  -1.8730432e-03  -2.9746619e-03  -4.9493063e-03   5.0366392e-03   1.8253451e-02   2.4310874e-02
  -8.6400000e+01   1.2679070e-95   9.8275955e-35   2.6506535e-15  -7.9448801e-07  -2.7390496e-04  -1.7213557e-03  -2.7393607e-03  -4.6288411e-03   5.3150920e-03   1.8373898e-02   2.4354629e-02
  -8.5950000e+01   4.4128128e-91   2.3174283e-33   3.9683196e-14  -8.1730323e-07  -2.5841239e-04  -1.5639623e-03  -2.5027347e-03  -4.3075905e-03   5.5925085e-03   1.8493734e-02   2.4398157e-02
  -8.5500000e+01   3.4497373e-87   4.2936701e-32   1.7499525e-13  -7.6368487e-07  -2.3839672e-04  -1.4009129e-03  -2.2647852e-03  -3.9855672e-03   5.8688822e-03   1.8612957e-02   2.4441457e-02
  -8.5050000e+01   8.5932056e-84   4.6714646e-31   6.0444773e-13  -5.8448391e-07  -2.1336693e-04  -1.2322677e-03  -2.0255124e-03  -3.6627844e-03   6.1442063e-03   1.8731567e-02   2.4484531e-02
  -8.4600000e+01  -5.0854429e-79  -8.7648516e-30   1.8826397e-12  -2.0990397e-07  -1.8280952e-04  -1.0580973e-03  -1.7849158e-03  -3.3392556e-03   6.4184744e-03   1.8849564e-02   2.4527379e-02
  -8.4150000e+01  -2.2549898e-74  -8.4095602e-28   5.6438735e-12   4.5702754e-07  -1.4619062e-04  -8.7848242e-04  -1.5429938e-03  -3.0149944e-03   6.6916799e-03   1.8966949e-02   2.4569999e-02
  -8.3700000e+01  -2.4219968e-70  -3.6776174e-26   1.7049776e-11   1.5484583e-06  -1.0295843e-04  -6.9351411e-04  -1.2997442e-03  -2.6900152e-03   6.9638162e-03   1.9083720e-02   2.4612392e-02
  -8.3250000e+01  -7.9966935e-67  -1.1022497e-24   5.3086898e-11   3.2413364e-06  -5.2546231e-05  -5.0329328e-04  -1.0551636e-03  -2.3643322e-03   7.2348769e-03   1.9199877e-02   2.4654559e-02
  -8.2800000e+01  -1.4507661e-63  -1.5629293e-23   1.6794952e-10   5.7687837e-06   5.6242275e-06  -3.0793065e-04  -8.0924780e-04  -2.0379604e-03   7.5048555e-03   1.9315421e-02   2.4696498e-02
  -8.2350000e+01   3.2434561e-60   2.0002558e-22   5.1849760e-10   9.4332780e-06   7.2138827e-05  -1.0754644e-04  -5.6199174e-04  -1.7109148e-03   7.7737456e-03   1.9430351e-02   2.4738211e-02
  -8.1900000e+01   5.9413122e-56   7.6950021e-21   1.5047447e-09   1.4621625e-05   1.4758675e-04   9.7729916e-05  -3.1338944e-04  -1.3832108e-03   8.0415408e-03   1.9544667e-02   2.4779697e-02
  -8.1450000e+01   4.2852416e-52   1.0045932e-19   4.0344753e-09   2.1821583e-05   2.3255568e-04   3.0776016e-04  -6.3434016e-05  -1.0548644e-03   8.3082348e-03   1.9658368e-02   2.4820956e-02
  -8.1000000e+01   1.0102812e-48   9.4253034e-19   1.0001541e-08   3.1639842e-05   3.2762661e-04   5.2239760e-04   1.8788228e-04  -7.2589157e-04   8.5738212e-03   1.9771454e-02   2.4861987e-02
  -8.0550000e+01   5.0872230e-46   7.0993974e-18   2.3167069e-08   4.4820873e-05   4.3336821e-04   7.4148757e-04   4.4056809e-04  -3.9630883e-04   8.8382938e-03   1.9883926e-02   2.4902792e-02
  -8.0100000e+01   1.1167887e-43   3.7298669e-17   5.0869638e-08   6.2265924e-05   5.5033087e-04   9.6486797e-04   6.9463287e-04  -6.6132994e-05   9.1016462e-03   1.9995783e-02   2.4943370e-02
  -7.9650000e+01  -1.8052658e-40  -3.8558258e-17   1.0767905e-07   8.5051145e-05   6.7904037e-04   1.1923698e-03   9.5008697e-04   2.6461878e-04   9.3638724e-03   2.0107025e-02   2.4983721e-02
  -7.9200000e+01  -5.9062524e-37  -4.9897341e-15   2.2410413e-07   1.1444359e-04   8.1999132e-04   1.4238177e-03   1.2069415e-03   5.9592900e-04   9.6249660e-03   2.0217651e-02   2.5023845e-02
  -7.8750000e+01  -5.0303938e-34  -9.4026405e-14   4.6816744e-07   1.5191351e-04   9.7364031e-04   1.6590307e-03   1.4652085e-03   9.2777984e-04   9.8849210e-03   2.0327661e-02   2.5063742e-02
  -7.8300000e+01  -1.1995947e-31  -1.1614830e-12   9.9463294e-07   1.9914129e-04   1.1403990e-03   1.8978229e-03   1.7249007e-03   1.2601531e-03   1.0143731e-02   2.0437056e-02   2.5103412e-02
  -7.7850000e+01  -1.5818451e-29  -7.3346526e-12   2.1359465e-06   2.5801709e-04   1.3206268e-03   2.1400042e-03   1.9860316e-03   1.5930303e-03   1.0401391e-02   2.0545835e-02   2.5142856e-02
  -7.7400000e+01   1.3117654e-27   2.6398677e-11   4.5201723e-06   3.3063155e-04   1.5146243e-03   2.3853809e-03   2.2486154e-03   1.9263926e-03   1.0657893e-02   2.0653997e-02   2.5182072e-02
  -7.6950000e+01   2.1897100e-24   5.0238838e-10   9.1576879e-06   4.1925611e-04   1.7226253e-03   2.6337567e-03   2.5126671e-03   2.2602207e-03   1.0913233e-02   2.0761543e-02   2.5221061e-02
  -7.6500000e+01   1.0765820e-21   2.6292648e-09   1.7462937e-05   5.2631178e-04   1.9447908e-03   2.8849333e-03   2.7782024e-03   2.5944951e-03   1.1167404e-02   2.0868472e-02   2.5259823e-02
  -7.6050000e+01   1.6358948e-19   9.7840677e-09   3.1278730e-05   6.5432618e-04   2.1812016e-03   3.1387118e-03   3.0452376e-03   2.9291960e-03   1.1420399e-02   2.0974785e-02   2.5298358e-02
  -7.5600000e+01   5.0840964e-18   3.0245044e-08   5.3007837e-05   8.0587906e-04   2.4318518e-03   3.3948926e-03   3.3137895e-03   3.2643031e-03   1.1672215e-02   2.1080480e-02   2.5336666e-02
  -7.5150000e+01   8.6199827e-17   7.5379366e-08   8.5925336e-05   9.8353751e-04   2.6966433e-03   3.6532773e-03   3.5838757e-03   3.5997960e-03   1.1922843e-02   2.1185558e-02   2.5374747e-02
  -7.4700000e+01  -3.0110298e-15   1.0317524e-07   1.3479493e-04   1.1897829e-03   2.9753796e-03   3.9136689e-03   3.8555143e-03   3.9356535e-03   1.2172280e-02   2.1290019e-02   2.5412601e-02
  -7.4250000e+01  -8.7383536e-13  -3.8783501e-07   2.0702979e-04   1.4269321e-03   3.2677610e-03   4.1758730e-03   4.1287237e-03   4.2718547e-03   1.2420518e-02   2.1393862e-02   2.5450228e-02
  -7.3800000e+01  -6.9009395e-11  -4.4192844e-06   3.1453532e-04   1.6970566e-03   3.5733807e-03   4.4396987e-03   4.4035230e-03   4.6083778e-03   1.2667552e-02   2.1497087e-02   2.5487628e-02
  -7.3350000e+01  -1.3183513e-09  -2.4017797e-05   4.7546190e-04   2.0019028e-03   3.8917210e-03   4.7049595e-03   4.6799315e-03   4.9452010e-03   1.2913376e-02   2.1599695e-02   2.5524801e-02
  -7.2900000e+01  -1.2554273e-08  -6.6881861e-05   7.1310239e-04   2.3428178e-03   4.2221509e-03   4.9714739e-03   4.9579692e-03   5.2823021e-03   1.3157986e-02   2.1701684e-02   2.5561747e-02
  -7.2450000e+01   3.0438599e-08   8.1120294e-05   1.0485228e-03   2.7206828e-03   4.5639252e-03   5.2390670e-03   5.2376561e-03   5.6196585e-03   1.3401374e-02   2.1803055e-02   2.5598466e-02
  -7.2000000e+01   5.9920785e-06   7.3083565e-04   1.4892574e-03   3.1358587e-03   4.9161843e-03   5.5075704e-03   5.5190125e-03   5.9572473e-03   1.3643536e-02   2.1903807e-02   2.5634958e-02
  -7.1550000e+01   1.9786043e-04   1.5330503e-03   2.0245302e-03   3.5881442e-03   5.2779555e-03   5.7768238e-03   5.8020592e-03   6.2950453e-03   1.3884465e-02   2.2003940e-02   2.5671223e-02
  -7.1100000e+01   1.7117335e-03   2.3109553e-03   2.6325384e-03   4.0767485e-03   5.6481563e-03   6.0466757e-03   6.0868169e-03   6.6330289e-03   1.4124157e-02   2.2103455e-02   2.5707260e-02
  -7.0650000e+01   3.0065282e-03   3.0721492e-03   3.2916233e-03   4.6002765e-03   6.0255987e-03   6.3169836e-03   6.3733064e-03   6.9711742e-03   1.4362606e-02   2.2202351e-02   2.5743071e-02
  -7.0200000e+01   3.8091592e-03   3.8278090e-03   3.9861472e-03   5.1567279e-03   6.4089955e-03   6.5876156e-03   6.6615488e-03   7.3094572e-03   1.4599806e-02   2.2300627e-02   2.5778654e-02
  -6.9750000e+01   4.5673183e-03   4.5819668e-03   4.7067661e-03   5.7435066e-03   6.7969690e-03   6.8584506e-03   6.9515649e-03   7.6478532e-03   1.4835753e-02   2.2398284e-02   2.5814011e-02
  -6.9300000e+01   5.3239009e-03   5.3358947e-03   5.4488200e-03   6.3574401e-03   7.1880607e-03   7.1293787e-03   7.2433757e-03   7.9863375e-03   1.5070440e-02   2.2495321e-02   2.5849140e-02
  -6.8850000e+01   6.0813312e-03   6.0893068e-03   6.2111404e-03   6.9948061e-03   7.5807435e-03   7.4003026e-03   7.5370018e-03   8.3248849e-03   1.5303862e-02   2.2591739e-02   2.5884042e-02
  -6.8400000e+01   6.8394891e-03   6.8389671e-03   6.9955331e-03   7.6513673e-03   7.9734356e-03   7.6711375e-03   7.8324639e-03   8.6634700e-03   1.5536014e-02   2.2687536e-02   2.5918717e-02
  -6.7950000e+01   7.5973077e-03   7.5803720e-03   7.8059695e-03   8.3224124e-03   8.3645158e-03   7.9418116e-03   8.1297823e-03   9.0020670e-03   1.5766892e-02   2.2782714e-02   2.5953165e-02
  -6.7500000e+01   8.3572728e-03   8.3689993e-03   8.6462215e-03   9.0028039e-03   8.7523415e-03   8.2122669e-03   8.4289770e-03   9.3406498e-03   1.5996488e-02   2.2877271e-02   2.5987386e-02
  -6.7050000e+01   9.3341163e-03   9.3107271e-03   9.5163118e-03   9.6870334e-03   9.1352669e-03   8.4824595e-03   8.7300675e-03   9.6791922e-03   1.6224800e-02   2.2971208e-02   2.6021380e-02
  -6.6600000e+01   1.0312236e-02   1.0298182e-02   1.0410713e-02   1.0369284e-02   9.5116636e-03   8.7523594e-03   9.0330730e-03   1.0017667e-02   1.6451820e-02   2.3064524e-02   2.6055147e-02
  -6.6150000e+01   1.1288798e-02   1.1275989e-02   1.1320152e-02   1.1043503e-02   9.8799411e-03   9.0219516e-03   9.3380121e-03   1.0356048e-02   1.6677545e-02   2.3157219e-02   2.6088686e-02
  -6.5700000e+01   1.2264406e-02   1.2248772e-02   1.2234727e-02   1.1703478e-02   1.0238569e-02   9.2912354e-03   9.6449030e-03   1.0694308e-02   1.6901969e-02   2.3249293e-02   2.6121999e-02
  -6.5250000e+01   1.3238922e-02   1.3220131e-02   1.3145368e-02   1.2342925e-02   1.0586099e-02   9.5602250e-03   9.9537629e-03   1.1032419e-02   1.7125087e-02   2.3340747e-02   2.6155084e-02
  -6.4800000e+01   1.4215469e-02   1.4191498e-02   1.4043209e-02   1.2955583e-02   1.0921186e-02   9.8289494e-03   1.0264609e-02   1.1370353e-02   1.7346894e-02   2.3431579e-02   2.6187942e-02
  -6.4350000e+01   1.5249298e-02   1.5164792e-02   1.4917702e-02   1.3535310e-02   1.1242612e-02   1.0097452e-02   1.0577456e-02   1.1708082e-02   1.7567386e-02   2.3521789e-02   2.6220573e-02
  -6.3900000e+01   1.6917058e-02   1.6145195e-02   1.5753902e-02   1.4076192e-02   1.1549302e-02   1.0365793e-02   1.0892320e-02   1.2045578e-02   1.7786556e-02   2.3611378e-02   2.6252977e-02
  -6.3450000e+01   1.8867003e-02   1.7146959e-02   1.6529638e-02   1.4572643e-02   1.1840350e-02   1.0634042e-02   1.1209214e-02   1.2382813e-02   1.8004402e-02   2.3700346e-02   2.6285153e-02
  -6.3000000e+01   1.9114139e-02   1.8179644e-02   1.7215372e-02   1.5019516e-02   1.2115031e-02   1.0902289e-02   1.1528152e-02   1.2719757e-02   1.8220917e-02   2.3788691e-02   2.6317103e-02
  -6.2550000e+01   1.9121817e-02   1.9017452e-02   1.7781320e-02   1.5412209e-02   1.2372817e-02   1.1170633e-02   1.1849145e-02   1.3056380e-02   1.8436097e-02   2.3876414e-02   2.6348825e-02
  -6.2100000e+01   1.9121905e-02   1.9215582e-02   1.8211457e-02   1.5746767e-02   1.2613395e-02   1.1439189e-02   1.2172205e-02   1.3392655e-02   1.8649937e-02   2.3963515e-02   2.6380320e-02
  -6.1650000e+01   1.9122685e-02   1.9170948e-02   1.8512736e-02   1.6019979e-02   1.2836672e-02   1.1708084e-02   1.2497341e-02   1.3728551e-02   1.8862433e-02   2.4049994e-02   2.6411588e-02
  -6.1200000e+01   1.9132472e-02   1.9156140e-02   1.8708973e-02   1.6229473e-02   1.3042784e-02   1.1977458e-02   1.2824560e-02   1.4064038e-02   1.9073580e-02   2.4135850e-02   2.6442629e-02
  -6.0750000e+01   1.9156081e-02   1.9161120e-02   1.8826256e-02   1.6373803e-02   1.3232101e-02   1.2247462e-02   1.3153871e-02   1.4399086e-02   1.9283373e-02   2.4221084e-02   2.6473442e-02
  -6.0300000e+01   1.9170091e-02   1.9170517e-02   1.8883096e-02   1.6452523e-02   1.3405229e-02   1.2518258e-02   1.3485278e-02   1.4733664e-02   1.9491807e-02   2.4305695e-02   2.6504029e-02
  -5.9850000e+01   1.9180554e-02   1.9180526e-02   1.8888226e-02   1.6466262e-02   1.3563004e-02   1.2790019e-02   1.3818785e-02   1.5067743e-02   1.9698879e-02   2.4389683e-02   2.6534388e-02
  -5.9400000e+01   1.9191508e-02   1.9190989e-02   1.8841377e-02   1.6416776e-02   1.3706489e-02   1.3062928e-02   1.4154394e-02   1.5401291e-02   1.9904584e-02   2.4473048e-02   2.6564520e-02
  -5.8950000e+01   1.9210315e-02   1.9204868e-02   1.8733185e-02   1.6306993e-02   1.3836962e-02   1.3337177e-02   1.4492107e-02   1.5734277e-02   2.0108917e-02   2.4555789e-02   2.6594425e-02
  -5.8500000e+01   1.9230244e-02   1.9235535e-02   1.8543785e-02   1.6141031e-02   1.3955906e-02   1.3612965e-02   1.4831922e-02   1.6066670e-02   2.0311874e-02   2.4637908e-02   2.6624102e-02
  -5.8050000e+01   1.9232762e-02   1.9307804e-02   1.8243377e-02   1.5924196e-02   1.4064990e-02   1.3890497e-02   1.5173836e-02   1.6398438e-02   2.0513450e-02   2.4719402e-02   2.6653552e-02
  -5.7600000e+01   1.9232872e-02   1.9257725e-02   1.7800626e-02   1.5662945e-02   1.4166053e-02   1.4169987e-02   1.5517845e-02   1.6729550e-02   2.0713642e-02   2.4800273e-02   2.6682775e-02
  -5.7150000e+01   1.9231217e-02   1.8517778e-02   1.7199587e-02   1.5364805e-02   1.4261078e-02   1.4451652e-02   1.5863942e-02   1.7059974e-02   2.0912444e-02   2.4880521e-02   2.6711771e-02
  -5.6700000e+01   1.9186249e-02   1.7323473e-02   1.6452436e-02   1.5038263e-02   1.4352172e-02   1.4735715e-02   1.6212118e-02   1.7389678e-02   2.1109853e-02   2.4960144e-02   2.6740540e-02
  -5.6250000e+01   1.8482236e-02   1.6108624e-02   1.5594321e-02   1.4692606e-02   1.4441541e-02   1.5022398e-02   1.6562364e-02   1.7718629e-02   2.1305865e-02   2.5039144e-02   2.6769081e-02
  -5.5800000e+01   1.5756757e-02   1.4925240e-02   1.4666715e-02   1.4337719e-02   1.4531454e-02   1.5311931e-02   1.6914666e-02   1.8046796e-02   2.1500475e-02   2.5117519e-02   2.6797395e-02
  -5.5350000e+01   1.3878533e-02   1.3759467e-02   1.3705709e-02   1.3983853e-02   1.4624226e-02   1.5604541e-02   1.7269009e-02   1.8374145e-02   2.1693680e-02   2.5195270e-02   2.6825482e-02
  -5.4900000e+01   1.2639882e-02   1.2600504e-02   1.2740558e-02   1.3641362e-02   1.4722179e-02   1.5900456e-02   1.7625377e-02   1.8700644e-02   2.1885474e-02   2.5272396e-02   2.6853342e-02
  -5.4450000e+01   1.1361188e-02   1.1439521e-02   1.1798248e-02   1.3320429e-02   1.4827614e-02   1.6199903e-02   1.7983751e-02   1.9026261e-02   2.2075855e-02   2.5348898e-02   2.6880974e-02
  -5.4000000e+01   9.1470559e-03   1.0264609e-02   1.0910092e-02   1.3030788e-02   1.4942786e-02   1.6503108e-02   1.8344108e-02   1.9350961e-02   2.2264817e-02   2.5424775e-02   2.6908380e-02
  -5.3550000e+01   6.8202778e-03   9.0532488e-03   1.0118318e-02   1.2781457e-02   1.5069870e-02   1.6810293e-02   1.8706426e-02   1.9674712e-02   2.2452358e-02   2.5500027e-02   2.6935557e-02
  -5.3100000e+01   6.5090208e-03   7.7879293e-03   9.4784449e-03   1.2580507e-02   1.5210933e-02   1.7121677e-02   1.9070677e-02   1.9997481e-02   2.2638474e-02   2.5574655e-02   2.6962508e-02
  -5.2650000e+01   6.4959814e-03   6.7403970e-03   9.0492580e-03   1.2434861e-02   1.5367910e-02   1.7437474e-02   1.9436834e-02   2.0319234e-02   2.2823159e-02   2.5648657e-02   2.6989231e-02
  -5.2200000e+01   6.4963046e-03   6.7511358e-03   8.8680303e-03   1.2350152e-02   1.5542579e-02   1.7757892e-02   1.9804865e-02   2.0639937e-02   2.3006412e-02   2.5722034e-02   2.7015727e-02
  -5.1750000e+01   6.5138090e-03   7.4962323e-03   8.9289252e-03   1.2330645e-02   1.5736536e-02   1.8083132e-02   2.0174737e-02   2.0959557e-02   2.3188227e-02   2.5794786e-02   2.7041996e-02
  -5.1300000e+01   6.8256680e-03   8.2712674e-03   9.1880715e-03   1.2379213e-02   1.5951177e-02   1.8413390e-02   2.0546413e-02   2.1278061e-02   2.3368601e-02   2.5866912e-02   2.7068038e-02
  -5.0850000e+01   8.3949611e-03   8.9973646e-03   9.5895904e-03   1.2497380e-02   1.6187679e-02   1.8748853e-02   2.0919855e-02   2.1595414e-02   2.3547530e-02   2.5938413e-02   2.7093852e-02
  -5.0400000e+01   9.6245798e-03   9.7021779e-03   1.0086872e-02   1.2685419e-02   1.6446989e-02   1.9089698e-02   2.1295023e-02   2.1911582e-02   2.3725011e-02   2.6009288e-02   2.7119439e-02
  -4.9950000e+01   1.0384943e-02   1.0400091e-02   1.0648429e-02   1.2942497e-02   1.6729809e-02   1.9436095e-02   2.1671871e-02   2.2226532e-02   2.3901041e-02   2.6079537e-02   2.7144799e-02
  -4.9500000e+01   1.1157689e-02   1.1098359e-02   1.1254803e-02   1.3266842e-02   1.7036590e-02   1.9788204e-02   2.2050354e-02   2.2540229e-02   2.4075614e-02   2.6149160e-02   2.7169931e-02
  -4.9050000e+01   1.2482996e-02   1.1802488e-02   1.1894178e-02   1.3655943e-02   1.7367530e-02   2.0146173e-02   2.2430423e-02   2.2852639e-02   2.4248729e-02   2.6218157e-02   2.7194836e-02
  -4.8600000e+01   1.3924073e-02   1.2515032e-02   1.2559493e-02   1.4106739e-02   1.7722567e-02   2.0510142e-02   2.2812025e-02   2.3163728e-02   2.4420381e-02   2.6286529e-02   2.7219514e-02
  -4.8150000e+01   1.4135836e-02   1.3222399e-02   1.3246910e-02   1.4615802e-02   1.8101389e-02   2.0880239e-02   2.3195108e-02   2.3473462e-02   2.4590567e-02   2.6354273e-02   2.7243964e-02
  -4.7700000e+01   1.4145583e-02   1.3877052e-02   1.3954673e-02   1.5179503e-02   1.8503432e-02   2.1256580e-02   2.3579613e-02   2.3781806e-02   2.4759284e-02   2.6421392e-02   2.7268187e-02
  -4.7250000e+01   1.4146225e-02   1.4513404e-02   1.4681720e-02   1.5794131e-02   1.8927896e-02   2.1639270e-02   2.3965482e-02   2.4088727e-02   2.4926527e-02   2.6487884e-02   2.7292183e-02
  -4.6800000e+01   1.4160453e-02   1.5261479e-02   1.5426483e-02   1.6455988e-02   1.9373753e-02   2.2028403e-02   2.4352651e-02   2.4394189e-02   2.5092295e-02   2.6553749e-02   2.7315951e-02
  -4.6350000e+01   1.4441770e-02   1.6066357e-02   1.6186810e-02   1.7161435e-02   1.9839765e-02   2.2424062e-02   2.4741056e-02   2.4698159e-02   2.5256583e-02   2.6618988e-02   2.7339492e-02
  -4.5900000e+01   1.6128001e-02   1.6869383e-02   1.6960929e-02   1.7906899e-02   2.0324500e-02   2.2826315e-02   2.5130630e-02   2.5000602e-02   2.5419388e-02   2.6683600e-02   2.7362806e-02
  -4.5450000e+01   1.7581128e-02   1.7661445e-02   1.7748408e-02   1.8688838e-02   2.0826354e-02   2.3235222e-02   2.5521302e-02   2.5301483e-02   2.5580707e-02   2.6747585e-02   2.7385893e-02
  -4.5000000e+01   1.8447024e-02   1.8447142e-02   1.8550654e-02   1.9503681e-02   2.1343573e-02   2.3650827e-02   2.5913000e-02   2.5600770e-02   2.5740537e-02   2.6810943e-02   2.7408752e-02
  -4.4550000e+01   1.9312920e-02   1.9232738e-02   1.9371344e-02   2.0347738e-02   2.1874282e-02   2.4073165e-02   2.6305647e-02   2.5898426e-02   2.5898875e-02   2.6873674e-02   2.7431384e-02
  -4.4100000e+01   2.0766047e-02   2.0023563e-02   2.0217346e-02   2.1217100e-02   2.2416508e-02   2.4502256e-02   2.6699168e-02   2.6194418e-02   2.6055717e-02   2.6935777e-02   2.7453788e-02
  -4.3650000e+01   2.2452277e-02   2.0818869e-02   2.1100186e-02   2.2107542e-02   2.2968212e-02   2.4938111e-02   2.7093480e-02   2.6488711e-02   2.6211060e-02   2.6997254e-02   2.7475965e-02
  -4.3200000e+01   2.2733590e-02   2.1594540e-02   2.2036858e-02   2.3014428e-02   2.3527315e-02   2.5380727e-02   2.7488501e-02   2.6781272e-02   2.6364902e-02   2.7058103e-02   2.7497915e-02
  -4.2750000e+01   2.2747804e-02   2.2323864e-02   2.3046994e-02   2.3932642e-02   2.4091737e-02   2.5830088e-02   2.7884146e-02   2.7072066e-02   2.6517240e-02   2.7118324e-02   2.7519637e-02
  -4.2300000e+01   2.2748705e-02   2.3259386e-02   2.4144397e-02   2.4856555e-02   2.4659420e-02   2.6286165e-02   2.8280327e-02   2.7361059e-02   2.6668069e-02   2.7177918e-02   2.7541132e-02
  -4.1850000e+01   2.2769204e-02   2.4639931e-02   2.5327735e-02   2.5780024e-02   2.5228365e-02   2.6748920e-02   2.8676954e-02   2.7648217e-02   2.6817389e-02   2.7236884e-02   2.7562400e-02
  -4.1400000e+01   2.3214216e-02   2.6163118e-02   2.6579697e-02   2.6696438e-02   2.5796664e-02   2.7218297e-02   2.9073934e-02   2.7933507e-02   2.6965195e-02   2.7295222e-02   2.7583440e-02
  -4.0950000e+01   2.6242556e-02   2.7670969e-02   2.7875324e-02   2.7598809e-02   2.6362529e-02   2.7694231e-02   2.9471173e-02   2.8216893e-02   2.7111485e-02   2.7352932e-02   2.7604253e-02
  -4.0500000e+01   2.9027613e-02   2.9152478e-02   2.9190385e-02   2.8479903e-02   2.6924324e-02   2.8176643e-02   2.9868574e-02   2.8498343e-02   2.7256255e-02   2.7410014e-02   2.7624839e-02
  -4.0050000e+01   3.0651496e-02   3.0620116e-02   3.0503894e-02   2.9332408e-02   2.7480594e-02   2.8665438e-02   3.0266038e-02   2.8777823e-02   2.7399505e-02   2.7466469e-02   2.7645197e-02
  -3.9600000e+01   3.2249354e-02   3.2086653e-02   3.1795836e-02   3.0149132e-02   2.8030090e-02   2.9160508e-02   3.0663465e-02   2.9055299e-02   2.7541229e-02   2.7522295e-02   2.7665328e-02
  -3.9150000e+01   3.4833327e-02   3.3565071e-02   3.3042608e-02   3.0923211e-02   2.8571798e-02   2.9661733e-02   3.1060750e-02   2.9330738e-02   2.7681426e-02   2.7577493e-02   2.7685232e-02
  -3.8700000e+01   3.8131105e-02   3.5072586e-02   3.4211552e-02   3.1648326e-02   2.9104959e-02   3.0168974e-02   3.1457789e-02   2.9604107e-02   2.7820094e-02   2.7632062e-02   2.7704908e-02
  -3.8250000e+01   3.8786451e-02   3.6626138e-02   3.5257288e-02   3.2318906e-02   2.9629085e-02   3.0682079e-02   3.1854475e-02   2.9875372e-02   2.7957229e-02   2.7686003e-02   2.7724356e-02
  -3.7800000e+01   3.8823191e-02   3.8105926e-02   3.6126504e-02   3.2930314e-02   3.0143981e-02   3.1200878e-02   3.2250701e-02   3.0144500e-02   2.8092829e-02   2.7739315e-02   2.7743578e-02
  -3.7350000e+01   3.8824348e-02   3.8839026e-02   3.6776901e-02   3.3478993e-02   3.0649752e-02   3.1725187e-02   3.2646354e-02   3.0411459e-02   2.8226891e-02   2.7791999e-02   2.7762572e-02
  -3.6900000e+01   3.8821867e-02   3.8666798e-02   3.7200558e-02   3.3962578e-02   3.1146813e-02   3.2254800e-02   3.3041325e-02   3.0676216e-02   2.8359413e-02   2.7844054e-02   2.7781338e-02
  -3.6450000e+01   3.8763196e-02   3.8365123e-02   3.7428369e-02   3.4379954e-02   3.1635888e-02   3.2789498e-02   3.3435498e-02   3.0938738e-02   2.8490393e-02   2.7895481e-02   2.7799877e-02
  -3.6000000e+01   3.8324674e-02   3.8117442e-02   3.7510268e-02   3.4731279e-02   3.2118014e-02   3.3329038e-02   3.3828761e-02   3.1198993e-02   2.8619828e-02   2.7946278e-02   2.7818189e-02
  -3.5550000e+01   3.7907383e-02   3.7892621e-02   3.7492440e-02   3.5017954e-02   3.2594527e-02   3.3873161e-02   3.4220996e-02   3.1456948e-02   2.8747715e-02   2.7996447e-02   2.7836273e-02
  -3.5100000e+01   3.7666391e-02   3.7673547e-02   3.7407667e-02   3.5242568e-02   3.3067052e-02   3.4421585e-02   3.4612087e-02   3.1712573e-02   2.8874052e-02   2.8045986e-02   2.7854130e-02
  -3.4650000e+01   3.7432946e-02   3.7455224e-02   3.7276424e-02   3.5408806e-02   3.3537488e-02   3.4974009e-02   3.5001915e-02   3.1965835e-02   2.8998837e-02   2.8094897e-02   2.7871760e-02
  -3.4200000e+01   3.7078963e-02   3.7235889e-02   3.7110929e-02   3.5521359e-02   3.4007977e-02   3.5530109e-02   3.5390362e-02   3.2216702e-02   2.9122068e-02   2.8143178e-02   2.7889162e-02
  -3.3750000e+01   3.6565300e-02   3.7015147e-02   3.6918209e-02   3.5585814e-02   3.4480884e-02   3.6089538e-02   3.5777306e-02   3.2465143e-02   2.9243742e-02   2.8190830e-02   2.7906337e-02
  -3.3300000e+01   3.6432618e-02   3.6796255e-02   3.6701809e-02   3.5608570e-02   3.4958753e-02   3.6651928e-02   3.6162627e-02   3.2711127e-02   2.9363857e-02   2.8237853e-02   2.7923284e-02
  -3.2850000e+01   3.6424149e-02   3.6587798e-02   3.6463072e-02   3.5596757e-02   3.5444276e-02   3.7216886e-02   3.6546204e-02   3.2954624e-02   2.9482411e-02   2.8284246e-02   2.7940004e-02
  -3.2400000e+01   3.6423795e-02   3.6362105e-02   3.6202910e-02   3.5558185e-02   3.5940244e-02   3.7783996e-02   3.6927914e-02   3.3195602e-02   2.9599401e-02   2.8330010e-02   2.7956496e-02
  -3.1950000e+01   3.6420690e-02   3.6054469e-02   3.5923688e-02   3.5501324e-02   3.6449502e-02   3.8352819e-02   3.7307634e-02   3.3434031e-02   2.9714827e-02   2.8375144e-02   2.7972761e-02
  -3.1500000e+01   3.6337468e-02   3.5710485e-02   3.5629807e-02   3.5435301e-02   3.6974895e-02   3.8922890e-02   3.7685243e-02   3.3669881e-02   2.9828684e-02   2.8419649e-02   2.7988799e-02
  -3.1050000e+01   3.5675611e-02   3.5368179e-02   3.5326597e-02   3.5369933e-02   3.7519217e-02   3.9493723e-02   3.8060617e-02   3.3903123e-02   2.9940973e-02   2.8463524e-02   2.8004609e-02
  -3.0600000e+01   3.5050981e-02   3.5030762e-02   3.5018977e-02   3.5315765e-02   3.8085150e-02   4.0064806e-02   3.8433633e-02   3.4133726e-02   3.0051689e-02   2.8506769e-02   2.8020192e-02
  -3.0150000e+01   3.4687140e-02   3.4695947e-02   3.4711059e-02   3.5284123e-02   3.8675211e-02   4.0635606e-02   3.8804167e-02   3.4361661e-02   3.0160832e-02   2.8549384e-02   2.8035547e-02
  -2.9700000e+01   3.4339648e-02   3.4361726e-02   3.4406620e-02   3.5287159e-02   3.9291695e-02   4.1205566e-02   3.9172097e-02   3.4586899e-02   3.0268400e-02   2.8591370e-02   2.8050675e-02
  -2.9250000e+01   3.3874311e-02   3.4026416e-02   3.4110014e-02   3.5337864e-02   3.9936612e-02   4.1774109e-02   3.9537301e-02   3.4809412e-02   3.0374390e-02   2.8632725e-02   2.8065575e-02
  -2.8800000e+01   3.3090177e-02   3.3687758e-02   3.3827387e-02   3.5450048e-02   4.0611641e-02   4.2340637e-02   3.9899656e-02   3.5029170e-02   3.0478801e-02   2.8673451e-02   2.8080248e-02
  -2.8350000e+01   3.2765055e-02   3.3341398e-02   3.3567936e-02   3.5638252e-02   4.1318073e-02   4.2904533e-02   4.0259040e-02   3.5246147e-02   3.0581630e-02   2.8713546e-02   2.8094694e-02
  -2.7900000e+01   3.2738673e-02   3.2991234e-02   3.3344263e-02   3.5917587e-02   4.2056765e-02   4.3465163e-02   4.0615332e-02   3.5460313e-02   3.0682877e-02   2.8753011e-02   2.8108912e-02
  -2.7450000e+01   3.2737585e-02   3.2737965e-02   3.3170348e-02   3.6303468e-02   4.2828101e-02   4.4021878e-02   4.0968413e-02   3.5671642e-02   3.0782539e-02   2.8791846e-02   2.8122903e-02
  -2.7000000e+01   3.2737413e-02   3.2687803e-02   3.3057665e-02   3.6811250e-02   4.3631951e-02   4.4574015e-02   4.1318162e-02   3.5880106e-02   3.0880614e-02   2.8830051e-02   2.8136666e-02
  -2.6550000e+01   3.2731846e-02   3.2684634e-02   3.3013419e-02   3.7455751e-02   4.4467648e-02   4.5120899e-02   4.1664461e-02   3.6085679e-02   3.0977102e-02   2.8867626e-02   2.8150202e-02
  -2.6100000e+01   3.2687868e-02   3.2669145e-02   3.3043700e-02   3.8250666e-02   4.5333965e-02   4.5661847e-02   4.2007193e-02   3.6288333e-02   3.1071999e-02   2.8904570e-02   2.8163510e-02
  -2.5650000e+01   3.2650254e-02   3.2648521e-02   3.3159066e-02   3.9207887e-02   4.6229104e-02   4.6196171e-02   4.2346242e-02   3.6488043e-02   3.1165304e-02   2.8940883e-02   2.8176591e-02
  -2.5200000e+01   3.2626937e-02   3.2627089e-02   3.3379369e-02   4.0336750e-02   4.7150694e-02   4.6723180e-02   4.2681492e-02   3.6684783e-02   3.1257017e-02   2.8976567e-02   2.8189444e-02
  -2.4750000e+01   3.2604912e-02   3.2605500e-02   3.3738649e-02   4.1643257e-02   4.8095800e-02   4.7242181e-02   4.3012831e-02   3.6878527e-02   3.1347134e-02   2.9011619e-02   2.8202070e-02
  -2.4300000e+01   3.2582933e-02   3.2580183e-02   3.4293581e-02   4.3129295e-02   4.9060939e-02   4.7752487e-02   4.3340146e-02   3.7069251e-02   3.1435656e-02   2.9046041e-02   2.8214469e-02
  -2.3850000e+01   3.2560928e-02   3.2527808e-02   3.5137934e-02   4.4791932e-02   5.0042108e-02   4.8253417e-02   4.3663326e-02   3.7256929e-02   3.1522579e-02   2.9079832e-02   2.8226640e-02
  -2.3400000e+01   3.2538689e-02   3.2347716e-02   3.6417870e-02   4.6622838e-02   5.1034819e-02   4.8744299e-02   4.3982264e-02   3.7441537e-02   3.1607903e-02   2.9112993e-02   2.8238583e-02
  -2.2950000e+01   3.2490584e-02   3.1904832e-02   3.8325858e-02   4.8607895e-02   5.2034150e-02   4.9224478e-02   4.4296853e-02   3.7623051e-02   3.1691626e-02   2.9145523e-02   2.8250299e-02
  -2.2500000e+01   3.2494829e-02   3.2842461e-02   4.1041652e-02   5.0727064e-02   5.3034792e-02   4.9693316e-02   4.4606986e-02   3.7801447e-02   3.1773747e-02   2.9177422e-02   2.8261788e-02
  -2.2050000e+01   3.8928413e-02   3.8318737e-02   4.4632124e-02   5.2954535e-02   5.4031117e-02   5.0150195e-02   4.4912561e-02   3.7976702e-02   3.1854264e-02   2.9208690e-02   2.8273049e-02
  -2.1600000e+01   4.5411122e-02   4.5169976e-02   4.8997677e-02   5.5259212e-02   5.5017241e-02   5.0594524e-02   4.5213477e-02   3.8148794e-02   3.1933176e-02   2.9239327e-02   2.8284083e-02
  -2.1150000e+01   5.1863446e-02   5.1753235e-02   5.3925673e-02   5.7605522e-02   5.5987103e-02   5.1025742e-02   4.5509635e-02   3.8317700e-02   3.2010481e-02   2.9269333e-02   2.8294889e-02
  -2.0700000e+01   5.8309305e-02   5.8203996e-02   5.9187963e-02   5.9954524e-02   5.6934537e-02   5.1443320e-02   4.5800938e-02   3.8483397e-02   3.2086179e-02   2.9298708e-02   2.8305468e-02
  -2.0250000e+01   6.4747948e-02   6.4624194e-02   6.4594503e-02   6.2265285e-02   5.7853356e-02   5.1846767e-02   4.6087290e-02   3.8645864e-02   3.2160268e-02   2.9327453e-02   2.8315819e-02
  -1.9800000e+01   7.1200008e-02   7.1041515e-02   6.9990913e-02   6.4496441e-02   5.8737428e-02   5.2235630e-02   4.6368601e-02   3.8805080e-02   3.2232747e-02   2.9355566e-02   2.8325943e-02
  -1.9350000e+01   7.8030531e-02   7.7473270e-02   7.5228731e-02   6.6607857e-02   5.9580763e-02   5.2609501e-02   4.6644778e-02   3.8961024e-02   3.2303614e-02   2.9383048e-02   2.8335839e-02
  -1.8900000e+01   8.9049449e-02   8.3965490e-02   8.0127503e-02   6.8562289e-02   6.0377585e-02   5.2968019e-02   4.6915735e-02   3.9113675e-02   3.2372868e-02   2.9409898e-02   2.8345508e-02
  -1.8450000e+01   1.0193277e-01   9.0663333e-02   8.4439978e-02   7.0326934e-02   6.1122413e-02   5.3310874e-02   4.7181386e-02   3.9263014e-02   3.2440508e-02   2.9436118e-02   2.8354949e-02
  -1.8000000e+01   1.0356568e-01   9.7712340e-02   8.7849074e-02   7.1874772e-02   6.1810130e-02   5.3637804e-02   4.7441649e-02   3.9409021e-02   3.2506534e-02   2.9461706e-02   2.8364163e-02
  -1.7550000e+01   1.0361642e-01   1.0289615e-01   9.0043619e-02   7.3185613e-02   6.2436049e-02   5.3948607e-02   4.7696441e-02   3.9551676e-02   3.2570943e-02   2.9486663e-02   2.8373149e-02
  -1.7100000e+01   1.0360480e-01   1.0140764e-01   9.0867209e-02   7.4246756e-02   6.2995972e-02   5.4243133e-02   4.7945685e-02   3.9690961e-02   3.2633735e-02   2.9510989e-02   2.8381908e-02
  -1.6650000e+01   1.0331351e-01   9.7164138e-02   9.0416075e-02   7.5053238e-02   6.3486246e-02   5.4521294e-02   4.8189307e-02   3.9826858e-02   3.2694909e-02   2.9534683e-02   2.8390440e-02
  -1.6200000e+01   9.9724923e-02   9.3168111e-02   8.8975129e-02   7.5607638e-02   6.3903801e-02   5.4783060e-02   4.8427231e-02   3.9959349e-02   3.2754464e-02   2.9557746e-02   2.8398744e-02
  -1.5750000e+01   9.1069948e-02   8.9394607e-02   8.6866018e-02   7.5919461e-02   6.4246194e-02   5.5028463e-02   4.8659388e-02   4.0088416e-02   3.2812399e-02   2.9580177e-02   2.8406820e-02
  -1.5300000e+01   8.5933731e-02   8.5689442e-02   8.4348309e-02   7.6004148e-02   6.4511634e-02   5.5257593e-02   4.8885709e-02   4.0214043e-02   3.2868712e-02   2.9601977e-02   2.8414669e-02
  -1.4850000e+01   8.2098242e-02   8.2000937e-02   8.1606502e-02   7.5881787e-02   6.4698998e-02   5.5470605e-02   4.9106128e-02   4.0336212e-02   3.2923403e-02   2.9623146e-02   2.8422290e-02
  -1.4400000e+01   7.8082303e-02   7.8304842e-02   7.8778578e-02   7.5575621e-02   6.4807852e-02   5.5667713e-02   4.9320583e-02   4.0454909e-02   3.2976471e-02   2.9643683e-02   2.8429684e-02
  -1.3950000e+01   7.1187873e-02   7.4570049e-02   7.5990143e-02   7.5110458e-02   6.4838446e-02   5.5849190e-02   4.9529013e-02   4.0570116e-02   3.3027916e-02   2.9663588e-02   2.8436851e-02
  -1.3500000e+01   6.3882542e-02   7.0732983e-02   7.3381424e-02   7.4511110e-02   6.4791714e-02   5.6015369e-02   4.9731359e-02   4.0681820e-02   3.3077735e-02   2.9682861e-02   2.8443790e-02
  -1.3050000e+01   6.2963932e-02   6.6757083e-02   7.1116404e-02   7.3800939e-02   6.4669261e-02   5.6166639e-02   4.9927565e-02   4.0790004e-02   3.3125929e-02   2.9701503e-02   2.8450501e-02
  -1.2600000e+01   6.2929621e-02   6.3533234e-02   6.9355248e-02   7.3000642e-02   6.4473349e-02   5.6303445e-02   5.0117578e-02   4.0894656e-02   3.3172496e-02   2.9719514e-02   2.8456985e-02
  -1.2150000e+01   6.2930524e-02   6.3202907e-02   6.8189569e-02   7.2127313e-02   6.4206868e-02   5.6426282e-02   5.0301346e-02   4.0995761e-02   3.3217437e-02   2.9736892e-02   2.8463242e-02
  -1.1700000e+01   6.2967909e-02   6.4376019e-02   6.7592680e-02   7.1193866e-02   6.3873310e-02   5.6535695e-02   5.0478822e-02   4.1093306e-02   3.3260749e-02   2.9753639e-02   2.8469271e-02
  -1.1250000e+01   6.3552118e-02   6.5494229e-02   6.7440971e-02   7.0208820e-02   6.3476733e-02   5.6632274e-02   5.0649958e-02   4.1187278e-02   3.3302433e-02   2.9769755e-02   2.8475072e-02
  -1.0800000e+01   6.5813752e-02   6.6500869e-02   6.7582193e-02   6.9176460e-02   6.3021724e-02   5.6716651e-02   5.0814711e-02   4.1277664e-02   3.3342488e-02   2.9785238e-02   2.8480646e-02
  -1.0350000e+01   6.7372323e-02   6.7471366e-02   6.7884850e-02   6.8097326e-02   6.2513352e-02   5.6789494e-02   5.0973038e-02   4.1364454e-02   3.3380913e-02   2.9800090e-02   2.8485993e-02
  -9.9000000e+00   6.8400170e-02   6.8432721e-02   6.8246897e-02   6.6968990e-02   6.1957128e-02   5.6851506e-02   5.1124899e-02   4.1447634e-02   3.3417707e-02   2.9814309e-02   2.8491111e-02
  -9.4500000e+00   6.9461244e-02   6.9396483e-02   6.8581190e-02   6.5787049e-02   6.1358949e-02   5.6903414e-02   5.1270258e-02   4.1527195e-02   3.3452870e-02   2.9827897e-02   2.8496003e-02
  -9.0000000e+00   7.1298557e-02   7.0380029e-02   6.8794465e-02   6.4546239e-02   6.0725053e-02   5.6945972e-02   5.1409078e-02   4.1603126e-02   3.3486402e-02   2.9840853e-02   2.8500667e-02
  -8.5500000e+00   7.3229347e-02   7.1435200e-02   6.8767506e-02   6.3241590e-02   6.0061957e-02   5.6979947e-02   5.1541326e-02   4.1675417e-02   3.3518301e-02   2.9853178e-02   2.8505103e-02
  -8.1000000e+00   7.3487657e-02   7.2648315e-02   6.8347804e-02   6.1869541e-02   5.9376408e-02   5.7006121e-02   5.1666971e-02   4.1744058e-02   3.3548568e-02   2.9864870e-02   2.8509312e-02
  -7.6500000e+00   7.3498537e-02   7.3452519e-02   6.7376237e-02   6.0428922e-02   5.8675321e-02   5.7025279e-02   5.1785982e-02   4.1809040e-02   3.3577201e-02   2.9875930e-02   2.8513294e-02
  -7.2000000e+00   7.3495439e-02   7.1556394e-02   6.5753893e-02   5.8921751e-02   5.7965717e-02   5.7038209e-02   5.1898334e-02   4.1870355e-02   3.3604200e-02   2.9886359e-02   2.8517048e-02
  -6.7500000e+00   7.3394588e-02   6.7480654e-02   6.3500505e-02   5.7353787e-02   5.7254668e-02   5.7045691e-02   5.2003999e-02   4.1927994e-02   3.3629566e-02   2.9896155e-02   2.8520574e-02
  -6.3000000e+00   7.1595805e-02   6.3204232e-02   6.0741185e-02   5.5734822e-02   5.6549233e-02   5.7048495e-02   5.2102955e-02   4.1981951e-02   3.3653296e-02   2.9905320e-02   2.8523873e-02
  -5.8500000e+00   6.2544121e-02   5.9063481e-02   5.7636884e-02   5.4078693e-02   5.5856392e-02   5.7047372e-02   5.2195179e-02   4.2032217e-02   3.3675392e-02   2.9913852e-02   2.8526944e-02
  -5.4000000e+00   5.5451677e-02   5.5005218e-02   5.4328090e-02   5.2403042e-02   5.5182991e-02   5.7043052e-02   5.2280650e-02   4.2078787e-02   3.3695853e-02   2.9921753e-02   2.8529788e-02
  -4.9500000e+00   5.1065903e-02   5.0980075e-02   5.0921157e-02   5.0728832e-02   5.4535674e-02   5.7036234e-02   5.2359350e-02   4.2121653e-02   3.3714678e-02   2.9929022e-02   2.8532405e-02
  -4.5000000e+00   4.6608698e-02   4.6951526e-02   4.7500997e-02   4.9079690e-02   5.3920824e-02   5.7027586e-02   5.2431262e-02   4.2160811e-02   3.3731867e-02   2.9935658e-02   2.8534793e-02
  -4.0500000e+00   3.8964323e-02   4.2880805e-02   4.4150942e-02   4.7481103e-02   5.3344505e-02   5.7017734e-02   5.2496371e-02   4.2196256e-02   3.3747419e-02   2.9941663e-02   2.8536955e-02
  -3.6000000e+00   3.0652186e-02   3.8716049e-02   4.0971400e-02   4.5959532e-02   5.2812400e-02   5.7007261e-02   5.2554663e-02   4.2227982e-02   3.3761336e-02   2.9947035e-02   2.8538889e-02
  -3.1500000e+00   2.9430712e-02   3.4443815e-02   3.8089143e-02   4.4541500e-02   5.2329762e-02   5.6996703e-02   5.2606125e-02   4.2255985e-02   3.3773615e-02   2.9951776e-02   2.8540595e-02
  -2.7000000e+00   2.9374406e-02   3.0642492e-02   3.5640940e-02   4.3252694e-02   5.1901357e-02   5.6986541e-02   5.2650747e-02   4.2280262e-02   3.3784258e-02   2.9955884e-02   2.8542074e-02
  -2.2500000e+00   2.9373049e-02   2.9075808e-02   3.3723694e-02   4.2117125e-02   5.1531423e-02   5.6977202e-02   5.2688520e-02   4.2300809e-02   3.3793264e-02   2.9959360e-02   2.8543325e-02
  -1.8000000e+00   2.9373129e-02   2.9174003e-02   3.2344827e-02   4.1156377e-02   5.1223617e-02   5.6969051e-02   5.2719435e-02   4.2317625e-02   3.3800632e-02   2.9962205e-02   2.8544349e-02
  -1.3500000e+00   2.9373148e-02   2.9326953e-02   3.1426376e-02   4.0388967e-02   5.0980990e-02   5.6962392e-02   5.2743487e-02   4.2330706e-02   3.3806363e-02   2.9964417e-02   2.8545145e-02
  -9.0000000e-01   2.9373150e-02   2.9367379e-02   3.0859316e-02   3.9829822e-02   5.0805946e-02   5.6957463e-02   5.2760670e-02   4.2340050e-02   3.3810457e-02   2.9965997e-02   2.8545714e-02
  -4.5000000e-01   2.9373150e-02   2.9373860e-02   3.0553835e-02   3.9489883e-02   5.0700219e-02   5.6954437e-02   5.2770982e-02   4.2345658e-02   3.3812913e-02   2.9966945e-02   2.8546055e-02
   0.0000000e+00   2.9373150e-02   2.9374391e-02   3.0457524e-02   3.9375823e-02   5.0664860e-02   5.6953417e-02   5.2774419e-02   4.2347527e-02   3.3813732e-02   2.9967261e-02   2.8546169e-02
   4.5000000e-01   2.9373150e-02   2.9373860e-02   3.0553835e-02   3.9489883e-02   5.0700219e-02   5.6954437e-02   5.2770982e-02   4.2345658e-02   3.3812913e-02   2.9966945e-02   2.8546055e-02
   9.0000000e-01   2.9373150e-02   2.9367379e-02   3.0859316e-02   3.9829822e-02   5.0805946e-02   5.6957463e-02   5.2760670e-02   4.2340050e-02   3.3810457e-02   2.9965997e-02   2.8545714e-02
   1.3500000e+00   2.9373148e-02   2.9326953e-02   3.1426376e-02   4.0388967e-02   5.0980990e-02   5.6962392e-02   5.2743487e-02   4.2330706e-02   3.3806363e-02   2.9964417e-02   2.8545145e-02
   1.8000000e+00   2.9373129e-02   2.9174003e-02   3.2344827e-02   4.1156377e-02   5.1223617e-02   5.6969051e-02   5.2719435e-02   4.2317625e-02   3.3800632e-02   2.9962205e-02   2.8544349e-02
   2.2500000e+00   2.9373049e-02   2.9075808e-02   3.3723694e-02   4.2117125e-02   5.1531423e-02   5.6977202e-02   5.2688520e-02   4.2300809e-02   3.3793264e-02   2.9959360e-02   2.8543325e-02
   2.7000000e+00   2.9374406e-02   3.0642492e-02   3.5640940e-02   4.3252694e-02   5.1901357e-02   5.6986541e-02   5.2650747e-02   4.2280262e-02   3.3784258e-02   2.9955884e-02   2.8542074e-02
   3.1500000e+00   2.9430712e-02   3.4443815e-02   3.8089143e-02   4.4541500e-02   5.2329762e-02   5.6996703e-02   5.2606125e-02   4.2255985e-02   3.3773615e-02   2.9951776e-02   2.8540595e-02
   3.6000000e+00   3.0652186e-02   3.8716049e-02   4.0971400e-02   4.5959532e-02   5.2812400e-02   5.7007261e-02   5.2554663e-02   4.2227982e-02   3.3761336e-02   2.9947035e-02   2.8538889e-02
   4.0500000e+00   3.8964323e-02   4.2880805e-02   4.4150942e-02   4.7481103e-02   5.3344505e-02   5.7017734e-02   5.2496371e-02   4.2196256e-02   3.3747419e-02   2.9941663e-02   2.8536955e-02
   4.5000000e+00   4.6608698e-02   4.6951526e-02   4.7500997e-02   4.9079690e-02   5.3920824e-02   5.7027586e-02   5.2431262e-02   4.2160811e-02   3.3731867e-02   2.9935658e-02   2.8534793e-02
   4.9500000e+00   5.1065903e-02   5.0980075e-02   5.0921157e-02   5.0728832e-02   5.4535674e-02   5.7036234e-02   5.2359350e-02   4.2121653e-02   3.3714678e-02   2.9929022e-02   2.8532405e-02
   5.4000000e+00   5.5451677e-02   5.5005218e-02   5.4328090e-02   5.2403042e-02   5.5182991e-02   5.7043052e-02   5.2280650e-02   4.2078787e-02   3.3695853e-02   2.9921753e-02   2.8529788e-02
   5.8500000e+00   6.2544121e-02   5.9063481e-02   5.7636884e-02   5.4078693e-02   5.5856392e-02   5.7047372e-02   5.2195179e-02   4.2032217e-02   3.3675392e-02   2.9913852e-02   2.8526944e-02
   6.3000000e+00   7.1595805e-02   6.3204232e-02   6.0741185e-02   5.5734822e-02   5.6549233e-02   5.7048495e-02   5.2102955e-02   4.1981951e-02   3.3653296e-02   2.9905320e-02   2.8523873e-02
   6.7500000e+00   7.3394588e-02   6.7480654e-02   6.3500505e-02   5.7353787e-02   5.7254668e-02   5.7045691e-02   5.2003999e-02   4.1927994e-02   3.3629566e-02   2.9896155e-02   2.8520574e-02
   7.2000000e+00   7.3495439e-02   7.1556394e-02   6.5753893e-02   5.8921751e-02   5.7965717e-02   5.7038209e-02   5.1898334e-02   4.1870355e-02   3.3604200e-02   2.9886359e-02   2.8517048e-02
   7.6500000e+00   7.3498537e-02   7.3452519e-02   6.7376237e-02   6.0428922e-02   5.8675321e-02   5.7025279e-02   5.1785982e-02   4.1809040e-02   3.3577201e-02   2.9875930e-02   2.8513294e-02
   8.1000000e+00   7.3487657e-02   7.2648315e-02   6.8347804e-02   6.1869541e-02   5.9376408e-02   5.7006121e-02   5.1666971e-02   4.1744058e-02   3.3548568e-02   2.9864870e-02   2.8509312e-02
   8.5500000e+00   7.3229347e-02   7.1435200e-02   6.8767506e-02   6.3241590e-02   6.0061957e-02   5.6979947e-02   5.1541326e-02   4.1675417e-02   3.3518301e-02   2.9853178e-02   2.8505103e-02
   9.0000000e+00   7.1298557e-02   7.0380029e-02   6.8794465e-02   6.4546239e-02   6.0725053e-02   5.6945972e-02   5.1409078e-02   4.1603126e-02   3.3486402e-02   2.9840853e-02   2.8500667e-02
   9.4500000e+00   6.9461244e-02   6.9396483e-02   6.8581190e-02   6.5787049e-02   6.1358949e-02   5.6903414e-02   5.1270258e-02   4.1527195e-02   3.3452870e-02   2.9827897e-02   2.8496003e-02
   9.9000000e+00   6.8400170e-02   6.8432721e-02   6.8246897e-02   6.6968990e-02   6.1957128e-02   5.6851506e-02   5.1124899e-02   4.1447634e-02   3.3417707e-02   2.9814309e-02   2.8491111e-02
   1.0350000e+01   6.7372323e-02   6.7471366e-02   6.7884850e-02   6.8097326e-02   6.2513352e-02   5.6789494e-02   5.0973038e-02   4.1364454e-02   3.3380913e-02   2.9800090e-02   2.8485993e-02
   1.0800000e+01   6.5813752e-02   6.6500869e-02   6.7582193e-02   6.9176460e-02   6.3021724e-02   5.6716651e-02   5.0814711e-02   4.1277664e-02   3.3342488e-02   2.9785238e-02   2.8480646e-02
   1.1250000e+01   6.3552118e-02   6.5494229e-02   6.7440971e-02   7.0208820e-02   6.3476733e-02   5.6632274e-02   5.0649958e-02   4.1187278e-02   3.3302433e-02   2.9769755e-02   2.8475072e-02
   1.1700000e+01   6.2967909e-02   6.4376019e-02   6.7592680e-02   7.1193866e-02   6.3873310e-02   5.6535695e-02   5.0478822e-02   4.1093306e-02   3.3260749e-02   2.9753639e-02   2.8469271e-02
   1.2150000e+01   6.2930524e-02   6.3202907e-02   6.8189569e-02   7.2127313e-02   6.4206868e-02   5.6426282e-02   5.0301346e-02   4.0995761e-02   3.3217437e-02   2.9736892e-02   2.8463242e-02
   1.2600000e+01   6.2929621e-02   6.3533234e-02   6.9355248e-02   7.3000642e-02   6.4473349e-02   5.6303445e-02   5.0117578e-02   4.0894656e-02   3.3172496e-02   2.9719514e-02   2.8456985e-02
   1.3050000e+01   6.2963932e-02   6.6757083e-02   7.1116404e-02   7.3800939e-02   6.4669261e-02   5.6166639e-02   4.9927565e-02   4.0790004e-02   3.3125929e-02   2.9701503e-02   2.8450501e-02
   1.3500000e+01   6.3882542e-02   7.0732983e-02   7.3381424e-02   7.4511110e-02   6.4791714e-02   5.6015369e-02   4.9731359e-02   4.0681820e-02   3.3077735e-02   2.9682861e-02   2.8443790e-02
   1.3950000e+01   7.1187873e-02   7.4570049e-02   7.5990143e-02   7.5110458e-02   6.4838446e-02   5.5849190e-02   4.9529013e-02   4.0570116e-02   3.3027916e-02   2.9663588e-02   2.8436851e-02
   1.4400000e+01   7.8082303e-02   7.8304842e-02   7.8778578e-02   7.5575621e-02   6.4807852e-02   5.5667713e-02   4.9320583e-02   4.0454909e-02   3.2976471e-02   2.9643683e-02   2.8429684e-02
   1.4850000e+01   8.2098242e-02   8.2000937e-02   8.1606502e-02   7.5881787e-02   6.4698998e-02   5.5470605e-02   4.9106128e-02   4.0336212e-02   3.2923403e-02   2.9623146e-02   2.8422290e-02
   1.5300000e+01   8.5933731e-02   8.5689442e-02   8.4348309e-02   7.6004148e-02   6.4511634e-02   5.5257593e-02   4.8885709e-02   4.0214043e-02   3.2868712e-02   2.9601977e-02   2.8414669e-02
   1.5750000e+01   9.1069948e-02   8.9394607e-02   8.6866018e-02   7.5919461e-02   6.4246194e-02   5.5028463e-02   4.8659388e-02   4.0088416e-02   3.2812399e-02   2.9580177e-02   2.8406820e-02
   1.6200000e+01   9.9724923e-02   9.3168111e-02   8.8975129e-02   7.5607638e-02   6.3903801e-02   5.4783060e-02   4.8427231e-02   3.9959349e-02   3.2754464e-02   2.9557746e-02   2.8398744e-02
   1.6650000e+01   1.0331351e-01   9.7164138e-02   9.0416075e-02   7.5053238e-02   6.3486246e-02   5.4521294e-02   4.8189307e-02   3.9826858e-02   3.2694909e-02   2.9534683e-02   2.8390440e-02
   1.7100000e+01   1.0360480e-01   1.0140764e-01   9.0867209e-02   7.4246756e-02   6.2995972e-02   5.4243133e-02   4.7945685e-02   3.9690961e-02   3.2633735e-02   2.9510989e-02   2.8381908e-02
   1.7550000e+01   1.0361642e-01   1.0289615e-01   9.0043619e-02   7.3185613e-02   6.2436049e-02   5.3948607e-02   4.7696441e-02   3.9551676e-02   3.2570943e-02   2.9486663e-02   2.8373149e-02
   1.8000000e+01   1.0356568e-01   9.7712340e-02   8.7849074e-02   7.1874772e-02   6.1810130e-02   5.3637804e-02   4.7441649e-02   3.9409021e-02   3.2506534e-02   2.9461706e-02   2.8364163e-02
   1.8450000e+01   1.0193277e-01   9.0663333e-02   8.4439978e-02   7.0326934e-02   6.1122413e-02   5.3310874e-02   4.7181386e-02   3.9263014e-02   3.2440508e-02   2.9436118e-02   2.8354949e-02
   1.8900000e+01   8.9049449e-02   8.3965490e-02   8.0127503e-02   6.8562289e-02   6.0377585e-02   5.2968019e-02   4.6915735e-02   3.9113675e-02   3.2372868e-02   2.9409898e-02   2.8345508e-02
   1.9350000e+01   7.8030531e-02   7.7473270e-02   7.5228731e-02   6.6607857e-02   5.9580763e-02   5.2609501e-02   4.6644778e-02   3.8961024e-02   3.2303614e-02   2.9383048e-02   2.8335839e-02
   1.9800000e+01   7.1200008e-02   7.1041515e-02   6.9990913e-02   6.4496441e-02   5.8737428e-02   5.2235630e-02   4.6368601e-02   3.8805080e-02   3.2232747e-02   2.9355566e-02   2.8325943e-02
   2.0250000e+01   6.4747948e-02   6.4624194e-02   6.4594503e-02   6.2265285e-02   5.7853356e-02   5.1846767e-02   4.6087290e-02   3.8645864e-02   3.2160268e-02   2.9327453e-02   2.8315819e-02
   2.0700000e+01   5.8309305e-02   5.8203996e-02   5.9187963e-02   5.9954524e-02   5.6934537e-02   5.1443320e-02   4.5800938e-02   3.8483397e-02   3.2086179e-02   2.9298708e-02   2.8305468e-02
   2.1150000e+01   5.1863446e-02   5.1753235e-02   5.3925673e-02   5.7605522e-02   5.5987103e-02   5.1025742e-02   4.5509635e-02   3.8317700e-02   3.2010481e-02   2.9269333e-02   2.8294889e-02
   2.1600000e+01   4.5411122e-02   4.5169976e-02   4.8997677e-02   5.5259212e-02   5.5017241e-02   5.0594524e-02   4.5213477e-02   3.8148794e-02   3.1933176e-02   2.9239327e-02   2.8284083e-02
   2.2050000e+01   3.8928413e-02   3.8318737e-02   4.4632124e-02   5.2954535e-02   5.4031117e-02   5.0150195e-02   4.4912561e-02   3.7976702e-02   3.1854264e-02   2.9208690e-02   2.8273049e-02
   2.2500000e+01   3.2494829e-02   3.2842461e-02   4.1041652e-02   5.0727064e-02   5.3034792e-02   4.9693316e-02   4.4606986e-02   3.7801447e-02   3.1773747e-02   2.9177422e-02   2.8261788e-02
   2.2950000e+01   3.2490584e-02   3.1904832e-02   3.8325858e-02   4.8607895e-02   5.2034150e-02   4.9224478e-02   4.4296853e-02   3.7623051e-02   3.1691626e-02   2.9145523e-02   2.8250299e-02
   2.3400000e+01   3.2538689e-02   3.2347716e-02   3.6417870e-02   4.6622838e-02   5.1034819e-02   4.8744299e-02   4.3982264e-02   3.7441537e-02   3.1607903e-02   2.9112993e-02   2.8238583e-02
   2.3850000e+01   3.2560928e-02   3.2527808e-02   3.5137934e-02   4.4791932e-02   5.0042108e-02   4.8253417e-02   4.3663326e-02   3.7256929e-02   3.1522579e-02   2.9079832e-02   2.8226640e-02
   2.4300000e+01   3.2582933e-02   3.2580183e-02   3.4293581e-02   4.3129295e-02   4.9060939e-02   4.7752487e-02   4.3340146e-02   3.7069251e-02   3.1435656e-02   2.9046041e-02   2.8214469e-02
   2.4750000e+01   3.2604912e-02   3.2605500e-02   3.3738649e-02   4.1643257e-02   4.8095800e-02   4.7242181e-02   4.3012831e-02   3.6878527e-02   3.1347134e-02   2.9011619e-02   2.8202070e-02
   2.5200000e+01   3.2626937e-02   3.2627089e-02   3.3379369e-02   4.0336750e-02   4.7150694e-02   4.6723180e-02   4.2681492e-02   3.6684783e-02   3.1257017e-02   2.8976567e-02   2.8189444e-02
   2.5650000e+01   3.2650254e-02   3.2648521e-02   3.3159066e-02   3.9207887e-02   4.6229104e-02   4.6196171e-02   4.2346242e-02   3.6488043e-02   3.1165304e-02   2.8940883e-02   2.8176591e-02
   2.6100000e+01   3.2687868e-02   3.2669145e-02   3.3043700e-02   3.8250666e-02   4.5333965e-02   4.5661847e-02   4.2007193e-02   3.6288333e-02   3.1071999e-02   2.8904570e-02   2.8163510e-02
   2.6550000e+01   3.2731846e-02   3.2684634e-02   3.3013419e-02   3.7455751e-02   4.4467648e-02   4.5120899e-02   4.1664461e-02   3.6085679e-02   3.0977102e-02   2.8867626e-02   2.8150202e-02
   2.7000000e+01   3.2737413e-02   3.2687803e-02   3.3057665e-02   3.6811250e-02   4.3631951e-02   4.4574015e-02   4.1318162e-02   3.5880106e-02   3.0880614e-02   2.8830051e-02   2.8136666e-02
   2.7450000e+01   3.2737585e-02   3.2737965e-02   3.3170348e-02   3.6303468e-02   4.2828101e-02   4.4021878e-02   4.0968413e-02   3.5671642e-02   3.0782539e-02   2.8791846e-02   2.8122903e-02
   2.7900000e+01   3.2738673e-02   3.2991234e-02   3.3344263e-02   3.5917587e-02   4.2056765e-02   4.3465163e-02   4.0615332e-02   3.5460313e-02   3.0682877e-02   2.8753011e-02   2.8108912e-02
   2.8350000e+01   3.2765055e-02   3.3341398e-02   3.3567936e-02   3.5638252e-02   4.1318073e-02   4.2904533e-02   4.0259040e-02   3.5246147e-02   3.0581630e-02   2.8713546e-02   2.8094694e-02
   2.8800000e+01   3.3090177e-02   3.3687758e-02   3.3827387e-02   3.5450048e-02   4.0611641e-02   4.2340637e-02   3.9899656e-02   3.5029170e-02   3.0478801e-02   2.8673451e-02   2.8080248e-02
   2.9250000e+01   3.3874311e-02   3.4026416e-02   3.4110014e-02   3.5337864e-02   3.9936612e-02   4.1774109e-02   3.9537301e-02   3.4809412e-02   3.0374390e-02   2.8632725e-02   2.8065575e-02
   2.9700000e+01   3.4339648e-02   3.4361726e-02   3.4406620e-02   3.5287159e-02   3.9291695e-02   4.1205566e-02   3.9172097e-02   3.4586899e-02   3.0268400e-02   2.8591370e-02   2.8050675e-02
   3.0150000e+01   3.4687140e-02   3.4695947e-02   3.4711059e-02   3.5284123e-02   3.8675211e-02   4.0635606e-02   3.8804167e-02   3.4361661e-02   3.0160832e-02   2.8549384e-02   2.8035547e-02
   3.0600000e+01   3.5050981e-02   3.5030762e-02   3.5018977e-02   3.5315765e-02   3.8085150e-02   4.0064806e-02   3.8433633e-02   3.4133726e-02   3.0051689e-02   2.8506769e-02   2.8020192e-02
   3.1050000e+01   3.5675611e-02   3.5368179e-02   3.5326597e-02   3.5369933e-02   3.7519217e-02   3.9493723e-02   3.8060617e-02   3.3903123e-02   2.9940973e-02   2.8463524e-02   2.8004609e-02
   3.1500000e+01   3.6337468e-02   3.5710485e-02   3.5629807e-02   3.5435301e-02   3.6974895e-02   3.8922890e-02   3.7685243e-02   3.3669881e-02   2.9828684e-02   2.8419649e-02   2.7988799e-02
   3.1950000e+01   3.6420690e-02   3.6054469e-02   3.5923688e-02   3.5501324e-02   3.6449502e-02   3.8352819e-02   3.7307634e-02   3.3434031e-02   2.9714827e-02   2.8375144e-02   2.7972761e-02
   3.2400000e+01   3.6423795e-02   3.6362105e-02   3.6202910e-02   3.5558185e-02   3.5940244e-02   3.7783996e-02   3.6927914e-02   3.3195602e-02   2.9599401e-02   2.8330010e-02   2.7956496e-02
   3.2850000e+01   3.6424149e-02   3.6587798e-02   3.6463072e-02   3.5596757e-02   3.5444276e-02   3.7216886e-02   3.6546204e-02   3.2954624e-02   2.9482411e-02   2.8284246e-02   2.7940004e-02
   3.3300000e+01   3.6432618e-02   3.6796255e-02   3.6701809e-02   3.5608570e-02   3.4958753e-02   3.6651928e-02   3.6162627e-02   3.2711127e-02   2.9363857e-02   2.8237853e-02   2.7923284e-02
   3.3750000e+01   3.6565300e-02   3.7015147e-02   3.6918209e-02   3.5585814e-02   3.4480884e-02   3.6089538e-02   3.5777306e-02   3.2465143e-02   2.9243742e-02   2.8190830e-02   2.7906337e-02
   3.4200000e+01   3.7078963e-02   3.7235889e-02   3.7110929e-02   3.5521359e-02   3.4007977e-02   3.5530109e-02   3.5390362e-02   3.2216702e-02   2.9122068e-02   2.8143178e-02   2.7889162e-02
   3.4650000e+01   3.7432946e-02   3.7455224e-02   3.7276424e-02   3.5408806e-02   3.3537488e-02   3.4974009e-02   3.5001915e-02   3.1965835e-02   2.8998837e-02   2.8094897e-02   2.7871760e-02
   3.5100000e+01   3.7666391e-02   3.7673547e-02   3.7407667e-02   3.5242568e-02   3.3067052e-02   3.4421585e-02   3.4612087e-02   3.1712573e-02   2.8874052e-02   2.8045986e-02   2.7854130e-02
   3.5550000e+01   3.7907383e-02   3.7892621e-02   3.7492440e-02   3.5017954e-02   3.2594527e-02   3.3873161e-02   3.4220996e-02   3.1456948e-02   2.8747715e-02   2.7996447e-02   2.7836273e-02
   3.6000000e+01   3.8324674e-02   3.8117442e-02   3.7510268e-02   3.4731279e-02   3.2118014e-02   3.3329038e-02   3.3828761e-02   3.1198993e-02   2.8619828e-02   2.7946278e-02   2.7818189e-02
   3.6450000e+01   3.8763196e-02   3.8365123e-02   3.7428369e-02   3.4379954e-02   3.1635888e-02   3.2789498e-02   3.3435498e-02   3.0938738e-02   2.8490393e-02   2.7895481e-02   2.7799877e-02
   3.6900000e+01   3.8821867e-02   3.8666798e-02   3.7200558e-02   3.3962578e-02   3.1146813e-02   3.2254800e-02   3.3041325e-02   3.0676216e-02   2.8359413e-02   2.7844054e-02   2.7781338e-02
   3.7350000e+01   3.8824348e-02   3.8839026e-02   3.6776901e-02   3.3478993e-02   3.0649752e-02   3.1725187e-02   3.2646354e-02   3.0411459e-02   2.8226891e-02   2.7791999e-02   2.7762572e-02
   3.7800000e+01   3.8823191e-02   3.8105926e-02   3.6126504e-02   3.2930314e-02   3.0143981e-02   3.1200878e-02   3.2250701e-02   3.0144500e-02   2.8092829e-02   2.7739315e-02   2.7743578e-02
   3.8250000e+01   3.8786451e-02   3.6626138e-02   3.5257288e-02   3.2318906e-02   2.9629085e-02   3.0682079e-02   3.1854475e-02   2.9875372e-02   2.7957229e-02   2.7686003e-02   2.7724356e-02
   3.8700000e+01   3.8131105e-02   3.5072586e-02   3.4211552e-02   3.1648326e-02   2.9104959e-02   3.0168974e-02   3.1457789e-02   2.9604107e-02   2.7820094e-02   2.7632062e-02   2.7704908e-02
   3.9150000e+01   3.4833327e-02   3.3565071e-02   3.3042608e-02   3.0923211e-02   2.8571798e-02   2.9661733e-02   3.1060750e-02   2.9330738e-02   2.7681426e-02   2.7577493e-02   2.7685232e-02
   3.9600000e+01   3.2249354e-02   3.2086653e-02   3.1795836e-02   3.0149132e-02   2.8030090e-02   2.9160508e-02   3.0663465e-02   2.9055299e-02   2.7541229e-02   2.7522295e-02   2.7665328e-02
   4.0050000e+01   3.0651496e-02   3.0620116e-02   3.0503894e-02   2.9332408e-02   2.7480594e-02   2.8665438e-02   3.0266038e-02   2.8777823e-02   2.7399505e-02   2.7466469e-02   2.7645197e-02
   4.0500000e+01   2.9027613e-02   2.9152478e-02   2.9190385e-02   2.8479903e-02   2.6924324e-02   2.8176643e-02   2.9868574e-02   2.8498343e-02   2.7256255e-02   2.7410014e-02   2.7624839e-02
   4.0950000e+01   2.6242556e-02   2.7670969e-02   2.7875324e-02   2.7598809e-02   2.6362529e-02   2.7694231e-02   2.9471173e-02   2.8216893e-02   2.7111485e-02   2.7352932e-02   2.7604253e-02
   4.1400000e+01   2.3214216e-02   2.6163118e-02   2.6579697e-02   2.6696438e-02   2.5796664e-02   2.7218297e-02   2.9073934e-02   2.7933507e-02   2.6965195e-02   2.7295222e-02   2.7583440e-02
   4.1850000e+01   2.2769204e-02   2.4639931e-02   2.5327735e-02   2.5780024e-02   2.5228365e-02   2.6748920e-02   2.8676954e-02   2.7648217e-02   2.6817389e-02   2.7236884e-02   2.7562400e-02
   4.2300000e+01   2.2748705e-02   2.3259386e-02   2.4144397e-02   2.4856555e-02   2.4659420e-02   2.6286165e-02   2.8280327e-02   2.7361059e-02   2.6668069e-02   2.7177918e-02   2.7541132e-02
   4.2750000e+01   2.2747804e-02   2.2323864e-02   2.3046994e-02   2.3932642e-02   2.4091737e-02   2.5830088e-02   2.7884146e-02   2.7072066e-02   2.6517240e-02   2.7118324e-02   2.7519637e-02
   4.3200000e+01   2.2733590e-02   2.1594540e-02   2.2036858e-02   2.3014428e-02   2.3527315e-02   2.5380727e-02   2.7488501e-02   2.6781272e-02   2.6364902e-02   2.7058103e-02   2.7497915e-02
   4.3650000e+01   2.2452277e-02   2.0818869e-02   2.1100186e-02   2.2107542e-02   2.2968212e-02   2.4938111e-02   2.7093480e-02   2.6488711e-02   2.6211060e-02   2.6997254e-02   2.7475965e-02
   4.4100000e+01   2.0766047e-02   2.0023563e-02   2.0217346e-02   2.1217100e-02   2.2416508e-02   2.4502256e-02   2.6699168e-02   2.6194418e-02   2.6055717e-02   2.6935777e-02   2.7453788e-02
   4.4550000e+01   1.9312920e-02   1.9232738e-02   1.9371344e-02   2.0347738e-02   2.1874282e-02   2.4073165e-02   2.6305647e-02   2.5898426e-02   2.5898875e-02   2.6873674e-02   2.7431384e-02
   4.5000000e+01   1.8447024e-02   1.8447142e-02   1.8550654e-02   1.9503681e-02   2.1343573e-02   2.3650827e-02   2.5913000e-02   2.5600770e-02   2.5740537e-02   2.6810943e-02   2.7408752e-02
   4.5450000e+01   1.7581128e-02   1.7661445e-02   1.7748408e-02   1.8688838e-02   2.0826354e-02   2.3235222e-02   2.5521302e-02   2.5301483e-02   2.5580707e-02   2.6747585e-02   2.7385893e-02
   4.5900000e+01   1.6128001e-02   1.6869383e-02   1.6960929e-02   1.7906899e-02   2.0324500e-02   2.2826315e-02   2.5130630e-02   2.5000602e-02   2.5419388e-02   2.6683600e-02   2.7362806e-02
   4.6350000e+01   1.4441770e-02   1.6066357e-02   1.6186810e-02   1.7161435e-02   1.9839765e-02   2.2424062e-02   2.4741056e-02   2.4698159e-02   2.5256583e-02   2.6618988e-02   2.7339492e-02
   4.6800000e+01   1.4160453e-02   1.5261479e-02   1.5426483e-02   1.6455988e-02   1.9373753e-02   2.2028403e-02   2.4352651e-02   2.4394189e-02   2.5092295e-02   2.6553749e-02   2.7315951e-02
   4.7250000e+01   1.4146225e-02   1.4513404e-02   1.4681720e-02   1.5794131e-02   1.8927896e-02   2.1639270e-02   2.3965482e-02   2.4088727e-02   2.4926527e-02   2.6487884e-02   2.7292183e-02
   4.7700000e+01   1.4145583e-02   1.3877052e-02   1.3954673e-02   1.5179503e-02   1.8503432e-02   2.1256580e-02   2.3579613e-02   2.3781806e-02   2.4759284e-02   2.6421392e-02   2.7268187e-02
   4.8150000e+01   1.4135836e-02   1.3222399e-02   1.3246910e-02   1.4615802e-02   1.8101389e-02   2.0880239e-02   2.3195108e-02   2.3473462e-02   2.4590567e-02   2.6354273e-02   2.7243964e-02
   4.8600000e+01   1.3924073e-02   1.2515032e-02   1.2559493e-02   1.4106739e-02   1.7722567e-02   2.0510142e-02   2.2812025e-02   2.3163728e-02   2.4420381e-02   2.6286529e-02   2.7219514e-02
   4.9050000e+01   1.2482996e-02   1.1802488e-02   1.1894178e-02   1.3655943e-02   1.7367530e-02   2.0146173e-02   2.2430423e-02   2.2852639e-02   2.4248729e-02   2.6218157e-02   2.7194836e-02
   4.9500000e+01   1.1157689e-02   1.1098359e-02   1.1254803e-02   1.3266842e-02   1.7036590e-02   1.9788204e-02   2.2050354e-02   2.2540229e-02   2.4075614e-02   2.6149160e-02   2.7169931e-02
   4.9950000e+01   1.0384943e-02   1.0400091e-02   1.0648429e-02   1.2942497e-02   1.6729809e-02   1.9436095e-02   2.1671871e-02   2.2226532e-02   2.3901041e-02   2.6079537e-02   2.7144799e-02
   5.0400000e+01   9.6245798e-03   9.7021779e-03   1.0086872e-02   1.2685419e-02   1.6446989e-02   1.9089698e-02   2.1295023e-02   2.1911582e-02   2.3725011e-02   2.6009288e-02   2.7119439e-02
   5.0850000e+01   8.3949611e-03   8.9973646e-03   9.5895904e-03   1.2497380e-02   1.6187679e-02   1.8748853e-02   2.0919855e-02   2.1595414e-02   2.3547530e-02   2.5938413e-02   2.7093852e-02
   5.1300000e+01   6.8256680e-03   8.2712674e-03   9.1880715e-03   1.2379213e-02   1.5951177e-02   1.8413390e-02   2.0546413e-02   2.1278061e-02   2.3368601e-02   2.5866912e-02   2.7068038e-02
   5.1750000e+01   6.5138090e-03   7.4962323e-03   8.9289252e-03   1.2330645e-02   1.5736536e-02   1.8083132e-02   2.0174737e-02   2.0959557e-02   2.3188227e-02   2.5794786e-02   2.7041996e-02
   5.2200000e+01   6.4963046e-03   6.7511358e-03   8.8680303e-03   1.2350152e-02   1.5542579e-02   1.7757892e-02   1.9804865e-02   2.0639937e-02   2.3006412e-02   2.5722034e-02   2.7015727e-02
   5.2650000e+01   6.4959814e-03   6.7403970e-03   9.0492580e-03   1.2434861e-02   1.5367910e-02   1.7437474e-02   1.9436834e-02   2.0319234e-02   2.2823159e-02   2.5648657e-02   2.6989231e-02
   5.3100000e+01   6.5090208e-03   7.7879293e-03   9.4784449e-03   1.2580507e-02   1.5210933e-02   1.7121677e-02   1.9070677e-02   1.9997481e-02   2.2638474e-02   2.5574655e-02   2.6962508e-02
   5.3550000e+01   6.8202778e-03   9.0532488e-03   1.0118318e-02   1.2781457e-02   1.5069870e-02   1.6810293e-02   1.8706426e-02   1.9674712e-02   2.2452358e-02   2.5500027e-02   2.6935557e-02
   5.4000000e+01   9.1470559e-03   1.0264609e-02   1.0910092e-02   1.3030788e-02   1.4942786e-02   1.6503108e-02   1.8344108e-02   1.9350961e-02   2.2264817e-02   2.5424775e-02   2.6908380e-02
   5.4450000e+01   1.1361188e-02   1.1439521e-02   1.1798248e-02   1.3320429e-02   1.4827614e-02   1.6199903e-02   1.7983751e-02   1.9026261e-02   2.2075855e-02   2.5348898e-02   2.6880974e-02
   5.4900000e+01   1.2639882e-02   1.2600504e-02   1.2740558e-02   1.3641362e-02   1.4722179e-02   1.5900456e-02   1.7625377e-02   1.8700644e-02   2.1885474e-02   2.5272396e-02   2.6853342e-02
   5.5350000e+01   1.3878533e-02   1.3759467e-02   1.3705709e-02   1.3983853e-02   1.4624226e-02   1.5604541e-02   1.7269009e-02   1.8374145e-02   2.1693680e-02   2.5195270e-02   2.6825482e-02
   5.5800000e+01   1.5756757e-02   1.4925240e-02   1.4666715e-02   1.4337719e-02   1.4531454e-02   1.5311931e-02   1.6914666e-02   1.8046796e-02   2.1500475e-02   2.5117519e-02   2.6797395e-02
   5.6250000e+01   1.8482236e-02   1.6108624e-02   1.5594321e-02   1.4692606e-02   1.4441541e-02   1.5022398e-02   1.6562364e-02   1.7718629e-02   2.1305865e-02   2.5039144e-02   2.6769081e-02
   5.6700000e+01   1.9186249e-02   1.7323473e-02   1.6452436e-02   1.5038263e-02   1.4352172e-02   1.4735715e-02   1.6212118e-02   1.7389678e-02   2.1109853e-02   2.4960144e-02   2.6740540e-02
   5.7150000e+01   1.9231217e-02   1.8517778e-02   1.7199587e-02   1.5364805e-02   1.4261078e-02   1.4451652e-02   1.5863942e-02   1.7059974e-02   2.0912444e-02   2.4880521e-02   2.6711771e-02
   5.7600000e+01   1.9232872e-02   1.9257725e-02   1.7800626e-02   1.5662945e-02   1.4166053e-02   1.4169987e-02   1.5517845e-02   1.6729550e-02   2.0713642e-02   2.4800273e-02   2.6682775e-02
   5.8050000e+01   1.9232762e-02   1.9307804e-02   1.8243377e-02   1.5924196e-02   1.4064990e-02   1.3890497e-02   1.5173836e-02   1.6398438e-02   2.0513450e-02   2.4719402e-02   2.6653552e-02
   5.8500000e+01   1.9230244e-02   1.9235535e-02   1.8543785e-02   1.6141031e-02   1.3955906e-02   1.3612965e-02   1.4831922e-02   1.6066670e-02   2.0311874e-02   2.4637908e-02   2.6624102e-02
   5.8950000e+01   1.9210315e-02   1.9204868e-02   1.8733185e-02   1.6306993e-02   1.3836962e-02   1.3337177e-02   1.4492107e-02   1.5734277e-02   2.0108917e-02   2.4555789e-02   2.6594425e-02
   5.9400000e+01   1.9191508e-02   1.9190989e-02   1.8841377e-02   1.6416776e-02   1.3706489e-02   1.3062928e-02   1.4154394e-02   1.5401291e-02   1.9904584e-02   2.4473048e-02   2.6564520e-02
   5.9850000e+01   1.9180554e-02   1.9180526e-02   1.8888226e-02   1.6466262e-02   1.3563004e-02   1.2790019e-02   1.3818785e-02   1.5067743e-02   1.9698879e-02   2.4389683e-02   2.6534388e-02
   6.0300000e+01   1.9170091e-02   1.9170517e-02   1.8883096e-02   1.6452523e-02   1.3405229e-02   1.2518258e-02   1.3485278e-02   1.4733664e-02   1.9491807e-02   2.4305695e-02   2.6504029e-02
   6.0750000e+01   1.9156081e-02   1.9161120e-02   1.8826256e-02   1.6373803e-02   1.3232101e-02   1.2247462e-02   1.3153871e-02   1.4399086e-02   1.9283373e-02   2.4221084e-02   2.6473442e-02
   6.1200000e+01   1.9132472e-02   1.9156140e-02   1.8708973e-02   1.6229473e-02   1.3042784e-02   1.1977458e-02   1.2824560e-02   1.4064038e-02   1.9073580e-02   2.4135850e-02   2.6442629e-02
   6.1650000e+01   1.9122685e-02   1.9170948e-02   1.8512736e-02   1.6019979e-02   1.2836672e-02   1.1708084e-02   1.2497341e-02   1.3728551e-02   1.8862433e-02   2.4049994e-02   2.6411588e-02
   6.2100000e+01   1.9121905e-02   1.9215582e-02   1.8211457e-02   1.5746767e-02   1.2613395e-02   1.1439189e-02   1.2172205e-02   1.3392655e-02   1.8649937e-02   2.3963515e-02   2.6380320e-02
   6.2550000e+01   1.9121817e-02   1.9017452e-02   1.7781320e-02   1.5412209e-02   1.2372817e-02   1.1170633e-02   1.1849145e-02   1.3056380e-02   1.8436097e-02   2.3876414e-02   2.6348825e-02
   6.3000000e+01   1.9114139e-02   1.8179644e-02   1.7215372e-02   1.5019516e-02   1.2115031e-02   1.0902289e-02   1.1528152e-02   1.2719757e-02   1.8220917e-02   2.3788691e-02   2.6317103e-02
   6.3450000e+01   1.8867003e-02   1.7146959e-02   1.6529638e-02   1.4572643e-02   1.1840350e-02   1.0634042e-02   1.1209214e-02   1.2382813e-02   1.8004402e-02   2.3700346e-02   2.6285153e-02
   6.3900000e+01   1.6917058e-02   1.6145195e-02   1.5753902e-02   1.4076192e-02   1.1549302e-02   1.0365793e-02   1.0892320e-02   1.2045578e-02   1.7786556e-02   2.3611378e-02   2.6252977e-02
   6.4350000e+01   1.5249298e-02   1.5164792e-02   1.4917702e-02   1.3535310e-02   1.1242612e-02   1.0097452e-02   1.0577456e-02   1.1708082e-02   1.7567386e-02   2.3521789e-02   2.6220573e-02
   6.4800000e+01   1.4215469e-02   1.4191498e-02   1.4043209e-02   1.2955583e-02   1.0921186e-02   9.8289494e-03   1.0264609e-02   1.1370353e-02   1.7346894e-02   2.3431579e-02   2.6187942e-02
   6.5250000e+01   1.3238922e-02   1.3220131e-02   1.3145368e-02   1.2342925e-02   1.0586099e-02   9.5602250e-03   9.9537629e-03   1.1032419e-02   1.7125087e-02   2.3340747e-02   2.6155084e-02
   6.5700000e+01   1.2264406e-02   1.2248772e-02   1.2234727e-02   1.1703478e-02   1.0238569e-02   9.2912354e-03   9.6449030e-03   1.0694308e-02   1.6901969e-02   2.3249293e-02   2.6121999e-02
   6.6150000e+01   1.1288798e-02   1.1275989e-02   1.1320152e-02   1.1043503e-02   9.8799411e-03   9.0219516e-03   9.3380121e-03   1.0356048e-02   1.6677545e-02   2.3157219e-02   2.6088686e-02
   6.6600000e+01   1.0312236e-02   1.0298182e-02   1.0410713e-02   1.0369284e-02   9.5116636e-03   8.7523594e-03   9.0330730e-03   1.0017667e-02   1.6451820e-02   2.3064524e-02   2.6055147e-02
   6.7050000e+01   9.3341163e-03   9.3107271e-03   9.5163118e-03   9.6870334e-03   9.1352669e-03   8.4824595e-03   8.7300675e-03   9.6791922e-03   1.6224800e-02   2.2971208e-02   2.6021380e-02
   6.7500000e+01   8.3572728e-03   8.3689993e-03   8.6462215e-03   9.0028039e-03   8.7523415e-03   8.2122669e-03   8.4289770e-03   9.3406498e-03   1.5996488e-02   2.2877271e-02   2.5987386e-02
   6.7950000e+01   7.5973077e-03   7.5803720e-03   7.8059695e-03   8.3224124e-03   8.3645158e-03   7.9418116e-03   8.1297823e-03   9.0020670e-03   1.5766892e-02   2.2782714e-02   2.5953165e-02
   6.8400000e+01   6.8394891e-03   6.8389671e-03   6.9955331e-03   7.6513673e-03   7.9734356e-03   7.6711375e-03   7.8324639e-03   8.6634700e-03   1.5536014e-02   2.2687536e-02   2.5918717e-02
   6.8850000e+01   6.0813312e-03   6.0893068e-03   6.2111404e-03   6.9948061e-03   7.5807435e-03   7.4003026e-03   7.5370018e-03   8.3248849e-03   1.5303862e-02   2.2591739e-02   2.5884042e-02
   6.9300000e+01   5.3239009e-03   5.3358947e-03   5.4488200e-03   6.3574401e-03   7.1880607e-03   7.1293787e-03   7.2433757e-03   7.9863375e-03   1.5070440e-02   2.2495321e-02   2.5849140e-02
   6.9750000e+01   4.5673183e-03   4.5819668e-03   4.7067661e-03   5.7435066e-03   6.7969690e-03   6.8584506e-03   6.9515649e-03   7.6478532e-03   1.4835753e-02   2.2398284e-02   2.5814011e-02
   7.0200000e+01   3.8091592e-03   3.8278090e-03   3.9861472e-03   5.1567279e-03   6.4089955e-03   6.5876156e-03   6.6615488e-03   7.3094572e-03   1.4599806e-02   2.2300627e-02   2.5778654e-02
   7.0650000e+01   3.0065282e-03   3.0721492e-03   3.2916233e-03   4.6002765e-03   6.0255987e-03   6.3169836e-03   6.3733064e-03   6.9711742e-03   1.4362606e-02   2.2202351e-02   2.5743071e-02
   7.1100000e+01   1.7117335e-03   2.3109553e-03   2.6325384e-03   4.0767485e-03   5.6481563e-03   6.0466757e-03   6.0868169e-03   6.6330289e-03   1.4124157e-02   2.2103455e-02   2.5707260e-02
   7.1550000e+01   1.9786043e-04   1.5330503e-03   2.0245302e-03   3.5881442e-03   5.2779555e-03   5.7768238e-03   5.8020592e-03   6.2950453e-03   1.3884465e-02   2.2003940e-02   2.5671223e-02
   7.2000000e+01   5.9920785e-06   7.3083565e-04   1.4892574e-03   3.1358587e-03   4.9161843e-03   5.5075704e-03   5.5190125e-03   5.9572473e-03   1.3643536e-02   2.1903807e-02   2.5634958e-02
   7.2450000e+01   3.0438599e-08   8.1120294e-05   1.0485228e-03   2.7206828e-03   4.5639252e-03   5.2390670e-03   5.2376561e-03   5.6196585e-03   1.3401374e-02   2.1803055e-02   2.5598466e-02
   7.2900000e+01  -1.2554273e-08  -6.6881861e-05   7.1310239e-04   2.3428178e-03   4.2221509e-03   4.9714739e-03   4.9579692e-03   5.2823021e-03   1.3157986e-02   2.1701684e-02   2.5561747e-02
   7.3350000e+01  -1.3183513e-09  -2.4017797e-05   4.7546190e-04   2.0019028e-03   3.8917210e-03   4.7049595e-03   4.6799315e-03   4.9452010e-03   1.2913376e-02   2.1599695e-02   2.5524801e-02
   7.3800000e+01  -6.9009395e-11  -4.4192844e-06   3.1453532e-04   1.6970566e-03   3.5733807e-03   4.4396987e-03   4.4035230e-03   4.6083778e-03   1.2667552e-02   2.1497087e-02   2.5487628e-02
   7.4250000e+01  -8.7383536e-13  -3.8783501e-07   2.0702979e-04   1.4269321e-03   3.2677610e-03   4.1758730e-03   4.1287237e-03   4.2718547e-03   1.2420518e-02   2.1393862e-02   2.5450228e-02
   7.4700000e+01  -3.0110298e-15   1.0317524e-07   1.3479493e-04   1.1897829e-03   2.9753796e-03   3.9136689e-03   3.8555143e-03   3.9356535e-03   1.2172280e-02   2.1290019e-02   2.5412601e-02
   7.5150000e+01   8.6199827e-17   7.5379366e-08   8.5925336e-05   9.8353751e-04   2.6966433e-03   3.6532773e-03   3.5838757e-03   3.5997960e-03   1.1922843e-02   2.1185558e-02   2.5374747e-02
   7.5600000e+01   5.0840964e-18   3.0245044e-08   5.3007837e-05   8.0587906e-04   2.4318518e-03   3.3948926e-03   3.3137895e-03   3.2643031e-03   1.1672215e-02   2.1080480e-02   2.5336666e-02
   7.6050000e+01   1.6358948e-19   9.7840677e-09   3.1278730e-05   6.5432618e-04   2.1812016e-03   3.1387118e-03   3.0452376e-03   2.9291960e-03   1.1420399e-02   2.0974785e-02   2.5298358e-02
   7.6500000e+01   1.0765820e-21   2.6292648e-09   1.7462937e-05   5.2631178e-04   1.9447908e-03   2.8849333e-03   2.7782024e-03   2.5944951e-03   1.1167404e-02   2.0868472e-02   2.5259823e-02
   7.6950000e+01   2.1897100e-24   5.0238838e-10   9.1576879e-06   4.1925611e-04   1.7226253e-03   2.6337567e-03   2.5126671e-03   2.2602207e-03   1.0913233e-02   2.0761543e-02   2.5221061e-02
   7.7400000e+01   1.3117654e-27   2.6398677e-11   4.5201723e-06   3.3063155e-04   1.5146243e-03   2.3853809e-03   2.2486154e-03   1.9263926e-03   1.0657893e-02   2.0653997e-02   2.5182072e-02
   7.7850000e+01  -1.5818451e-29  -7.3346526e-12   2.1359465e-06   2.5801709e-04   1.3206268e-03   2.1400042e-03   1.9860316e-03   1.5930303e-03   1.0401391e-02   2.0545835e-02   2.5142856e-02
   7.8300000e+01  -1.1995947e-31  -1.1614830e-12   9.9463294e-07   1.9914129e-04   1.1403990e-03   1.8978229e-03   1.7249007e-03   1.2601531e-03   1.0143731e-02   2.0437056e-02   2.5103412e-02
   7.8750000e+01  -5.0303938e-34  -9.4026405e-14   4.6816744e-07   1.5191351e-04   9.7364031e-04   1.6590307e-03   1.4652085e-03   9.2777984e-04   9.8849210e-03   2.0327661e-02   2.5063742e-02
   7.9200000e+01  -5.9062524e-37  -4.9897341e-15   2.2410413e-07   1.1444359e-04   8.1999132e-04   1.4238177e-03   1.2069415e-03   5.9592900e-04   9.6249660e-03   2.0217651e-02   2.5023845e-02
   7.9650000e+01  -1.8052658e-40  -3.8558258e-17   1.0767905e-07   8.5051145e-05   6.7904037e-04   1.1923698e-03   9.5008697e-04   2.6461878e-04   9.3638724e-03   2.0107025e-02   2.4983721e-02
   8.0100000e+01   1.1167887e-43   3.7298669e-17   5.0869638e-08   6.2265924e-05   5.5033087e-04   9.6486797e-04   6.9463287e-04  -6.6132994e-05   9.1016462e-03   1.9995783e-02   2.4943370e-02
   8.0550000e+01   5.0872230e-46   7.0993974e-18   2.3167069e-08   4.4820873e-05   4.3336821e-04   7.4148757e-04   4.4056809e-04  -3.9630883e-04   8.8382938e-03   1.9883926e-02   2.4902792e-02
   8.1000000e+01   1.0102812e-48   9.4253034e-19   1.0001541e-08   3.1639842e-05   3.2762661e-04   5.2239760e-04   1.8788228e-04  -7.2589157e-04   8.5738212e-03   1.9771454e-02   2.4861987e-02
   8.1450000e+01   4.2852416e-52   1.0045932e-19   4.0344753e-09   2.1821583e-05   2.3255568e-04   3.0776016e-04  -6.3434016e-05  -1.0548644e-03   8.3082348e-03   1.9658368e-02   2.4820956e-02
   8.1900000e+01   5.9413122e-56   7.6950021e-21   1.5047447e-09   1.4621625e-05   1.4758675e-04   9.7729916e-05  -3.1338944e-04  -1.3832108e-03   8.0415408e-03   1.9544667e-02   2.4779697e-02
   8.2350000e+01   3.2434561e-60   2.0002558e-22   5.1849760e-10   9.4332780e-06   7.2138827e-05  -1.0754644e-04  -5.6199174e-04  -1.7109148e-03   7.7737456e-03   1.9430351e-02   2.4738211e-02
   8.2800000e+01  -1.4507661e-63  -1.5629293e-23   1.6794952e-10   5.7687837e-06   5.6242275e-06  -3.0793065e-04  -8.0924780e-04  -2.0379604e-03   7.5048555e-03   1.9315421e-02   2.4696498e-02
   8.3250000e+01  -7.9966935e-67  -1.1022497e-24   5.3086898e-11   3.2413364e-06  -5.2546231e-05  -5.0329328e-04  -1.0551636e-03  -2.3643322e-03   7.2348769e-03   1.9199877e-02   2.4654559e-02
   8.3700000e+01  -2.4219968e-70  -3.6776174e-26   1.7049776e-11   1.5484583e-06  -1.0295843e-04  -6.9351411e-04  -1.2997442e-03  -2.6900152e-03   6.9638162e-03   1.9083720e-02   2.4612392e-02
   8.4150000e+01  -2.2549898e-74  -8.4095602e-28   5.6438735e-12   4.5702754e-07  -1.4619062e-04  -8.7848242e-04  -1.5429938e-03  -3.0149944e-03   6.6916799e-03   1.8966949e-02   2.4569999e-02
   8.4600000e+01  -5.0854429e-79  -8.7648516e-30   1.8826397e-12  -2.0990397e-07  -1.8280952e-04  -1.0580973e-03  -1.7849158e-03  -3.3392556e-03   6.4184744e-03   1.8849564e-02   2.4527379e-02
   8.5050000e+01   8.5932056e-84   4.6714646e-31   6.0444773e-13  -5.8448391e-07  -2.1336693e-04  -1.2322677e-03  -2.0255124e-03  -3.6627844e-03   6.1442063e-03   1.8731567e-02   2.4484531e-02
   8.5500000e+01   3.4497373e-87   4.2936701e-32   1.7499525e-13  -7.6368487e-07  -2.3839672e-04  -1.4009129e-03  -2.2647852e-03  -3.9855672e-03   5.8688822e-03   1.8612957e-02   2.4441457e-02
   8.5950000e+01   4.4128128e-91   2.3174283e-33   3.9683196e-14  -8.1730323e-07  -2.5841239e-04  -1.5639623e-03  -2.5027347e-03  -4.3075905e-03   5.5925085e-03   1.8493734e-02   2.4398157e-02
   8.6400000e+01   1.2679070e-95   9.8275955e-35   2.6506535e-15  -7.9448801e-07  -2.7390496e-04  -1.7213557e-03  -2.7393607e-03  -4.6288411e-03   5.3150920e-03   1.8373898e-02   2.4354629e-02
   8.6850000e+01  1.2061867e-100   3.1424497e-36  -4.4247976e-15  -7.2897591e-07  -2.8534138e-04  -1.8730432e-03  -2.9746619e-03  -4.9493063e-03   5.0366392e-03   1.8253451e-02   2.4310874e-02
   8.7300000e+01  5.3823710e-106   4.4466258e-38  -3.9391195e-15  -6.4321416e-07  -2.9316324e-04  -2.0189852e-03  -3.2086363e-03  -5.2689735e-03   4.7571568e-03   1.8132392e-02   2.4266893e-02
   8.7750000e+01 -9.7026159e-111  -2.7619831e-39  -2.3969930e-15  -5.5154934e-07  -2.9778597e-04  -2.1591524e-03  -3.4412809e-03  -5.5878306e-03   4.4766516e-03   1.8010720e-02   2.4222684e-02
   8.8200000e+01 -4.0266717e-115  -2.4910800e-40  -1.2572561e-15  -4.6264802e-07  -2.9959831e-04  -2.2935258e-03  -3.6725920e-03  -5.9058658e-03   4.1951302e-03   1.7888438e-02   2.4178249e-02
   8.8650000e+01 -9.9437441e-120  -1.1118201e-41  -6.0684186e-16  -3.8129923e-07  -2.9896211e-04  -2.4220961e-03  -3.9025648e-03  -6.2230676e-03   3.9125995e-03   1.7765544e-02   2.4133587e-02
   8.9100000e+01 -2.1114715e-124  -3.6903255e-43  -2.7717091e-16  -3.0972962e-07  -2.9621243e-04  -2.5448641e-03  -4.1311939e-03  -6.5394246e-03   3.6290661e-03   1.7642039e-02   2.4088698e-02
   8.9550000e+01 -4.1886985e-129  -1.0557508e-44  -1.2151814e-16  -2.4854207e-07  -2.9165791e-04  -2.6618401e-03  -4.3584729e-03  -6.8549261e-03   3.3445370e-03   1.7517923e-02   2.4043582e-02
   9.0000000e+01 -8.0131485e-134  -2.7951479e-46  -5.1542987e-17  -1.9736963e-07  -2.8558135e-04  -2.7730438e-03  -4.5843949e-03  -7.1695615e-03   3.0590189e-03   1.7393197e-02   2.3998240e-02
