  -9.0000000e+01   0.0000000e+00 -1.7227357e-165  -2.6280492e-58  -1.3183661e-21  -4.4618519e-09  -6.2361529e-05  -4.0341257e-03  -1.3594914e-02  -1.9106331e-03   1.5355087e-02   2.3277326e-02
  -8.9550000e+01   0.0000000e+00 -2.9458235e-162  -2.3370738e-57  -2.6645285e-21  -5.3807706e-09  -6.4547831e-05  -4.0181248e-03  -1.3271997e-02  -1.5721543e-03   1.5503905e-02   2.3331286e-02
  -8.9100000e+01   0.0000000e+00 -4.6621786e-159  -2.0170449e-56  -5.3446955e-21  -6.4651058e-09  -6.6714433e-05  -3.9989636e-03  -1.2946434e-02  -1.2347407e-03   1.5652001e-02   2.3384976e-02
  -8.8650000e+01   0.0000000e+00 -6.3615751e-156  -1.6804994e-55  -1.0630625e-20  -7.7374368e-09  -6.8848548e-05  -3.9765359e-03  -1.2618255e-02  -8.9840231e-04   1.5799374e-02   2.3438396e-02
  -8.8200000e+01   0.0000000e+00 -6.4623366e-153  -1.3394566e-54  -2.0944316e-20  -9.2210848e-09  -7.0935918e-05  -3.9507342e-03  -1.2287491e-02  -5.6314917e-04   1.5946025e-02   2.3491547e-02
  -8.7750000e+01   0.0000000e+00 -3.2744089e-150  -1.0058322e-53  -4.0820823e-20  -1.0939178e-08  -7.2960699e-05  -3.9214501e-03  -1.1954173e-02  -2.2899116e-04   1.6091952e-02   2.3544428e-02
  -8.7300000e+01   0.0000000e+00  2.2748211e-147  -6.9172864e-53  -7.8578418e-20  -1.2913273e-08  -7.4905333e-05  -3.8885742e-03  -1.1618331e-02   1.0406183e-04   1.6237155e-02   2.3597040e-02
  -8.6850000e+01   0.0000000e+00  7.3803708e-144  -4.0941229e-52  -1.4908444e-19  -1.5161391e-08  -7.6750424e-05  -3.8519961e-03  -1.1279999e-02   4.3599999e-04   1.6381634e-02   2.3649382e-02
  -8.6400000e+01   0.0000000e+00  1.0371962e-140  -1.7075976e-51  -2.7802376e-19  -1.7695306e-08  -7.8474592e-05  -3.8116047e-03  -1.0939209e-02   7.6681355e-04   1.6525389e-02   2.3701454e-02
  -8.5950000e+01   0.0000000e+00  1.0831516e-137   1.4089622e-51  -5.0771585e-19  -2.0516873e-08  -8.0054331e-05  -3.7672882e-03  -1.0595995e-02   1.0964928e-03   1.6668418e-02   2.3753256e-02
  -8.5500000e+01   0.0000000e+00  8.5272263e-135   1.3916595e-49  -9.0300921e-19  -2.3613134e-08  -8.1463856e-05  -3.7189340e-03  -1.0250390e-02   1.4250280e-03   1.6810723e-02   2.3804789e-02
  -8.5050000e+01   0.0000000e+00  2.8673602e-132   2.0635383e-48  -1.5511968e-18  -2.6949907e-08  -8.2674935e-05  -3.6664291e-03  -9.9024303e-03   1.7524096e-03   1.6952301e-02   2.3856052e-02
  -8.4600000e+01   0.0000000e+00 -7.1761711e-129   2.2992976e-47  -2.5377698e-18  -3.0463473e-08  -8.3656723e-05  -3.6096601e-03  -9.5521503e-03   2.0786280e-03   1.7093154e-02   2.3907045e-02
  -8.4150000e+01   0.0000000e+00 -2.2577555e-125   2.3998219e-46  -3.8500874e-18  -3.4049924e-08  -8.4375580e-05  -3.5485132e-03  -9.1995862e-03   2.4036737e-03   1.7233280e-02   2.3957768e-02
  -8.3700000e+01   0.0000000e+00 -4.2183982e-122   2.7979485e-45  -5.0916750e-18  -3.7551649e-08  -8.4794886e-05  -3.4828745e-03  -8.8447746e-03   2.7275372e-03   1.7372680e-02   2.4008222e-02
  -8.3250000e+01   0.0000000e+00 -5.6265440e-119   3.8997857e-44  -4.7339018e-18  -4.0740331e-08  -8.4874838e-05  -3.4126298e-03  -8.4877526e-03   3.0502091e-03   1.7511353e-02   2.4058406e-02
  -8.2800000e+01   0.0000000e+00 -3.6660104e-116   5.7855563e-43   1.7088912e-18  -4.3295752e-08  -8.4572248e-05  -3.3376650e-03  -8.1285582e-03   3.3716800e-03   1.7649298e-02   2.4108320e-02
  -8.2350000e+01   0.0000000e+00  1.8610241e-113   7.9817181e-42   2.5921482e-17  -4.4779545e-08  -8.3840327e-05  -3.2578662e-03  -7.7672297e-03   3.6919407e-03   1.7786516e-02   2.4157964e-02
  -8.1900000e+01  7.3549997e-314  3.3957953e-110   9.6476276e-41   9.6306955e-17  -4.4602954e-08  -8.2628457e-05  -3.1731198e-03  -7.4038059e-03   4.0109818e-03   1.7923005e-02   2.4207339e-02
  -8.1450000e+01  3.1824249e-305  1.9922057e-107   1.0132037e-39   2.7876267e-16  -4.1987493e-08  -8.0881960e-05  -3.0833123e-03  -7.0383264e-03   4.3287941e-03   1.8058766e-02   2.4256443e-02
  -8.1000000e+01  4.4927626e-297  8.2229565e-105   9.3563813e-39   7.2099756e-16  -3.5917245e-08  -7.8541854e-05  -2.9883311e-03  -6.6708313e-03   4.6453686e-03   1.8193798e-02   2.4305278e-02
  -8.0550000e+01  1.3414034e-289  2.5902974e-102   7.7236474e-38   1.7452298e-15  -2.5081414e-08  -7.5544596e-05  -2.8880641e-03  -6.3013612e-03   4.9606960e-03   1.8328101e-02   2.4353843e-02
  -8.0100000e+01  1.4569681e-282  4.2953596e-100   5.7969785e-37   4.0387582e-15  -7.8055416e-09  -7.1821827e-05  -2.7823998e-03  -5.9299572e-03   5.2747675e-03   1.8461675e-02   2.4402138e-02
  -7.9650000e+01 -2.3570816e-274  -2.2328697e-97   4.0504311e-36   9.0396728e-15   1.8030349e-08  -6.7300094e-05  -2.6712280e-03  -5.5566611e-03   5.5875739e-03   1.8594519e-02   2.4450163e-02
  -7.9200000e+01 -4.3419418e-266  -3.1627529e-94   2.7643593e-35   1.9706347e-14   5.5088607e-08  -6.1900575e-05  -2.5544392e-03  -5.1815151e-03   5.8991063e-03   1.8726633e-02   2.4497919e-02
  -7.8750000e+01 -2.2080094e-258  -2.3734402e-91   2.0118519e-34   4.2031905e-14   1.0668790e-07  -5.5538788e-05  -2.4319254e-03  -4.8045620e-03   6.2093559e-03   1.8858016e-02   2.4545404e-02
  -7.8300000e+01 -3.1594925e-251  -1.2793337e-88   1.6881681e-33   8.7986580e-14   1.7693651e-07  -4.8124297e-05  -2.3035800e-03  -4.4258450e-03   6.5183139e-03   1.8988668e-02   2.4592620e-02
  -7.7850000e+01 -2.5073397e-244  -3.7083652e-86   1.5776606e-32   1.8116309e-13   2.7088742e-07  -3.9560405e-05  -2.1692978e-03  -4.0454078e-03   6.8259714e-03   1.9118590e-02   2.4639565e-02
  -7.7400000e+01  1.2088118e-237   4.6647106e-84   1.4644540e-31   3.6747644e-13   3.9471778e-07  -2.9743845e-05  -2.0289752e-03  -3.6632948e-03   7.1323199e-03   1.9247780e-02   2.4686241e-02
  -7.6950000e+01  1.2337255e-229   4.5470019e-81   1.2419985e-30   7.3520045e-13   5.5593533e-07  -1.8564460e-05  -1.8825107e-03  -3.2795506e-03   7.4373505e-03   1.9376238e-02   2.4732647e-02
  -7.6500000e+01  3.6416022e-222   1.0675448e-78   9.3507380e-30   1.4520423e-12   7.6361472e-07  -5.9048843e-06  -1.7298047e-03  -2.8942205e-03   7.7410547e-03   1.9503964e-02   2.4778782e-02
  -7.6050000e+01  3.3136501e-215   1.7234648e-76   6.2640671e-29   2.8329317e-12   1.0286664e-06   8.3597908e-06  -1.5707597e-03  -2.5073501e-03   8.0434240e-03   1.9630958e-02   2.4824648e-02
  -7.5600000e+01  6.0898328e-209   2.1575310e-74   3.7844280e-28   5.4625039e-12   1.3641407e-06   2.4362346e-05  -1.4052807e-03  -2.1189855e-03   8.3444500e-03   1.9757219e-02   2.4870244e-02
  -7.5150000e+01  5.0836250e-203   1.6337438e-72   2.0967248e-27   1.0413782e-11   1.7855704e-06   4.2243770e-05  -1.2332751e-03  -1.7291733e-03   8.6441241e-03   1.9882747e-02   2.4915570e-02
  -7.4700000e+01 -2.7800023e-196  -1.7034727e-70   1.0897001e-26   1.9633965e-11   2.3113534e-06   6.2153598e-05  -1.0546530e-03  -1.3379604e-03   8.9424380e-03   2.0007542e-02   2.4960626e-02
  -7.4250000e+01 -3.8271958e-189  -1.1970027e-67   5.5284355e-26   3.6616883e-11   2.9631784e-06   8.4250249e-05  -8.6932733e-04  -9.4539422e-04   9.2393834e-03   2.0131603e-02   2.5005411e-02
  -7.3800000e+01 -1.7884146e-182  -3.6430137e-65   2.9240531e-25   6.7560979e-11   3.7664946e-06   1.0870136e-04  -6.7721402e-04  -5.5152262e-04   9.5349520e-03   2.0254931e-02   2.5049927e-02
  -7.3350000e+01 -2.0501231e-176  -7.9561280e-63   1.7134824e-24   1.2333921e-10   4.7510281e-06   1.3568414e-04  -4.7823222e-04  -1.5639375e-04   9.8291357e-03   2.0377524e-02   2.5094173e-02
  -7.2900000e+01 -1.1757900e-170  -1.0120676e-60   1.0974471e-23   2.2280917e-10   5.9513436e-06   1.6538565e-04  -2.7230441e-04   2.3994379e-04   1.0121926e-02   2.0499382e-02   2.5138149e-02
  -7.2450000e+01  1.5929737e-165   2.6508685e-59   7.0648708e-23   3.9830662e-10   7.4074526e-06   1.9800319e-04  -5.9356597e-05   6.3744107e-04   1.0413316e-02   2.0620506e-02   2.5181854e-02
  -7.2000000e+01  1.9905476e-158   1.6842999e-56   4.2364036e-22   7.0464953e-10   9.1654667e-06   2.3374460e-04   1.6068152e-04   1.0360488e-03   1.0703296e-02   2.0740895e-02   2.5225290e-02
  -7.1550000e+01  3.9503003e-152   1.5775898e-54   2.2885701e-21   1.2337106e-09   1.1278292e-05   2.7282851e-04   3.8787640e-04   1.4357172e-03   1.0991859e-02   2.0860548e-02   2.5268455e-02
  -7.1100000e+01  2.0458184e-146   9.9193430e-53   1.1114007e-20   2.1377036e-09   1.3806365e-05   3.1548472e-04   6.2229045e-04   1.8363964e-03   1.1278997e-02   2.0979466e-02   2.5311351e-02
  -7.0650000e+01  2.1068040e-141   4.9121552e-51   4.9083742e-20   3.6659153e-09   1.6818418e-05   3.6195444e-04   8.6398190e-04   2.2380360e-03   1.1564703e-02   2.1097647e-02   2.5353976e-02
  -7.0200000e+01  1.2082506e-136   1.6297477e-49   2.0036638e-19   6.2218946e-09   2.0392277e-05   4.1249051e-04   1.1130046e-03   2.6405854e-03   1.1848967e-02   2.1215092e-02   2.5396331e-02
  -6.9750000e+01 -2.2162124e-131  -2.5965928e-48   7.7212303e-19   1.0451307e-08   2.4615679e-05   4.6735774e-04   1.3694080e-03   3.0439937e-03   1.2131784e-02   2.1331801e-02   2.5438416e-02
  -6.9300000e+01 -2.4768509e-125  -1.2000981e-45   2.9019113e-18   1.7375082e-08   2.9587096e-05   5.2683304e-04   1.6332367e-03   3.4482096e-03   1.2413144e-02   2.1447773e-02   2.5480231e-02
  -6.8850000e+01 -1.8008941e-119  -1.5048231e-43   1.1170194e-17   2.8588414e-08   3.5416569e-05   5.9120566e-04   1.9045305e-03   3.8531816e-03   1.2693041e-02   2.1563008e-02   2.5521776e-02
  -6.8400000e+01 -1.1319546e-113  -1.3355140e-41   4.6130520e-17   4.6554010e-08   4.2226527e-05   6.6077734e-04   2.1833244e-03   4.2588580e-03   1.2971466e-02   2.1677506e-02   2.5563051e-02
  -6.7950000e+01 -5.2970039e-108  -7.3543996e-40   2.0413217e-16   7.5028009e-08   5.0152594e-05   7.3586242e-04   2.4696479e-03   4.6651867e-03   1.3248413e-02   2.1791266e-02   2.5604055e-02
  -6.7500000e+01  3.3227354e-108   1.5822940e-39   9.1350313e-16   1.1966953e-07   5.9344364e-05   8.1678800e-04   2.7635256e-03   5.0721155e-03   1.3523874e-02   2.1904287e-02   2.5644790e-02
  -6.7050000e+01   1.8989775e-98   1.6448156e-36   3.8741957e-15   1.8889994e-07   6.9966139e-05   9.0389391e-04   3.0649764e-03   5.4795919e-03   1.3797841e-02   2.2016571e-02   2.5685254e-02
  -6.6600000e+01   1.4549561e-94   6.1758664e-35   1.5035038e-14   2.9509559e-07   8.2197627e-05   9.9753277e-04   3.3740138e-03   5.8875633e-03   1.4070308e-02   2.2128117e-02   2.5725448e-02
  -6.6150000e+01   8.3075995e-91   1.5213440e-33   5.3075478e-14   4.5621735e-07   9.6234584e-05   1.0980699e-03   3.6906454e-03   6.2959767e-03   1.4341266e-02   2.2238923e-02   2.5765372e-02
  -6.5700000e+01   4.1453800e-87   2.9984218e-32   1.7204580e-13   6.9800080e-07   1.1228942e-04   1.2058834e-03   4.0148732e-03   6.7047790e-03   1.4610710e-02   2.2348991e-02   2.5805025e-02
  -6.5250000e+01   1.5917319e-83   4.3055679e-31   5.1996087e-13   1.0568504e-06   1.3059173e-04   1.3213637e-03   4.3466930e-03   7.1139171e-03   1.4878631e-02   2.2458319e-02   2.5844409e-02
  -6.4800000e+01  -1.1692379e-79   4.6930906e-31   1.4928535e-12   1.5835959e-06   1.5138883e-04   1.4449136e-03   4.6860948e-03   7.5233374e-03   1.5145023e-02   2.2566908e-02   2.5883522e-02
  -6.4350000e+01  -9.4374084e-75  -2.9550716e-28   4.1743934e-12   2.3482786e-06   1.7494622e-04   1.5769478e-03   5.0330621e-03   7.9329866e-03   1.5409879e-02   2.2674757e-02   2.5922365e-02
  -6.3900000e+01  -3.3330284e-70  -1.5675510e-26   1.1746572e-11   3.4461265e-06   2.0154810e-04   1.7178929e-03   5.3875724e-03   8.3428108e-03   1.5673191e-02   2.2781866e-02   2.5960937e-02
  -6.3450000e+01  -2.3075207e-66  -5.5328478e-25   3.4301961e-11   5.0048564e-06   2.3149781e-04   1.8681864e-03   5.7495965e-03   8.7527562e-03   1.5934954e-02   2.2888235e-02   2.5999240e-02
  -6.3000000e+01  -4.1578981e-63  -1.2291319e-23   1.0443547e-10   7.1933896e-06   2.6511847e-04   2.0282769e-03   6.1190991e-03   9.1627690e-03   1.6195159e-02   2.2993863e-02   2.6037272e-02
  -6.2550000e+01  -1.1442069e-60  -2.1195845e-23   3.2083986e-10   1.0231986e-05   3.0275357e-04   2.1986227e-03   6.4960380e-03   9.5727951e-03   1.6453801e-02   2.3098750e-02   2.6075034e-02
  -6.2100000e+01   3.1793530e-56   3.7980063e-21   9.4893878e-10   1.4403681e-05   3.4476779e-04   2.3796920e-03   6.8803645e-03   9.9827805e-03   1.6710872e-02   2.3202897e-02   2.6112525e-02
  -6.1650000e+01   1.9796546e-52   6.1155973e-20   2.6173331e-09   2.0066756e-05   3.9154798e-04   2.5719613e-03   7.2720231e-03   1.0392671e-02   1.6966366e-02   2.3306302e-02   2.6149747e-02
  -6.1200000e+01   6.1823645e-49   6.1002469e-19   6.6712644e-09   2.7667759e-05   4.4350441e-04   2.7759153e-03   7.6709516e-03   1.0802412e-02   1.7220277e-02   2.3408966e-02   2.6186698e-02
  -6.0750000e+01   4.7810993e-46   4.8637078e-18   1.5810115e-08   3.7754359e-05   5.0107227e-04   2.9920451e-03   8.0770810e-03   1.1211950e-02   1.7472598e-02   2.3510888e-02   2.6223378e-02
  -6.0300000e+01   1.4165307e-43   3.0189487e-17   3.5283850e-08   5.0987058e-05   5.6471359e-04   3.2208479e-03   8.4903354e-03   1.1621230e-02   1.7723322e-02   2.3612068e-02   2.6259789e-02
  -5.9850000e+01  -2.3684934e-41   8.3353708e-17   7.5316151e-08   6.8148474e-05   6.3491954e-04   3.4628253e-03   8.9106318e-03   1.2030199e-02   1.7972443e-02   2.3712505e-02   2.6295929e-02
  -5.9400000e+01  -1.8726006e-37  -1.5496973e-15   1.5659965e-07   9.0148695e-05   7.1221315e-04   3.7184824e-03   9.3378806e-03   1.2438801e-02   1.8219955e-02   2.3812201e-02   2.6331799e-02
  -5.8950000e+01  -3.7493533e-34  -3.9076068e-14   3.2380952e-07   1.1802498e-04   7.9715259e-04   3.9883258e-03   9.7719849e-03   1.2846982e-02   1.8465851e-02   2.3911153e-02   2.6367398e-02
  -5.8500000e+01  -1.4772734e-31  -5.6070022e-13   6.7798716e-07   1.5293398e-04   8.9033488e-04   4.2728627e-03   1.0212841e-02   1.3254689e-02   1.8710126e-02   2.4009363e-02   2.6402727e-02
  -5.8050000e+01  -1.7852186e-29  -5.0433347e-12   1.4430428e-06   1.9613478e-04   9.9240020e-04   4.5725990e-03   1.0660339e-02   1.3661866e-02   1.8952773e-02   2.4106830e-02   2.6437786e-02
  -5.7600000e+01  -6.0024644e-28  -7.2723482e-12   3.0680480e-06   2.4896127e-04   1.1040366e-03   4.8880374e-03   1.1114360e-02   1.4068461e-02   1.9193785e-02   2.4203553e-02   2.6472574e-02
  -5.7150000e+01   4.7510511e-25   2.2977675e-10   6.3260545e-06   3.1278289e-04   1.2259851e-03   5.2196757e-03   1.1574780e-02   1.4474418e-02   1.9433158e-02   2.4299532e-02   2.6507092e-02
  -5.6700000e+01   2.1264747e-22   1.6029214e-09   1.2355195e-05   3.8895362e-04   1.3590457e-03   5.5680048e-03   1.2041468e-02   1.4879683e-02   1.9670885e-02   2.4394768e-02   2.6541340e-02
  -5.6250000e+01   5.3113898e-20   6.5324678e-09   2.2662381e-05   4.7874988e-04   1.5040825e-03   5.9335066e-03   1.2514286e-02   1.5284204e-02   1.9906960e-02   2.4489260e-02   2.6575317e-02
  -5.5800000e+01   3.7724182e-18   2.1365960e-08   3.9185512e-05   5.8329953e-04   1.6620305e-03   6.3166517e-03   1.2993088e-02   1.5687924e-02   2.0141377e-02   2.4583007e-02   2.6609023e-02
  -5.5350000e+01   8.2477724e-17   5.8296911e-08   6.4491300e-05   7.0350504e-04   1.8339010e-03   6.7178972e-03   1.3477722e-02   1.6090792e-02   2.0374130e-02   2.4676011e-02   2.6642460e-02
  -5.4900000e+01   2.5974669e-16   1.1490294e-07   1.0218084e-04   8.3996580e-04   2.0207876e-03   7.1376843e-03   1.3968030e-02   1.6492754e-02   2.0605215e-02   2.4768269e-02   2.6675626e-02
  -5.4450000e+01  -2.1368634e-13  -9.8915645e-09   1.5766511e-04   9.9290532e-04   2.2238717e-03   7.5764358e-03   1.4463848e-02   1.6893755e-02   2.0834624e-02   2.4859782e-02   2.6708521e-02
  -5.4000000e+01  -2.7455816e-11  -1.7444891e-06   2.3950678e-04   1.1621108e-03   2.4444265e-03   8.0345532e-03   1.4965003e-02   1.7293743e-02   2.1062353e-02   2.4950551e-02   2.6741146e-02
  -5.3550000e+01  -7.0121955e-10  -1.1696423e-05   3.6109686e-04   1.3468924e-03   2.6838215e-03   8.5124147e-03   1.5471318e-02   1.7692664e-02   2.1288396e-02   2.5040574e-02   2.6773501e-02
  -5.3100000e+01  -5.7870812e-09  -4.4159544e-05   5.4104699e-04   1.5460713e-03   2.9435241e-03   9.0103720e-03   1.5982609e-02   1.8090466e-02   2.1512747e-02   2.5129852e-02   2.6805585e-02
  -5.2650000e+01  -1.7736558e-08  -3.1217011e-05   7.9913243e-04   1.7580030e-03   3.2251009e-03   9.5287477e-03   1.6498684e-02   1.8487095e-02   2.1735402e-02   2.5218384e-02   2.6837399e-02
  -5.2200000e+01   5.4536128e-07   3.4428926e-04   1.1468660e-03   1.9806425e-03   3.5302166e-03   1.0067833e-02   1.7019349e-02   1.8882499e-02   2.1956353e-02   2.5306170e-02   2.6868942e-02
  -5.1750000e+01   1.7721958e-05   1.0322308e-03   1.5793688e-03   2.2116556e-03   3.8606304e-03   1.0627882e-02   1.7544400e-02   1.9276625e-02   2.2175598e-02   2.5393209e-02   2.6900215e-02
  -5.1300000e+01   3.2414148e-04   1.7551570e-03   2.0771553e-03   2.4485767e-03   4.2181912e-03   1.1209116e-02   1.8073631e-02   1.9669422e-02   2.2393129e-02   2.5479503e-02   2.6931217e-02
  -5.0850000e+01   1.8660835e-03   2.4591612e-03   2.6155554e-03   2.6890108e-03   4.6048287e-03   1.1811711e-02   1.8606827e-02   2.0060837e-02   2.2608942e-02   2.5565050e-02   2.6961949e-02
  -5.0400000e+01   3.0742716e-03   3.1502494e-03   3.1721501e-03   2.9308724e-03   5.0225428e-03   1.2435803e-02   1.9143770e-02   2.0450819e-02   2.2823032e-02   2.5649850e-02   2.6992411e-02
  -4.9950000e+01   3.8213822e-03   3.8358679e-03   3.7281349e-03   3.1726520e-03   5.4733897e-03   1.3081481e-02   1.9684236e-02   2.0839315e-02   2.3035394e-02   2.5733904e-02   2.7022601e-02
  -4.9500000e+01   4.5806609e-03   4.5222116e-03   4.2656865e-03   3.4136960e-03   5.9594650e-03   1.3748786e-02   2.0227998e-02   2.1226275e-02   2.3246022e-02   2.5817210e-02   2.7052522e-02
  -4.9050000e+01   5.8828698e-03   5.2170339e-03   4.7637315e-03   3.6544819e-03   6.4828843e-03   1.4437707e-02   2.0774820e-02   2.1611649e-02   2.3454911e-02   2.5899769e-02   2.7082172e-02
  -4.8600000e+01   7.2988316e-03   5.9347859e-03   5.1934656e-03   3.8968730e-03   7.0457605e-03   1.5148180e-02   2.1324465e-02   2.1995384e-02   2.3662058e-02   2.5981581e-02   2.7111551e-02
  -4.8150000e+01   7.5069117e-03   6.6916585e-03   5.5164830e-03   4.1443302e-03   7.6501788e-03   1.5880085e-02   2.1876691e-02   2.2377431e-02   2.3867456e-02   2.6062645e-02   2.7140660e-02
  -4.7700000e+01   7.5165166e-03   7.3430381e-03   5.6914303e-03   4.4020652e-03   8.2981697e-03   1.6633244e-02   2.2431251e-02   2.2757739e-02   2.4071102e-02   2.6142961e-02   2.7169498e-02
  -4.7250000e+01   7.5163919e-03   7.2912186e-03   5.6919090e-03   4.6771176e-03   8.9916796e-03   1.7407419e-02   2.2987896e-02   2.3136260e-02   2.4272990e-02   2.6222530e-02   2.7198066e-02
  -4.6800000e+01   7.5039334e-03   6.6059612e-03   5.5238903e-03   4.9783431e-03   9.7325406e-03   1.8202308e-02   2.3546372e-02   2.3512942e-02   2.4473115e-02   2.6301350e-02   2.7226363e-02
  -4.6350000e+01   7.2581151e-03   5.8534692e-03   5.2245085e-03   5.3163076e-03   1.0522439e-02   1.9017548e-02   2.4106421e-02   2.3887738e-02   2.4671474e-02   2.6379422e-02   2.7254389e-02
  -4.5900000e+01   5.7846997e-03   5.1388725e-03   4.8440037e-03   5.7030839e-03   1.1362885e-02   1.9852707e-02   2.4667785e-02   2.4260598e-02   2.4868061e-02   2.6456745e-02   2.7282145e-02
  -4.5450000e+01   4.5149693e-03   4.4449286e-03   4.4298493e-03   6.1519561e-03   1.2255180e-02   2.0707290e-02   2.5230200e-02   2.4631474e-02   2.5062872e-02   2.6533319e-02   2.7309631e-02
  -4.5000000e+01   3.7583566e-03   3.7586592e-03   4.0230626e-03   6.6770415e-03   1.3200389e-02   2.1580732e-02   2.5793401e-02   2.5000318e-02   2.5255903e-02   2.6609145e-02   2.7336846e-02
  -4.4550000e+01   3.0017438e-03   3.0721308e-03   3.6634685e-03   7.2928458e-03   1.4199310e-02   2.2472400e-02   2.6357122e-02   2.5367082e-02   2.5447149e-02   2.6684221e-02   2.7363790e-02
  -4.4100000e+01   1.7320133e-03   2.3750281e-03   3.3990973e-03   8.0137680e-03   1.5252454e-02   2.3381594e-02   2.6921093e-02   2.5731718e-02   2.5636606e-02   2.6758549e-02   2.7390464e-02
  -4.3650000e+01   2.5859698e-04   1.6407286e-03   3.2970423e-03   8.8535781e-03   1.6360017e-02   2.4307541e-02   2.7485045e-02   2.6094181e-02   2.5824269e-02   2.6832127e-02   2.7416867e-02
  -4.3200000e+01   1.2769812e-05   8.1369049e-04   3.4498557e-03   9.8248869e-03   1.7521870e-02   2.5249403e-02   2.8048704e-02   2.6454422e-02   2.6010134e-02   2.6904955e-02   2.7442999e-02
  -4.2750000e+01   2.7227195e-07   8.0574033e-05   3.9636911e-03   1.0938630e-02   1.8737536e-02   2.6206271e-02   2.8611800e-02   2.6812395e-02   2.6194198e-02   2.6977034e-02   2.7468861e-02
  -4.2300000e+01   8.0857272e-07   7.9233593e-04   4.9187423e-03   1.2203584e-02   2.0006192e-02   2.7177170e-02   2.9174059e-02   2.7168056e-02   2.6376455e-02   2.7048363e-02   2.7494453e-02
  -4.1850000e+01   3.7856720e-05   3.2964355e-03   6.3252054e-03   1.3625936e-02   2.1326658e-02   2.8161057e-02   2.9735207e-02   2.7521359e-02   2.6556903e-02   2.7118942e-02   2.7519773e-02
  -4.1400000e+01   8.4126644e-04   6.1355633e-03   8.1201549e-03   1.5208903e-02   2.2697403e-02   2.9156825e-02   3.0294973e-02   2.7872257e-02   2.6735536e-02   2.7188771e-02   2.7544823e-02
  -4.0950000e+01   6.3084526e-03   8.8832419e-03   1.0209400e-02   1.6952439e-02   2.4116549e-02   3.0163301e-02   3.0853084e-02   2.8220708e-02   2.6912351e-02   2.7257849e-02   2.7569603e-02
  -4.0500000e+01   1.1336427e-02   1.1562295e-02   1.2510841e-02   1.8853003e-02   2.5581889e-02   3.1179254e-02   3.1409267e-02   2.8566667e-02   2.7087345e-02   2.7326177e-02   2.7594112e-02
  -4.0050000e+01   1.4268087e-02   1.4212522e-02   1.4971623e-02   2.0903417e-02   2.7090897e-02   3.2203393e-02   3.1963253e-02   2.8910089e-02   2.7260512e-02   2.7393754e-02   2.7618350e-02
  -3.9600000e+01   1.7152766e-02   1.6859910e-02   1.7566654e-02   2.3092814e-02   2.8640754e-02   3.3234368e-02   3.2514774e-02   2.9250932e-02   2.7431850e-02   2.7460581e-02   2.7642317e-02
  -3.9150000e+01   2.1817715e-02   1.9522534e-02   2.0293947e-02   2.5406675e-02   3.0228371e-02   3.4270780e-02   3.3063561e-02   2.9589153e-02   2.7601354e-02   2.7526656e-02   2.7666014e-02
  -3.8700000e+01   2.7771325e-02   2.2200618e-02   2.3173608e-02   2.7826984e-02   3.1850418e-02   3.5311178e-02   3.3609350e-02   2.9924710e-02   2.7769022e-02   2.7591981e-02   2.7689440e-02
  -3.8250000e+01   2.8954427e-02   2.4827081e-02   2.6247715e-02   3.0332497e-02   3.3503349e-02   3.6354067e-02   3.4151881e-02   3.0257560e-02   2.7934849e-02   2.7656554e-02   2.7712596e-02
  -3.7800000e+01   2.9020651e-02   2.7294642e-02   2.9570863e-02   3.2899154e-02   3.5183440e-02   3.7397908e-02   3.4690892e-02   3.0587662e-02   2.8098831e-02   2.7720376e-02   2.7735481e-02
  -3.7350000e+01   2.9023874e-02   3.0303462e-02   3.3182890e-02   3.5500641e-02   3.6886810e-02   3.8441126e-02   3.5226130e-02   3.0914975e-02   2.8260965e-02   2.7783447e-02   2.7758095e-02
  -3.6900000e+01   2.9078505e-02   3.4805383e-02   3.7076505e-02   3.8109106e-02   3.8609459e-02   3.9482113e-02   3.5757342e-02   3.1239458e-02   2.8421249e-02   2.7845766e-02   2.7780438e-02
  -3.6450000e+01   3.0384861e-02   3.9852112e-02   4.1190479e-02   4.0696040e-02   4.0347290e-02   4.0519232e-02   3.6284281e-02   3.1561072e-02   2.8579677e-02   2.7907333e-02   2.7802511e-02
  -3.6000000e+01   4.0150730e-02   4.4855411e-02   4.5434624e-02   4.3233296e-02   4.2096136e-02   4.1550826e-02   3.6806702e-02   3.1879777e-02   2.8736247e-02   2.7968148e-02   2.7824313e-02
  -3.5550000e+01   4.9443812e-02   4.9772475e-02   4.9717664e-02   4.5694234e-02   4.3851782e-02   4.2575219e-02   3.7324367e-02   3.2195533e-02   2.8890956e-02   2.8028211e-02   2.7845845e-02
  -3.5100000e+01   5.4810700e-02   5.4644038e-02   5.3955859e-02   4.8054927e-02   4.5609982e-02   4.3590723e-02   3.7837044e-02   3.2508303e-02   2.9043800e-02   2.8087522e-02   2.7867105e-02
  -3.4650000e+01   6.0009528e-02   5.9508778e-02   5.8063847e-02   5.0295386e-02   4.7366472e-02   4.4595643e-02   3.8344503e-02   3.2818047e-02   2.9194776e-02   2.8146081e-02   2.7888095e-02
  -3.4200000e+01   6.7892746e-02   6.4405345e-02   6.1935213e-02   5.2400729e-02   4.9116982e-02   4.5588288e-02   3.8846522e-02   3.3124728e-02   2.9343881e-02   2.8203887e-02   2.7908814e-02
  -3.3750000e+01   7.9332037e-02   6.9397158e-02   6.5417231e-02   5.4362200e-02   5.0857236e-02   4.6566968e-02   3.9342886e-02   3.3428310e-02   2.9491112e-02   2.8260941e-02   2.7929263e-02
  -3.3300000e+01   8.2286906e-02   7.4606728e-02   6.8291602e-02   5.6177953e-02   5.2582959e-02   4.7530009e-02   3.9833383e-02   3.3728755e-02   2.9636465e-02   2.8317242e-02   2.7949441e-02
  -3.2850000e+01   8.2475714e-02   7.9802276e-02   7.0294186e-02   5.7853518e-02   5.4289870e-02   4.8475754e-02   4.0317812e-02   3.4026027e-02   2.9779938e-02   2.8372790e-02   2.7969348e-02
  -3.2400000e+01   8.2482187e-02   8.1959624e-02   7.1207566e-02   5.9401871e-02   5.5973679e-02   4.9402570e-02   4.0795975e-02   3.4320091e-02   2.9921527e-02   2.8427586e-02   2.7988984e-02
  -3.1950000e+01   8.2447362e-02   7.8890606e-02   7.0987145e-02   6.0843049e-02   5.7630079e-02   5.0308857e-02   4.1267684e-02   3.4610911e-02   3.0061230e-02   2.8481628e-02   2.8008350e-02
  -3.1500000e+01   8.1516396e-02   7.4654805e-02   6.9800145e-02   6.2203282e-02   5.9254740e-02   5.1193050e-02   4.1732758e-02   3.4898453e-02   3.0199043e-02   2.8534917e-02   2.8027445e-02
  -3.1050000e+01   7.4113135e-02   7.0698413e-02   6.7933588e-02   6.3513655e-02   6.0843301e-02   5.2053628e-02   4.2191022e-02   3.5182682e-02   3.0334965e-02   2.8587453e-02   2.8046269e-02
  -3.0600000e+01   6.7126288e-02   6.6901305e-02   6.5674671e-02   6.4808338e-02   6.2391362e-02   5.2889122e-02   4.2642312e-02   3.5463566e-02   3.0468992e-02   2.8639236e-02   2.8064823e-02
  -3.0150000e+01   6.3056516e-02   6.3154750e-02   6.3258687e-02   6.6122474e-02   6.3894485e-02   5.3698115e-02   4.3086470e-02   3.5741070e-02   3.0601121e-02   2.8690265e-02   2.8083105e-02
  -2.9700000e+01   5.9169615e-02   5.9417202e-02   6.0882073e-02   6.7489826e-02   6.5348191e-02   5.4479254e-02   4.3523347e-02   3.6015163e-02   3.0731349e-02   2.8740540e-02   2.8101117e-02
  -2.9250000e+01   5.3964549e-02   5.5660795e-02   5.8743921e-02   6.8940357e-02   6.6747967e-02   5.5231252e-02   4.3952803e-02   3.6285812e-02   3.0859675e-02   2.8790062e-02   2.8118858e-02
  -2.8800000e+01   4.5193558e-02   5.1822045e-02   5.7095291e-02   7.0497865e-02   6.8089278e-02   5.5952895e-02   4.4374708e-02   3.6552986e-02   3.0986095e-02   2.8838830e-02   2.8136329e-02
  -2.8350000e+01   4.1556866e-02   4.7700752e-02   5.6278696e-02   7.2177878e-02   6.9367581e-02   5.6643048e-02   4.4788937e-02   3.6816653e-02   3.1110607e-02   2.8886844e-02   2.8153528e-02
  -2.7900000e+01   4.1261631e-02   4.3243489e-02   5.6712136e-02   7.3985949e-02   7.0578352e-02   5.7300657e-02   4.5195380e-02   3.7076783e-02   3.1233208e-02   2.8934104e-02   2.8170457e-02
  -2.7450000e+01   4.1250005e-02   4.2276735e-02   5.8761518e-02   7.5916503e-02   7.1717117e-02   5.7924756e-02   4.5593931e-02   3.7333347e-02   3.1353896e-02   2.8980610e-02   2.8187115e-02
  -2.7000000e+01   4.1323246e-02   4.9908042e-02   6.2544385e-02   7.7952341e-02   7.2779487e-02   5.8514473e-02   4.5984497e-02   3.7586314e-02   3.1472669e-02   2.9026362e-02   2.8203502e-02
  -2.6550000e+01   4.3680302e-02   5.9987691e-02   6.7847316e-02   8.0064876e-02   7.3761202e-02   5.9069029e-02   4.6366993e-02   3.7835655e-02   3.1589524e-02   2.9071359e-02   2.8219619e-02
  -2.6100000e+01   6.2277243e-02   6.9622422e-02   7.4251760e-02   8.2215107e-02   7.4658182e-02   5.9587746e-02   4.6741342e-02   3.8081343e-02   3.1704458e-02   2.9115602e-02   2.8235464e-02
  -2.5650000e+01   7.8182940e-02   7.8987419e-02   8.1324660e-02   8.4355301e-02   7.5466576e-02   6.0070048e-02   4.7107481e-02   3.8323349e-02   3.1817470e-02   2.9159091e-02   2.8251039e-02
  -2.5200000e+01   8.8042730e-02   8.8270513e-02   8.8713152e-02   8.6431281e-02   7.6182823e-02   6.0515466e-02   4.7465352e-02   3.8561645e-02   3.1928557e-02   2.9201825e-02   2.8266343e-02
  -2.4750000e+01   9.7356213e-02   9.7533562e-02   9.6134566e-02   8.8385194e-02   7.6803706e-02   6.0923637e-02   4.7814909e-02   3.8796206e-02   3.2037716e-02   2.9243804e-02   2.8281377e-02
  -2.4300000e+01   1.0665033e-01   1.0680508e-01   1.0331959e-01   9.0158568e-02   7.7326413e-02   6.1294309e-02   4.8156115e-02   3.9027003e-02   3.2144947e-02   2.9285028e-02   2.8296139e-02
  -2.3850000e+01   1.1595486e-01   1.1615201e-01   1.0994349e-01   9.1695469e-02   7.7748590e-02   6.1627340e-02   4.8488942e-02   3.9254013e-02   3.2250247e-02   2.9325498e-02   2.8310631e-02
  -2.3400000e+01   1.2526897e-01   1.2583816e-01   1.1556686e-01   9.2945543e-02   7.8068399e-02   6.1922703e-02   4.8813374e-02   3.9477209e-02   3.2353613e-02   2.9365212e-02   2.8324852e-02
  -2.2950000e+01   1.3465690e-01   1.3621561e-01   1.1963959e-01   9.3866738e-02   7.8284562e-02   6.2180481e-02   4.9129401e-02   3.9696566e-02   3.2455044e-02   2.9404172e-02   2.8338802e-02
  -2.2500000e+01   1.4391324e-01   1.4300862e-01   1.2164650e-01   9.4427513e-02   7.8396406e-02   6.2400870e-02   4.9437024e-02   3.9912060e-02   3.2554537e-02   2.9442376e-02   2.8352481e-02
  -2.2050000e+01   1.3643884e-01   1.3799093e-01   1.2136389e-01   9.4608408e-02   7.8403893e-02   6.2584180e-02   4.9736253e-02   4.0123667e-02   3.2652092e-02   2.9479826e-02   2.8365889e-02
  -2.1600000e+01   1.2883195e-01   1.2938724e-01   1.1899860e-01   9.4402856e-02   7.8307651e-02   6.2730832e-02   5.0027107e-02   4.0331364e-02   3.2747705e-02   2.9516519e-02   2.8379027e-02
  -2.1150000e+01   1.2129763e-01   1.2147341e-01   1.1504878e-01   9.3817214e-02   7.8108984e-02   6.2841356e-02   5.0309614e-02   4.0535129e-02   3.2841375e-02   2.9552458e-02   2.8391894e-02
  -2.0700000e+01   1.1377117e-01   1.1389743e-01   1.1004596e-01   9.2870033e-02   7.7809879e-02   6.2916390e-02   5.0583809e-02   4.0734938e-02   3.2933100e-02   2.9587641e-02   2.8404489e-02
  -2.0250000e+01   1.0625313e-01   1.0639581e-01   1.0440666e-01   9.1590648e-02   7.7412997e-02   6.2956679e-02   5.0849738e-02   4.0930770e-02   3.3022878e-02   2.9622069e-02   2.8416814e-02
  -1.9800000e+01   9.8719422e-02   9.8902874e-02   9.8423970e-02   9.0017228e-02   7.6921661e-02   6.2963070e-02   5.1107453e-02   4.1122604e-02   3.3110709e-02   2.9655741e-02   2.8428869e-02
  -1.9350000e+01   9.0743808e-02   9.1395122e-02   9.2319312e-02   8.8194429e-02   7.6339823e-02   6.2936511e-02   5.1357014e-02   4.1310420e-02   3.3196589e-02   2.9688657e-02   2.8440652e-02
  -1.8900000e+01   7.7877641e-02   8.3831562e-02   8.6299012e-02   8.6170852e-02   7.5672026e-02   6.2878046e-02   5.1598489e-02   4.1494196e-02   3.3280518e-02   2.9720818e-02   2.8452165e-02
  -1.8450000e+01   6.2834528e-02   7.6100749e-02   8.0597513e-02   8.3996471e-02   7.4923362e-02   6.2788808e-02   5.1831955e-02   4.1673913e-02   3.3362493e-02   2.9752223e-02   2.8463406e-02
  -1.8000000e+01   6.0927962e-02   6.8126269e-02   7.5488647e-02   8.1720210e-02   7.4099409e-02   6.2670022e-02   5.2057492e-02   4.1849551e-02   3.3442513e-02   2.9782872e-02   2.8474377e-02
  -1.7550000e+01   6.0868722e-02   6.1674914e-02   7.1233607e-02   7.9387812e-02   7.3206175e-02   6.2522995e-02   5.2275189e-02   4.2021093e-02   3.3520578e-02   2.9812765e-02   2.8485077e-02
  -1.7100000e+01   6.0868460e-02   6.0242034e-02   6.7971675e-02   7.7040106e-02   7.2250026e-02   6.2349109e-02   5.2485142e-02   4.2188520e-02   3.3596684e-02   2.9841902e-02   2.8495506e-02
  -1.6650000e+01   6.0872577e-02   6.0721307e-02   6.5647567e-02   7.4711765e-02   7.1237619e-02   6.2149822e-02   5.2687450e-02   4.2351813e-02   3.3670831e-02   2.9870283e-02   2.8505665e-02
  -1.6200000e+01   6.0921943e-02   6.0968698e-02   6.4059778e-02   7.2430568e-02   7.0175823e-02   6.1926658e-02   5.2882220e-02   4.2510956e-02   3.3743017e-02   2.9897908e-02   2.8515552e-02
  -1.5750000e+01   6.1040978e-02   6.1060126e-02   6.2975679e-02   7.0217184e-02   6.9071644e-02   6.1681201e-02   5.3069563e-02   4.2665932e-02   3.3813242e-02   2.9924777e-02   2.8525169e-02
  -1.5300000e+01   6.1111618e-02   6.1115764e-02   6.2207393e-02   6.8085412e-02   6.7932158e-02   6.1415092e-02   5.3249593e-02   4.2816725e-02   3.3881503e-02   2.9950889e-02   2.8534514e-02
  -1.4850000e+01   6.1164368e-02   6.1166028e-02   6.1623383e-02   6.6042836e-02   6.6764429e-02   6.1130018e-02   5.3422431e-02   4.2963319e-02   3.3947799e-02   2.9976245e-02   2.8543589e-02
  -1.4400000e+01   6.1219600e-02   6.1217111e-02   6.1128958e-02   6.4091769e-02   6.5575446e-02   6.0827711e-02   5.3588200e-02   4.3105698e-02   3.4012130e-02   3.0000845e-02   2.8552393e-02
  -1.3950000e+01   6.1314421e-02   6.1276174e-02   6.0642998e-02   6.2230413e-02   6.4372058e-02   6.0509938e-02   5.3747025e-02   4.3243847e-02   3.4074493e-02   3.0024689e-02   2.8560926e-02
  -1.3500000e+01   6.1414897e-02   6.1372396e-02   6.0080199e-02   6.0454106e-02   6.3160914e-02   6.0178494e-02   5.3899037e-02   4.3377753e-02   3.4134888e-02   3.0047776e-02   2.8569188e-02
  -1.3050000e+01   6.1427558e-02   6.1559450e-02   5.9344416e-02   5.8756566e-02   6.1948409e-02   5.9835199e-02   5.4044366e-02   4.3507402e-02   3.4193314e-02   3.0070106e-02   2.8577180e-02
  -1.2600000e+01   6.1428064e-02   6.1476882e-02   5.8342919e-02   5.7131039e-02   6.0740641e-02   5.9481887e-02   5.4183144e-02   4.3632779e-02   3.4249769e-02   3.0091681e-02   2.8584900e-02
  -1.2150000e+01   6.1424491e-02   5.9884545e-02   5.7021617e-02   5.5571276e-02   5.9543369e-02   5.9120402e-02   5.4315508e-02   4.3753872e-02   3.4304253e-02   3.0112498e-02   2.8592350e-02
  -1.1700000e+01   6.1327269e-02   5.7301011e-02   5.5392513e-02   5.4072294e-02   5.8361983e-02   5.8752591e-02   5.4441591e-02   4.3870669e-02   3.4356764e-02   3.0132559e-02   2.8599529e-02
  -1.1250000e+01   5.9805187e-02   5.4673622e-02   5.3522170e-02   5.2630885e-02   5.7201480e-02   5.8380297e-02   5.4561528e-02   4.3983158e-02   3.4407302e-02   3.0151863e-02   2.8606436e-02
  -1.0800000e+01   5.3912677e-02   5.2114919e-02   5.1494109e-02   5.1245869e-02   5.6066444e-02   5.8005352e-02   5.4675456e-02   4.4091327e-02   3.4455865e-02   3.0170411e-02   2.8613073e-02
  -1.0350000e+01   4.9851939e-02   4.9594430e-02   4.9381392e-02   4.9918106e-02   5.4961040e-02   5.7629573e-02   5.4783508e-02   4.4195165e-02   3.4502453e-02   3.0188201e-02   2.8619440e-02
  -9.9000000e+00   4.7173963e-02   4.7088660e-02   4.7241666e-02   4.8650286e-02   5.3889007e-02   5.7254750e-02   5.4885818e-02   4.4294661e-02   3.4547065e-02   3.0205235e-02   2.8625535e-02
  -9.4500000e+00   4.4409417e-02   4.4578785e-02   4.5125333e-02   4.7446557e-02   5.2853663e-02   5.6882649e-02   5.4982517e-02   4.4389805e-02   3.4589700e-02   3.0221513e-02   2.8631359e-02
  -9.0000000e+00   3.9622442e-02   4.2041109e-02   4.3087630e-02   4.6312025e-02   5.1857911e-02   5.6514998e-02   5.5073735e-02   4.4480589e-02   3.4630357e-02   3.0237033e-02   2.8636912e-02
  -8.5500000e+00   3.4591928e-02   3.9436439e-02   4.1200292e-02   4.5252191e-02   5.0904254e-02   5.6153485e-02   5.5159599e-02   4.4567002e-02   3.4669035e-02   3.0251796e-02   2.8642195e-02
  -8.1000000e+00   3.3918995e-02   3.6747457e-02   3.9555841e-02   4.4272377e-02   4.9994813e-02   5.5799751e-02   5.5240233e-02   4.4649035e-02   3.4705735e-02   3.0265803e-02   2.8647207e-02
  -7.6500000e+00   3.3890821e-02   3.4464084e-02   3.8251370e-02   4.3377182e-02   4.9131347e-02   5.5455387e-02   5.5315757e-02   4.4726681e-02   3.4740454e-02   3.0279052e-02   2.8651947e-02
  -7.2000000e+00   3.3890711e-02   3.3947691e-02   3.7348095e-02   4.2570028e-02   4.8315278e-02   5.5121926e-02   5.5386288e-02   4.4799932e-02   3.4773192e-02   3.0291545e-02   2.8656417e-02
  -6.7500000e+00   3.3903872e-02   3.4570007e-02   3.6836156e-02   4.1852795e-02   4.7547720e-02   5.4800839e-02   5.5451939e-02   4.4868780e-02   3.4803950e-02   3.0303281e-02   2.8660616e-02
  -6.3000000e+00   3.4137784e-02   3.5206765e-02   3.6642994e-02   4.1225605e-02   4.6829506e-02   5.4493534e-02   5.5512817e-02   4.4933219e-02   3.4832726e-02   3.0314259e-02   2.8664544e-02
  -5.8500000e+00   3.5314811e-02   3.5764874e-02   3.6675882e-02   4.0686722e-02   4.6161221e-02   5.4201345e-02   5.5569024e-02   4.4993241e-02   3.4859519e-02   3.0324481e-02   2.8668201e-02
  -5.4000000e+00   3.6237069e-02   3.6295445e-02   3.6856537e-02   4.0232588e-02   4.5543232e-02   5.3925533e-02   5.5620659e-02   4.5048841e-02   3.4884330e-02   3.0333945e-02   2.8671588e-02
  -4.9500000e+00   3.6807369e-02   3.6818865e-02   3.7130329e-02   3.9857979e-02   4.4975721e-02   5.3667282e-02   5.5667811e-02   4.5100014e-02   3.4907158e-02   3.0342653e-02   2.8674703e-02
  -4.5000000e+00   3.7386956e-02   3.7342524e-02   3.7460541e-02   3.9556249e-02   4.4458715e-02   5.3427693e-02   5.5710567e-02   4.5146754e-02   3.4928002e-02   3.0350603e-02   2.8677547e-02
  -4.0500000e+00   3.8380985e-02   3.7871760e-02   3.7819940e-02   3.9319652e-02   4.3992120e-02   5.3207782e-02   5.5749006e-02   4.5189057e-02   3.4946862e-02   3.0357796e-02   2.8680121e-02
  -3.6000000e+00   3.9461845e-02   3.8413283e-02   3.8184328e-02   3.9139701e-02   4.3575747e-02   5.3008477e-02   5.5783200e-02   4.5226918e-02   3.4963737e-02   3.0364232e-02   2.8682424e-02
  -3.1500000e+00   3.9620677e-02   3.8968807e-02   3.8529130e-02   3.9007557e-02   4.3209344e-02   5.2830617e-02   5.5813214e-02   4.5260333e-02   3.4978628e-02   3.0369911e-02   2.8684455e-02
  -2.7000000e+00   3.9627999e-02   3.9463105e-02   3.8830380e-02   3.8914410e-02   4.2892622e-02   5.2674946e-02   5.5839106e-02   4.5289300e-02   3.4991534e-02   3.0374833e-02   2.8686216e-02
  -2.2500000e+00   3.9628176e-02   3.9666827e-02   3.9070699e-02   3.8851843e-02   4.2625276e-02   5.2542114e-02   5.5860928e-02   4.5313816e-02   3.5002455e-02   3.0378997e-02   2.8687706e-02
  -1.8000000e+00   3.9628165e-02   3.9654058e-02   3.9245617e-02   3.8812162e-02   4.2407010e-02   5.2432674e-02   5.5878723e-02   4.5333877e-02   3.5011391e-02   3.0382405e-02   2.8688925e-02
  -1.3500000e+00   3.9628163e-02   3.9634170e-02   3.9363014e-02   3.8788679e-02   4.2237558e-02   5.2347080e-02   5.5892526e-02   4.5349482e-02   3.5018341e-02   3.0385055e-02   2.8689873e-02
  -9.0000000e-01   3.9628163e-02   3.9628913e-02   3.9435826e-02   3.8775950e-02   4.2116692e-02   5.2285687e-02   5.5902365e-02   4.5360630e-02   3.5023305e-02   3.0386948e-02   2.8690551e-02
  -4.5000000e-01   3.9628163e-02   3.9628070e-02   3.9475149e-02   3.8769955e-02   4.2044243e-02   5.2248749e-02   5.5908261e-02   4.5367319e-02   3.5026284e-02   3.0388084e-02   2.8690957e-02
   0.0000000e+00   3.9628163e-02   3.9628001e-02   3.9487560e-02   3.8768234e-02   4.2020106e-02   5.2236420e-02   5.5910224e-02   4.5369549e-02   3.5027277e-02   3.0388462e-02   2.8691093e-02
   4.5000000e-01   3.9628163e-02   3.9628070e-02   3.9475149e-02   3.8769955e-02   4.2044243e-02   5.2248749e-02   5.5908261e-02   4.5367319e-02   3.5026284e-02   3.0388084e-02   2.8690957e-02
   9.0000000e-01   3.9628163e-02   3.9628913e-02   3.9435826e-02   3.8775950e-02   4.2116692e-02   5.2285687e-02   5.5902365e-02   4.5360630e-02   3.5023305e-02   3.0386948e-02   2.8690551e-02
   1.3500000e+00   3.9628163e-02   3.9634170e-02   3.9363014e-02   3.8788679e-02   4.2237558e-02   5.2347080e-02   5.5892526e-02   4.5349482e-02   3.5018341e-02   3.0385055e-02   2.8689873e-02
   1.8000000e+00   3.9628165e-02   3.9654058e-02   3.9245617e-02   3.8812162e-02   4.2407010e-02   5.2432674e-02   5.5878723e-02   4.5333877e-02   3.5011391e-02   3.0382405e-02   2.8688925e-02
   2.2500000e+00   3.9628176e-02   3.9666827e-02   3.9070699e-02   3.8851843e-02   4.2625276e-02   5.2542114e-02   5.5860928e-02   4.5313816e-02   3.5002455e-02   3.0378997e-02   2.8687706e-02
   2.7000000e+00   3.9627999e-02   3.9463105e-02   3.8830380e-02   3.8914410e-02   4.2892622e-02   5.2674946e-02   5.5839106e-02   4.5289300e-02   3.4991534e-02   3.0374833e-02   2.8686216e-02
   3.1500000e+00   3.9620677e-02   3.8968807e-02   3.8529130e-02   3.9007557e-02   4.3209344e-02   5.2830617e-02   5.5813214e-02   4.5260333e-02   3.4978628e-02   3.0369911e-02   2.8684455e-02
   3.6000000e+00   3.9461845e-02   3.8413283e-02   3.8184328e-02   3.9139701e-02   4.3575747e-02   5.3008477e-02   5.5783200e-02   4.5226918e-02   3.4963737e-02   3.0364232e-02   2.8682424e-02
   4.0500000e+00   3.8380985e-02   3.7871760e-02   3.7819940e-02   3.9319652e-02   4.3992120e-02   5.3207782e-02   5.5749006e-02   4.5189057e-02   3.4946862e-02   3.0357796e-02   2.8680121e-02
   4.5000000e+00   3.7386956e-02   3.7342524e-02   3.7460541e-02   3.9556249e-02   4.4458715e-02   5.3427693e-02   5.5710567e-02   4.5146754e-02   3.4928002e-02   3.0350603e-02   2.8677547e-02
   4.9500000e+00   3.6807369e-02   3.6818865e-02   3.7130329e-02   3.9857979e-02   4.4975721e-02   5.3667282e-02   5.5667811e-02   4.5100014e-02   3.4907158e-02   3.0342653e-02   2.8674703e-02
   5.4000000e+00   3.6237069e-02   3.6295445e-02   3.6856537e-02   4.0232588e-02   4.5543232e-02   5.3925533e-02   5.5620659e-02   4.5048841e-02   3.4884330e-02   3.0333945e-02   2.8671588e-02
   5.8500000e+00   3.5314811e-02   3.5764874e-02   3.6675882e-02   4.0686722e-02   4.6161221e-02   5.4201345e-02   5.5569024e-02   4.4993241e-02   3.4859519e-02   3.0324481e-02   2.8668201e-02
   6.3000000e+00   3.4137784e-02   3.5206765e-02   3.6642994e-02   4.1225605e-02   4.6829506e-02   5.4493534e-02   5.5512817e-02   4.4933219e-02   3.4832726e-02   3.0314259e-02   2.8664544e-02
   6.7500000e+00   3.3903872e-02   3.4570007e-02   3.6836156e-02   4.1852795e-02   4.7547720e-02   5.4800839e-02   5.5451939e-02   4.4868780e-02   3.4803950e-02   3.0303281e-02   2.8660616e-02
   7.2000000e+00   3.3890711e-02   3.3947691e-02   3.7348095e-02   4.2570028e-02   4.8315278e-02   5.5121926e-02   5.5386288e-02   4.4799932e-02   3.4773192e-02   3.0291545e-02   2.8656417e-02
   7.6500000e+00   3.3890821e-02   3.4464084e-02   3.8251370e-02   4.3377182e-02   4.9131347e-02   5.5455387e-02   5.5315757e-02   4.4726681e-02   3.4740454e-02   3.0279052e-02   2.8651947e-02
   8.1000000e+00   3.3918995e-02   3.6747457e-02   3.9555841e-02   4.4272377e-02   4.9994813e-02   5.5799751e-02   5.5240233e-02   4.4649035e-02   3.4705735e-02   3.0265803e-02   2.8647207e-02
   8.5500000e+00   3.4591928e-02   3.9436439e-02   4.1200292e-02   4.5252191e-02   5.0904254e-02   5.6153485e-02   5.5159599e-02   4.4567002e-02   3.4669035e-02   3.0251796e-02   2.8642195e-02
   9.0000000e+00   3.9622442e-02   4.2041109e-02   4.3087630e-02   4.6312025e-02   5.1857911e-02   5.6514998e-02   5.5073735e-02   4.4480589e-02   3.4630357e-02   3.0237033e-02   2.8636912e-02
   9.4500000e+00   4.4409417e-02   4.4578785e-02   4.5125333e-02   4.7446557e-02   5.2853663e-02   5.6882649e-02   5.4982517e-02   4.4389805e-02   3.4589700e-02   3.0221513e-02   2.8631359e-02
   9.9000000e+00   4.7173963e-02   4.7088660e-02   4.7241666e-02   4.8650286e-02   5.3889007e-02   5.7254750e-02   5.4885818e-02   4.4294661e-02   3.4547065e-02   3.0205235e-02   2.8625535e-02
   1.0350000e+01   4.9851939e-02   4.9594430e-02   4.9381392e-02   4.9918106e-02   5.4961040e-02   5.7629573e-02   5.4783508e-02   4.4195165e-02   3.4502453e-02   3.0188201e-02   2.8619440e-02
   1.0800000e+01   5.3912677e-02   5.2114919e-02   5.1494109e-02   5.1245869e-02   5.6066444e-02   5.8005352e-02   5.4675456e-02   4.4091327e-02   3.4455865e-02   3.0170411e-02   2.8613073e-02
   1.1250000e+01   5.9805187e-02   5.4673622e-02   5.3522170e-02   5.2630885e-02   5.7201480e-02   5.8380297e-02   5.4561528e-02   4.3983158e-02   3.4407302e-02   3.0151863e-02   2.8606436e-02
   1.1700000e+01   6.1327269e-02   5.7301011e-02   5.5392513e-02   5.4072294e-02   5.8361983e-02   5.8752591e-02   5.4441591e-02   4.3870669e-02   3.4356764e-02   3.0132559e-02   2.8599529e-02
   1.2150000e+01   6.1424491e-02   5.9884545e-02   5.7021617e-02   5.5571276e-02   5.9543369e-02   5.9120402e-02   5.4315508e-02   4.3753872e-02   3.4304253e-02   3.0112498e-02   2.8592350e-02
   1.2600000e+01   6.1428064e-02   6.1476882e-02   5.8342919e-02   5.7131039e-02   6.0740641e-02   5.9481887e-02   5.4183144e-02   4.3632779e-02   3.4249769e-02   3.0091681e-02   2.8584900e-02
   1.3050000e+01   6.1427558e-02   6.1559450e-02   5.9344416e-02   5.8756566e-02   6.1948409e-02   5.9835199e-02   5.4044366e-02   4.3507402e-02   3.4193314e-02   3.0070106e-02   2.8577180e-02
   1.3500000e+01   6.1414897e-02   6.1372396e-02   6.0080199e-02   6.0454106e-02   6.3160914e-02   6.0178494e-02   5.3899037e-02   4.3377753e-02   3.4134888e-02   3.0047776e-02   2.8569188e-02
   1.3950000e+01   6.1314421e-02   6.1276174e-02   6.0642998e-02   6.2230413e-02   6.4372058e-02   6.0509938e-02   5.3747025e-02   4.3243847e-02   3.4074493e-02   3.0024689e-02   2.8560926e-02
   1.4400000e+01   6.1219600e-02   6.1217111e-02   6.1128958e-02   6.4091769e-02   6.5575446e-02   6.0827711e-02   5.3588200e-02   4.3105698e-02   3.4012130e-02   3.0000845e-02   2.8552393e-02
   1.4850000e+01   6.1164368e-02   6.1166028e-02   6.1623383e-02   6.6042836e-02   6.6764429e-02   6.1130018e-02   5.3422431e-02   4.2963319e-02   3.3947799e-02   2.9976245e-02   2.8543589e-02
   1.5300000e+01   6.1111618e-02   6.1115764e-02   6.2207393e-02   6.8085412e-02   6.7932158e-02   6.1415092e-02   5.3249593e-02   4.2816725e-02   3.3881503e-02   2.9950889e-02   2.8534514e-02
   1.5750000e+01   6.1040978e-02   6.1060126e-02   6.2975679e-02   7.0217184e-02   6.9071644e-02   6.1681201e-02   5.3069563e-02   4.2665932e-02   3.3813242e-02   2.9924777e-02   2.8525169e-02
   1.6200000e+01   6.0921943e-02   6.0968698e-02   6.4059778e-02   7.2430568e-02   7.0175823e-02   6.1926658e-02   5.2882220e-02   4.2510956e-02   3.3743017e-02   2.9897908e-02   2.8515552e-02
   1.6650000e+01   6.0872577e-02   6.0721307e-02   6.5647567e-02   7.4711765e-02   7.1237619e-02   6.2149822e-02   5.2687450e-02   4.2351813e-02   3.3670831e-02   2.9870283e-02   2.8505665e-02
   1.7100000e+01   6.0868460e-02   6.0242034e-02   6.7971675e-02   7.7040106e-02   7.2250026e-02   6.2349109e-02   5.2485142e-02   4.2188520e-02   3.3596684e-02   2.9841902e-02   2.8495506e-02
   1.7550000e+01   6.0868722e-02   6.1674914e-02   7.1233607e-02   7.9387812e-02   7.3206175e-02   6.2522995e-02   5.2275189e-02   4.2021093e-02   3.3520578e-02   2.9812765e-02   2.8485077e-02
   1.8000000e+01   6.0927962e-02   6.8126269e-02   7.5488647e-02   8.1720210e-02   7.4099409e-02   6.2670022e-02   5.2057492e-02   4.1849551e-02   3.3442513e-02   2.9782872e-02   2.8474377e-02
   1.8450000e+01   6.2834528e-02   7.6100749e-02   8.0597513e-02   8.3996471e-02   7.4923362e-02   6.2788808e-02   5.1831955e-02   4.1673913e-02   3.3362493e-02   2.9752223e-02   2.8463406e-02
   1.8900000e+01   7.7877641e-02   8.3831562e-02   8.6299012e-02   8.6170852e-02   7.5672026e-02   6.2878046e-02   5.1598489e-02   4.1494196e-02   3.3280518e-02   2.9720818e-02   2.8452165e-02
   1.9350000e+01   9.0743808e-02   9.1395122e-02   9.2319312e-02   8.8194429e-02   7.6339823e-02   6.2936511e-02   5.1357014e-02   4.1310420e-02   3.3196589e-02   2.9688657e-02   2.8440652e-02
   1.9800000e+01   9.8719422e-02   9.8902874e-02   9.8423970e-02   9.0017228e-02   7.6921661e-02   6.2963070e-02   5.1107453e-02   4.1122604e-02   3.3110709e-02   2.9655741e-02   2.8428869e-02
   2.0250000e+01   1.0625313e-01   1.0639581e-01   1.0440666e-01   9.1590648e-02   7.7412997e-02   6.2956679e-02   5.0849738e-02   4.0930770e-02   3.3022878e-02   2.9622069e-02   2.8416814e-02
   2.0700000e+01   1.1377117e-01   1.1389743e-01   1.1004596e-01   9.2870033e-02   7.7809879e-02   6.2916390e-02   5.0583809e-02   4.0734938e-02   3.2933100e-02   2.9587641e-02   2.8404489e-02
   2.1150000e+01   1.2129763e-01   1.2147341e-01   1.1504878e-01   9.3817214e-02   7.8108984e-02   6.2841356e-02   5.0309614e-02   4.0535129e-02   3.2841375e-02   2.9552458e-02   2.8391894e-02
   2.1600000e+01   1.2883195e-01   1.2938724e-01   1.1899860e-01   9.4402856e-02   7.8307651e-02   6.2730832e-02   5.0027107e-02   4.0331364e-02   3.2747705e-02   2.9516519e-02   2.8379027e-02
   2.2050000e+01   1.3643884e-01   1.3799093e-01   1.2136389e-01   9.4608408e-02   7.8403893e-02   6.2584180e-02   4.9736253e-02   4.0123667e-02   3.2652092e-02   2.9479826e-02   2.8365889e-02
   2.2500000e+01   1.4391324e-01   1.4300862e-01   1.2164650e-01   9.4427513e-02   7.8396406e-02   6.2400870e-02   4.9437024e-02   3.9912060e-02   3.2554537e-02   2.9442376e-02   2.8352481e-02
   2.2950000e+01   1.3465690e-01   1.3621561e-01   1.1963959e-01   9.3866738e-02   7.8284562e-02   6.2180481e-02   4.9129401e-02   3.9696566e-02   3.2455044e-02   2.9404172e-02   2.8338802e-02
   2.3400000e+01   1.2526897e-01   1.2583816e-01   1.1556686e-01   9.2945543e-02   7.8068399e-02   6.1922703e-02   4.8813374e-02   3.9477209e-02   3.2353613e-02   2.9365212e-02   2.8324852e-02
   2.3850000e+01   1.1595486e-01   1.1615201e-01   1.0994349e-01   9.1695469e-02   7.7748590e-02   6.1627340e-02   4.8488942e-02   3.9254013e-02   3.2250247e-02   2.9325498e-02   2.8310631e-02
   2.4300000e+01   1.0665033e-01   1.0680508e-01   1.0331959e-01   9.0158568e-02   7.7326413e-02   6.1294309e-02   4.8156115e-02   3.9027003e-02   3.2144947e-02   2.9285028e-02   2.8296139e-02
   2.4750000e+01   9.7356213e-02   9.7533562e-02   9.6134566e-02   8.8385194e-02   7.6803706e-02   6.0923637e-02   4.7814909e-02   3.8796206e-02   3.2037716e-02   2.9243804e-02   2.8281377e-02
   2.5200000e+01   8.8042730e-02   8.8270513e-02   8.8713152e-02   8.6431281e-02   7.6182823e-02   6.0515466e-02   4.7465352e-02   3.8561645e-02   3.1928557e-02   2.9201825e-02   2.8266343e-02
   2.5650000e+01   7.8182940e-02   7.8987419e-02   8.1324660e-02   8.4355301e-02   7.5466576e-02   6.0070048e-02   4.7107481e-02   3.8323349e-02   3.1817470e-02   2.9159091e-02   2.8251039e-02
   2.6100000e+01   6.2277243e-02   6.9622422e-02   7.4251760e-02   8.2215107e-02   7.4658182e-02   5.9587746e-02   4.6741342e-02   3.8081343e-02   3.1704458e-02   2.9115602e-02   2.8235464e-02
   2.6550000e+01   4.3680302e-02   5.9987691e-02   6.7847316e-02   8.0064876e-02   7.3761202e-02   5.9069029e-02   4.6366993e-02   3.7835655e-02   3.1589524e-02   2.9071359e-02   2.8219619e-02
   2.7000000e+01   4.1323246e-02   4.9908042e-02   6.2544385e-02   7.7952341e-02   7.2779487e-02   5.8514473e-02   4.5984497e-02   3.7586314e-02   3.1472669e-02   2.9026362e-02   2.8203502e-02
   2.7450000e+01   4.1250005e-02   4.2276735e-02   5.8761518e-02   7.5916503e-02   7.1717117e-02   5.7924756e-02   4.5593931e-02   3.7333347e-02   3.1353896e-02   2.8980610e-02   2.8187115e-02
   2.7900000e+01   4.1261631e-02   4.3243489e-02   5.6712136e-02   7.3985949e-02   7.0578352e-02   5.7300657e-02   4.5195380e-02   3.7076783e-02   3.1233208e-02   2.8934104e-02   2.8170457e-02
   2.8350000e+01   4.1556866e-02   4.7700752e-02   5.6278696e-02   7.2177878e-02   6.9367581e-02   5.6643048e-02   4.4788937e-02   3.6816653e-02   3.1110607e-02   2.8886844e-02   2.8153528e-02
   2.8800000e+01   4.5193558e-02   5.1822045e-02   5.7095291e-02   7.0497865e-02   6.8089278e-02   5.5952895e-02   4.4374708e-02   3.6552986e-02   3.0986095e-02   2.8838830e-02   2.8136329e-02
   2.9250000e+01   5.3964549e-02   5.5660795e-02   5.8743921e-02   6.8940357e-02   6.6747967e-02   5.5231252e-02   4.3952803e-02   3.6285812e-02   3.0859675e-02   2.8790062e-02   2.8118858e-02
   2.9700000e+01   5.9169615e-02   5.9417202e-02   6.0882073e-02   6.7489826e-02   6.5348191e-02   5.4479254e-02   4.3523347e-02   3.6015163e-02   3.0731349e-02   2.8740540e-02   2.8101117e-02
   3.0150000e+01   6.3056516e-02   6.3154750e-02   6.3258687e-02   6.6122474e-02   6.3894485e-02   5.3698115e-02   4.3086470e-02   3.5741070e-02   3.0601121e-02   2.8690265e-02   2.8083105e-02
   3.0600000e+01   6.7126288e-02   6.6901305e-02   6.5674671e-02   6.4808338e-02   6.2391362e-02   5.2889122e-02   4.2642312e-02   3.5463566e-02   3.0468992e-02   2.8639236e-02   2.8064823e-02
   3.1050000e+01   7.4113135e-02   7.0698413e-02   6.7933588e-02   6.3513655e-02   6.0843301e-02   5.2053628e-02   4.2191022e-02   3.5182682e-02   3.0334965e-02   2.8587453e-02   2.8046269e-02
   3.1500000e+01   8.1516396e-02   7.4654805e-02   6.9800145e-02   6.2203282e-02   5.9254740e-02   5.1193050e-02   4.1732758e-02   3.4898453e-02   3.0199043e-02   2.8534917e-02   2.8027445e-02
   3.1950000e+01   8.2447362e-02   7.8890606e-02   7.0987145e-02   6.0843049e-02   5.7630079e-02   5.0308857e-02   4.1267684e-02   3.4610911e-02   3.0061230e-02   2.8481628e-02   2.8008350e-02
   3.2400000e+01   8.2482187e-02   8.1959624e-02   7.1207566e-02   5.9401871e-02   5.5973679e-02   4.9402570e-02   4.0795975e-02   3.4320091e-02   2.9921527e-02   2.8427586e-02   2.7988984e-02
   3.2850000e+01   8.2475714e-02   7.9802276e-02   7.0294186e-02   5.7853518e-02   5.4289870e-02   4.8475754e-02   4.0317812e-02   3.4026027e-02   2.9779938e-02   2.8372790e-02   2.7969348e-02
   3.3300000e+01   8.2286906e-02   7.4606728e-02   6.8291602e-02   5.6177953e-02   5.2582959e-02   4.7530009e-02   3.9833383e-02   3.3728755e-02   2.9636465e-02   2.8317242e-02   2.7949441e-02
   3.3750000e+01   7.9332037e-02   6.9397158e-02   6.5417231e-02   5.4362200e-02   5.0857236e-02   4.6566968e-02   3.9342886e-02   3.3428310e-02   2.9491112e-02   2.8260941e-02   2.7929263e-02
   3.4200000e+01   6.7892746e-02   6.4405345e-02   6.1935213e-02   5.2400729e-02   4.9116982e-02   4.5588288e-02   3.8846522e-02   3.3124728e-02   2.9343881e-02   2.8203887e-02   2.7908814e-02
   3.4650000e+01   6.0009528e-02   5.9508778e-02   5.8063847e-02   5.0295386e-02   4.7366472e-02   4.4595643e-02   3.8344503e-02   3.2818047e-02   2.9194776e-02   2.8146081e-02   2.7888095e-02
   3.5100000e+01   5.4810700e-02   5.4644038e-02   5.3955859e-02   4.8054927e-02   4.5609982e-02   4.3590723e-02   3.7837044e-02   3.2508303e-02   2.9043800e-02   2.8087522e-02   2.7867105e-02
   3.5550000e+01   4.9443812e-02   4.9772475e-02   4.9717664e-02   4.5694234e-02   4.3851782e-02   4.2575219e-02   3.7324367e-02   3.2195533e-02   2.8890956e-02   2.8028211e-02   2.7845845e-02
   3.6000000e+01   4.0150730e-02   4.4855411e-02   4.5434624e-02   4.3233296e-02   4.2096136e-02   4.1550826e-02   3.6806702e-02   3.1879777e-02   2.8736247e-02   2.7968148e-02   2.7824313e-02
   3.6450000e+01   3.0384861e-02   3.9852112e-02   4.1190479e-02   4.0696040e-02   4.0347290e-02   4.0519232e-02   3.6284281e-02   3.1561072e-02   2.8579677e-02   2.7907333e-02   2.7802511e-02
   3.6900000e+01   2.9078505e-02   3.4805383e-02   3.7076505e-02   3.8109106e-02   3.8609459e-02   3.9482113e-02   3.5757342e-02   3.1239458e-02   2.8421249e-02   2.7845766e-02   2.7780438e-02
   3.7350000e+01   2.9023874e-02   3.0303462e-02   3.3182890e-02   3.5500641e-02   3.6886810e-02   3.8441126e-02   3.5226130e-02   3.0914975e-02   2.8260965e-02   2.7783447e-02   2.7758095e-02
   3.7800000e+01   2.9020651e-02   2.7294642e-02   2.9570863e-02   3.2899154e-02   3.5183440e-02   3.7397908e-02   3.4690892e-02   3.0587662e-02   2.8098831e-02   2.7720376e-02   2.7735481e-02
   3.8250000e+01   2.8954427e-02   2.4827081e-02   2.6247715e-02   3.0332497e-02   3.3503349e-02   3.6354067e-02   3.4151881e-02   3.0257560e-02   2.7934849e-02   2.7656554e-02   2.7712596e-02
   3.8700000e+01   2.7771325e-02   2.2200618e-02   2.3173608e-02   2.7826984e-02   3.1850418e-02   3.5311178e-02   3.3609350e-02   2.9924710e-02   2.7769022e-02   2.7591981e-02   2.7689440e-02
   3.9150000e+01   2.1817715e-02   1.9522534e-02   2.0293947e-02   2.5406675e-02   3.0228371e-02   3.4270780e-02   3.3063561e-02   2.9589153e-02   2.7601354e-02   2.7526656e-02   2.7666014e-02
   3.9600000e+01   1.7152766e-02   1.6859910e-02   1.7566654e-02   2.3092814e-02   2.8640754e-02   3.3234368e-02   3.2514774e-02   2.9250932e-02   2.7431850e-02   2.7460581e-02   2.7642317e-02
   4.0050000e+01   1.4268087e-02   1.4212522e-02   1.4971623e-02   2.0903417e-02   2.7090897e-02   3.2203393e-02   3.1963253e-02   2.8910089e-02   2.7260512e-02   2.7393754e-02   2.7618350e-02
   4.0500000e+01   1.1336427e-02   1.1562295e-02   1.2510841e-02   1.8853003e-02   2.5581889e-02   3.1179254e-02   3.1409267e-02   2.8566667e-02   2.7087345e-02   2.7326177e-02   2.7594112e-02
   4.0950000e+01   6.3084526e-03   8.8832419e-03   1.0209400e-02   1.6952439e-02   2.4116549e-02   3.0163301e-02   3.0853084e-02   2.8220708e-02   2.6912351e-02   2.7257849e-02   2.7569603e-02
   4.1400000e+01   8.4126644e-04   6.1355633e-03   8.1201549e-03   1.5208903e-02   2.2697403e-02   2.9156825e-02   3.0294973e-02   2.7872257e-02   2.6735536e-02   2.7188771e-02   2.7544823e-02
   4.1850000e+01   3.7856720e-05   3.2964355e-03   6.3252054e-03   1.3625936e-02   2.1326658e-02   2.8161057e-02   2.9735207e-02   2.7521359e-02   2.6556903e-02   2.7118942e-02   2.7519773e-02
   4.2300000e+01   8.0857272e-07   7.9233593e-04   4.9187423e-03   1.2203584e-02   2.0006192e-02   2.7177170e-02   2.9174059e-02   2.7168056e-02   2.6376455e-02   2.7048363e-02   2.7494453e-02
   4.2750000e+01   2.7227195e-07   8.0574033e-05   3.9636911e-03   1.0938630e-02   1.8737536e-02   2.6206271e-02   2.8611800e-02   2.6812395e-02   2.6194198e-02   2.6977034e-02   2.7468861e-02
   4.3200000e+01   1.2769812e-05   8.1369049e-04   3.4498557e-03   9.8248869e-03   1.7521870e-02   2.5249403e-02   2.8048704e-02   2.6454422e-02   2.6010134e-02   2.6904955e-02   2.7442999e-02
   4.3650000e+01   2.5859698e-04   1.6407286e-03   3.2970423e-03   8.8535781e-03   1.6360017e-02   2.4307541e-02   2.7485045e-02   2.6094181e-02   2.5824269e-02   2.6832127e-02   2.7416867e-02
   4.4100000e+01   1.7320133e-03   2.3750281e-03   3.3990973e-03   8.0137680e-03   1.5252454e-02   2.3381594e-02   2.6921093e-02   2.5731718e-02   2.5636606e-02   2.6758549e-02   2.7390464e-02
   4.4550000e+01   3.0017438e-03   3.0721308e-03   3.6634685e-03   7.2928458e-03   1.4199310e-02   2.2472400e-02   2.6357122e-02   2.5367082e-02   2.5447149e-02   2.6684221e-02   2.7363790e-02
   4.5000000e+01   3.7583566e-03   3.7586592e-03   4.0230626e-03   6.6770415e-03   1.3200389e-02   2.1580732e-02   2.5793401e-02   2.5000318e-02   2.5255903e-02   2.6609145e-02   2.7336846e-02
   4.5450000e+01   4.5149693e-03   4.4449286e-03   4.4298493e-03   6.1519561e-03   1.2255180e-02   2.0707290e-02   2.5230200e-02   2.4631474e-02   2.5062872e-02   2.6533319e-02   2.7309631e-02
   4.5900000e+01   5.7846997e-03   5.1388725e-03   4.8440037e-03   5.7030839e-03   1.1362885e-02   1.9852707e-02   2.4667785e-02   2.4260598e-02   2.4868061e-02   2.6456745e-02   2.7282145e-02
   4.6350000e+01   7.2581151e-03   5.8534692e-03   5.2245085e-03   5.3163076e-03   1.0522439e-02   1.9017548e-02   2.4106421e-02   2.3887738e-02   2.4671474e-02   2.6379422e-02   2.7254389e-02
   4.6800000e+01   7.5039334e-03   6.6059612e-03   5.5238903e-03   4.9783431e-03   9.7325406e-03   1.8202308e-02   2.3546372e-02   2.3512942e-02   2.4473115e-02   2.6301350e-02   2.7226363e-02
   4.7250000e+01   7.5163919e-03   7.2912186e-03   5.6919090e-03   4.6771176e-03   8.9916796e-03   1.7407419e-02   2.2987896e-02   2.3136260e-02   2.4272990e-02   2.6222530e-02   2.7198066e-02
   4.7700000e+01   7.5165166e-03   7.3430381e-03   5.6914303e-03   4.4020652e-03   8.2981697e-03   1.6633244e-02   2.2431251e-02   2.2757739e-02   2.4071102e-02   2.6142961e-02   2.7169498e-02
   4.8150000e+01   7.5069117e-03   6.6916585e-03   5.5164830e-03   4.1443302e-03   7.6501788e-03   1.5880085e-02   2.1876691e-02   2.2377431e-02   2.3867456e-02   2.6062645e-02   2.7140660e-02
   4.8600000e+01   7.2988316e-03   5.9347859e-03   5.1934656e-03   3.8968730e-03   7.0457605e-03   1.5148180e-02   2.1324465e-02   2.1995384e-02   2.3662058e-02   2.5981581e-02   2.7111551e-02
   4.9050000e+01   5.8828698e-03   5.2170339e-03   4.7637315e-03   3.6544819e-03   6.4828843e-03   1.4437707e-02   2.0774820e-02   2.1611649e-02   2.3454911e-02   2.5899769e-02   2.7082172e-02
   4.9500000e+01   4.5806609e-03   4.5222116e-03   4.2656865e-03   3.4136960e-03   5.9594650e-03   1.3748786e-02   2.0227998e-02   2.1226275e-02   2.3246022e-02   2.5817210e-02   2.7052522e-02
   4.9950000e+01   3.8213822e-03   3.8358679e-03   3.7281349e-03   3.1726520e-03   5.4733897e-03   1.3081481e-02   1.9684236e-02   2.0839315e-02   2.3035394e-02   2.5733904e-02   2.7022601e-02
   5.0400000e+01   3.0742716e-03   3.1502494e-03   3.1721501e-03   2.9308724e-03   5.0225428e-03   1.2435803e-02   1.9143770e-02   2.0450819e-02   2.2823032e-02   2.5649850e-02   2.6992411e-02
   5.0850000e+01   1.8660835e-03   2.4591612e-03   2.6155554e-03   2.6890108e-03   4.6048287e-03   1.1811711e-02   1.8606827e-02   2.0060837e-02   2.2608942e-02   2.5565050e-02   2.6961949e-02
   5.1300000e+01   3.2414148e-04   1.7551570e-03   2.0771553e-03   2.4485767e-03   4.2181912e-03   1.1209116e-02   1.8073631e-02   1.9669422e-02   2.2393129e-02   2.5479503e-02   2.6931217e-02
   5.1750000e+01   1.7721958e-05   1.0322308e-03   1.5793688e-03   2.2116556e-03   3.8606304e-03   1.0627882e-02   1.7544400e-02   1.9276625e-02   2.2175598e-02   2.5393209e-02   2.6900215e-02
   5.2200000e+01   5.4536128e-07   3.4428926e-04   1.1468660e-03   1.9806425e-03   3.5302166e-03   1.0067833e-02   1.7019349e-02   1.8882499e-02   2.1956353e-02   2.5306170e-02   2.6868942e-02
   5.2650000e+01  -1.7736558e-08  -3.1217011e-05   7.9913243e-04   1.7580030e-03   3.2251009e-03   9.5287477e-03   1.6498684e-02   1.8487095e-02   2.1735402e-02   2.5218384e-02   2.6837399e-02
   5.3100000e+01  -5.7870812e-09  -4.4159544e-05   5.4104699e-04   1.5460713e-03   2.9435241e-03   9.0103720e-03   1.5982609e-02   1.8090466e-02   2.1512747e-02   2.5129852e-02   2.6805585e-02
   5.3550000e+01  -7.0121955e-10  -1.1696423e-05   3.6109686e-04   1.3468924e-03   2.6838215e-03   8.5124147e-03   1.5471318e-02   1.7692664e-02   2.1288396e-02   2.5040574e-02   2.6773501e-02
   5.4000000e+01  -2.7455816e-11  -1.7444891e-06   2.3950678e-04   1.1621108e-03   2.4444265e-03   8.0345532e-03   1.4965003e-02   1.7293743e-02   2.1062353e-02   2.4950551e-02   2.6741146e-02
   5.4450000e+01  -2.1368634e-13  -9.8915645e-09   1.5766511e-04   9.9290532e-04   2.2238717e-03   7.5764358e-03   1.4463848e-02   1.6893755e-02   2.0834624e-02   2.4859782e-02   2.6708521e-02
   5.4900000e+01   2.5974669e-16   1.1490294e-07   1.0218084e-04   8.3996580e-04   2.0207876e-03   7.1376843e-03   1.3968030e-02   1.6492754e-02   2.0605215e-02   2.4768269e-02   2.6675626e-02
   5.5350000e+01   8.2477724e-17   5.8296911e-08   6.4491300e-05   7.0350504e-04   1.8339010e-03   6.7178972e-03   1.3477722e-02   1.6090792e-02   2.0374130e-02   2.4676011e-02   2.6642460e-02
   5.5800000e+01   3.7724182e-18   2.1365960e-08   3.9185512e-05   5.8329953e-04   1.6620305e-03   6.3166517e-03   1.2993088e-02   1.5687924e-02   2.0141377e-02   2.4583007e-02   2.6609023e-02
   5.6250000e+01   5.3113898e-20   6.5324678e-09   2.2662381e-05   4.7874988e-04   1.5040825e-03   5.9335066e-03   1.2514286e-02   1.5284204e-02   1.9906960e-02   2.4489260e-02   2.6575317e-02
   5.6700000e+01   2.1264747e-22   1.6029214e-09   1.2355195e-05   3.8895362e-04   1.3590457e-03   5.5680048e-03   1.2041468e-02   1.4879683e-02   1.9670885e-02   2.4394768e-02   2.6541340e-02
   5.7150000e+01   4.7510511e-25   2.2977675e-10   6.3260545e-06   3.1278289e-04   1.2259851e-03   5.2196757e-03   1.1574780e-02   1.4474418e-02   1.9433158e-02   2.4299532e-02   2.6507092e-02
   5.7600000e+01  -6.0024644e-28  -7.2723482e-12   3.0680480e-06   2.4896127e-04   1.1040366e-03   4.8880374e-03   1.1114360e-02   1.4068461e-02   1.9193785e-02   2.4203553e-02   2.6472574e-02
   5.8050000e+01  -1.7852186e-29  -5.0433347e-12   1.4430428e-06   1.9613478e-04   9.9240020e-04   4.5725990e-03   1.0660339e-02   1.3661866e-02   1.8952773e-02   2.4106830e-02   2.6437786e-02
   5.8500000e+01  -1.4772734e-31  -5.6070022e-13   6.7798716e-07   1.5293398e-04   8.9033488e-04   4.2728627e-03   1.0212841e-02   1.3254689e-02   1.8710126e-02   2.4009363e-02   2.6402727e-02
   5.8950000e+01  -3.7493533e-34  -3.9076068e-14   3.2380952e-07   1.1802498e-04   7.9715259e-04   3.9883258e-03   9.7719849e-03   1.2846982e-02   1.8465851e-02   2.3911153e-02   2.6367398e-02
   5.9400000e+01  -1.8726006e-37  -1.5496973e-15   1.5659965e-07   9.0148695e-05   7.1221315e-04   3.7184824e-03   9.3378806e-03   1.2438801e-02   1.8219955e-02   2.3812201e-02   2.6331799e-02
   5.9850000e+01  -2.3684934e-41   8.3353708e-17   7.5316151e-08   6.8148474e-05   6.3491954e-04   3.4628253e-03   8.9106318e-03   1.2030199e-02   1.7972443e-02   2.3712505e-02   2.6295929e-02
   6.0300000e+01   1.4165307e-43   3.0189487e-17   3.5283850e-08   5.0987058e-05   5.6471359e-04   3.2208479e-03   8.4903354e-03   1.1621230e-02   1.7723322e-02   2.3612068e-02   2.6259789e-02
   6.0750000e+01   4.7810993e-46   4.8637078e-18   1.5810115e-08   3.7754359e-05   5.0107227e-04   2.9920451e-03   8.0770810e-03   1.1211950e-02   1.7472598e-02   2.3510888e-02   2.6223378e-02
   6.1200000e+01   6.1823645e-49   6.1002469e-19   6.6712644e-09   2.7667759e-05   4.4350441e-04   2.7759153e-03   7.6709516e-03   1.0802412e-02   1.7220277e-02   2.3408966e-02   2.6186698e-02
   6.1650000e+01   1.9796546e-52   6.1155973e-20   2.6173331e-09   2.0066756e-05   3.9154798e-04   2.5719613e-03   7.2720231e-03   1.0392671e-02   1.6966366e-02   2.3306302e-02   2.6149747e-02
   6.2100000e+01   3.1793530e-56   3.7980063e-21   9.4893878e-10   1.4403681e-05   3.4476779e-04   2.3796920e-03   6.8803645e-03   9.9827805e-03   1.6710872e-02   2.3202897e-02   2.6112525e-02
   6.2550000e+01  -1.1442069e-60  -2.1195845e-23   3.2083986e-10   1.0231986e-05   3.0275357e-04   2.1986227e-03   6.4960380e-03   9.5727951e-03   1.6453801e-02   2.3098750e-02   2.6075034e-02
   6.3000000e+01  -4.1578981e-63  -1.2291319e-23   1.0443547e-10   7.1933896e-06   2.6511847e-04   2.0282769e-03   6.1190991e-03   9.1627690e-03   1.6195159e-02   2.2993863e-02   2.6037272e-02
   6.3450000e+01  -2.3075207e-66  -5.5328478e-25   3.4301961e-11   5.0048564e-06   2.3149781e-04   1.8681864e-03   5.7495965e-03   8.7527562e-03   1.5934954e-02   2.2888235e-02   2.5999240e-02
   6.3900000e+01  -3.3330284e-70  -1.5675510e-26   1.1746572e-11   3.4461265e-06   2.0154810e-04   1.7178929e-03   5.3875724e-03   8.3428108e-03   1.5673191e-02   2.2781866e-02   2.5960937e-02
   6.4350000e+01  -9.4374084e-75  -2.9550716e-28   4.1743934e-12   2.3482786e-06   1.7494622e-04   1.5769478e-03   5.0330621e-03   7.9329866e-03   1.5409879e-02   2.2674757e-02   2.5922365e-02
   6.4800000e+01  -1.1692379e-79   4.6930906e-31   1.4928535e-12   1.5835959e-06   1.5138883e-04   1.4449136e-03   4.6860948e-03   7.5233374e-03   1.5145023e-02   2.2566908e-02   2.5883522e-02
   6.5250000e+01   1.5917319e-83   4.3055679e-31   5.1996087e-13   1.0568504e-06   1.3059173e-04   1.3213637e-03   4.3466930e-03   7.1139171e-03   1.4878631e-02   2.2458319e-02   2.5844409e-02
   6.5700000e+01   4.1453800e-87   2.9984218e-32   1.7204580e-13   6.9800080e-07   1.1228942e-04   1.2058834e-03   4.0148732e-03   6.7047790e-03   1.4610710e-02   2.2348991e-02   2.5805025e-02
   6.6150000e+01   8.3075995e-91   1.5213440e-33   5.3075478e-14   4.5621735e-07   9.6234584e-05   1.0980699e-03   3.6906454e-03   6.2959767e-03   1.4341266e-02   2.2238923e-02   2.5765372e-02
   6.6600000e+01   1.4549561e-94   6.1758664e-35   1.5035038e-14   2.9509559e-07   8.2197627e-05   9.9753277e-04   3.3740138e-03   5.8875633e-03   1.4070308e-02   2.2128117e-02   2.5725448e-02
   6.7050000e+01   1.8989775e-98   1.6448156e-36   3.8741957e-15   1.8889994e-07   6.9966139e-05   9.0389391e-04   3.0649764e-03   5.4795919e-03   1.3797841e-02   2.2016571e-02   2.5685254e-02
   6.7500000e+01  3.3227354e-108   1.5822940e-39   9.1350313e-16   1.1966953e-07   5.9344364e-05   8.1678800e-04   2.7635256e-03   5.0721155e-03   1.3523874e-02   2.1904287e-02   2.5644790e-02
   6.7950000e+01 -5.2970039e-108  -7.3543996e-40   2.0413217e-16   7.5028009e-08   5.0152594e-05   7.3586242e-04   2.4696479e-03   4.6651867e-03   1.3248413e-02   2.1791266e-02   2.5604055e-02
   6.8400000e+01 -1.1319546e-113  -1.3355140e-41   4.6130520e-17   4.6554010e-08   4.2226527e-05   6.6077734e-04   2.1833244e-03   4.2588580e-03   1.2971466e-02   2.1677506e-02   2.5563051e-02
   6.8850000e+01 -1.8008941e-119  -1.5048231e-43   1.1170194e-17   2.8588414e-08   3.5416569e-05   5.9120566e-04   1.9045305e-03   3.8531816e-03   1.2693041e-02   2.1563008e-02   2.5521776e-02
   6.9300000e+01 -2.4768509e-125  -1.2000981e-45   2.9019113e-18   1.7375082e-08   2.9587096e-05   5.2683304e-04   1.6332367e-03   3.4482096e-03   1.2413144e-02   2.1447773e-02   2.5480231e-02
   6.9750000e+01 -2.2162124e-131  -2.5965928e-48   7.7212303e-19   1.0451307e-08   2.4615679e-05   4.6735774e-04   1.3694080e-03   3.0439937e-03   1.2131784e-02   2.1331801e-02   2.5438416e-02
   7.0200000e+01  1.2082506e-136   1.6297477e-49   2.0036638e-19   6.2218946e-09   2.0392277e-05   4.1249051e-04   1.1130046e-03   2.6405854e-03   1.1848967e-02   2.1215092e-02   2.5396331e-02
   7.0650000e+01  2.1068040e-141   4.9121552e-51   4.9083742e-20   3.6659153e-09   1.6818418e-05   3.6195444e-04   8.6398190e-04   2.2380360e-03   1.1564703e-02   2.1097647e-02   2.5353976e-02
   7.1100000e+01  2.0458184e-146   9.9193430e-53   1.1114007e-20   2.1377036e-09   1.3806365e-05   3.1548472e-04   6.2229045e-04   1.8363964e-03   1.1278997e-02   2.0979466e-02   2.5311351e-02
   7.1550000e+01  3.9503003e-152   1.5775898e-54   2.2885701e-21   1.2337106e-09   1.1278292e-05   2.7282851e-04   3.8787640e-04   1.4357172e-03   1.0991859e-02   2.0860548e-02   2.5268455e-02
   7.2000000e+01  1.9905476e-158   1.6842999e-56   4.2364036e-22   7.0464953e-10   9.1654667e-06   2.3374460e-04   1.6068152e-04   1.0360488e-03   1.0703296e-02   2.0740895e-02   2.5225290e-02
   7.2450000e+01  1.5929737e-165   2.6508685e-59   7.0648708e-23   3.9830662e-10   7.4074526e-06   1.9800319e-04  -5.9356597e-05   6.3744107e-04   1.0413316e-02   2.0620506e-02   2.5181854e-02
   7.2900000e+01 -1.1757900e-170  -1.0120676e-60   1.0974471e-23   2.2280917e-10   5.9513436e-06   1.6538565e-04  -2.7230441e-04   2.3994379e-04   1.0121926e-02   2.0499382e-02   2.5138149e-02
   7.3350000e+01 -2.0501231e-176  -7.9561280e-63   1.7134824e-24   1.2333921e-10   4.7510281e-06   1.3568414e-04  -4.7823222e-04  -1.5639375e-04   9.8291357e-03   2.0377524e-02   2.5094173e-02
   7.3800000e+01 -1.7884146e-182  -3.6430137e-65   2.9240531e-25   6.7560979e-11   3.7664946e-06   1.0870136e-04  -6.7721402e-04  -5.5152262e-04   9.5349520e-03   2.0254931e-02   2.5049927e-02
   7.4250000e+01 -3.8271958e-189  -1.1970027e-67   5.5284355e-26   3.6616883e-11   2.9631784e-06   8.4250249e-05  -8.6932733e-04  -9.4539422e-04   9.2393834e-03   2.0131603e-02   2.5005411e-02
   7.4700000e+01 -2.7800023e-196  -1.7034727e-70   1.0897001e-26   1.9633965e-11   2.3113534e-06   6.2153598e-05  -1.0546530e-03  -1.3379604e-03   8.9424380e-03   2.0007542e-02   2.4960626e-02
   7.5150000e+01  5.0836250e-203   1.6337438e-72   2.0967248e-27   1.0413782e-11   1.7855704e-06   4.2243770e-05  -1.2332751e-03  -1.7291733e-03   8.6441241e-03   1.9882747e-02   2.4915570e-02
   7.5600000e+01  6.0898328e-209   2.1575310e-74   3.7844280e-28   5.4625039e-12   1.3641407e-06   2.4362346e-05  -1.4052807e-03  -2.1189855e-03   8.3444500e-03   1.9757219e-02   2.4870244e-02
   7.6050000e+01  3.3136501e-215   1.7234648e-76   6.2640671e-29   2.8329317e-12   1.0286664e-06   8.3597908e-06  -1.5707597e-03  -2.5073501e-03   8.0434240e-03   1.9630958e-02   2.4824648e-02
   7.6500000e+01  3.6416022e-222   1.0675448e-78   9.3507380e-30   1.4520423e-12   7.6361472e-07  -5.9048843e-06  -1.7298047e-03  -2.8942205e-03   7.7410547e-03   1.9503964e-02   2.4778782e-02
   7.6950000e+01  1.2337255e-229   4.5470019e-81   1.2419985e-30   7.3520045e-13   5.5593533e-07  -1.8564460e-05  -1.8825107e-03  -3.2795506e-03   7.4373505e-03   1.9376238e-02   2.4732647e-02
   7.7400000e+01  1.2088118e-237   4.6647106e-84   1.4644540e-31   3.6747644e-13   3.9471778e-07  -2.9743845e-05  -2.0289752e-03  -3.6632948e-03   7.1323199e-03   1.9247780e-02   2.4686241e-02
   7.7850000e+01 -2.5073397e-244  -3.7083652e-86   1.5776606e-32   1.8116309e-13   2.7088742e-07  -3.9560405e-05  -2.1692978e-03  -4.0454078e-03   6.8259714e-03   1.9118590e-02   2.4639565e-02
   7.8300000e+01 -3.1594925e-251  -1.2793337e-88   1.6881681e-33   8.7986580e-14   1.7693651e-07  -4.8124297e-05  -2.3035800e-03  -4.4258450e-03   6.5183139e-03   1.8988668e-02   2.4592620e-02
   7.8750000e+01 -2.2080094e-258  -2.3734402e-91   2.0118519e-34   4.2031905e-14   1.0668790e-07  -5.5538788e-05  -2.4319254e-03  -4.8045620e-03   6.2093559e-03   1.8858016e-02   2.4545404e-02
   7.9200000e+01 -4.3419418e-266  -3.1627529e-94   2.7643593e-35   1.9706347e-14   5.5088607e-08  -6.1900575e-05  -2.5544392e-03  -5.1815151e-03   5.8991063e-03   1.8726633e-02   2.4497919e-02
   7.9650000e+01 -2.3570816e-274  -2.2328697e-97   4.0504311e-36   9.0396728e-15   1.8030349e-08  -6.7300094e-05  -2.6712280e-03  -5.5566611e-03   5.5875739e-03   1.8594519e-02   2.4450163e-02
   8.0100000e+01  1.4569681e-282  4.2953596e-100   5.7969785e-37   4.0387582e-15  -7.8055416e-09  -7.1821827e-05  -2.7823998e-03  -5.9299572e-03   5.2747675e-03   1.8461675e-02   2.4402138e-02
   8.0550000e+01  1.3414034e-289  2.5902974e-102   7.7236474e-38   1.7452298e-15  -2.5081414e-08  -7.5544596e-05  -2.8880641e-03  -6.3013612e-03   4.9606960e-03   1.8328101e-02   2.4353843e-02
   8.1000000e+01  4.4927626e-297  8.2229565e-105   9.3563813e-39   7.2099756e-16  -3.5917245e-08  -7.8541854e-05  -2.9883311e-03  -6.6708313e-03   4.6453686e-03   1.8193798e-02   2.4305278e-02
   8.1450000e+01  3.1824249e-305  1.9922057e-107   1.0132037e-39   2.7876267e-16  -4.1987493e-08  -8.0881960e-05  -3.0833123e-03  -7.0383264e-03   4.3287941e-03   1.8058766e-02   2.4256443e-02
   8.1900000e+01  7.3549997e-314  3.3957953e-110   9.6476276e-41   9.6306955e-17  -4.4602954e-08  -8.2628457e-05  -3.1731198e-03  -7.4038059e-03   4.0109818e-03   1.7923005e-02   2.4207339e-02
   8.2350000e+01   0.0000000e+00  1.8610241e-113   7.9817181e-42   2.5921482e-17  -4.4779545e-08  -8.3840327e-05  -3.2578662e-03  -7.7672297e-03   3.6919407e-03   1.7786516e-02   2.4157964e-02
   8.2800000e+01   0.0000000e+00 -3.6660104e-116   5.7855563e-43   1.7088912e-18  -4.3295752e-08  -8.4572248e-05  -3.3376650e-03  -8.1285582e-03   3.3716800e-03   1.7649298e-02   2.4108320e-02
   8.3250000e+01   0.0000000e+00 -5.6265440e-119   3.8997857e-44  -4.7339018e-18  -4.0740331e-08  -8.4874838e-05  -3.4126298e-03  -8.4877526e-03   3.0502091e-03   1.7511353e-02   2.4058406e-02
   8.3700000e+01   0.0000000e+00 -4.2183982e-122   2.7979485e-45  -5.0916750e-18  -3.7551649e-08  -8.4794886e-05  -3.4828745e-03  -8.8447746e-03   2.7275372e-03   1.7372680e-02   2.4008222e-02
   8.4150000e+01   0.0000000e+00 -2.2577555e-125   2.3998219e-46  -3.8500874e-18  -3.4049924e-08  -8.4375580e-05  -3.5485132e-03  -9.1995862e-03   2.4036737e-03   1.7233280e-02   2.3957768e-02
   8.4600000e+01   0.0000000e+00 -7.1761711e-129   2.2992976e-47  -2.5377698e-18  -3.0463473e-08  -8.3656723e-05  -3.6096601e-03  -9.5521503e-03   2.0786280e-03   1.7093154e-02   2.3907045e-02
   8.5050000e+01   0.0000000e+00  2.8673602e-132   2.0635383e-48  -1.5511968e-18  -2.6949907e-08  -8.2674935e-05  -3.6664291e-03  -9.9024303e-03   1.7524096e-03   1.6952301e-02   2.3856052e-02
   8.5500000e+01   0.0000000e+00  8.5272263e-135   1.3916595e-49  -9.0300921e-19  -2.3613134e-08  -8.1463856e-05  -3.7189340e-03  -1.0250390e-02   1.4250280e-03   1.6810723e-02   2.3804789e-02
   8.5950000e+01   0.0000000e+00  1.0831516e-137   1.4089622e-51  -5.0771585e-19  -2.0516873e-08  -8.0054331e-05  -3.7672882e-03  -1.0595995e-02   1.0964928e-03   1.6668418e-02   2.3753256e-02
   8.6400000e+01   0.0000000e+00  1.0371962e-140  -1.7075976e-51  -2.7802376e-19  -1.7695306e-08  -7.8474592e-05  -3.8116047e-03  -1.0939209e-02   7.6681355e-04   1.6525389e-02   2.3701454e-02
   8.6850000e+01   0.0000000e+00  7.3803708e-144  -4.0941229e-52  -1.4908444e-19  -1.5161391e-08  -7.6750424e-05  -3.8519961e-03  -1.1279999e-02   4.3599999e-04   1.6381634e-02   2.3649382e-02
   8.7300000e+01   0.0000000e+00  2.2748211e-147  -6.9172864e-53  -7.8578418e-20  -1.2913273e-08  -7.4905333e-05  -3.8885742e-03  -1.1618331e-02   1.0406183e-04   1.6237155e-02   2.3597040e-02
   8.7750000e+01   0.0000000e+00 -3.2744089e-150  -1.0058322e-53  -4.0820823e-20  -1.0939178e-08  -7.2960699e-05  -3.9214501e-03  -1.1954173e-02  -2.2899116e-04   1.6091952e-02   2.3544428e-02
   8.8200000e+01   0.0000000e+00 -6.4623366e-153  -1.3394566e-54  -2.0944316e-20  -9.2210848e-09  -7.0935918e-05  -3.9507342e-03  -1.2287491e-02  -5.6314917e-04   1.5946025e-02   2.3491547e-02
   8.8650000e+01   0.0000000e+00 -6.3615751e-156  -1.6804994e-55  -1.0630625e-20  -7.7374368e-09  -6.8848548e-05  -3.9765359e-03  -1.2618255e-02  -8.9840231e-04   1.5799374e-02   2.3438396e-02
   8.9100000e+01   0.0000000e+00 -4.6621786e-159  -2.0170449e-56  -5.3446955e-21  -6.4651058e-09  -6.6714433e-05  -3.9989636e-03  -1.2946434e-02  -1.2347407e-03   1.5652001e-02   2.3384976e-02
   8.9550000e+01   0.0000000e+00 -2.9458235e-162  -2.3370738e-57  -2.6645285e-21  -5.3807706e-09  -6.4547831e-05  -4.0181248e-03  -1.3271997e-02  -1.5721543e-03   1.5503905e-02   2.3331286e-02
   9.0000000e+01   0.0000000e+00 -1.7227357e-165  -2.6280492e-58  -1.3183661e-21  -4.4618519e-09  -6.2361529e-05  -4.0341257e-03  -1.3594914e-02  -1.9106331e-03   1.5355087e-02   2.3277326e-02
