  -9.0000000e+01   0.0000000e+00 -3.4637678e-165  -5.2840099e-58  -2.6508033e-21  -9.4051141e-09  -1.6226882e-04  -5.0291448e-03  -1.2372803e-02  -8.9527024e-04   1.5766397e-02   2.3420808e-02
  -8.9550000e+01   0.0000000e+00 -5.9229334e-162  -4.6989686e-57  -5.3575133e-21  -1.1364096e-08  -1.6757034e-04  -4.9722230e-03  -1.2043298e-02  -5.6718457e-04   1.5910391e-02   2.3473056e-02
  -8.9100000e+01   0.0000000e+00 -9.3738723e-159  -4.0555120e-56  -1.0746510e-20  -1.3681851e-08  -1.7275916e-04  -4.9112642e-03  -1.1711716e-02  -2.4016079e-04   1.6053684e-02   2.3525042e-02
  -8.8650000e+01   0.0000000e+00 -1.2790714e-155  -3.3788466e-55  -2.1374947e-20  -1.6409102e-08  -1.7779745e-04  -4.8461867e-03  -1.1378083e-02   8.5791916e-05   1.6196276e-02   2.3576768e-02
  -8.8200000e+01   0.0000000e+00 -1.2993307e-152  -2.6931391e-54  -4.2112831e-20  -1.9598850e-08  -1.8264365e-04  -4.7769093e-03  -1.1042425e-02   4.1066442e-04   1.6338168e-02   2.3628232e-02
  -8.7750000e+01   0.0000000e+00 -6.5835939e-150  -2.0223469e-53  -8.2079042e-20  -2.3304497e-08  -1.8725221e-04  -4.7033512e-03  -1.0704770e-02   7.3444761e-04   1.6479358e-02   2.3679435e-02
  -8.7300000e+01   0.0000000e+00  4.5738021e-147  -1.3908038e-52  -1.5799974e-19  -2.7577008e-08  -1.9157346e-04  -4.6254326e-03  -1.0365145e-02   1.0571325e-03   1.6619845e-02   2.3730377e-02
  -8.6850000e+01   0.0000000e+00  1.4839125e-143  -8.2317277e-52  -2.9977011e-19  -3.2460812e-08  -1.9555328e-04  -4.5430744e-03  -1.0023579e-02   1.3787099e-03   1.6759631e-02   2.3781058e-02
  -8.6400000e+01   0.0000000e+00  2.0854079e-140  -3.4333309e-51  -5.5903793e-19  -3.7988065e-08  -1.9913292e-04  -4.4561982e-03  -9.6800996e-03   1.6991711e-03   1.6898714e-02   2.3831477e-02
  -8.5950000e+01   0.0000000e+00  2.1778069e-137   2.8328884e-51  -1.0209017e-18  -4.4170777e-08  -2.0224878e-04  -4.3647267e-03  -9.3347364e-03   2.0185070e-03   1.7037095e-02   2.3881635e-02
  -8.5500000e+01   0.0000000e+00  1.7145017e-134   2.7980993e-49  -1.8157658e-18  -5.0990237e-08  -2.0483212e-04  -4.2685838e-03  -8.9875186e-03   2.3367088e-03   1.7174772e-02   2.3931532e-02
  -8.5050000e+01   0.0000000e+00  5.7651734e-132   4.1489925e-48  -3.1191757e-18  -5.8382993e-08  -2.0680886e-04  -4.1676943e-03  -8.6384762e-03   2.6537677e-03   1.7311745e-02   2.3981168e-02
  -8.4600000e+01   0.0000000e+00 -1.4428557e-128   4.6230151e-47  -5.1030707e-18  -6.6222530e-08  -2.0809932e-04  -4.0619842e-03  -8.2876394e-03   2.9696748e-03   1.7448015e-02   2.4030542e-02
  -8.4150000e+01   0.0000000e+00 -4.5394897e-125   4.8251314e-46  -7.7420915e-18  -7.4295574e-08  -2.0861802e-04  -3.9513810e-03  -7.9350390e-03   3.2844214e-03   1.7583581e-02   2.4079656e-02
  -8.3700000e+01   0.0000000e+00 -8.4815983e-122   5.6256128e-45  -1.0239081e-17  -8.2271760e-08  -2.0827341e-04  -3.8358135e-03  -7.5807062e-03   3.5979989e-03   1.7718442e-02   2.4128508e-02
  -8.3250000e+01   0.0000000e+00 -1.1312845e-118   7.8409894e-44  -9.5202731e-18  -8.9665145e-08  -2.0696764e-04  -3.7152122e-03  -7.2246726e-03   3.9103985e-03   1.7852598e-02   2.4177098e-02
  -8.2800000e+01   0.0000000e+00 -7.3709561e-116   1.1632559e-42   3.4345095e-18  -9.5785788e-08  -2.0459638e-04  -3.5895087e-03  -6.8669704e-03   4.2216118e-03   1.7986049e-02   2.4225428e-02
  -8.2350000e+01   0.0000000e+00  3.7418133e-113   1.6048207e-41   5.2122973e-17  -9.9679277e-08  -2.0104854e-04  -3.4586369e-03  -6.5076319e-03   4.5316301e-03   1.8118795e-02   2.4273496e-02
  -8.1900000e+01  1.4788114e-313  6.8276561e-110   1.9397719e-40   1.9366481e-16  -1.0005175e-07  -1.9620610e-04  -3.3225319e-03  -6.1466901e-03   4.8404449e-03   1.8250835e-02   2.4321303e-02
  -8.1450000e+01  6.3986491e-305  4.0055698e-107   2.0371683e-39   5.6058696e-16  -9.5177551e-08  -1.8994390e-04  -3.1811312e-03  -5.7841783e-03   5.1480478e-03   1.8382169e-02   2.4368848e-02
  -8.1000000e+01  9.0332410e-297  1.6533246e-104   1.8812133e-38   1.4499601e-15  -8.2786194e-08  -1.8212945e-04  -3.0343738e-03  -5.4201301e-03   5.4544303e-03   1.8512796e-02   2.4416132e-02
  -8.0550000e+01  2.6970532e-289  5.2081054e-102   1.5529324e-37   3.5098533e-15  -5.9924885e-08  -1.7262275e-04  -2.8822011e-03  -5.0545798e-03   5.7595842e-03   1.8642717e-02   2.4463155e-02
  -8.0100000e+01  2.9294101e-282  8.6363384e-100   1.1655524e-36   8.1226777e-15  -2.2792222e-08  -1.6127613e-04  -2.7245563e-03  -4.6875618e-03   6.0635010e-03   1.8771931e-02   2.4509916e-02
  -7.9650000e+01 -4.7391968e-274  -4.4894538e-97   8.1438802e-36   1.8181112e-14   3.3461794e-08  -1.4793409e-04  -2.5613852e-03  -4.3191111e-03   6.3661726e-03   1.8900438e-02   2.4556416e-02
  -7.9200000e+01 -8.7299976e-266  -6.3590962e-94   5.5580777e-35   3.9636188e-14   1.1497498e-07  -1.3243316e-04  -2.3926355e-03  -3.9492628e-03   6.6675907e-03   1.9028237e-02   2.4602655e-02
  -7.8750000e+01 -4.4394692e-258  -4.7720877e-91   4.0450708e-34   8.4544393e-14   2.2945761e-07  -1.1460184e-04  -2.2182578e-03  -3.5780529e-03   6.9677471e-03   1.9155328e-02   2.4648632e-02
  -7.8300000e+01 -6.3525407e-251  -2.5722547e-88   3.3942655e-33   1.7698824e-13   3.8652933e-07  -9.4260451e-05  -2.0382047e-03  -3.2055172e-03   7.2666338e-03   1.9281711e-02   2.4694348e-02
  -7.7850000e+01 -5.0413088e-244  -7.4561155e-86   3.1720769e-32   3.6443703e-13   5.9811594e-07  -7.1221076e-05  -1.8524317e-03  -2.8316923e-03   7.5642427e-03   1.9407385e-02   2.4739802e-02
  -7.7400000e+01  2.4304618e-237   9.3789632e-84   2.9444614e-31   7.3928176e-13   8.7891435e-07  -4.5287532e-05  -1.6608969e-03  -2.4566150e-03   7.8605657e-03   1.9532351e-02   2.4784995e-02
  -7.6950000e+01  2.4805538e-229   9.1422957e-81   2.4971877e-30   1.4791671e-12   1.2469346e-06  -1.6255337e-05  -1.4635611e-03  -2.0803224e-03   8.1555949e-03   1.9656608e-02   2.4829927e-02
  -7.6500000e+01  7.3218805e-222   2.1464275e-78   1.8800786e-29   2.9216316e-12   1.7241289e-06   1.6088288e-05  -1.2603879e-03  -1.7028521e-03   8.4493225e-03   1.9780156e-02   2.4874597e-02
  -7.6050000e+01  6.6624932e-215   3.4652338e-76   1.2594662e-28   5.7006077e-12   2.3371172e-06   5.1964379e-05  -1.0513439e-03  -1.3242420e-03   8.7417404e-03   1.9902993e-02   2.4919006e-02
  -7.5600000e+01  1.2244343e-208   4.3379762e-74   7.6090489e-28   1.0993104e-11   3.1180213e-06   9.1602171e-05  -8.3639852e-04  -9.4453024e-04   9.0328410e-03   2.0025121e-02   2.4963153e-02
  -7.5150000e+01  1.0221241e-202   3.2848390e-72   4.2157180e-27   2.0959739e-11   4.1054172e-06   1.3523900e-04  -6.1552443e-04  -5.6375549e-04   9.3226164e-03   2.0146539e-02   2.5007039e-02
  -7.4700000e+01 -5.5895298e-196  -3.4250373e-70   2.1909735e-26   3.9522112e-11   5.3454175e-06   1.8312019e-04  -3.8869731e-04  -1.8195661e-04   9.6110590e-03   2.0267247e-02   2.5050663e-02
  -7.4250000e+01 -7.6950386e-189  -2.4067182e-67   1.1115586e-25   7.3718225e-11   6.8928957e-06   2.3549885e-04  -1.5589608e-04   2.0082714e-04   9.8981611e-03   2.0387243e-02   2.5094026e-02
  -7.3800000e+01 -3.5958232e-182  -7.3247184e-65   5.8791613e-25   1.3603738e-10   8.8128613e-06   2.9263575e-04   8.2897097e-05   5.8455622e-04   1.0183915e-02   2.0506529e-02   2.5137127e-02
  -7.3350000e+01 -4.1220198e-176  -1.5996755e-62   3.4451629e-24   2.4839376e-10   1.1181997e-05   3.5479903e-04   3.2769672e-04   9.6919076e-04   1.0468314e-02   2.0625104e-02   2.5179967e-02
  -7.2900000e+01 -2.3640675e-170  -2.0348839e-60   2.2065497e-23   4.4880652e-10   1.4090366e-05   4.2226394e-04   5.7851390e-04   1.3546906e-03   1.0751349e-02   2.0742967e-02   2.5222545e-02
  -7.2450000e+01  3.2028657e-165   5.3298907e-59   1.4204775e-22   8.0249209e-10   1.7643295e-05   4.9531255e-04   8.3535629e-04   1.7410152e-03   1.1033013e-02   2.0860118e-02   2.5264862e-02
  -7.2000000e+01  4.0022359e-158   3.3864880e-56   8.5178005e-22   1.4200557e-09   2.1963437e-05   5.7423342e-04   1.0982281e-03   2.1281238e-03   1.1313300e-02   2.0976557e-02   2.5306917e-02
  -7.1550000e+01  7.9425551e-152   3.1719346e-54   4.6014461e-21   2.4869539e-09   2.7193018e-05   6.5932116e-04   1.3671298e-03   2.5159754e-03   1.1592202e-02   2.1092284e-02   2.5348711e-02
  -7.1100000e+01  4.1133647e-146   1.9944035e-52   2.2346051e-20   4.3106130e-09   3.3496256e-05   7.5087607e-04   1.6420585e-03   2.9045285e-03   1.1869710e-02   2.1207298e-02   2.5390243e-02
  -7.0650000e+01  4.2359835e-141   9.8764803e-51   9.8688784e-20   7.3948235e-09   4.1061956e-05   8.4920361e-04   1.9230076e-03   3.2937417e-03   1.2145819e-02   2.1321600e-02   2.5431513e-02
  -7.0200000e+01  2.4293334e-136   3.2768043e-49   4.0286078e-19   1.2555690e-08   5.0106250e-05   9.5461394e-04   2.2099666e-03   3.6835729e-03   1.2420521e-02   2.1435188e-02   2.5472522e-02
  -6.9750000e+01 -4.4559623e-131  -5.2207630e-48   1.5524465e-18   2.1099984e-08   6.0875483e-05   1.0674213e-03   2.5029216e-03   4.0739801e-03   1.2693809e-02   2.1548063e-02   2.5513270e-02
  -6.9300000e+01 -4.9800074e-125  -2.4129419e-45   5.8346429e-18   3.5095830e-08   7.3649199e-05   1.1879436e-03   2.8018547e-03   4.4649209e-03   1.2965676e-02   2.1660224e-02   2.5553755e-02
  -6.8850000e+01 -3.6209148e-119  -3.0256282e-43   2.2459023e-17   5.7777964e-08   8.8743202e-05   1.3165016e-03   3.1067444e-03   4.8563526e-03   1.3236115e-02   2.1771672e-02   2.5593979e-02
  -6.8400000e+01 -2.2759313e-113  -2.6852120e-41   9.2750981e-17   9.4146111e-08   1.0651265e-04   1.4534181e-03   3.4175652e-03   5.2482322e-03   1.3505118e-02   2.1882405e-02   2.5633942e-02
  -6.7950000e+01 -1.0650265e-107  -1.4786907e-39   4.1043240e-16   1.5183609e-07   1.2735510e-04   1.5990176e-03   3.7342879e-03   5.6405168e-03   1.3772680e-02   2.1992425e-02   2.5673643e-02
  -6.7500000e+01  6.6807602e-108   3.1813928e-39   1.8367085e-15   2.4236986e-07   1.5171353e-04   1.7536254e-03   4.0568793e-03   6.0331630e-03   1.4038792e-02   2.2101729e-02   2.5713082e-02
  -6.7050000e+01   3.8181233e-98   3.3071002e-36   7.7895394e-15   3.8292337e-07   1.8007914e-04   1.9175666e-03   4.3853027e-03   6.4261272e-03   1.4303449e-02   2.2210319e-02   2.5752260e-02
  -6.6600000e+01   2.9253646e-94   1.2417324e-34   3.0229766e-14   5.9878977e-07   2.1299397e-04   2.0911654e-03   4.7195171e-03   6.8193657e-03   1.4566643e-02   2.2318193e-02   2.5791176e-02
  -6.6150000e+01   1.6703431e-90   3.0588456e-33   1.0671469e-13   9.2675978e-07   2.5105320e-04   2.2747442e-03   5.0594779e-03   7.2128345e-03   1.4828369e-02   2.2425353e-02   2.5829831e-02
  -6.5700000e+01   8.3347864e-87   6.0286885e-32   3.4591904e-13   1.4196894e-06   2.9490703e-04   2.4686227e-03   5.4051365e-03   7.6064895e-03   1.5088618e-02   2.2531797e-02   2.5868223e-02
  -6.5250000e+01   3.2003689e-83   8.6568635e-31   1.0454449e-12   2.1525745e-06   3.4526213e-04   2.6731169e-03   5.7564406e-03   8.0002863e-03   1.5347386e-02   2.2637525e-02   2.5906354e-02
  -6.4800000e+01  -2.3508937e-79   9.4360246e-31   3.0015653e-12   3.2304964e-06   4.0288245e-04   2.8885382e-03   6.1133338e-03   8.3941804e-03   1.5604664e-02   2.2742537e-02   2.5944224e-02
  -6.4350000e+01  -1.8975048e-74  -5.9415277e-28   8.3931337e-12   4.7988394e-06   4.6858936e-04   3.1151920e-03   6.4757562e-03   8.7881273e-03   1.5860447e-02   2.2846833e-02   2.5981832e-02
  -6.3900000e+01  -6.7014556e-70  -3.1517503e-26   2.3617946e-11   7.0561947e-06   5.4326110e-04   3.3533770e-03   6.8436437e-03   9.1820819e-03   1.6114729e-02   2.2950412e-02   2.6019178e-02
  -6.3450000e+01  -4.6395487e-66  -1.1124458e-24   6.8968419e-11   1.0270353e-05   6.2783126e-04   3.6033841e-03   7.2169286e-03   9.5759995e-03   1.6367502e-02   2.3053275e-02   2.6056262e-02
  -6.3000000e+01  -8.3599555e-63  -2.4713179e-23   2.0998094e-10   1.4797734e-05   7.2328645e-04   3.8654948e-03   7.5955396e-03   9.9698348e-03   1.6618761e-02   2.3155420e-02   2.6093085e-02
  -6.2550000e+01  -2.3005660e-60  -4.2616803e-23   6.4509092e-10   2.1106485e-05   8.3066296e-04   4.1399805e-03   7.9794014e-03   1.0363543e-02   1.6868499e-02   2.3256849e-02   2.6129646e-02
  -6.2100000e+01   6.3924725e-56   7.6363497e-21   1.9079716e-09   2.9803332e-05   9.5104233e-04   4.4271010e-03   8.3684351e-03   1.0757077e-02   1.7116711e-02   2.3357560e-02   2.6165945e-02
  -6.1650000e+01   3.9803342e-52   1.2296146e-19   5.2625254e-09   4.1663982e-05   1.0855459e-03   4.7271035e-03   8.7625582e-03   1.1150394e-02   1.7363390e-02   2.3457554e-02   2.6201982e-02
  -6.1200000e+01   1.2430389e-48   1.2265282e-18   1.3413601e-08   5.7666609e-05   1.2353283e-03   5.0402212e-03   9.1616846e-03   1.1543446e-02   1.7608529e-02   2.3556830e-02   2.6237758e-02
  -6.0750000e+01   9.6129767e-46   9.7790711e-18   3.1788860e-08   7.9027512e-05   1.4015700e-03   5.3666720e-03   9.5657244e-03   1.1936189e-02   1.7852124e-02   2.3655388e-02   2.6273272e-02
  -6.0300000e+01   2.8481057e-43   6.0699605e-17   7.0944618e-08   1.0723761e-04   1.5854685e-03   5.7066572e-03   9.9745846e-03   1.2328577e-02   1.8094167e-02   2.3753227e-02   2.6308524e-02
  -5.9850000e+01  -4.7621416e-41   1.6759268e-16   1.5143850e-07   1.4409792e-04   1.7882289e-03   6.0603604e-03   1.0388168e-02   1.2720563e-02   1.8334654e-02   2.3850349e-02   2.6343515e-02
  -5.9400000e+01  -3.7650893e-37  -3.1158532e-15   3.1488014e-07   1.9175170e-04   2.0110537e-03   6.4279459e-03   1.0806376e-02   1.3112101e-02   1.8573578e-02   2.3946751e-02   2.6378243e-02
  -5.8950000e+01  -7.5385269e-34  -7.8567147e-14   6.5110770e-07   2.5271044e-04   2.2551314e-03   6.8095579e-03   1.1229104e-02   1.3503147e-02   1.8810933e-02   2.4042435e-02   2.6412710e-02
  -5.8500000e+01  -2.9702362e-31  -1.1273554e-12   1.3633192e-06   3.2987062e-04   2.5216252e-03   7.2053185e-03   1.1656245e-02   1.3893653e-02   1.9046714e-02   2.4137400e-02   2.6446915e-02
  -5.8050000e+01  -3.5893973e-29  -1.0140233e-11   2.9018490e-06   4.2651807e-04   2.8116606e-03   7.6153270e-03   1.2087691e-02   1.4283573e-02   1.9280915e-02   2.4231645e-02   2.6480859e-02
  -5.7600000e+01  -1.2068679e-27  -1.4621933e-11   6.1700243e-06   5.4631667e-04   3.1263137e-03   8.0396587e-03   1.2523327e-02   1.4672862e-02   1.9513531e-02   2.4325171e-02   2.6514540e-02
  -5.7150000e+01   9.5525612e-25   4.6199386e-10   1.2723287e-05   6.9327891e-04   3.4665985e-03   8.4783630e-03   1.2963039e-02   1.5061473e-02   1.9744555e-02   2.4417977e-02   2.6547960e-02
  -5.6700000e+01   4.2755339e-22   3.2228669e-09   2.4852698e-05   8.7171613e-04   3.8334552e-03   8.9314629e-03   1.3406707e-02   1.5449359e-02   1.9973982e-02   2.4510064e-02   2.6581118e-02
  -5.6250000e+01   1.0679190e-19   1.3134314e-08   4.5593928e-05   1.0861675e-03   4.2277393e-03   9.3989538e-03   1.3854210e-02   1.5836476e-02   2.0201807e-02   2.4601430e-02   2.6614014e-02
  -5.5800000e+01   7.5849016e-18   4.2958839e-08   7.8855162e-05   1.3413079e-03   4.6502103e-03   9.8808020e-03   1.4305424e-02   1.6222776e-02   2.0428025e-02   2.4692076e-02   2.6646648e-02
  -5.5350000e+01   1.6583141e-16   1.1721297e-07   1.2982009e-04   1.6418358e-03   5.1015229e-03   1.0376944e-02   1.4760220e-02   1.6608213e-02   2.0652629e-02   2.4782002e-02   2.6679021e-02
  -5.4900000e+01   5.2225204e-16   2.3102621e-07   2.0577390e-04   1.9923442e-03   5.5822183e-03   1.0887286e-02   1.5218471e-02   1.6992741e-02   2.0875616e-02   2.4871207e-02   2.6711131e-02
  -5.4450000e+01  -4.2964216e-13  -1.9888188e-08   3.1768612e-04   2.3971785e-03   6.0927177e-03   1.1411701e-02   1.5680044e-02   1.7376314e-02   2.1096978e-02   2.4959691e-02   2.6742980e-02
  -5.4000000e+01  -5.5203229e-11  -3.5075058e-06   4.8296604e-04   2.8602860e-03   6.6333167e-03   1.1950031e-02   1.6144804e-02   1.7758886e-02   2.1316712e-02   2.5047454e-02   2.6774567e-02
  -5.3550000e+01  -1.4098865e-09  -2.3517071e-05   7.2897281e-04   3.3850642e-03   7.2041829e-03   1.2502086e-02   1.6612614e-02   1.8140410e-02   2.1534812e-02   2.5134496e-02   2.6805892e-02
  -5.3100000e+01  -1.1635625e-08  -8.8788108e-05   1.0940953e-03   3.9742129e-03   7.8053535e-03   1.3067638e-02   1.7083337e-02   1.8520841e-02   2.1751273e-02   2.5220817e-02   2.6836955e-02
  -5.2650000e+01  -3.5661488e-08  -6.2765612e-05   1.6200598e-03   4.6295979e-03   8.4367363e-03   1.3646430e-02   1.7556830e-02   1.8900133e-02   2.1966089e-02   2.5306416e-02   2.6867756e-02
  -5.2200000e+01   1.0965146e-06   6.9223587e-04   2.3334565e-03   5.3521323e-03   9.0981121e-03   1.4238168e-02   1.8032952e-02   1.9278238e-02   2.2179257e-02   2.5391293e-02   2.6898296e-02
  -5.1750000e+01   3.5632133e-05   2.0754309e-03   3.2296243e-03   6.1416799e-03   9.7891389e-03   1.4842523e-02   1.8511558e-02   1.9655113e-02   2.2390771e-02   2.5475449e-02   2.6928573e-02
  -5.1300000e+01   6.5172553e-04   3.5289818e-03   4.2762612e-03   6.9969855e-03   1.0509358e-02   1.5459133e-02   1.8992501e-02   2.0030710e-02   2.2600626e-02   2.5558882e-02   2.6958589e-02
  -5.0850000e+01   3.7519860e-03   4.9445306e-03   5.4326106e-03   7.9156338e-03   1.1258201e-02   1.6087599e-02   1.9475634e-02   2.0404985e-02   2.2808817e-02   2.5641593e-02   2.6988342e-02
  -5.0400000e+01   6.1811937e-03   6.3342086e-03   6.6652527e-03   8.8940396e-03   1.2035000e-02   1.6727490e-02   1.9960806e-02   2.0777891e-02   2.3015340e-02   2.5723581e-02   2.7017834e-02
  -4.9950000e+01   7.6833498e-03   7.7130009e-03   7.9526097e-03   9.9274684e-03   1.2838994e-02   1.7378341e-02   2.0447869e-02   2.1149384e-02   2.3220190e-02   2.5804847e-02   2.7047064e-02
  -4.9500000e+01   9.2099712e-03   9.0926349e-03   9.2830298e-03   1.1010090e-02   1.3669345e-02   1.8039653e-02   2.0936668e-02   2.1519417e-02   2.3423361e-02   2.5885390e-02   2.7076032e-02
  -4.9050000e+01   1.1828219e-02   1.0483204e-02   1.0652209e-02   1.2135064e-02   1.4525143e-02   1.8710894e-02   2.1427052e-02   2.1887945e-02   2.3624851e-02   2.5965211e-02   2.7104738e-02
  -4.8600000e+01   1.4675179e-02   1.1887385e-02   1.2061933e-02   1.3294667e-02   1.5405417e-02   1.9391502e-02   2.1918866e-02   2.2254924e-02   2.3824653e-02   2.6044308e-02   2.7133182e-02
  -4.8150000e+01   1.5093531e-02   1.3272431e-02   1.3519157e-02   1.4480447e-02   1.6309148e-02   2.0080883e-02   2.2411956e-02   2.2620308e-02   2.4022764e-02   2.6122681e-02   2.7161364e-02
  -4.7700000e+01   1.5112781e-02   1.4564116e-02   1.5032882e-02   1.5683432e-02   1.7235276e-02   2.0778415e-02   2.2906165e-02   2.2984053e-02   2.4219179e-02   2.6200332e-02   2.7189284e-02
  -4.7250000e+01   1.5114202e-02   1.5957343e-02   1.6607556e-02   1.6894374e-02   1.8182706e-02   2.1483449e-02   2.3401337e-02   2.3346114e-02   2.4413894e-02   2.6277258e-02   2.7216943e-02
  -4.6800000e+01   1.5147624e-02   1.7720638e-02   1.8236784e-02   1.8104041e-02   1.9150315e-02   2.2195308e-02   2.3897315e-02   2.3706447e-02   2.4606904e-02   2.6353461e-02   2.7244339e-02
  -4.6350000e+01   1.5808334e-02   1.9620864e-02   1.9903419e-02   1.9303549e-02   2.0136955e-02   2.2913292e-02   2.4393942e-02   2.4065006e-02   2.4798205e-02   2.6428940e-02   2.7271473e-02
  -4.5900000e+01   1.9768664e-02   2.1509407e-02   2.1585292e-02   2.0484732e-02   2.1141453e-02   2.3636679e-02   2.4891060e-02   2.4421749e-02   2.4987793e-02   2.6503695e-02   2.7298346e-02
  -4.5450000e+01   2.3181518e-02   2.3369873e-02   2.3260033e-02   2.1640533e-02   2.2162613e-02   2.4364727e-02   2.5388511e-02   2.4776630e-02   2.5175664e-02   2.6577726e-02   2.7324956e-02
  -4.5000000e+01   2.5215185e-02   2.5214830e-02   2.4905410e-02   2.2765406e-02   2.3199210e-02   2.5096674e-02   2.5886138e-02   2.5129607e-02   2.5361812e-02   2.6651032e-02   2.7351304e-02
  -4.4550000e+01   2.7248853e-02   2.7060092e-02   2.6495904e-02   2.3855701e-02   2.4249983e-02   2.5831746e-02   2.6383783e-02   2.5480636e-02   2.5546236e-02   2.6723614e-02   2.7377391e-02
  -4.4100000e+01   3.0661707e-02   2.8924265e-02   2.7996647e-02   2.4910011e-02   2.5313629e-02   2.6569153e-02   2.6881287e-02   2.5829674e-02   2.5728929e-02   2.6795471e-02   2.7403215e-02
  -4.3650000e+01   3.4622038e-02   3.0835933e-02   2.9355875e-02   2.5929447e-02   2.6388792e-02   2.7308097e-02   2.7378494e-02   2.6176676e-02   2.5909889e-02   2.6866603e-02   2.7428778e-02
  -4.3200000e+01   3.5282758e-02   3.2823653e-02   3.0500935e-02   2.6917815e-02   2.7474050e-02   2.8047773e-02   2.7875247e-02   2.6521602e-02   2.6089112e-02   2.6937010e-02   2.7454078e-02
  -4.2750000e+01   3.5316226e-02   3.4643119e-02   3.1349617e-02   2.7881659e-02   2.8567904e-02   2.8787369e-02   2.8371389e-02   2.6864407e-02   2.6266593e-02   2.7006692e-02   2.7479117e-02
  -4.2300000e+01   3.5316871e-02   3.5140138e-02   3.1844417e-02   2.8830148e-02   2.9668764e-02   2.9526074e-02   2.8866765e-02   2.7205050e-02   2.6442328e-02   2.7075649e-02   2.7503893e-02
  -4.1850000e+01   3.5303912e-02   3.4257314e-02   3.1989763e-02   2.9774792e-02   3.0774932e-02   3.0263076e-02   2.9361219e-02   2.7543488e-02   2.6616315e-02   2.7143880e-02   2.7528407e-02
  -4.1400000e+01   3.5023530e-02   3.3198485e-02   3.1854503e-02   3.0728978e-02   3.1884595e-02   3.0997571e-02   2.9854596e-02   2.7879680e-02   2.6788548e-02   2.7211386e-02   2.7552660e-02
  -4.0950000e+01   3.3115600e-02   3.2220320e-02   3.1537476e-02   3.1707330e-02   3.2995809e-02   3.1728759e-02   3.0346745e-02   2.8213584e-02   2.6959025e-02   2.7278166e-02   2.7576650e-02
  -4.0500000e+01   3.1360947e-02   3.1282448e-02   3.1133335e-02   3.2724918e-02   3.4106491e-02   3.2455854e-02   3.0837512e-02   2.8545159e-02   2.7127742e-02   2.7344220e-02   2.7600378e-02
  -4.0050000e+01   3.0337862e-02   3.0357938e-02   3.0722205e-02   3.3796356e-02   3.5214413e-02   3.3178081e-02   3.1326746e-02   2.8874363e-02   2.7294696e-02   2.7409549e-02   2.7623844e-02
  -3.9600000e+01   2.9331172e-02   2.9434153e-02   3.0378204e-02   3.4934829e-02   3.6317195e-02   3.3894685e-02   3.1814297e-02   2.9201156e-02   2.7459882e-02   2.7474151e-02   2.7647049e-02
  -3.9150000e+01   2.7703206e-02   2.8496968e-02   3.0186394e-02   3.6151107e-02   3.7412308e-02   3.4604928e-02   3.2300017e-02   2.9525498e-02   2.7623297e-02   2.7538027e-02   2.7669991e-02
  -3.8700000e+01   2.5625524e-02   2.7506910e-02   3.0262500e-02   3.7452631e-02   3.8497080e-02   3.5308099e-02   3.2783759e-02   2.9847347e-02   2.7784938e-02   2.7601176e-02   2.7692671e-02
  -3.8250000e+01   2.5212623e-02   2.6362731e-02   3.0765852e-02   3.8842709e-02   3.9568700e-02   3.6003508e-02   3.3265377e-02   3.0166666e-02   2.7944801e-02   2.7663599e-02   2.7715089e-02
  -3.7800000e+01   2.5189378e-02   2.5241119e-02   3.1881957e-02   4.0319921e-02   4.0624237e-02   3.6690499e-02   3.3744727e-02   3.0483413e-02   2.8102884e-02   2.7725296e-02   2.7737245e-02
  -3.7350000e+01   2.5189701e-02   2.6343585e-02   3.3754674e-02   4.1877755e-02   4.1660653e-02   3.7368443e-02   3.4221667e-02   3.0797550e-02   2.8259182e-02   2.7786266e-02   2.7759139e-02
  -3.6900000e+01   2.5246131e-02   3.0919435e-02   3.6402639e-02   4.3504550e-02   4.2674832e-02   3.8036749e-02   3.4696055e-02   3.1109039e-02   2.8413693e-02   2.7846509e-02   2.7780771e-02
  -3.6450000e+01   2.6593987e-02   3.6299455e-02   3.9702758e-02   4.5183740e-02   4.3663605e-02   3.8694858e-02   3.5167755e-02   3.1417839e-02   2.8566413e-02   2.7906024e-02   2.7802140e-02
  -3.6000000e+01   3.6669902e-02   4.1514668e-02   4.3459279e-02   4.6894419e-02   4.4623782e-02   3.9342253e-02   3.5636628e-02   3.1723914e-02   2.8717339e-02   2.7964813e-02   2.7823248e-02
  -3.5550000e+01   4.6258016e-02   4.6597131e-02   4.7482903e-02   4.8612181e-02   4.5552187e-02   3.9978457e-02   3.6102540e-02   3.2027225e-02   2.8866469e-02   2.8022875e-02   2.7844094e-02
  -3.5100000e+01   5.1795289e-02   5.1624115e-02   5.1621725e-02   5.0310216e-02   4.6445702e-02   4.0603034e-02   3.6565358e-02   3.2327734e-02   2.9013798e-02   2.8080209e-02   2.7864677e-02
  -3.4650000e+01   5.7159166e-02   5.6643027e-02   5.5750738e-02   5.1960564e-02   4.7301302e-02   4.1215594e-02   3.7024952e-02   3.2625406e-02   2.9159324e-02   2.8136816e-02   2.7884998e-02
  -3.4200000e+01   6.5292658e-02   6.1693629e-02   5.9744873e-02   5.3535472e-02   4.8116102e-02   4.1815788e-02   3.7481193e-02   3.2920203e-02   2.9303045e-02   2.8192695e-02   2.7905058e-02
  -3.3750000e+01   7.7095116e-02   6.6834710e-02   6.3448835e-02   5.5008744e-02   4.8887401e-02   4.2403320e-02   3.7933955e-02   3.3212088e-02   2.9444956e-02   2.8247847e-02   2.7924855e-02
  -3.3300000e+01   8.0143791e-02   7.2168982e-02   6.6655242e-02   5.6357002e-02   4.9612724e-02   4.2977934e-02   3.8383115e-02   3.3501025e-02   2.9585056e-02   2.8302270e-02   2.7944390e-02
  -3.2850000e+01   8.0338568e-02   7.7462250e-02   6.9118585e-02   5.7560765e-02   5.0289866e-02   4.3539427e-02   3.8828551e-02   3.3786980e-02   2.9723341e-02   2.8355966e-02   2.7963663e-02
  -3.2400000e+01   8.0345419e-02   8.0036727e-02   7.0633773e-02   5.8605282e-02   5.0916933e-02   4.4087640e-02   3.9270144e-02   3.4069916e-02   2.9859809e-02   2.8408934e-02   2.7982674e-02
  -3.1950000e+01   8.0322123e-02   7.8075822e-02   7.1144998e-02   5.9481037e-02   5.1492380e-02   4.4622465e-02   3.9707778e-02   3.4349799e-02   2.9994456e-02   2.8461174e-02   2.8001422e-02
  -3.1500000e+01   7.9699970e-02   7.5151245e-02   7.0779472e-02   6.0183930e-02   5.2015048e-02   4.5143839e-02   4.0141337e-02   3.4626595e-02   3.0127281e-02   2.8512685e-02   2.8019909e-02
  -3.1050000e+01   7.4752612e-02   7.2476398e-02   6.9766478e-02   6.0715093e-02   5.2484192e-02   4.5651748e-02   4.0570712e-02   3.4900268e-02   3.0258280e-02   2.8563468e-02   2.8038133e-02
  -3.0600000e+01   7.0083533e-02   6.9933175e-02   6.8330957e-02   6.1080386e-02   5.2899504e-02   4.6146222e-02   4.0995793e-02   3.5170787e-02   3.0387451e-02   2.8613523e-02   2.8056096e-02
  -3.0150000e+01   6.7363839e-02   6.7428681e-02   6.6644269e-02   6.1289615e-02   5.3261142e-02   4.6627336e-02   4.1416473e-02   3.5438116e-02   3.0514792e-02   2.8662849e-02   2.8073796e-02
  -2.9700000e+01   6.4766351e-02   6.4930950e-02   6.4828969e-02   6.1355538e-02   5.3569733e-02   4.7095210e-02   4.1832649e-02   3.5702224e-02   3.0640299e-02   2.8711447e-02   2.8091234e-02
  -2.9250000e+01   6.1287978e-02   6.2424074e-02   6.2983087e-02   6.1292746e-02   5.3826390e-02   4.7550005e-02   4.2244220e-02   3.5963079e-02   3.0763971e-02   2.8759316e-02   2.8108410e-02
  -2.8800000e+01   5.5426615e-02   5.9885948e-02   6.1204506e-02   6.1116514e-02   5.4032703e-02   4.7991921e-02   4.2651087e-02   3.6220647e-02   3.0885804e-02   2.8806456e-02   2.8125324e-02
  -2.8350000e+01   5.2996342e-02   5.7263789e-02   5.9608133e-02   6.0841705e-02   5.4190744e-02   4.8421195e-02   4.3053154e-02   3.6474898e-02   3.1005797e-02   2.8852867e-02   2.8141975e-02
  -2.7900000e+01   5.2799122e-02   5.4573742e-02   5.8324615e-02   6.0481824e-02   5.4303044e-02   4.8838101e-02   4.3450329e-02   3.6725801e-02   3.1123948e-02   2.8898549e-02   2.8158365e-02
  -2.7450000e+01   5.2791063e-02   5.2931240e-02   5.7466386e-02   6.0048290e-02   5.4372577e-02   4.9242943e-02   4.3842520e-02   3.6973324e-02   3.1240253e-02   2.8943502e-02   2.8174492e-02
  -2.7000000e+01   5.2799870e-02   5.3656656e-02   5.7073675e-02   5.9549977e-02   5.4402734e-02   4.9636057e-02   4.4229641e-02   3.7217438e-02   3.1354711e-02   2.8987726e-02   2.8190357e-02
  -2.6550000e+01   5.3083221e-02   5.4991503e-02   5.7091711e-02   5.8993067e-02   5.4397289e-02   5.0017804e-02   4.4611605e-02   3.7458112e-02   3.1467319e-02   2.9031220e-02   2.8205960e-02
  -2.6100000e+01   5.5318491e-02   5.6192742e-02   5.7405988e-02   5.8381208e-02   5.4360357e-02   5.0388569e-02   4.4988331e-02   3.7695318e-02   3.1578075e-02   2.9073986e-02   2.8221301e-02
  -2.5650000e+01   5.7230280e-02   5.7326362e-02   5.7895783e-02   5.7715982e-02   5.4296350e-02   5.0748756e-02   4.5359739e-02   3.7929026e-02   3.1686978e-02   2.9116022e-02   2.8236379e-02
  -2.5200000e+01   5.8415379e-02   5.8442754e-02   5.8460887e-02   5.6997616e-02   5.4209928e-02   5.1098787e-02   4.5725752e-02   3.8159208e-02   3.1794025e-02   2.9157328e-02   2.8251196e-02
  -2.4750000e+01   5.9534815e-02   5.9555809e-02   5.9018759e-02   5.6225896e-02   5.4105943e-02   5.1439098e-02   4.6086294e-02   3.8385836e-02   3.1899213e-02   2.9197905e-02   2.8265750e-02
  -2.4300000e+01   6.0651923e-02   6.0671876e-02   5.9487942e-02   5.5401189e-02   5.3989377e-02   5.1770132e-02   4.6441295e-02   3.8608883e-02   3.2002542e-02   2.9237752e-02   2.8280042e-02
  -2.3850000e+01   6.1770284e-02   6.1811407e-02   5.9767420e-02   5.4525497e-02   5.3865284e-02   5.2092342e-02   4.6790685e-02   3.8828320e-02   3.2104008e-02   2.9276869e-02   2.8294072e-02
  -2.3400000e+01   6.2889909e-02   6.3059376e-02   5.9718706e-02   5.3603433e-02   5.3738723e-02   5.2406181e-02   4.7134397e-02   3.9044123e-02   3.2203610e-02   2.9315256e-02   2.8307840e-02
  -2.2950000e+01   6.4032096e-02   6.4529613e-02   5.9168406e-02   5.2643032e-02   5.3614697e-02   5.2712101e-02   4.7472366e-02   3.9256263e-02   3.2301347e-02   2.9352914e-02   2.8321345e-02
  -2.2500000e+01   6.5130738e-02   6.4837904e-02   5.7956733e-02   5.1656327e-02   5.3498081e-02   5.3010553e-02   4.7804532e-02   3.9464717e-02   3.2397216e-02   2.9389841e-02   2.8334588e-02
  -2.2050000e+01   6.0813505e-02   6.1322983e-02   5.6021544e-02   5.0659598e-02   5.3393564e-02   5.3301978e-02   4.8130835e-02   3.9669458e-02   3.2491215e-02   2.9426039e-02   2.8347569e-02
  -2.1600000e+01   5.6454338e-02   5.6648891e-02   5.3443542e-02   4.9673283e-02   5.3305581e-02   5.3586807e-02   4.8451217e-02   3.9870462e-02   3.2583344e-02   2.9461506e-02   2.8360288e-02
  -2.1150000e+01   5.2119993e-02   5.2199666e-02   5.0401186e-02   4.8721507e-02   5.3238258e-02   5.3865457e-02   4.8765625e-02   4.0067705e-02   3.2673599e-02   2.9496243e-02   2.8372745e-02
  -2.0700000e+01   4.7790027e-02   4.7861282e-02   4.7088169e-02   4.7831268e-02   5.3195353e-02   5.4138328e-02   4.9074006e-02   4.0261163e-02   3.2761979e-02   2.9530250e-02   2.8384940e-02
  -2.0250000e+01   4.3464909e-02   4.3548138e-02   4.3667978e-02   4.7031314e-02   5.3180209e-02   5.4405801e-02   4.9376310e-02   4.0450811e-02   3.2848483e-02   2.9563526e-02   2.8396872e-02
  -1.9800000e+01   3.9130778e-02   3.9237585e-02   4.0276185e-02   4.6350784e-02   5.3195709e-02   5.4668236e-02   4.9672489e-02   4.0636629e-02   3.2933109e-02   2.9596073e-02   2.8408542e-02
  -1.9350000e+01   3.4542417e-02   3.4916068e-02   3.7046617e-02   4.5817697e-02   5.3244238e-02   5.4925966e-02   4.9962499e-02   4.0818593e-02   3.3015856e-02   2.9627888e-02   2.8419950e-02
  -1.8900000e+01   2.7140527e-02   3.0544126e-02   3.4145446e-02   4.5457400e-02   5.3327653e-02   5.5179299e-02   5.0246295e-02   4.0996681e-02   3.3096721e-02   2.9658973e-02   2.8431095e-02
  -1.8450000e+01   1.8486226e-02   2.5986821e-02   3.1803001e-02   4.5291087e-02   5.3447267e-02   5.5428515e-02   5.0523836e-02   4.1170873e-02   3.3175704e-02   2.9689328e-02   2.8441979e-02
  -1.8000000e+01   1.7389270e-02   2.1085966e-02   3.0316046e-02   4.5334480e-02   5.3603832e-02   5.5673862e-02   5.0795082e-02   4.1341146e-02   3.3252803e-02   2.9718952e-02   2.8452600e-02
  -1.7550000e+01   1.7355180e-02   1.7861556e-02   2.9975896e-02   4.5596786e-02   5.3797540e-02   5.5915560e-02   5.1059997e-02   4.1507482e-02   3.3328016e-02   2.9747845e-02   2.8462959e-02
  -1.7100000e+01   1.7371942e-02   2.0912497e-02   3.0927626e-02   4.6079995e-02   5.4028029e-02   5.6153792e-02   5.1318545e-02   4.1669859e-02   3.3401343e-02   2.9776007e-02   2.8473056e-02
  -1.6650000e+01   1.7784952e-02   2.6658009e-02   3.3077489e-02   4.6778579e-02   5.4294398e-02   5.6388711e-02   5.1570693e-02   4.1828259e-02   3.3472781e-02   2.9803439e-02   2.8482890e-02
  -1.6200000e+01   2.2873967e-02   3.2200354e-02   3.6153107e-02   4.7679607e-02   5.4595232e-02   5.6620435e-02   5.1816407e-02   4.1982663e-02   3.3542330e-02   2.9830140e-02   2.8492463e-02
  -1.5750000e+01   3.5147710e-02   3.7526027e-02   3.9846625e-02   4.8763273e-02   5.4928640e-02   5.6849047e-02   5.2055659e-02   4.2133052e-02   3.3609988e-02   2.9856110e-02   2.8501773e-02
  -1.5300000e+01   4.2431452e-02   4.2777303e-02   4.3907479e-02   5.0003798e-02   5.5292291e-02   5.7074597e-02   5.2288420e-02   4.2279408e-02   3.3675754e-02   2.9881348e-02   2.8510820e-02
  -1.4850000e+01   4.7870614e-02   4.8008266e-02   4.8153751e-02   5.1370636e-02   5.5683462e-02   5.7297099e-02   5.2514663e-02   4.2421714e-02   3.3739627e-02   2.9905856e-02   2.8519606e-02
  -1.4400000e+01   5.3565675e-02   5.3249805e-02   5.2443478e-02   5.2829894e-02   5.6099099e-02   5.7516537e-02   5.2734362e-02   4.2559953e-02   3.3801605e-02   2.9929633e-02   2.8528129e-02
  -1.3950000e+01   6.3342764e-02   5.8543628e-02   5.6639448e-02   5.4345890e-02   5.6535868e-02   5.7732859e-02   5.2947495e-02   4.2694109e-02   3.3861688e-02   2.9952679e-02   2.8536391e-02
  -1.3500000e+01   7.3702557e-02   6.3970365e-02   6.0580041e-02   5.5882718e-02   5.6990222e-02   5.7945983e-02   5.3154038e-02   4.2824165e-02   3.3919874e-02   2.9974993e-02   2.8544389e-02
  -1.3050000e+01   7.5005242e-02   6.9563918e-02   6.4069774e-02   5.7405752e-02   5.7458464e-02   5.8155796e-02   5.3353970e-02   4.2950106e-02   3.3976163e-02   2.9996576e-02   2.8552126e-02
  -1.2600000e+01   7.5053888e-02   7.4178592e-02   6.6913768e-02   5.8882979e-02   5.7936812e-02   5.8362156e-02   5.3547272e-02   4.3071918e-02   3.4030553e-02   3.0017428e-02   2.8559600e-02
  -1.2150000e+01   7.5053810e-02   7.5186675e-02   6.8997483e-02   6.0286114e-02   5.8421464e-02   5.8564896e-02   5.3733926e-02   4.3189585e-02   3.4083043e-02   3.0037549e-02   2.8566813e-02
  -1.1700000e+01   7.5033475e-02   7.4390675e-02   7.0347931e-02   6.1591429e-02   5.8908659e-02   5.8763820e-02   5.3913913e-02   4.3303095e-02   3.4133633e-02   3.0056939e-02   2.8573763e-02
  -1.1250000e+01   7.4716652e-02   7.3687574e-02   7.1107196e-02   6.2780285e-02   5.9394738e-02   5.8958710e-02   5.4087219e-02   4.3412433e-02   3.4182321e-02   3.0075597e-02   2.8580450e-02
  -1.0800000e+01   7.3490178e-02   7.3119914e-02   7.1447690e-02   6.3839359e-02   5.9876197e-02   5.9149329e-02   5.4253827e-02   4.3517586e-02   3.4229107e-02   3.0093523e-02   2.8586876e-02
  -1.0350000e+01   7.2644972e-02   7.2590569e-02   7.1509777e-02   6.4760591e-02   6.0349734e-02   5.9335419e-02   5.4413724e-02   4.3618543e-02   3.4273989e-02   3.0110718e-02   2.8593039e-02
  -9.9000000e+00   7.2087576e-02   7.2069085e-02   7.1387768e-02   6.5540885e-02   6.0812297e-02   5.9516705e-02   5.4566898e-02   4.3715292e-02   3.4316968e-02   3.0127182e-02   2.8598940e-02
  -9.4500000e+00   7.1512160e-02   7.1547151e-02   7.1141188e-02   6.6181615e-02   6.1261112e-02   5.9692899e-02   5.4713335e-02   4.3807820e-02   3.4358042e-02   3.0142914e-02   2.8604578e-02
  -9.0000000e+00   7.0515795e-02   7.1020552e-02   7.0808810e-02   6.6687995e-02   6.1693718e-02   5.9863703e-02   5.4853025e-02   4.3896117e-02   3.4397210e-02   3.0157915e-02   2.8609955e-02
  -8.5500000e+00   6.9468739e-02   7.0486602e-02   7.0418029e-02   6.7068367e-02   6.2107977e-02   6.0028807e-02   5.4985957e-02   4.3980173e-02   3.4434472e-02   3.0172184e-02   2.8615069e-02
  -8.1000000e+00   6.9328679e-02   6.9953434e-02   6.9989893e-02   6.7333454e-02   6.2502096e-02   6.0187899e-02   5.5112122e-02   4.4059978e-02   3.4469827e-02   3.0185722e-02   2.8619921e-02
  -7.6500000e+00   6.9322824e-02   6.9467611e-02   6.9541265e-02   6.7495642e-02   6.2874621e-02   6.0340659e-02   5.5231512e-02   4.4135522e-02   3.4503275e-02   3.0198528e-02   2.8624510e-02
  -7.2000000e+00   6.9322341e-02   6.9053608e-02   6.9085028e-02   6.7568303e-02   6.3224435e-02   6.0486771e-02   5.5344117e-02   4.4206797e-02   3.4534814e-02   3.0210602e-02   2.8628838e-02
  -6.7500000e+00   6.9311060e-02   6.8621579e-02   6.8629563e-02   6.7565204e-02   6.3550750e-02   6.0625917e-02   5.5449931e-02   4.4273794e-02   3.4564445e-02   3.0221945e-02   2.8632903e-02
  -6.3000000e+00   6.9109620e-02   6.8163996e-02   6.8179135e-02   6.7500005e-02   6.3853080e-02   6.0757785e-02   5.5548947e-02   4.4336505e-02   3.4592167e-02   3.0232556e-02   2.8636706e-02
  -5.8500000e+00   6.8095942e-02   6.7705481e-02   6.7735568e-02   6.7385866e-02   6.4131225e-02   6.0882071e-02   5.5641159e-02   4.4394923e-02   3.4617979e-02   3.0242435e-02   2.8640246e-02
  -5.4000000e+00   6.7301674e-02   6.7251761e-02   6.7300041e-02   6.7235148e-02   6.4385232e-02   6.0998477e-02   5.5726561e-02   4.4449042e-02   3.4641880e-02   3.0251583e-02   2.8643525e-02
  -4.9500000e+00   6.6810521e-02   6.6800998e-02   6.6874261e-02   6.7059210e-02   6.4615368e-02   6.1106722e-02   5.5805148e-02   4.4498854e-02   3.4663871e-02   3.0259999e-02   2.8646541e-02
  -4.5000000e+00   6.6311368e-02   6.6349799e-02   6.6461211e-02   6.6868292e-02   6.4822079e-02   6.1206533e-02   5.5876915e-02   4.4544354e-02   3.4683952e-02   3.0267683e-02   2.8649294e-02
  -4.0500000e+00   6.5455290e-02   6.5893902e-02   6.6066012e-02   6.6671459e-02   6.5005950e-02   6.1297658e-02   5.5941859e-02   4.4585537e-02   3.4702120e-02   3.0274635e-02   2.8651786e-02
  -3.6000000e+00   6.4524432e-02   6.5427491e-02   6.5697027e-02   6.6476602e-02   6.5167668e-02   6.1379860e-02   5.5999977e-02   4.4622398e-02   3.4718378e-02   3.0280855e-02   2.8654015e-02
  -3.1500000e+00   6.4387642e-02   6.4949049e-02   6.5366344e-02   6.6290478e-02   6.5307976e-02   6.1452923e-02   5.6051264e-02   4.4654933e-02   3.4732723e-02   3.0286344e-02   2.8655982e-02
  -2.7000000e+00   6.4381336e-02   6.4523346e-02   6.5087665e-02   6.6118778e-02   6.5427640e-02   6.1516653e-02   5.6095718e-02   4.4683137e-02   3.4745156e-02   3.0291101e-02   2.8657687e-02
  -2.2500000e+00   6.4381184e-02   6.4347897e-02   6.4870584e-02   6.5966199e-02   6.5527405e-02   6.1570876e-02   5.6133337e-02   4.4707008e-02   3.4755677e-02   3.0295126e-02   2.8659129e-02
  -1.8000000e+00   6.4381193e-02   6.4358893e-02   6.4715011e-02   6.5836536e-02   6.5607967e-02   6.1615446e-02   5.6164118e-02   4.4726542e-02   3.4764285e-02   3.0298419e-02   2.8660310e-02
  -1.3500000e+00   6.4381195e-02   6.4376022e-02   6.4611618e-02   6.5732764e-02   6.5669939e-02   6.1650240e-02   5.6188061e-02   4.4741738e-02   3.4770980e-02   3.0300981e-02   2.8661228e-02
  -9.0000000e-01   6.4381195e-02   6.4380549e-02   6.4547870e-02   6.5657107e-02   6.5713827e-02   6.1675163e-02   5.6205164e-02   4.4752593e-02   3.4775763e-02   3.0302811e-02   2.8661883e-02
  -4.5000000e-01   6.4381195e-02   6.4381275e-02   6.4513554e-02   6.5611110e-02   6.5740004e-02   6.1690144e-02   5.6215427e-02   4.4759107e-02   3.4778632e-02   3.0303908e-02   2.8662277e-02
   0.0000000e+00   6.4381195e-02   6.4381334e-02   6.4502739e-02   6.5595678e-02   6.5748704e-02   6.1695142e-02   5.6218847e-02   4.4761278e-02   3.4779589e-02   3.0304274e-02   2.8662408e-02
   4.5000000e-01   6.4381195e-02   6.4381275e-02   6.4513554e-02   6.5611110e-02   6.5740004e-02   6.1690144e-02   5.6215427e-02   4.4759107e-02   3.4778632e-02   3.0303908e-02   2.8662277e-02
   9.0000000e-01   6.4381195e-02   6.4380549e-02   6.4547870e-02   6.5657107e-02   6.5713827e-02   6.1675163e-02   5.6205164e-02   4.4752593e-02   3.4775763e-02   3.0302811e-02   2.8661883e-02
   1.3500000e+00   6.4381195e-02   6.4376022e-02   6.4611618e-02   6.5732764e-02   6.5669939e-02   6.1650240e-02   5.6188061e-02   4.4741738e-02   3.4770980e-02   3.0300981e-02   2.8661228e-02
   1.8000000e+00   6.4381193e-02   6.4358893e-02   6.4715011e-02   6.5836536e-02   6.5607967e-02   6.1615446e-02   5.6164118e-02   4.4726542e-02   3.4764285e-02   3.0298419e-02   2.8660310e-02
   2.2500000e+00   6.4381184e-02   6.4347897e-02   6.4870584e-02   6.5966199e-02   6.5527405e-02   6.1570876e-02   5.6133337e-02   4.4707008e-02   3.4755677e-02   3.0295126e-02   2.8659129e-02
   2.7000000e+00   6.4381336e-02   6.4523346e-02   6.5087665e-02   6.6118778e-02   6.5427640e-02   6.1516653e-02   5.6095718e-02   4.4683137e-02   3.4745156e-02   3.0291101e-02   2.8657687e-02
   3.1500000e+00   6.4387642e-02   6.4949049e-02   6.5366344e-02   6.6290478e-02   6.5307976e-02   6.1452923e-02   5.6051264e-02   4.4654933e-02   3.4732723e-02   3.0286344e-02   2.8655982e-02
   3.6000000e+00   6.4524432e-02   6.5427491e-02   6.5697027e-02   6.6476602e-02   6.5167668e-02   6.1379860e-02   5.5999977e-02   4.4622398e-02   3.4718378e-02   3.0280855e-02   2.8654015e-02
   4.0500000e+00   6.5455290e-02   6.5893902e-02   6.6066012e-02   6.6671459e-02   6.5005950e-02   6.1297658e-02   5.5941859e-02   4.4585537e-02   3.4702120e-02   3.0274635e-02   2.8651786e-02
   4.5000000e+00   6.6311368e-02   6.6349799e-02   6.6461211e-02   6.6868292e-02   6.4822079e-02   6.1206533e-02   5.5876915e-02   4.4544354e-02   3.4683952e-02   3.0267683e-02   2.8649294e-02
   4.9500000e+00   6.6810521e-02   6.6800998e-02   6.6874261e-02   6.7059210e-02   6.4615368e-02   6.1106722e-02   5.5805148e-02   4.4498854e-02   3.4663871e-02   3.0259999e-02   2.8646541e-02
   5.4000000e+00   6.7301674e-02   6.7251761e-02   6.7300041e-02   6.7235148e-02   6.4385232e-02   6.0998477e-02   5.5726561e-02   4.4449042e-02   3.4641880e-02   3.0251583e-02   2.8643525e-02
   5.8500000e+00   6.8095942e-02   6.7705481e-02   6.7735568e-02   6.7385866e-02   6.4131225e-02   6.0882071e-02   5.5641159e-02   4.4394923e-02   3.4617979e-02   3.0242435e-02   2.8640246e-02
   6.3000000e+00   6.9109620e-02   6.8163996e-02   6.8179135e-02   6.7500005e-02   6.3853080e-02   6.0757785e-02   5.5548947e-02   4.4336505e-02   3.4592167e-02   3.0232556e-02   2.8636706e-02
   6.7500000e+00   6.9311060e-02   6.8621579e-02   6.8629563e-02   6.7565204e-02   6.3550750e-02   6.0625917e-02   5.5449931e-02   4.4273794e-02   3.4564445e-02   3.0221945e-02   2.8632903e-02
   7.2000000e+00   6.9322341e-02   6.9053608e-02   6.9085028e-02   6.7568303e-02   6.3224435e-02   6.0486771e-02   5.5344117e-02   4.4206797e-02   3.4534814e-02   3.0210602e-02   2.8628838e-02
   7.6500000e+00   6.9322824e-02   6.9467611e-02   6.9541265e-02   6.7495642e-02   6.2874621e-02   6.0340659e-02   5.5231512e-02   4.4135522e-02   3.4503275e-02   3.0198528e-02   2.8624510e-02
   8.1000000e+00   6.9328679e-02   6.9953434e-02   6.9989893e-02   6.7333454e-02   6.2502096e-02   6.0187899e-02   5.5112122e-02   4.4059978e-02   3.4469827e-02   3.0185722e-02   2.8619921e-02
   8.5500000e+00   6.9468739e-02   7.0486602e-02   7.0418029e-02   6.7068367e-02   6.2107977e-02   6.0028807e-02   5.4985957e-02   4.3980173e-02   3.4434472e-02   3.0172184e-02   2.8615069e-02
   9.0000000e+00   7.0515795e-02   7.1020552e-02   7.0808810e-02   6.6687995e-02   6.1693718e-02   5.9863703e-02   5.4853025e-02   4.3896117e-02   3.4397210e-02   3.0157915e-02   2.8609955e-02
   9.4500000e+00   7.1512160e-02   7.1547151e-02   7.1141188e-02   6.6181615e-02   6.1261112e-02   5.9692899e-02   5.4713335e-02   4.3807820e-02   3.4358042e-02   3.0142914e-02   2.8604578e-02
   9.9000000e+00   7.2087576e-02   7.2069085e-02   7.1387768e-02   6.5540885e-02   6.0812297e-02   5.9516705e-02   5.4566898e-02   4.3715292e-02   3.4316968e-02   3.0127182e-02   2.8598940e-02
   1.0350000e+01   7.2644972e-02   7.2590569e-02   7.1509777e-02   6.4760591e-02   6.0349734e-02   5.9335419e-02   5.4413724e-02   4.3618543e-02   3.4273989e-02   3.0110718e-02   2.8593039e-02
   1.0800000e+01   7.3490178e-02   7.3119914e-02   7.1447690e-02   6.3839359e-02   5.9876197e-02   5.9149329e-02   5.4253827e-02   4.3517586e-02   3.4229107e-02   3.0093523e-02   2.8586876e-02
   1.1250000e+01   7.4716652e-02   7.3687574e-02   7.1107196e-02   6.2780285e-02   5.9394738e-02   5.8958710e-02   5.4087219e-02   4.3412433e-02   3.4182321e-02   3.0075597e-02   2.8580450e-02
   1.1700000e+01   7.5033475e-02   7.4390675e-02   7.0347931e-02   6.1591429e-02   5.8908659e-02   5.8763820e-02   5.3913913e-02   4.3303095e-02   3.4133633e-02   3.0056939e-02   2.8573763e-02
   1.2150000e+01   7.5053810e-02   7.5186675e-02   6.8997483e-02   6.0286114e-02   5.8421464e-02   5.8564896e-02   5.3733926e-02   4.3189585e-02   3.4083043e-02   3.0037549e-02   2.8566813e-02
   1.2600000e+01   7.5053888e-02   7.4178592e-02   6.6913768e-02   5.8882979e-02   5.7936812e-02   5.8362156e-02   5.3547272e-02   4.3071918e-02   3.4030553e-02   3.0017428e-02   2.8559600e-02
   1.3050000e+01   7.5005242e-02   6.9563918e-02   6.4069774e-02   5.7405752e-02   5.7458464e-02   5.8155796e-02   5.3353970e-02   4.2950106e-02   3.3976163e-02   2.9996576e-02   2.8552126e-02
   1.3500000e+01   7.3702557e-02   6.3970365e-02   6.0580041e-02   5.5882718e-02   5.6990222e-02   5.7945983e-02   5.3154038e-02   4.2824165e-02   3.3919874e-02   2.9974993e-02   2.8544389e-02
   1.3950000e+01   6.3342764e-02   5.8543628e-02   5.6639448e-02   5.4345890e-02   5.6535868e-02   5.7732859e-02   5.2947495e-02   4.2694109e-02   3.3861688e-02   2.9952679e-02   2.8536391e-02
   1.4400000e+01   5.3565675e-02   5.3249805e-02   5.2443478e-02   5.2829894e-02   5.6099099e-02   5.7516537e-02   5.2734362e-02   4.2559953e-02   3.3801605e-02   2.9929633e-02   2.8528129e-02
   1.4850000e+01   4.7870614e-02   4.8008266e-02   4.8153751e-02   5.1370636e-02   5.5683462e-02   5.7297099e-02   5.2514663e-02   4.2421714e-02   3.3739627e-02   2.9905856e-02   2.8519606e-02
   1.5300000e+01   4.2431452e-02   4.2777303e-02   4.3907479e-02   5.0003798e-02   5.5292291e-02   5.7074597e-02   5.2288420e-02   4.2279408e-02   3.3675754e-02   2.9881348e-02   2.8510820e-02
   1.5750000e+01   3.5147710e-02   3.7526027e-02   3.9846625e-02   4.8763273e-02   5.4928640e-02   5.6849047e-02   5.2055659e-02   4.2133052e-02   3.3609988e-02   2.9856110e-02   2.8501773e-02
   1.6200000e+01   2.2873967e-02   3.2200354e-02   3.6153107e-02   4.7679607e-02   5.4595232e-02   5.6620435e-02   5.1816407e-02   4.1982663e-02   3.3542330e-02   2.9830140e-02   2.8492463e-02
   1.6650000e+01   1.7784952e-02   2.6658009e-02   3.3077489e-02   4.6778579e-02   5.4294398e-02   5.6388711e-02   5.1570693e-02   4.1828259e-02   3.3472781e-02   2.9803439e-02   2.8482890e-02
   1.7100000e+01   1.7371942e-02   2.0912497e-02   3.0927626e-02   4.6079995e-02   5.4028029e-02   5.6153792e-02   5.1318545e-02   4.1669859e-02   3.3401343e-02   2.9776007e-02   2.8473056e-02
   1.7550000e+01   1.7355180e-02   1.7861556e-02   2.9975896e-02   4.5596786e-02   5.3797540e-02   5.5915560e-02   5.1059997e-02   4.1507482e-02   3.3328016e-02   2.9747845e-02   2.8462959e-02
   1.8000000e+01   1.7389270e-02   2.1085966e-02   3.0316046e-02   4.5334480e-02   5.3603832e-02   5.5673862e-02   5.0795082e-02   4.1341146e-02   3.3252803e-02   2.9718952e-02   2.8452600e-02
   1.8450000e+01   1.8486226e-02   2.5986821e-02   3.1803001e-02   4.5291087e-02   5.3447267e-02   5.5428515e-02   5.0523836e-02   4.1170873e-02   3.3175704e-02   2.9689328e-02   2.8441979e-02
   1.8900000e+01   2.7140527e-02   3.0544126e-02   3.4145446e-02   4.5457400e-02   5.3327653e-02   5.5179299e-02   5.0246295e-02   4.0996681e-02   3.3096721e-02   2.9658973e-02   2.8431095e-02
   1.9350000e+01   3.4542417e-02   3.4916068e-02   3.7046617e-02   4.5817697e-02   5.3244238e-02   5.4925966e-02   4.9962499e-02   4.0818593e-02   3.3015856e-02   2.9627888e-02   2.8419950e-02
   1.9800000e+01   3.9130778e-02   3.9237585e-02   4.0276185e-02   4.6350784e-02   5.3195709e-02   5.4668236e-02   4.9672489e-02   4.0636629e-02   3.2933109e-02   2.9596073e-02   2.8408542e-02
   2.0250000e+01   4.3464909e-02   4.3548138e-02   4.3667978e-02   4.7031314e-02   5.3180209e-02   5.4405801e-02   4.9376310e-02   4.0450811e-02   3.2848483e-02   2.9563526e-02   2.8396872e-02
   2.0700000e+01   4.7790027e-02   4.7861282e-02   4.7088169e-02   4.7831268e-02   5.3195353e-02   5.4138328e-02   4.9074006e-02   4.0261163e-02   3.2761979e-02   2.9530250e-02   2.8384940e-02
   2.1150000e+01   5.2119993e-02   5.2199666e-02   5.0401186e-02   4.8721507e-02   5.3238258e-02   5.3865457e-02   4.8765625e-02   4.0067705e-02   3.2673599e-02   2.9496243e-02   2.8372745e-02
   2.1600000e+01   5.6454338e-02   5.6648891e-02   5.3443542e-02   4.9673283e-02   5.3305581e-02   5.3586807e-02   4.8451217e-02   3.9870462e-02   3.2583344e-02   2.9461506e-02   2.8360288e-02
   2.2050000e+01   6.0813505e-02   6.1322983e-02   5.6021544e-02   5.0659598e-02   5.3393564e-02   5.3301978e-02   4.8130835e-02   3.9669458e-02   3.2491215e-02   2.9426039e-02   2.8347569e-02
   2.2500000e+01   6.5130738e-02   6.4837904e-02   5.7956733e-02   5.1656327e-02   5.3498081e-02   5.3010553e-02   4.7804532e-02   3.9464717e-02   3.2397216e-02   2.9389841e-02   2.8334588e-02
   2.2950000e+01   6.4032096e-02   6.4529613e-02   5.9168406e-02   5.2643032e-02   5.3614697e-02   5.2712101e-02   4.7472366e-02   3.9256263e-02   3.2301347e-02   2.9352914e-02   2.8321345e-02
   2.3400000e+01   6.2889909e-02   6.3059376e-02   5.9718706e-02   5.3603433e-02   5.3738723e-02   5.2406181e-02   4.7134397e-02   3.9044123e-02   3.2203610e-02   2.9315256e-02   2.8307840e-02
   2.3850000e+01   6.1770284e-02   6.1811407e-02   5.9767420e-02   5.4525497e-02   5.3865284e-02   5.2092342e-02   4.6790685e-02   3.8828320e-02   3.2104008e-02   2.9276869e-02   2.8294072e-02
   2.4300000e+01   6.0651923e-02   6.0671876e-02   5.9487942e-02   5.5401189e-02   5.3989377e-02   5.1770132e-02   4.6441295e-02   3.8608883e-02   3.2002542e-02   2.9237752e-02   2.8280042e-02
   2.4750000e+01   5.9534815e-02   5.9555809e-02   5.9018759e-02   5.6225896e-02   5.4105943e-02   5.1439098e-02   4.6086294e-02   3.8385836e-02   3.1899213e-02   2.9197905e-02   2.8265750e-02
   2.5200000e+01   5.8415379e-02   5.8442754e-02   5.8460887e-02   5.6997616e-02   5.4209928e-02   5.1098787e-02   4.5725752e-02   3.8159208e-02   3.1794025e-02   2.9157328e-02   2.8251196e-02
   2.5650000e+01   5.7230280e-02   5.7326362e-02   5.7895783e-02   5.7715982e-02   5.4296350e-02   5.0748756e-02   4.5359739e-02   3.7929026e-02   3.1686978e-02   2.9116022e-02   2.8236379e-02
   2.6100000e+01   5.5318491e-02   5.6192742e-02   5.7405988e-02   5.8381208e-02   5.4360357e-02   5.0388569e-02   4.4988331e-02   3.7695318e-02   3.1578075e-02   2.9073986e-02   2.8221301e-02
   2.6550000e+01   5.3083221e-02   5.4991503e-02   5.7091711e-02   5.8993067e-02   5.4397289e-02   5.0017804e-02   4.4611605e-02   3.7458112e-02   3.1467319e-02   2.9031220e-02   2.8205960e-02
   2.7000000e+01   5.2799870e-02   5.3656656e-02   5.7073675e-02   5.9549977e-02   5.4402734e-02   4.9636057e-02   4.4229641e-02   3.7217438e-02   3.1354711e-02   2.8987726e-02   2.8190357e-02
   2.7450000e+01   5.2791063e-02   5.2931240e-02   5.7466386e-02   6.0048290e-02   5.4372577e-02   4.9242943e-02   4.3842520e-02   3.6973324e-02   3.1240253e-02   2.8943502e-02   2.8174492e-02
   2.7900000e+01   5.2799122e-02   5.4573742e-02   5.8324615e-02   6.0481824e-02   5.4303044e-02   4.8838101e-02   4.3450329e-02   3.6725801e-02   3.1123948e-02   2.8898549e-02   2.8158365e-02
   2.8350000e+01   5.2996342e-02   5.7263789e-02   5.9608133e-02   6.0841705e-02   5.4190744e-02   4.8421195e-02   4.3053154e-02   3.6474898e-02   3.1005797e-02   2.8852867e-02   2.8141975e-02
   2.8800000e+01   5.5426615e-02   5.9885948e-02   6.1204506e-02   6.1116514e-02   5.4032703e-02   4.7991921e-02   4.2651087e-02   3.6220647e-02   3.0885804e-02   2.8806456e-02   2.8125324e-02
   2.9250000e+01   6.1287978e-02   6.2424074e-02   6.2983087e-02   6.1292746e-02   5.3826390e-02   4.7550005e-02   4.2244220e-02   3.5963079e-02   3.0763971e-02   2.8759316e-02   2.8108410e-02
   2.9700000e+01   6.4766351e-02   6.4930950e-02   6.4828969e-02   6.1355538e-02   5.3569733e-02   4.7095210e-02   4.1832649e-02   3.5702224e-02   3.0640299e-02   2.8711447e-02   2.8091234e-02
   3.0150000e+01   6.7363839e-02   6.7428681e-02   6.6644269e-02   6.1289615e-02   5.3261142e-02   4.6627336e-02   4.1416473e-02   3.5438116e-02   3.0514792e-02   2.8662849e-02   2.8073796e-02
   3.0600000e+01   7.0083533e-02   6.9933175e-02   6.8330957e-02   6.1080386e-02   5.2899504e-02   4.6146222e-02   4.0995793e-02   3.5170787e-02   3.0387451e-02   2.8613523e-02   2.8056096e-02
   3.1050000e+01   7.4752612e-02   7.2476398e-02   6.9766478e-02   6.0715093e-02   5.2484192e-02   4.5651748e-02   4.0570712e-02   3.4900268e-02   3.0258280e-02   2.8563468e-02   2.8038133e-02
   3.1500000e+01   7.9699970e-02   7.5151245e-02   7.0779472e-02   6.0183930e-02   5.2015048e-02   4.5143839e-02   4.0141337e-02   3.4626595e-02   3.0127281e-02   2.8512685e-02   2.8019909e-02
   3.1950000e+01   8.0322123e-02   7.8075822e-02   7.1144998e-02   5.9481037e-02   5.1492380e-02   4.4622465e-02   3.9707778e-02   3.4349799e-02   2.9994456e-02   2.8461174e-02   2.8001422e-02
   3.2400000e+01   8.0345419e-02   8.0036727e-02   7.0633773e-02   5.8605282e-02   5.0916933e-02   4.4087640e-02   3.9270144e-02   3.4069916e-02   2.9859809e-02   2.8408934e-02   2.7982674e-02
   3.2850000e+01   8.0338568e-02   7.7462250e-02   6.9118585e-02   5.7560765e-02   5.0289866e-02   4.3539427e-02   3.8828551e-02   3.3786980e-02   2.9723341e-02   2.8355966e-02   2.7963663e-02
   3.3300000e+01   8.0143791e-02   7.2168982e-02   6.6655242e-02   5.6357002e-02   4.9612724e-02   4.2977934e-02   3.8383115e-02   3.3501025e-02   2.9585056e-02   2.8302270e-02   2.7944390e-02
   3.3750000e+01   7.7095116e-02   6.6834710e-02   6.3448835e-02   5.5008744e-02   4.8887401e-02   4.2403320e-02   3.7933955e-02   3.3212088e-02   2.9444956e-02   2.8247847e-02   2.7924855e-02
   3.4200000e+01   6.5292658e-02   6.1693629e-02   5.9744873e-02   5.3535472e-02   4.8116102e-02   4.1815788e-02   3.7481193e-02   3.2920203e-02   2.9303045e-02   2.8192695e-02   2.7905058e-02
   3.4650000e+01   5.7159166e-02   5.6643027e-02   5.5750738e-02   5.1960564e-02   4.7301302e-02   4.1215594e-02   3.7024952e-02   3.2625406e-02   2.9159324e-02   2.8136816e-02   2.7884998e-02
   3.5100000e+01   5.1795289e-02   5.1624115e-02   5.1621725e-02   5.0310216e-02   4.6445702e-02   4.0603034e-02   3.6565358e-02   3.2327734e-02   2.9013798e-02   2.8080209e-02   2.7864677e-02
   3.5550000e+01   4.6258016e-02   4.6597131e-02   4.7482903e-02   4.8612181e-02   4.5552187e-02   3.9978457e-02   3.6102540e-02   3.2027225e-02   2.8866469e-02   2.8022875e-02   2.7844094e-02
   3.6000000e+01   3.6669902e-02   4.1514668e-02   4.3459279e-02   4.6894419e-02   4.4623782e-02   3.9342253e-02   3.5636628e-02   3.1723914e-02   2.8717339e-02   2.7964813e-02   2.7823248e-02
   3.6450000e+01   2.6593987e-02   3.6299455e-02   3.9702758e-02   4.5183740e-02   4.3663605e-02   3.8694858e-02   3.5167755e-02   3.1417839e-02   2.8566413e-02   2.7906024e-02   2.7802140e-02
   3.6900000e+01   2.5246131e-02   3.0919435e-02   3.6402639e-02   4.3504550e-02   4.2674832e-02   3.8036749e-02   3.4696055e-02   3.1109039e-02   2.8413693e-02   2.7846509e-02   2.7780771e-02
   3.7350000e+01   2.5189701e-02   2.6343585e-02   3.3754674e-02   4.1877755e-02   4.1660653e-02   3.7368443e-02   3.4221667e-02   3.0797550e-02   2.8259182e-02   2.7786266e-02   2.7759139e-02
   3.7800000e+01   2.5189378e-02   2.5241119e-02   3.1881957e-02   4.0319921e-02   4.0624237e-02   3.6690499e-02   3.3744727e-02   3.0483413e-02   2.8102884e-02   2.7725296e-02   2.7737245e-02
   3.8250000e+01   2.5212623e-02   2.6362731e-02   3.0765852e-02   3.8842709e-02   3.9568700e-02   3.6003508e-02   3.3265377e-02   3.0166666e-02   2.7944801e-02   2.7663599e-02   2.7715089e-02
   3.8700000e+01   2.5625524e-02   2.7506910e-02   3.0262500e-02   3.7452631e-02   3.8497080e-02   3.5308099e-02   3.2783759e-02   2.9847347e-02   2.7784938e-02   2.7601176e-02   2.7692671e-02
   3.9150000e+01   2.7703206e-02   2.8496968e-02   3.0186394e-02   3.6151107e-02   3.7412308e-02   3.4604928e-02   3.2300017e-02   2.9525498e-02   2.7623297e-02   2.7538027e-02   2.7669991e-02
   3.9600000e+01   2.9331172e-02   2.9434153e-02   3.0378204e-02   3.4934829e-02   3.6317195e-02   3.3894685e-02   3.1814297e-02   2.9201156e-02   2.7459882e-02   2.7474151e-02   2.7647049e-02
   4.0050000e+01   3.0337862e-02   3.0357938e-02   3.0722205e-02   3.3796356e-02   3.5214413e-02   3.3178081e-02   3.1326746e-02   2.8874363e-02   2.7294696e-02   2.7409549e-02   2.7623844e-02
   4.0500000e+01   3.1360947e-02   3.1282448e-02   3.1133335e-02   3.2724918e-02   3.4106491e-02   3.2455854e-02   3.0837512e-02   2.8545159e-02   2.7127742e-02   2.7344220e-02   2.7600378e-02
   4.0950000e+01   3.3115600e-02   3.2220320e-02   3.1537476e-02   3.1707330e-02   3.2995809e-02   3.1728759e-02   3.0346745e-02   2.8213584e-02   2.6959025e-02   2.7278166e-02   2.7576650e-02
   4.1400000e+01   3.5023530e-02   3.3198485e-02   3.1854503e-02   3.0728978e-02   3.1884595e-02   3.0997571e-02   2.9854596e-02   2.7879680e-02   2.6788548e-02   2.7211386e-02   2.7552660e-02
   4.1850000e+01   3.5303912e-02   3.4257314e-02   3.1989763e-02   2.9774792e-02   3.0774932e-02   3.0263076e-02   2.9361219e-02   2.7543488e-02   2.6616315e-02   2.7143880e-02   2.7528407e-02
   4.2300000e+01   3.5316871e-02   3.5140138e-02   3.1844417e-02   2.8830148e-02   2.9668764e-02   2.9526074e-02   2.8866765e-02   2.7205050e-02   2.6442328e-02   2.7075649e-02   2.7503893e-02
   4.2750000e+01   3.5316226e-02   3.4643119e-02   3.1349617e-02   2.7881659e-02   2.8567904e-02   2.8787369e-02   2.8371389e-02   2.6864407e-02   2.6266593e-02   2.7006692e-02   2.7479117e-02
   4.3200000e+01   3.5282758e-02   3.2823653e-02   3.0500935e-02   2.6917815e-02   2.7474050e-02   2.8047773e-02   2.7875247e-02   2.6521602e-02   2.6089112e-02   2.6937010e-02   2.7454078e-02
   4.3650000e+01   3.4622038e-02   3.0835933e-02   2.9355875e-02   2.5929447e-02   2.6388792e-02   2.7308097e-02   2.7378494e-02   2.6176676e-02   2.5909889e-02   2.6866603e-02   2.7428778e-02
   4.4100000e+01   3.0661707e-02   2.8924265e-02   2.7996647e-02   2.4910011e-02   2.5313629e-02   2.6569153e-02   2.6881287e-02   2.5829674e-02   2.5728929e-02   2.6795471e-02   2.7403215e-02
   4.4550000e+01   2.7248853e-02   2.7060092e-02   2.6495904e-02   2.3855701e-02   2.4249983e-02   2.5831746e-02   2.6383783e-02   2.5480636e-02   2.5546236e-02   2.6723614e-02   2.7377391e-02
   4.5000000e+01   2.5215185e-02   2.5214830e-02   2.4905410e-02   2.2765406e-02   2.3199210e-02   2.5096674e-02   2.5886138e-02   2.5129607e-02   2.5361812e-02   2.6651032e-02   2.7351304e-02
   4.5450000e+01   2.3181518e-02   2.3369873e-02   2.3260033e-02   2.1640533e-02   2.2162613e-02   2.4364727e-02   2.5388511e-02   2.4776630e-02   2.5175664e-02   2.6577726e-02   2.7324956e-02
   4.5900000e+01   1.9768664e-02   2.1509407e-02   2.1585292e-02   2.0484732e-02   2.1141453e-02   2.3636679e-02   2.4891060e-02   2.4421749e-02   2.4987793e-02   2.6503695e-02   2.7298346e-02
   4.6350000e+01   1.5808334e-02   1.9620864e-02   1.9903419e-02   1.9303549e-02   2.0136955e-02   2.2913292e-02   2.4393942e-02   2.4065006e-02   2.4798205e-02   2.6428940e-02   2.7271473e-02
   4.6800000e+01   1.5147624e-02   1.7720638e-02   1.8236784e-02   1.8104041e-02   1.9150315e-02   2.2195308e-02   2.3897315e-02   2.3706447e-02   2.4606904e-02   2.6353461e-02   2.7244339e-02
   4.7250000e+01   1.5114202e-02   1.5957343e-02   1.6607556e-02   1.6894374e-02   1.8182706e-02   2.1483449e-02   2.3401337e-02   2.3346114e-02   2.4413894e-02   2.6277258e-02   2.7216943e-02
   4.7700000e+01   1.5112781e-02   1.4564116e-02   1.5032882e-02   1.5683432e-02   1.7235276e-02   2.0778415e-02   2.2906165e-02   2.2984053e-02   2.4219179e-02   2.6200332e-02   2.7189284e-02
   4.8150000e+01   1.5093531e-02   1.3272431e-02   1.3519157e-02   1.4480447e-02   1.6309148e-02   2.0080883e-02   2.2411956e-02   2.2620308e-02   2.4022764e-02   2.6122681e-02   2.7161364e-02
   4.8600000e+01   1.4675179e-02   1.1887385e-02   1.2061933e-02   1.3294667e-02   1.5405417e-02   1.9391502e-02   2.1918866e-02   2.2254924e-02   2.3824653e-02   2.6044308e-02   2.7133182e-02
   4.9050000e+01   1.1828219e-02   1.0483204e-02   1.0652209e-02   1.2135064e-02   1.4525143e-02   1.8710894e-02   2.1427052e-02   2.1887945e-02   2.3624851e-02   2.5965211e-02   2.7104738e-02
   4.9500000e+01   9.2099712e-03   9.0926349e-03   9.2830298e-03   1.1010090e-02   1.3669345e-02   1.8039653e-02   2.0936668e-02   2.1519417e-02   2.3423361e-02   2.5885390e-02   2.7076032e-02
   4.9950000e+01   7.6833498e-03   7.7130009e-03   7.9526097e-03   9.9274684e-03   1.2838994e-02   1.7378341e-02   2.0447869e-02   2.1149384e-02   2.3220190e-02   2.5804847e-02   2.7047064e-02
   5.0400000e+01   6.1811937e-03   6.3342086e-03   6.6652527e-03   8.8940396e-03   1.2035000e-02   1.6727490e-02   1.9960806e-02   2.0777891e-02   2.3015340e-02   2.5723581e-02   2.7017834e-02
   5.0850000e+01   3.7519860e-03   4.9445306e-03   5.4326106e-03   7.9156338e-03   1.1258201e-02   1.6087599e-02   1.9475634e-02   2.0404985e-02   2.2808817e-02   2.5641593e-02   2.6988342e-02
   5.1300000e+01   6.5172553e-04   3.5289818e-03   4.2762612e-03   6.9969855e-03   1.0509358e-02   1.5459133e-02   1.8992501e-02   2.0030710e-02   2.2600626e-02   2.5558882e-02   2.6958589e-02
   5.1750000e+01   3.5632133e-05   2.0754309e-03   3.2296243e-03   6.1416799e-03   9.7891389e-03   1.4842523e-02   1.8511558e-02   1.9655113e-02   2.2390771e-02   2.5475449e-02   2.6928573e-02
   5.2200000e+01   1.0965146e-06   6.9223587e-04   2.3334565e-03   5.3521323e-03   9.0981121e-03   1.4238168e-02   1.8032952e-02   1.9278238e-02   2.2179257e-02   2.5391293e-02   2.6898296e-02
   5.2650000e+01  -3.5661488e-08  -6.2765612e-05   1.6200598e-03   4.6295979e-03   8.4367363e-03   1.3646430e-02   1.7556830e-02   1.8900133e-02   2.1966089e-02   2.5306416e-02   2.6867756e-02
   5.3100000e+01  -1.1635625e-08  -8.8788108e-05   1.0940953e-03   3.9742129e-03   7.8053535e-03   1.3067638e-02   1.7083337e-02   1.8520841e-02   2.1751273e-02   2.5220817e-02   2.6836955e-02
   5.3550000e+01  -1.4098865e-09  -2.3517071e-05   7.2897281e-04   3.3850642e-03   7.2041829e-03   1.2502086e-02   1.6612614e-02   1.8140410e-02   2.1534812e-02   2.5134496e-02   2.6805892e-02
   5.4000000e+01  -5.5203229e-11  -3.5075058e-06   4.8296604e-04   2.8602860e-03   6.6333167e-03   1.1950031e-02   1.6144804e-02   1.7758886e-02   2.1316712e-02   2.5047454e-02   2.6774567e-02
   5.4450000e+01  -4.2964216e-13  -1.9888188e-08   3.1768612e-04   2.3971785e-03   6.0927177e-03   1.1411701e-02   1.5680044e-02   1.7376314e-02   2.1096978e-02   2.4959691e-02   2.6742980e-02
   5.4900000e+01   5.2225204e-16   2.3102621e-07   2.0577390e-04   1.9923442e-03   5.5822183e-03   1.0887286e-02   1.5218471e-02   1.6992741e-02   2.0875616e-02   2.4871207e-02   2.6711131e-02
   5.5350000e+01   1.6583141e-16   1.1721297e-07   1.2982009e-04   1.6418358e-03   5.1015229e-03   1.0376944e-02   1.4760220e-02   1.6608213e-02   2.0652629e-02   2.4782002e-02   2.6679021e-02
   5.5800000e+01   7.5849016e-18   4.2958839e-08   7.8855162e-05   1.3413079e-03   4.6502103e-03   9.8808020e-03   1.4305424e-02   1.6222776e-02   2.0428025e-02   2.4692076e-02   2.6646648e-02
   5.6250000e+01   1.0679190e-19   1.3134314e-08   4.5593928e-05   1.0861675e-03   4.2277393e-03   9.3989538e-03   1.3854210e-02   1.5836476e-02   2.0201807e-02   2.4601430e-02   2.6614014e-02
   5.6700000e+01   4.2755339e-22   3.2228669e-09   2.4852698e-05   8.7171613e-04   3.8334552e-03   8.9314629e-03   1.3406707e-02   1.5449359e-02   1.9973982e-02   2.4510064e-02   2.6581118e-02
   5.7150000e+01   9.5525612e-25   4.6199386e-10   1.2723287e-05   6.9327891e-04   3.4665985e-03   8.4783630e-03   1.2963039e-02   1.5061473e-02   1.9744555e-02   2.4417977e-02   2.6547960e-02
   5.7600000e+01  -1.2068679e-27  -1.4621933e-11   6.1700243e-06   5.4631667e-04   3.1263137e-03   8.0396587e-03   1.2523327e-02   1.4672862e-02   1.9513531e-02   2.4325171e-02   2.6514540e-02
   5.8050000e+01  -3.5893973e-29  -1.0140233e-11   2.9018490e-06   4.2651807e-04   2.8116606e-03   7.6153270e-03   1.2087691e-02   1.4283573e-02   1.9280915e-02   2.4231645e-02   2.6480859e-02
   5.8500000e+01  -2.9702362e-31  -1.1273554e-12   1.3633192e-06   3.2987062e-04   2.5216252e-03   7.2053185e-03   1.1656245e-02   1.3893653e-02   1.9046714e-02   2.4137400e-02   2.6446915e-02
   5.8950000e+01  -7.5385269e-34  -7.8567147e-14   6.5110770e-07   2.5271044e-04   2.2551314e-03   6.8095579e-03   1.1229104e-02   1.3503147e-02   1.8810933e-02   2.4042435e-02   2.6412710e-02
   5.9400000e+01  -3.7650893e-37  -3.1158532e-15   3.1488014e-07   1.9175170e-04   2.0110537e-03   6.4279459e-03   1.0806376e-02   1.3112101e-02   1.8573578e-02   2.3946751e-02   2.6378243e-02
   5.9850000e+01  -4.7621416e-41   1.6759268e-16   1.5143850e-07   1.4409792e-04   1.7882289e-03   6.0603604e-03   1.0388168e-02   1.2720563e-02   1.8334654e-02   2.3850349e-02   2.6343515e-02
   6.0300000e+01   2.8481057e-43   6.0699605e-17   7.0944618e-08   1.0723761e-04   1.5854685e-03   5.7066572e-03   9.9745846e-03   1.2328577e-02   1.8094167e-02   2.3753227e-02   2.6308524e-02
   6.0750000e+01   9.6129767e-46   9.7790711e-18   3.1788860e-08   7.9027512e-05   1.4015700e-03   5.3666720e-03   9.5657244e-03   1.1936189e-02   1.7852124e-02   2.3655388e-02   2.6273272e-02
   6.1200000e+01   1.2430389e-48   1.2265282e-18   1.3413601e-08   5.7666609e-05   1.2353283e-03   5.0402212e-03   9.1616846e-03   1.1543446e-02   1.7608529e-02   2.3556830e-02   2.6237758e-02
   6.1650000e+01   3.9803342e-52   1.2296146e-19   5.2625254e-09   4.1663982e-05   1.0855459e-03   4.7271035e-03   8.7625582e-03   1.1150394e-02   1.7363390e-02   2.3457554e-02   2.6201982e-02
   6.2100000e+01   6.3924725e-56   7.6363497e-21   1.9079716e-09   2.9803332e-05   9.5104233e-04   4.4271010e-03   8.3684351e-03   1.0757077e-02   1.7116711e-02   2.3357560e-02   2.6165945e-02
   6.2550000e+01  -2.3005660e-60  -4.2616803e-23   6.4509092e-10   2.1106485e-05   8.3066296e-04   4.1399805e-03   7.9794014e-03   1.0363543e-02   1.6868499e-02   2.3256849e-02   2.6129646e-02
   6.3000000e+01  -8.3599555e-63  -2.4713179e-23   2.0998094e-10   1.4797734e-05   7.2328645e-04   3.8654948e-03   7.5955396e-03   9.9698348e-03   1.6618761e-02   2.3155420e-02   2.6093085e-02
   6.3450000e+01  -4.6395487e-66  -1.1124458e-24   6.8968419e-11   1.0270353e-05   6.2783126e-04   3.6033841e-03   7.2169286e-03   9.5759995e-03   1.6367502e-02   2.3053275e-02   2.6056262e-02
   6.3900000e+01  -6.7014556e-70  -3.1517503e-26   2.3617946e-11   7.0561947e-06   5.4326110e-04   3.3533770e-03   6.8436437e-03   9.1820819e-03   1.6114729e-02   2.2950412e-02   2.6019178e-02
   6.4350000e+01  -1.8975048e-74  -5.9415277e-28   8.3931337e-12   4.7988394e-06   4.6858936e-04   3.1151920e-03   6.4757562e-03   8.7881273e-03   1.5860447e-02   2.2846833e-02   2.5981832e-02
   6.4800000e+01  -2.3508937e-79   9.4360246e-31   3.0015653e-12   3.2304964e-06   4.0288245e-04   2.8885382e-03   6.1133338e-03   8.3941804e-03   1.5604664e-02   2.2742537e-02   2.5944224e-02
   6.5250000e+01   3.2003689e-83   8.6568635e-31   1.0454449e-12   2.1525745e-06   3.4526213e-04   2.6731169e-03   5.7564406e-03   8.0002863e-03   1.5347386e-02   2.2637525e-02   2.5906354e-02
   6.5700000e+01   8.3347864e-87   6.0286885e-32   3.4591904e-13   1.4196894e-06   2.9490703e-04   2.4686227e-03   5.4051365e-03   7.6064895e-03   1.5088618e-02   2.2531797e-02   2.5868223e-02
   6.6150000e+01   1.6703431e-90   3.0588456e-33   1.0671469e-13   9.2675978e-07   2.5105320e-04   2.2747442e-03   5.0594779e-03   7.2128345e-03   1.4828369e-02   2.2425353e-02   2.5829831e-02
   6.6600000e+01   2.9253646e-94   1.2417324e-34   3.0229766e-14   5.9878977e-07   2.1299397e-04   2.0911654e-03   4.7195171e-03   6.8193657e-03   1.4566643e-02   2.2318193e-02   2.5791176e-02
   6.7050000e+01   3.8181233e-98   3.3071002e-36   7.7895394e-15   3.8292337e-07   1.8007914e-04   1.9175666e-03   4.3853027e-03   6.4261272e-03   1.4303449e-02   2.2210319e-02   2.5752260e-02
   6.7500000e+01  6.6807602e-108   3.1813928e-39   1.8367085e-15   2.4236986e-07   1.5171353e-04   1.7536254e-03   4.0568793e-03   6.0331630e-03   1.4038792e-02   2.2101729e-02   2.5713082e-02
   6.7950000e+01 -1.0650265e-107  -1.4786907e-39   4.1043240e-16   1.5183609e-07   1.2735510e-04   1.5990176e-03   3.7342879e-03   5.6405168e-03   1.3772680e-02   2.1992425e-02   2.5673643e-02
   6.8400000e+01 -2.2759313e-113  -2.6852120e-41   9.2750981e-17   9.4146111e-08   1.0651265e-04   1.4534181e-03   3.4175652e-03   5.2482322e-03   1.3505118e-02   2.1882405e-02   2.5633942e-02
   6.8850000e+01 -3.6209148e-119  -3.0256282e-43   2.2459023e-17   5.7777964e-08   8.8743202e-05   1.3165016e-03   3.1067444e-03   4.8563526e-03   1.3236115e-02   2.1771672e-02   2.5593979e-02
   6.9300000e+01 -4.9800074e-125  -2.4129419e-45   5.8346429e-18   3.5095830e-08   7.3649199e-05   1.1879436e-03   2.8018547e-03   4.4649209e-03   1.2965676e-02   2.1660224e-02   2.5553755e-02
   6.9750000e+01 -4.4559623e-131  -5.2207630e-48   1.5524465e-18   2.1099984e-08   6.0875483e-05   1.0674213e-03   2.5029216e-03   4.0739801e-03   1.2693809e-02   2.1548063e-02   2.5513270e-02
   7.0200000e+01  2.4293334e-136   3.2768043e-49   4.0286078e-19   1.2555690e-08   5.0106250e-05   9.5461394e-04   2.2099666e-03   3.6835729e-03   1.2420521e-02   2.1435188e-02   2.5472522e-02
   7.0650000e+01  4.2359835e-141   9.8764803e-51   9.8688784e-20   7.3948235e-09   4.1061956e-05   8.4920361e-04   1.9230076e-03   3.2937417e-03   1.2145819e-02   2.1321600e-02   2.5431513e-02
   7.1100000e+01  4.1133647e-146   1.9944035e-52   2.2346051e-20   4.3106130e-09   3.3496256e-05   7.5087607e-04   1.6420585e-03   2.9045285e-03   1.1869710e-02   2.1207298e-02   2.5390243e-02
   7.1550000e+01  7.9425551e-152   3.1719346e-54   4.6014461e-21   2.4869539e-09   2.7193018e-05   6.5932116e-04   1.3671298e-03   2.5159754e-03   1.1592202e-02   2.1092284e-02   2.5348711e-02
   7.2000000e+01  4.0022359e-158   3.3864880e-56   8.5178005e-22   1.4200557e-09   2.1963437e-05   5.7423342e-04   1.0982281e-03   2.1281238e-03   1.1313300e-02   2.0976557e-02   2.5306917e-02
   7.2450000e+01  3.2028657e-165   5.3298907e-59   1.4204775e-22   8.0249209e-10   1.7643295e-05   4.9531255e-04   8.3535629e-04   1.7410152e-03   1.1033013e-02   2.0860118e-02   2.5264862e-02
   7.2900000e+01 -2.3640675e-170  -2.0348839e-60   2.2065497e-23   4.4880652e-10   1.4090366e-05   4.2226394e-04   5.7851390e-04   1.3546906e-03   1.0751349e-02   2.0742967e-02   2.5222545e-02
   7.3350000e+01 -4.1220198e-176  -1.5996755e-62   3.4451629e-24   2.4839376e-10   1.1181997e-05   3.5479903e-04   3.2769672e-04   9.6919076e-04   1.0468314e-02   2.0625104e-02   2.5179967e-02
   7.3800000e+01 -3.5958232e-182  -7.3247184e-65   5.8791613e-25   1.3603738e-10   8.8128613e-06   2.9263575e-04   8.2897097e-05   5.8455622e-04   1.0183915e-02   2.0506529e-02   2.5137127e-02
   7.4250000e+01 -7.6950386e-189  -2.4067182e-67   1.1115586e-25   7.3718225e-11   6.8928957e-06   2.3549885e-04  -1.5589608e-04   2.0082714e-04   9.8981611e-03   2.0387243e-02   2.5094026e-02
   7.4700000e+01 -5.5895298e-196  -3.4250373e-70   2.1909735e-26   3.9522112e-11   5.3454175e-06   1.8312019e-04  -3.8869731e-04  -1.8195661e-04   9.6110590e-03   2.0267247e-02   2.5050663e-02
   7.5150000e+01  1.0221241e-202   3.2848390e-72   4.2157180e-27   2.0959739e-11   4.1054172e-06   1.3523900e-04  -6.1552443e-04  -5.6375549e-04   9.3226164e-03   2.0146539e-02   2.5007039e-02
   7.5600000e+01  1.2244343e-208   4.3379762e-74   7.6090489e-28   1.0993104e-11   3.1180213e-06   9.1602171e-05  -8.3639852e-04  -9.4453024e-04   9.0328410e-03   2.0025121e-02   2.4963153e-02
   7.6050000e+01  6.6624932e-215   3.4652338e-76   1.2594662e-28   5.7006077e-12   2.3371172e-06   5.1964379e-05  -1.0513439e-03  -1.3242420e-03   8.7417404e-03   1.9902993e-02   2.4919006e-02
   7.6500000e+01  7.3218805e-222   2.1464275e-78   1.8800786e-29   2.9216316e-12   1.7241289e-06   1.6088288e-05  -1.2603879e-03  -1.7028521e-03   8.4493225e-03   1.9780156e-02   2.4874597e-02
   7.6950000e+01  2.4805538e-229   9.1422957e-81   2.4971877e-30   1.4791671e-12   1.2469346e-06  -1.6255337e-05  -1.4635611e-03  -2.0803224e-03   8.1555949e-03   1.9656608e-02   2.4829927e-02
   7.7400000e+01  2.4304618e-237   9.3789632e-84   2.9444614e-31   7.3928176e-13   8.7891435e-07  -4.5287532e-05  -1.6608969e-03  -2.4566150e-03   7.8605657e-03   1.9532351e-02   2.4784995e-02
   7.7850000e+01 -5.0413088e-244  -7.4561155e-86   3.1720769e-32   3.6443703e-13   5.9811594e-07  -7.1221076e-05  -1.8524317e-03  -2.8316923e-03   7.5642427e-03   1.9407385e-02   2.4739802e-02
   7.8300000e+01 -6.3525407e-251  -2.5722547e-88   3.3942655e-33   1.7698824e-13   3.8652933e-07  -9.4260451e-05  -2.0382047e-03  -3.2055172e-03   7.2666338e-03   1.9281711e-02   2.4694348e-02
   7.8750000e+01 -4.4394692e-258  -4.7720877e-91   4.0450708e-34   8.4544393e-14   2.2945761e-07  -1.1460184e-04  -2.2182578e-03  -3.5780529e-03   6.9677471e-03   1.9155328e-02   2.4648632e-02
   7.9200000e+01 -8.7299976e-266  -6.3590962e-94   5.5580777e-35   3.9636188e-14   1.1497498e-07  -1.3243316e-04  -2.3926355e-03  -3.9492628e-03   6.6675907e-03   1.9028237e-02   2.4602655e-02
   7.9650000e+01 -4.7391968e-274  -4.4894538e-97   8.1438802e-36   1.8181112e-14   3.3461794e-08  -1.4793409e-04  -2.5613852e-03  -4.3191111e-03   6.3661726e-03   1.8900438e-02   2.4556416e-02
   8.0100000e+01  2.9294101e-282  8.6363384e-100   1.1655524e-36   8.1226777e-15  -2.2792222e-08  -1.6127613e-04  -2.7245563e-03  -4.6875618e-03   6.0635010e-03   1.8771931e-02   2.4509916e-02
   8.0550000e+01  2.6970532e-289  5.2081054e-102   1.5529324e-37   3.5098533e-15  -5.9924885e-08  -1.7262275e-04  -2.8822011e-03  -5.0545798e-03   5.7595842e-03   1.8642717e-02   2.4463155e-02
   8.1000000e+01  9.0332410e-297  1.6533246e-104   1.8812133e-38   1.4499601e-15  -8.2786194e-08  -1.8212945e-04  -3.0343738e-03  -5.4201301e-03   5.4544303e-03   1.8512796e-02   2.4416132e-02
   8.1450000e+01  6.3986491e-305  4.0055698e-107   2.0371683e-39   5.6058696e-16  -9.5177551e-08  -1.8994390e-04  -3.1811312e-03  -5.7841783e-03   5.1480478e-03   1.8382169e-02   2.4368848e-02
   8.1900000e+01  1.4788114e-313  6.8276561e-110   1.9397719e-40   1.9366481e-16  -1.0005175e-07  -1.9620610e-04  -3.3225319e-03  -6.1466901e-03   4.8404449e-03   1.8250835e-02   2.4321303e-02
   8.2350000e+01   0.0000000e+00  3.7418133e-113   1.6048207e-41   5.2122973e-17  -9.9679277e-08  -2.0104854e-04  -3.4586369e-03  -6.5076319e-03   4.5316301e-03   1.8118795e-02   2.4273496e-02
   8.2800000e+01   0.0000000e+00 -7.3709561e-116   1.1632559e-42   3.4345095e-18  -9.5785788e-08  -2.0459638e-04  -3.5895087e-03  -6.8669704e-03   4.2216118e-03   1.7986049e-02   2.4225428e-02
   8.3250000e+01   0.0000000e+00 -1.1312845e-118   7.8409894e-44  -9.5202731e-18  -8.9665145e-08  -2.0696764e-04  -3.7152122e-03  -7.2246726e-03   3.9103985e-03   1.7852598e-02   2.4177098e-02
   8.3700000e+01   0.0000000e+00 -8.4815983e-122   5.6256128e-45  -1.0239081e-17  -8.2271760e-08  -2.0827341e-04  -3.8358135e-03  -7.5807062e-03   3.5979989e-03   1.7718442e-02   2.4128508e-02
   8.4150000e+01   0.0000000e+00 -4.5394897e-125   4.8251314e-46  -7.7420915e-18  -7.4295574e-08  -2.0861802e-04  -3.9513810e-03  -7.9350390e-03   3.2844214e-03   1.7583581e-02   2.4079656e-02
   8.4600000e+01   0.0000000e+00 -1.4428557e-128   4.6230151e-47  -5.1030707e-18  -6.6222530e-08  -2.0809932e-04  -4.0619842e-03  -8.2876394e-03   2.9696748e-03   1.7448015e-02   2.4030542e-02
   8.5050000e+01   0.0000000e+00  5.7651734e-132   4.1489925e-48  -3.1191757e-18  -5.8382993e-08  -2.0680886e-04  -4.1676943e-03  -8.6384762e-03   2.6537677e-03   1.7311745e-02   2.3981168e-02
   8.5500000e+01   0.0000000e+00  1.7145017e-134   2.7980993e-49  -1.8157658e-18  -5.0990237e-08  -2.0483212e-04  -4.2685838e-03  -8.9875186e-03   2.3367088e-03   1.7174772e-02   2.3931532e-02
   8.5950000e+01   0.0000000e+00  2.1778069e-137   2.8328884e-51  -1.0209017e-18  -4.4170777e-08  -2.0224878e-04  -4.3647267e-03  -9.3347364e-03   2.0185070e-03   1.7037095e-02   2.3881635e-02
   8.6400000e+01   0.0000000e+00  2.0854079e-140  -3.4333309e-51  -5.5903793e-19  -3.7988065e-08  -1.9913292e-04  -4.4561982e-03  -9.6800996e-03   1.6991711e-03   1.6898714e-02   2.3831477e-02
   8.6850000e+01   0.0000000e+00  1.4839125e-143  -8.2317277e-52  -2.9977011e-19  -3.2460812e-08  -1.9555328e-04  -4.5430744e-03  -1.0023579e-02   1.3787099e-03   1.6759631e-02   2.3781058e-02
   8.7300000e+01   0.0000000e+00  4.5738021e-147  -1.3908038e-52  -1.5799974e-19  -2.7577008e-08  -1.9157346e-04  -4.6254326e-03  -1.0365145e-02   1.0571325e-03   1.6619845e-02   2.3730377e-02
   8.7750000e+01   0.0000000e+00 -6.5835939e-150  -2.0223469e-53  -8.2079042e-20  -2.3304497e-08  -1.8725221e-04  -4.7033512e-03  -1.0704770e-02   7.3444761e-04   1.6479358e-02   2.3679435e-02
   8.8200000e+01   0.0000000e+00 -1.2993307e-152  -2.6931391e-54  -4.2112831e-20  -1.9598850e-08  -1.8264365e-04  -4.7769093e-03  -1.1042425e-02   4.1066442e-04   1.6338168e-02   2.3628232e-02
   8.8650000e+01   0.0000000e+00 -1.2790714e-155  -3.3788466e-55  -2.1374947e-20  -1.6409102e-08  -1.7779745e-04  -4.8461867e-03  -1.1378083e-02   8.5791916e-05   1.6196276e-02   2.3576768e-02
   8.9100000e+01   0.0000000e+00 -9.3738723e-159  -4.0555120e-56  -1.0746510e-20  -1.3681851e-08  -1.7275916e-04  -4.9112642e-03  -1.1711716e-02  -2.4016079e-04   1.6053684e-02   2.3525042e-02
   8.9550000e+01   0.0000000e+00 -5.9229334e-162  -4.6989686e-57  -5.3575133e-21  -1.1364096e-08  -1.6757034e-04  -4.9722230e-03  -1.2043298e-02  -5.6718457e-04   1.5910391e-02   2.3473056e-02
   9.0000000e+01   0.0000000e+00 -3.4637678e-165  -5.2840099e-58  -2.6508033e-21  -9.4051141e-09  -1.6226882e-04  -5.0291448e-03  -1.2372803e-02  -8.9527024e-04   1.5766397e-02   2.3420808e-02
