  -9.0000000e+01  -1.7797732e-02
  -8.9550000e+01  -1.2494019e-02
  -8.9100000e+01  -7.2724360e-03
  -8.8650000e+01  -2.1395408e-03
  -8.8200000e+01   2.8982565e-03
  -8.7750000e+01   7.8347123e-03
  -8.7300000e+01   1.2663767e-02
  -8.6850000e+01   1.7379560e-02
  -8.6400000e+01   2.1976451e-02
  -8.5950000e+01   2.6449033e-02
  -8.5500000e+01   3.0792147e-02
  -8.5050000e+01   3.5000902e-02
  -8.4600000e+01   3.9070684e-02
  -8.4150000e+01   4.2997172e-02
  -8.3700000e+01   4.6776351e-02
  -8.3250000e+01   5.0404522e-02
  -8.2800000e+01   5.3878316e-02
  -8.2350000e+01   5.7194697e-02
  -8.1900000e+01   6.0350977e-02
  -8.1450000e+01   6.3344822e-02
  -8.1000000e+01   6.6174253e-02
  -8.0550000e+01   6.8837657e-02
  -8.0100000e+01   7.1333787e-02
  -7.9650000e+01   7.3661764e-02
  -7.9200000e+01   7.5821080e-02
  -7.8750000e+01   7.7811594e-02
  -7.8300000e+01   7.9633535e-02
  -7.7850000e+01   8.1287492e-02
  -7.7400000e+01   8.2774417e-02
  -7.6950000e+01   8.4095611e-02
  -7.6500000e+01   8.5252726e-02
  -7.6050000e+01   8.6247747e-02
  -7.5600000e+01   8.7082991e-02
  -7.5150000e+01   8.7761091e-02
  -7.4700000e+01   8.8284987e-02
  -7.4250000e+01   8.8657910e-02
  -7.3800000e+01   8.8883372e-02
  -7.3350000e+01   8.8965152e-02
  -7.2900000e+01   8.8907275e-02
  -7.2450000e+01   8.8714003e-02
  -7.2000000e+01   8.8389814e-02
  -7.1550000e+01   8.7939386e-02
  -7.1100000e+01   8.7367581e-02
  -7.0650000e+01   8.6679423e-02
  -7.0200000e+01   8.5880085e-02
  -6.9750000e+01   8.4974869e-02
  -6.9300000e+01   8.3969184e-02
  -6.8850000e+01   8.2868532e-02
  -6.8400000e+01   8.1678489e-02
  -6.7950000e+01   8.0404685e-02
  -6.7500000e+01   7.9052785e-02
  -6.7050000e+01   7.7628477e-02
  -6.6600000e+01   7.6137448e-02
  -6.6150000e+01   7.4585370e-02
  -6.5700000e+01   7.2977885e-02
  -6.5250000e+01   7.1320586e-02
  -6.4800000e+01   6.9619004e-02
  -6.4350000e+01   6.7878592e-02
  -6.3900000e+01   6.6104711e-02
  -6.3450000e+01   6.4302617e-02
  -6.3000000e+01   6.2477447e-02
  -6.2550000e+01   6.0634211e-02
  -6.2100000e+01   5.8777773e-02
  -6.1650000e+01   5.6912851e-02
  -6.1200000e+01   5.5043996e-02
  -6.0750000e+01   5.3175593e-02
  -6.0300000e+01   5.1311846e-02
  -5.9850000e+01   4.9456776e-02
  -5.9400000e+01   4.7614211e-02
  -5.8950000e+01   4.5787780e-02
  -5.8500000e+01   4.3980913e-02
  -5.8050000e+01   4.2196831e-02
  -5.7600000e+01   4.0438549e-02
  -5.7150000e+01   3.8708869e-02
  -5.6700000e+01   3.7010381e-02
  -5.6250000e+01   3.5345463e-02
  -5.5800000e+01   3.3716279e-02
  -5.5350000e+01   3.2124783e-02
  -5.4900000e+01   3.0572718e-02
  -5.4450000e+01   2.9061622e-02
  -5.4000000e+01   2.7592829e-02
  -5.3550000e+01   2.6167474e-02
  -5.3100000e+01   2.4786497e-02
  -5.2650000e+01   2.3450649e-02
  -5.2200000e+01   2.2160499e-02
  -5.1750000e+01   2.0916440e-02
  -5.1300000e+01   1.9718696e-02
  -5.0850000e+01   1.8567328e-02
  -5.0400000e+01   1.7462248e-02
  -4.9950000e+01   1.6403218e-02
  -4.9500000e+01   1.5389867e-02
  -4.9050000e+01   1.4421698e-02
  -4.8600000e+01   1.3498092e-02
  -4.8150000e+01   1.2618327e-02
  -4.7700000e+01   1.1781576e-02
  -4.7250000e+01   1.0986926e-02
  -4.6800000e+01   1.0233383e-02
  -4.6350000e+01   9.5198799e-03
  -4.5900000e+01   8.8452893e-03
  -4.5450000e+01   8.2084294e-03
  -4.5000000e+01   7.6080742e-03
  -4.4550000e+01   7.0429610e-03
  -4.4100000e+01   6.5117988e-03
  -4.3650000e+01   6.0132758e-03
  -4.3200000e+01   5.5460670e-03
  -4.2750000e+01   5.1088403e-03
  -4.2300000e+01   4.7002637e-03
  -4.1850000e+01   4.3190106e-03
  -4.1400000e+01   3.9637660e-03
  -4.0950000e+01   3.6332307e-03
  -4.0500000e+01   3.3261265e-03
  -4.0050000e+01   3.0412000e-03
  -3.9600000e+01   2.7772264e-03
  -3.9150000e+01   2.5330127e-03
  -3.8700000e+01   2.3074000e-03
  -3.8250000e+01   2.0992667e-03
  -3.7800000e+01   1.9075296e-03
  -3.7350000e+01   1.7311458e-03
  -3.6900000e+01   1.5691141e-03
  -3.6450000e+01   1.4204753e-03
  -3.6000000e+01   1.2843133e-03
  -3.5550000e+01   1.1597550e-03
  -3.5100000e+01   1.0459704e-03
  -3.4650000e+01   9.4217197e-04
  -3.4200000e+01   8.4761488e-04
  -3.3750000e+01   7.6159562e-04
  -3.3300000e+01   6.8345148e-04
  -3.2850000e+01   6.1255944e-04
  -3.2400000e+01   5.4833505e-04
  -3.1950000e+01   4.9023118e-04
  -3.1500000e+01   4.3773670e-04
  -3.1050000e+01   3.9037504e-04
  -3.0600000e+01   3.4770275e-04
  -3.0150000e+01   3.0930802e-04
  -2.9700000e+01   2.7480915e-04
  -2.9250000e+01   2.4385300e-04
  -2.8800000e+01   2.1611351e-04
  -2.8350000e+01   1.9129016e-04
  -2.7900000e+01   1.6910647e-04
  -2.7450000e+01   1.4930855e-04
  -2.7000000e+01   1.3166370e-04
  -2.6550000e+01   1.1595895e-04
  -2.6100000e+01   1.0199982e-04
  -2.5650000e+01   8.9608966e-05
  -2.5200000e+01   7.8624962e-05
  -2.4750000e+01   6.8901135e-05
  -2.4300000e+01   6.0304439e-05
  -2.3850000e+01   5.2714390e-05
  -2.3400000e+01   4.6022066e-05
  -2.2950000e+01   4.0129164e-05
  -2.2500000e+01   3.4947104e-05
  -2.2050000e+01   3.0396208e-05
  -2.1600000e+01   2.6404916e-05
  -2.1150000e+01   2.2909066e-05
  -2.0700000e+01   1.9851220e-05
  -2.0250000e+01   1.7180046e-05
  -1.9800000e+01   1.4849736e-05
  -1.9350000e+01   1.2819483e-05
  -1.8900000e+01   1.1052988e-05
  -1.8450000e+01   9.5180139e-06
  -1.8000000e+01   8.1859754e-06
  -1.7550000e+01   7.0315660e-06
  -1.7100000e+01   6.0324153e-06
  -1.6650000e+01   5.1687796e-06
  -1.6200000e+01   4.4232596e-06
  -1.5750000e+01   3.7805459e-06
  -1.5300000e+01   3.2271886e-06
  -1.4850000e+01   2.7513887e-06
  -1.4400000e+01   2.3428118e-06
  -1.3950000e+01   1.9924195e-06
  -1.3500000e+01   1.6923189e-06
  -1.3050000e+01   1.4356277e-06
  -1.2600000e+01   1.2163536e-06
  -1.2150000e+01   1.0292872e-06
  -1.1700000e+01   8.6990637e-07
  -1.1250000e+01   7.3429114e-07
  -1.0800000e+01   6.1904886e-07
  -1.0350000e+01   5.2124744e-07
  -9.9000000e+00   4.3835661e-07
  -9.4500000e+00   3.6819608e-07
  -9.0000000e+00   3.0888992e-07
  -8.5500000e+00   2.5882655e-07
  -8.1000000e+00   2.1662353e-07
  -7.6500000e+00   1.8109686e-07
  -7.2000000e+00   1.5123412e-07
  -6.7500000e+00   1.2617103e-07
  -6.3000000e+00   1.0517109e-07
  -5.8500000e+00   8.7607882e-08
  -5.4000000e+00   7.2949745e-08
  -4.9500000e+00   6.0746542e-08
  -4.5000000e+00   5.0618253e-08
  -4.0500000e+00   4.2245183e-08
  -3.6000000e+00   3.5359596e-08
  -3.1500000e+00   2.9738599e-08
  -2.7000000e+00   2.5198131e-08
  -2.2500000e+00   2.1587933e-08
  -1.8000000e+00   1.8787398e-08
  -1.3500000e+00   1.6702191e-08
  -9.0000000e-01   1.5261596e-08
  -4.5000000e-01   1.4416498e-08
   0.0000000e+00   1.4137981e-08
   4.5000000e-01   1.4416498e-08
   9.0000000e-01   1.5261596e-08
   1.3500000e+00   1.6702191e-08
   1.8000000e+00   1.8787398e-08
   2.2500000e+00   2.1587933e-08
   2.7000000e+00   2.5198131e-08
   3.1500000e+00   2.9738599e-08
   3.6000000e+00   3.5359596e-08
   4.0500000e+00   4.2245183e-08
   4.5000000e+00   5.0618253e-08
   4.9500000e+00   6.0746542e-08
   5.4000000e+00   7.2949745e-08
   5.8500000e+00   8.7607882e-08
   6.3000000e+00   1.0517109e-07
   6.7500000e+00   1.2617103e-07
   7.2000000e+00   1.5123412e-07
   7.6500000e+00   1.8109686e-07
   8.1000000e+00   2.1662353e-07
   8.5500000e+00   2.5882655e-07
   9.0000000e+00   3.0888992e-07
   9.4500000e+00   3.6819608e-07
   9.9000000e+00   4.3835661e-07
   1.0350000e+01   5.2124744e-07
   1.0800000e+01   6.1904886e-07
   1.1250000e+01   7.3429114e-07
   1.1700000e+01   8.6990637e-07
   1.2150000e+01   1.0292872e-06
   1.2600000e+01   1.2163536e-06
   1.3050000e+01   1.4356277e-06
   1.3500000e+01   1.6923189e-06
   1.3950000e+01   1.9924195e-06
   1.4400000e+01   2.3428118e-06
   1.4850000e+01   2.7513887e-06
   1.5300000e+01   3.2271886e-06
   1.5750000e+01   3.7805459e-06
   1.6200000e+01   4.4232596e-06
   1.6650000e+01   5.1687796e-06
   1.7100000e+01   6.0324153e-06
   1.7550000e+01   7.0315660e-06
   1.8000000e+01   8.1859754e-06
   1.8450000e+01   9.5180139e-06
   1.8900000e+01   1.1052988e-05
   1.9350000e+01   1.2819483e-05
   1.9800000e+01   1.4849736e-05
   2.0250000e+01   1.7180046e-05
   2.0700000e+01   1.9851220e-05
   2.1150000e+01   2.2909066e-05
   2.1600000e+01   2.6404916e-05
   2.2050000e+01   3.0396208e-05
   2.2500000e+01   3.4947104e-05
   2.2950000e+01   4.0129164e-05
   2.3400000e+01   4.6022066e-05
   2.3850000e+01   5.2714390e-05
   2.4300000e+01   6.0304439e-05
   2.4750000e+01   6.8901135e-05
   2.5200000e+01   7.8624962e-05
   2.5650000e+01   8.9608966e-05
   2.6100000e+01   1.0199982e-04
   2.6550000e+01   1.1595895e-04
   2.7000000e+01   1.3166370e-04
   2.7450000e+01   1.4930855e-04
   2.7900000e+01   1.6910647e-04
   2.8350000e+01   1.9129016e-04
   2.8800000e+01   2.1611351e-04
   2.9250000e+01   2.4385300e-04
   2.9700000e+01   2.7480915e-04
   3.0150000e+01   3.0930802e-04
   3.0600000e+01   3.4770275e-04
   3.1050000e+01   3.9037504e-04
   3.1500000e+01   4.3773670e-04
   3.1950000e+01   4.9023118e-04
   3.2400000e+01   5.4833505e-04
   3.2850000e+01   6.1255944e-04
   3.3300000e+01   6.8345148e-04
   3.3750000e+01   7.6159562e-04
   3.4200000e+01   8.4761488e-04
   3.4650000e+01   9.4217197e-04
   3.5100000e+01   1.0459704e-03
   3.5550000e+01   1.1597550e-03
   3.6000000e+01   1.2843133e-03
   3.6450000e+01   1.4204753e-03
   3.6900000e+01   1.5691141e-03
   3.7350000e+01   1.7311458e-03
   3.7800000e+01   1.9075296e-03
   3.8250000e+01   2.0992667e-03
   3.8700000e+01   2.3074000e-03
   3.9150000e+01   2.5330127e-03
   3.9600000e+01   2.7772264e-03
   4.0050000e+01   3.0412000e-03
   4.0500000e+01   3.3261265e-03
   4.0950000e+01   3.6332307e-03
   4.1400000e+01   3.9637660e-03
   4.1850000e+01   4.3190106e-03
   4.2300000e+01   4.7002637e-03
   4.2750000e+01   5.1088403e-03
   4.3200000e+01   5.5460670e-03
   4.3650000e+01   6.0132758e-03
   4.4100000e+01   6.5117988e-03
   4.4550000e+01   7.0429610e-03
   4.5000000e+01   7.6080742e-03
   4.5450000e+01   8.2084294e-03
   4.5900000e+01   8.8452893e-03
   4.6350000e+01   9.5198799e-03
   4.6800000e+01   1.0233383e-02
   4.7250000e+01   1.0986926e-02
   4.7700000e+01   1.1781576e-02
   4.8150000e+01   1.2618327e-02
   4.8600000e+01   1.3498092e-02
   4.9050000e+01   1.4421698e-02
   4.9500000e+01   1.5389867e-02
   4.9950000e+01   1.6403218e-02
   5.0400000e+01   1.7462248e-02
   5.0850000e+01   1.8567328e-02
   5.1300000e+01   1.9718696e-02
   5.1750000e+01   2.0916440e-02
   5.2200000e+01   2.2160499e-02
   5.2650000e+01   2.3450649e-02
   5.3100000e+01   2.4786497e-02
   5.3550000e+01   2.6167474e-02
   5.4000000e+01   2.7592829e-02
   5.4450000e+01   2.9061622e-02
   5.4900000e+01   3.0572718e-02
   5.5350000e+01   3.2124783e-02
   5.5800000e+01   3.3716279e-02
   5.6250000e+01   3.5345463e-02
   5.6700000e+01   3.7010381e-02
   5.7150000e+01   3.8708869e-02
   5.7600000e+01   4.0438549e-02
   5.8050000e+01   4.2196831e-02
   5.8500000e+01   4.3980913e-02
   5.8950000e+01   4.5787780e-02
   5.9400000e+01   4.7614211e-02
   5.9850000e+01   4.9456776e-02
   6.0300000e+01   5.1311846e-02
   6.0750000e+01   5.3175593e-02
   6.1200000e+01   5.5043996e-02
   6.1650000e+01   5.6912851e-02
   6.2100000e+01   5.8777773e-02
   6.2550000e+01   6.0634211e-02
   6.3000000e+01   6.2477447e-02
   6.3450000e+01   6.4302617e-02
   6.3900000e+01   6.6104711e-02
   6.4350000e+01   6.7878592e-02
   6.4800000e+01   6.9619004e-02
   6.5250000e+01   7.1320586e-02
   6.5700000e+01   7.2977885e-02
   6.6150000e+01   7.4585370e-02
   6.6600000e+01   7.6137448e-02
   6.7050000e+01   7.7628477e-02
   6.7500000e+01   7.9052785e-02
   6.7950000e+01   8.0404685e-02
   6.8400000e+01   8.1678489e-02
   6.8850000e+01   8.2868532e-02
   6.9300000e+01   8.3969184e-02
   6.9750000e+01   8.4974869e-02
   7.0200000e+01   8.5880085e-02
   7.0650000e+01   8.6679423e-02
   7.1100000e+01   8.7367581e-02
   7.1550000e+01   8.7939386e-02
   7.2000000e+01   8.8389814e-02
   7.2450000e+01   8.8714003e-02
   7.2900000e+01   8.8907275e-02
   7.3350000e+01   8.8965152e-02
   7.3800000e+01   8.8883372e-02
   7.4250000e+01   8.8657910e-02
   7.4700000e+01   8.8284987e-02
   7.5150000e+01   8.7761091e-02
   7.5600000e+01   8.7082991e-02
   7.6050000e+01   8.6247747e-02
   7.6500000e+01   8.5252726e-02
   7.6950000e+01   8.4095611e-02
   7.7400000e+01   8.2774417e-02
   7.7850000e+01   8.1287492e-02
   7.8300000e+01   7.9633535e-02
   7.8750000e+01   7.7811594e-02
   7.9200000e+01   7.5821080e-02
   7.9650000e+01   7.3661764e-02
   8.0100000e+01   7.1333787e-02
   8.0550000e+01   6.8837657e-02
   8.1000000e+01   6.6174253e-02
   8.1450000e+01   6.3344822e-02
   8.1900000e+01   6.0350977e-02
   8.2350000e+01   5.7194697e-02
   8.2800000e+01   5.3878316e-02
   8.3250000e+01   5.0404522e-02
   8.3700000e+01   4.6776351e-02
   8.4150000e+01   4.2997172e-02
   8.4600000e+01   3.9070684e-02
   8.5050000e+01   3.5000902e-02
   8.5500000e+01   3.0792147e-02
   8.5950000e+01   2.6449033e-02
   8.6400000e+01   2.1976451e-02
   8.6850000e+01   1.7379560e-02
   8.7300000e+01   1.2663767e-02
   8.7750000e+01   7.8347123e-03
   8.8200000e+01   2.8982565e-03
   8.8650000e+01  -2.1395408e-03
   8.9100000e+01  -7.2724360e-03
   8.9550000e+01  -1.2494019e-02
   9.0000000e+01  -1.7797732e-02
