  -9.0000000e+01   1.0536797e-01
  -8.9550000e+01   1.0530795e-01
  -8.9100000e+01   1.0519722e-01
  -8.8650000e+01   1.0503702e-01
  -8.8200000e+01   1.0482861e-01
  -8.7750000e+01   1.0457323e-01
  -8.7300000e+01   1.0427212e-01
  -8.6850000e+01   1.0392655e-01
  -8.6400000e+01   1.0353777e-01
  -8.5950000e+01   1.0310703e-01
  -8.5500000e+01   1.0263557e-01
  -8.5050000e+01   1.0212466e-01
  -8.4600000e+01   1.0157554e-01
  -8.4150000e+01   1.0098946e-01
  -8.3700000e+01   1.0036765e-01
  -8.3250000e+01   9.9711355e-02
  -8.2800000e+01   9.9021806e-02
  -8.2350000e+01   9.8300229e-02
  -8.1900000e+01   9.7547843e-02
  -8.1450000e+01   9.6765860e-02
  -8.1000000e+01   9.5955485e-02
  -8.0550000e+01   9.5117914e-02
  -8.0100000e+01   9.4254332e-02
  -7.9650000e+01   9.3365917e-02
  -7.9200000e+01   9.2453835e-02
  -7.8750000e+01   9.1519241e-02
  -7.8300000e+01   9.0563280e-02
  -7.7850000e+01   8.9587081e-02
  -7.7400000e+01   8.8591764e-02
  -7.6950000e+01   8.7578433e-02
  -7.6500000e+01   8.6548181e-02
  -7.6050000e+01   8.5502083e-02
  -7.5600000e+01   8.4441202e-02
  -7.5150000e+01   8.3366584e-02
  -7.4700000e+01   8.2279260e-02
  -7.4250000e+01   8.1180245e-02
  -7.3800000e+01   8.0070535e-02
  -7.3350000e+01   7.8951112e-02
  -7.2900000e+01   7.7822938e-02
  -7.2450000e+01   7.6686958e-02
  -7.2000000e+01   7.5544100e-02
  -7.1550000e+01   7.4395272e-02
  -7.1100000e+01   7.3241363e-02
  -7.0650000e+01   7.2083244e-02
  -7.0200000e+01   7.0921766e-02
  -6.9750000e+01   6.9757760e-02
  -6.9300000e+01   6.8592038e-02
  -6.8850000e+01   6.7425391e-02
  -6.8400000e+01   6.6258591e-02
  -6.7950000e+01   6.5092390e-02
  -6.7500000e+01   6.3927516e-02
  -6.7050000e+01   6.2764681e-02
  -6.6600000e+01   6.1604574e-02
  -6.6150000e+01   6.0447863e-02
  -6.5700000e+01   5.9295197e-02
  -6.5250000e+01   5.8147201e-02
  -6.4800000e+01   5.7004483e-02
  -6.4350000e+01   5.5867628e-02
  -6.3900000e+01   5.4737200e-02
  -6.3450000e+01   5.3613744e-02
  -6.3000000e+01   5.2497782e-02
  -6.2550000e+01   5.1389819e-02
  -6.2100000e+01   5.0290335e-02
  -6.1650000e+01   4.9199793e-02
  -6.1200000e+01   4.8118636e-02
  -6.0750000e+01   4.7047284e-02
  -6.0300000e+01   4.5986141e-02
  -5.9850000e+01   4.4935589e-02
  -5.9400000e+01   4.3895990e-02
  -5.8950000e+01   4.2867690e-02
  -5.8500000e+01   4.1851012e-02
  -5.8050000e+01   4.0846264e-02
  -5.7600000e+01   3.9853732e-02
  -5.7150000e+01   3.8873687e-02
  -5.6700000e+01   3.7906381e-02
  -5.6250000e+01   3.6952047e-02
  -5.5800000e+01   3.6010902e-02
  -5.5350000e+01   3.5083146e-02
  -5.4900000e+01   3.4168963e-02
  -5.4450000e+01   3.3268519e-02
  -5.4000000e+01   3.2381964e-02
  -5.3550000e+01   3.1509435e-02
  -5.3100000e+01   3.0651051e-02
  -5.2650000e+01   2.9806916e-02
  -5.2200000e+01   2.8977122e-02
  -5.1750000e+01   2.8161743e-02
  -5.1300000e+01   2.7360842e-02
  -5.0850000e+01   2.6574468e-02
  -5.0400000e+01   2.5802655e-02
  -4.9950000e+01   2.5045427e-02
  -4.9500000e+01   2.4302793e-02
  -4.9050000e+01   2.3574752e-02
  -4.8600000e+01   2.2861290e-02
  -4.8150000e+01   2.2162383e-02
  -4.7700000e+01   2.1477994e-02
  -4.7250000e+01   2.0808077e-02
  -4.6800000e+01   2.0152576e-02
  -4.6350000e+01   1.9511425e-02
  -4.5900000e+01   1.8884547e-02
  -4.5450000e+01   1.8271858e-02
  -4.5000000e+01   1.7673265e-02
  -4.4550000e+01   1.7088665e-02
  -4.4100000e+01   1.6517949e-02
  -4.3650000e+01   1.5960999e-02
  -4.3200000e+01   1.5417690e-02
  -4.2750000e+01   1.4887892e-02
  -4.2300000e+01   1.4371464e-02
  -4.1850000e+01   1.3868264e-02
  -4.1400000e+01   1.3378139e-02
  -4.0950000e+01   1.2900935e-02
  -4.0500000e+01   1.2436490e-02
  -4.0050000e+01   1.1984638e-02
  -3.9600000e+01   1.1545206e-02
  -3.9150000e+01   1.1118021e-02
  -3.8700000e+01   1.0702903e-02
  -3.8250000e+01   1.0299669e-02
  -3.7800000e+01   9.9081322e-03
  -3.7350000e+01   9.5281031e-03
  -3.6900000e+01   9.1593894e-03
  -3.6450000e+01   8.8017960e-03
  -3.6000000e+01   8.4551255e-03
  -3.5550000e+01   8.1191786e-03
  -3.5100000e+01   7.7937542e-03
  -3.4650000e+01   7.4786496e-03
  -3.4200000e+01   7.1736608e-03
  -3.3750000e+01   6.8785830e-03
  -3.3300000e+01   6.5932103e-03
  -3.2850000e+01   6.3173366e-03
  -3.2400000e+01   6.0507551e-03
  -3.1950000e+01   5.7932593e-03
  -3.1500000e+01   5.5446425e-03
  -3.1050000e+01   5.3046983e-03
  -3.0600000e+01   5.0732212e-03
  -3.0150000e+01   4.8500059e-03
  -2.9700000e+01   4.6348483e-03
  -2.9250000e+01   4.4275455e-03
  -2.8800000e+01   4.2278956e-03
  -2.8350000e+01   4.0356982e-03
  -2.7900000e+01   3.8507545e-03
  -2.7450000e+01   3.6728676e-03
  -2.7000000e+01   3.5018423e-03
  -2.6550000e+01   3.3374856e-03
  -2.6100000e+01   3.1796066e-03
  -2.5650000e+01   3.0280167e-03
  -2.5200000e+01   2.8825297e-03
  -2.4750000e+01   2.7429621e-03
  -2.4300000e+01   2.6091330e-03
  -2.3850000e+01   2.4808642e-03
  -2.3400000e+01   2.3579805e-03
  -2.2950000e+01   2.2403094e-03
  -2.2500000e+01   2.1276818e-03
  -2.2050000e+01   2.0199314e-03
  -2.1600000e+01   1.9168953e-03
  -2.1150000e+01   1.8184137e-03
  -2.0700000e+01   1.7243304e-03
  -2.0250000e+01   1.6344921e-03
  -1.9800000e+01   1.5487494e-03
  -1.9350000e+01   1.4669561e-03
  -1.8900000e+01   1.3889695e-03
  -1.8450000e+01   1.3146505e-03
  -1.8000000e+01   1.2438636e-03
  -1.7550000e+01   1.1764768e-03
  -1.7100000e+01   1.1123617e-03
  -1.6650000e+01   1.0513935e-03
  -1.6200000e+01   9.9345105e-04
  -1.5750000e+01   9.3841684e-04
  -1.5300000e+01   8.8617693e-04
  -1.4850000e+01   8.3662100e-04
  -1.4400000e+01   7.8964234e-04
  -1.3950000e+01   7.4513783e-04
  -1.3500000e+01   7.0300795e-04
  -1.3050000e+01   6.6315673e-04
  -1.2600000e+01   6.2549172e-04
  -1.2150000e+01   5.8992403e-04
  -1.1700000e+01   5.5636825e-04
  -1.1250000e+01   5.2474244e-04
  -1.0800000e+01   4.9496809e-04
  -1.0350000e+01   4.6697013e-04
  -9.9000000e+00   4.4067687e-04
  -9.4500000e+00   4.1601996e-04
  -9.0000000e+00   3.9293439e-04
  -8.5500000e+00   3.7135842e-04
  -8.1000000e+00   3.5123360e-04
  -7.6500000e+00   3.3250468e-04
  -7.2000000e+00   3.1511962e-04
  -6.7500000e+00   2.9902954e-04
  -6.3000000e+00   2.8418870e-04
  -5.8500000e+00   2.7055445e-04
  -5.4000000e+00   2.5808725e-04
  -4.9500000e+00   2.4675057e-04
  -4.5000000e+00   2.3651092e-04
  -4.0500000e+00   2.2733782e-04
  -3.6000000e+00   2.1920375e-04
  -3.1500000e+00   2.1208415e-04
  -2.7000000e+00   2.0595739e-04
  -2.2500000e+00   2.0080478e-04
  -1.8000000e+00   1.9661051e-04
  -1.3500000e+00   1.9336166e-04
  -9.0000000e-01   1.9104822e-04
  -4.5000000e-01   1.8966301e-04
   0.0000000e+00   1.8920175e-04
   4.5000000e-01   1.8966301e-04
   9.0000000e-01   1.9104822e-04
   1.3500000e+00   1.9336166e-04
   1.8000000e+00   1.9661051e-04
   2.2500000e+00   2.0080478e-04
   2.7000000e+00   2.0595739e-04
   3.1500000e+00   2.1208415e-04
   3.6000000e+00   2.1920375e-04
   4.0500000e+00   2.2733782e-04
   4.5000000e+00   2.3651092e-04
   4.9500000e+00   2.4675057e-04
   5.4000000e+00   2.5808725e-04
   5.8500000e+00   2.7055445e-04
   6.3000000e+00   2.8418870e-04
   6.7500000e+00   2.9902954e-04
   7.2000000e+00   3.1511962e-04
   7.6500000e+00   3.3250468e-04
   8.1000000e+00   3.5123360e-04
   8.5500000e+00   3.7135842e-04
   9.0000000e+00   3.9293439e-04
   9.4500000e+00   4.1601996e-04
   9.9000000e+00   4.4067687e-04
   1.0350000e+01   4.6697013e-04
   1.0800000e+01   4.9496809e-04
   1.1250000e+01   5.2474244e-04
   1.1700000e+01   5.5636825e-04
   1.2150000e+01   5.8992403e-04
   1.2600000e+01   6.2549172e-04
   1.3050000e+01   6.6315673e-04
   1.3500000e+01   7.0300795e-04
   1.3950000e+01   7.4513783e-04
   1.4400000e+01   7.8964234e-04
   1.4850000e+01   8.3662100e-04
   1.5300000e+01   8.8617693e-04
   1.5750000e+01   9.3841684e-04
   1.6200000e+01   9.9345105e-04
   1.6650000e+01   1.0513935e-03
   1.7100000e+01   1.1123617e-03
   1.7550000e+01   1.1764768e-03
   1.8000000e+01   1.2438636e-03
   1.8450000e+01   1.3146505e-03
   1.8900000e+01   1.3889695e-03
   1.9350000e+01   1.4669561e-03
   1.9800000e+01   1.5487494e-03
   2.0250000e+01   1.6344921e-03
   2.0700000e+01   1.7243304e-03
   2.1150000e+01   1.8184137e-03
   2.1600000e+01   1.9168953e-03
   2.2050000e+01   2.0199314e-03
   2.2500000e+01   2.1276818e-03
   2.2950000e+01   2.2403094e-03
   2.3400000e+01   2.3579805e-03
   2.3850000e+01   2.4808642e-03
   2.4300000e+01   2.6091330e-03
   2.4750000e+01   2.7429621e-03
   2.5200000e+01   2.8825297e-03
   2.5650000e+01   3.0280167e-03
   2.6100000e+01   3.1796066e-03
   2.6550000e+01   3.3374856e-03
   2.7000000e+01   3.5018423e-03
   2.7450000e+01   3.6728676e-03
   2.7900000e+01   3.8507545e-03
   2.8350000e+01   4.0356982e-03
   2.8800000e+01   4.2278956e-03
   2.9250000e+01   4.4275455e-03
   2.9700000e+01   4.6348483e-03
   3.0150000e+01   4.8500059e-03
   3.0600000e+01   5.0732212e-03
   3.1050000e+01   5.3046983e-03
   3.1500000e+01   5.5446425e-03
   3.1950000e+01   5.7932593e-03
   3.2400000e+01   6.0507551e-03
   3.2850000e+01   6.3173366e-03
   3.3300000e+01   6.5932103e-03
   3.3750000e+01   6.8785830e-03
   3.4200000e+01   7.1736608e-03
   3.4650000e+01   7.4786496e-03
   3.5100000e+01   7.7937542e-03
   3.5550000e+01   8.1191786e-03
   3.6000000e+01   8.4551255e-03
   3.6450000e+01   8.8017960e-03
   3.6900000e+01   9.1593894e-03
   3.7350000e+01   9.5281031e-03
   3.7800000e+01   9.9081322e-03
   3.8250000e+01   1.0299669e-02
   3.8700000e+01   1.0702903e-02
   3.9150000e+01   1.1118021e-02
   3.9600000e+01   1.1545206e-02
   4.0050000e+01   1.1984638e-02
   4.0500000e+01   1.2436490e-02
   4.0950000e+01   1.2900935e-02
   4.1400000e+01   1.3378139e-02
   4.1850000e+01   1.3868264e-02
   4.2300000e+01   1.4371464e-02
   4.2750000e+01   1.4887892e-02
   4.3200000e+01   1.5417690e-02
   4.3650000e+01   1.5960999e-02
   4.4100000e+01   1.6517949e-02
   4.4550000e+01   1.7088665e-02
   4.5000000e+01   1.7673265e-02
   4.5450000e+01   1.8271858e-02
   4.5900000e+01   1.8884547e-02
   4.6350000e+01   1.9511425e-02
   4.6800000e+01   2.0152576e-02
   4.7250000e+01   2.0808077e-02
   4.7700000e+01   2.1477994e-02
   4.8150000e+01   2.2162383e-02
   4.8600000e+01   2.2861290e-02
   4.9050000e+01   2.3574752e-02
   4.9500000e+01   2.4302793e-02
   4.9950000e+01   2.5045427e-02
   5.0400000e+01   2.5802655e-02
   5.0850000e+01   2.6574468e-02
   5.1300000e+01   2.7360842e-02
   5.1750000e+01   2.8161743e-02
   5.2200000e+01   2.8977122e-02
   5.2650000e+01   2.9806916e-02
   5.3100000e+01   3.0651051e-02
   5.3550000e+01   3.1509435e-02
   5.4000000e+01   3.2381964e-02
   5.4450000e+01   3.3268519e-02
   5.4900000e+01   3.4168963e-02
   5.5350000e+01   3.5083146e-02
   5.5800000e+01   3.6010902e-02
   5.6250000e+01   3.6952047e-02
   5.6700000e+01   3.7906381e-02
   5.7150000e+01   3.8873687e-02
   5.7600000e+01   3.9853732e-02
   5.8050000e+01   4.0846264e-02
   5.8500000e+01   4.1851012e-02
   5.8950000e+01   4.2867690e-02
   5.9400000e+01   4.3895990e-02
   5.9850000e+01   4.4935589e-02
   6.0300000e+01   4.5986141e-02
   6.0750000e+01   4.7047284e-02
   6.1200000e+01   4.8118636e-02
   6.1650000e+01   4.9199793e-02
   6.2100000e+01   5.0290335e-02
   6.2550000e+01   5.1389819e-02
   6.3000000e+01   5.2497782e-02
   6.3450000e+01   5.3613744e-02
   6.3900000e+01   5.4737200e-02
   6.4350000e+01   5.5867628e-02
   6.4800000e+01   5.7004483e-02
   6.5250000e+01   5.8147201e-02
   6.5700000e+01   5.9295197e-02
   6.6150000e+01   6.0447863e-02
   6.6600000e+01   6.1604574e-02
   6.7050000e+01   6.2764681e-02
   6.7500000e+01   6.3927516e-02
   6.7950000e+01   6.5092390e-02
   6.8400000e+01   6.6258591e-02
   6.8850000e+01   6.7425391e-02
   6.9300000e+01   6.8592038e-02
   6.9750000e+01   6.9757760e-02
   7.0200000e+01   7.0921766e-02
   7.0650000e+01   7.2083244e-02
   7.1100000e+01   7.3241363e-02
   7.1550000e+01   7.4395272e-02
   7.2000000e+01   7.5544100e-02
   7.2450000e+01   7.6686958e-02
   7.2900000e+01   7.7822938e-02
   7.3350000e+01   7.8951112e-02
   7.3800000e+01   8.0070535e-02
   7.4250000e+01   8.1180245e-02
   7.4700000e+01   8.2279260e-02
   7.5150000e+01   8.3366584e-02
   7.5600000e+01   8.4441202e-02
   7.6050000e+01   8.5502083e-02
   7.6500000e+01   8.6548181e-02
   7.6950000e+01   8.7578433e-02
   7.7400000e+01   8.8591764e-02
   7.7850000e+01   8.9587081e-02
   7.8300000e+01   9.0563280e-02
   7.8750000e+01   9.1519241e-02
   7.9200000e+01   9.2453835e-02
   7.9650000e+01   9.3365917e-02
   8.0100000e+01   9.4254332e-02
   8.0550000e+01   9.5117914e-02
   8.1000000e+01   9.5955485e-02
   8.1450000e+01   9.6765860e-02
   8.1900000e+01   9.7547843e-02
   8.2350000e+01   9.8300229e-02
   8.2800000e+01   9.9021806e-02
   8.3250000e+01   9.9711355e-02
   8.3700000e+01   1.0036765e-01
   8.4150000e+01   1.0098946e-01
   8.4600000e+01   1.0157554e-01
   8.5050000e+01   1.0212466e-01
   8.5500000e+01   1.0263557e-01
   8.5950000e+01   1.0310703e-01
   8.6400000e+01   1.0353777e-01
   8.6850000e+01   1.0392655e-01
   8.7300000e+01   1.0427212e-01
   8.7750000e+01   1.0457323e-01
   8.8200000e+01   1.0482861e-01
   8.8650000e+01   1.0503702e-01
   8.9100000e+01   1.0519722e-01
   8.9550000e+01   1.0530795e-01
   9.0000000e+01   1.0536797e-01
