  -9.0000000e+01 -7.3591769e-200  -5.2725510e-69  -1.0198674e-24  -6.6609526e-10  -5.3922845e-05  -1.5137348e-03  -5.4401571e-03  -9.7277103e-03   2.2486810e-03   1.7047056e-02   2.3862182e-02
  -8.9550000e+01 -6.0191222e-194  -5.1663234e-67  -3.3542583e-24  -9.4592820e-10  -5.7246453e-05  -1.4749206e-03  -5.2923585e-03  -9.3772993e-03   2.5474914e-03   1.7176152e-02   2.3909170e-02
  -8.9100000e+01 -4.7477775e-188  -4.6850026e-65  -1.0686634e-23  -1.3309962e-09  -6.0477068e-05  -1.4326398e-03  -5.1414113e-03  -9.0256750e-03   2.8451935e-03   1.7304614e-02   2.3955923e-02
  -8.8650000e+01 -3.4989724e-182  -3.6623293e-63  -3.2757832e-23  -1.8531222e-09  -6.3544826e-05  -1.3868195e-03  -4.9872703e-03  -8.6728648e-03   3.1417808e-03   1.7432439e-02   2.4002440e-02
  -8.8200000e+01 -2.2176914e-176  -2.1299853e-61  -9.5452656e-23  -2.5485657e-09  -6.6367317e-05  -1.3373904e-03  -4.8298900e-03  -8.3188963e-03   3.4372468e-03   1.7559629e-02   2.4048723e-02
  -8.7750000e+01 -8.3728715e-171  -6.1497435e-60  -2.5854463e-22  -3.4545022e-09  -6.8848303e-05  -1.2842874e-03  -4.6692249e-03  -7.9637974e-03   3.7315849e-03   1.7686183e-02   2.4094770e-02
  -8.7300000e+01  7.2332544e-165   2.5201823e-58  -6.2047629e-22  -4.6012356e-09  -7.0876415e-05  -1.2274496e-03  -4.5052290e-03  -7.6075966e-03   4.0247888e-03   1.7812101e-02   2.4140582e-02
  -8.6850000e+01  2.5409371e-158   4.6458367e-56  -1.1475581e-21  -5.9971508e-09  -7.2323842e-05  -1.1668205e-03  -4.3378566e-03  -7.2503225e-03   4.3168520e-03   1.7937382e-02   2.4186159e-02
  -8.6400000e+01  4.1803764e-152   3.7583301e-54  -5.0943219e-22  -7.6017627e-09  -7.3045035e-05  -1.1023485e-03  -4.1670616e-03  -6.8920041e-03   4.6077682e-03   1.8062027e-02   2.4231500e-02
  -8.5950000e+01  2.2759027e-146   2.2795659e-52   9.5350326e-21  -9.2798378e-09  -7.2875455e-05  -1.0339865e-03  -3.9927982e-03  -6.5326707e-03   4.8975311e-03   1.8186035e-02   2.4276607e-02
  -8.5500000e+01  2.7736065e-141   1.0696670e-50   6.7440434e-20  -1.0726177e-08  -7.1630387e-05  -9.6169246e-04  -3.8150204e-03  -6.1723520e-03   5.1861344e-03   1.8309407e-02   2.4321478e-02
  -8.5050000e+01  9.8749597e-137   2.6626275e-49   3.3173547e-19  -1.1345939e-08  -6.9103852e-05  -8.8542939e-04  -3.6336824e-03  -5.8110779e-03   5.4735719e-03   1.8432141e-02   2.4366114e-02
  -8.4600000e+01 -1.0819447e-130  -2.0231633e-47   1.4267617e-18  -1.0068938e-08  -6.5067654e-05  -8.0516534e-04  -3.4487387e-03  -5.4488788e-03   5.7598373e-03   1.8554238e-02   2.4410514e-02
  -8.4150000e+01 -7.4232036e-125  -4.2809187e-45   5.8824268e-18  -5.0677199e-09  -5.9270586e-05  -7.2087352e-04  -3.2601439e-03  -5.0857853e-03   6.0449246e-03   1.8675697e-02   2.4454680e-02
  -8.3700000e+01 -1.2467545e-119  -4.7304540e-43   2.4856368e-17   6.6621549e-09  -5.1437842e-05  -6.3253228e-04  -3.0678530e-03  -4.7218283e-03   6.3288275e-03   1.8796519e-02   2.4498610e-02
  -8.3250000e+01 -6.4440504e-115  -3.6504283e-41   1.1116119e-16   2.9915911e-08  -4.1270679e-05  -5.4012508e-04  -2.8718214e-03  -4.3570389e-03   6.6115401e-03   1.8916703e-02   2.4542305e-02
  -8.2800000e+01 -1.8324061e-110  -1.3519439e-39   5.1275950e-16   7.2162343e-08  -2.8446341e-05  -4.4364045e-04  -2.6720049e-03  -3.9914486e-03   6.8930562e-03   1.9036249e-02   2.4585765e-02
  -8.2350000e+01  6.3611316e-106   4.2396157e-38   2.2988714e-15   1.4479363e-07  -1.2618317e-05  -3.4307187e-04  -2.4683598e-03  -3.6250894e-03   7.1733700e-03   1.9155157e-02   2.4628989e-02
  -8.1900000e+01  1.8306096e-100   4.3159174e-36   9.5516270e-15   2.6486816e-07   6.5830533e-06  -2.3841761e-04  -2.2608431e-03  -3.2579931e-03   7.4524754e-03   1.9273427e-02   2.4671979e-02
  -8.1450000e+01   2.0671238e-95   1.4573528e-34   3.6090868e-14   4.5750506e-07   2.9549587e-05  -1.2968058e-04  -2.0494125e-03  -2.8901921e-03   7.7303665e-03   1.9391058e-02   2.4714732e-02
  -8.1000000e+01   7.6236867e-91   3.5051114e-33   1.2431511e-13   7.5912613e-07   5.6693837e-05  -1.6868081e-05  -1.8340264e-03  -2.5217191e-03   8.0070375e-03   1.9508050e-02   2.4757251e-02
  -8.0550000e+01   5.9796070e-87   6.6315578e-32   3.9522677e-13   1.2217798e-06   8.8447224e-05   1.0000844e-04  -1.6146441e-03  -2.1526069e-03   8.2824826e-03   1.9624403e-02   2.4799535e-02
  -8.0100000e+01   1.8986822e-83   7.9444222e-31   1.1789758e-12   1.9188201e-06   1.2525770e-04   2.2093373e-04  -1.3912258e-03  -1.7828886e-03   8.5566959e-03   1.9740118e-02   2.4841583e-02
  -7.9650000e+01  -6.0511542e-79  -8.9751787e-30   3.3685141e-12   2.9522458e-06   1.6758689e-04   3.4588906e-04  -1.1637327e-03  -1.4125975e-03   8.8296717e-03   1.9855193e-02   2.4883396e-02
  -7.9200000e+01  -3.0018874e-74  -1.0989492e-27   9.4781704e-12   4.4620237e-06   2.1590681e-04   4.7485261e-04  -9.3212728e-04  -1.0417672e-03   9.1014044e-03   1.9969629e-02   2.4924973e-02
  -7.8750000e+01  -3.9938446e-70  -5.0147328e-26   2.7163976e-11   6.6377140e-06   2.7069596e-04   6.0779995e-04  -6.9637299e-04  -6.7043169e-04   9.3718882e-03   2.0083425e-02   2.4966315e-02
  -7.8300000e+01  -1.4914410e-66  -1.5771869e-24   8.1194710e-11   9.7326804e-06   3.3243499e-04   7.4470448e-04  -4.5643471e-04  -2.9862487e-04   9.6411176e-03   2.0196581e-02   2.5007422e-02
  -7.7850000e+01  -3.0843218e-63  -2.6034110e-23   2.5070997e-10   1.4081079e-05   4.0160189e-04   8.8553795e-04  -2.1227868e-04   7.3618954e-05   9.9090869e-03   2.0309098e-02   2.5048294e-02
  -7.7400000e+01   3.9429255e-60   2.1444592e-22   7.6731889e-10   2.0117676e-05   4.7866661e-04   1.0302710e-03   3.6127409e-05   4.4626529e-04   1.0175791e-02   2.0420974e-02   2.5088930e-02
  -7.6950000e+01   1.0403140e-55   1.1224242e-20   2.2288915e-09   2.8400348e-05   5.6408535e-04   1.1788739e-03   2.8881426e-04   8.1927946e-04   1.0441223e-02   2.0532210e-02   2.5129331e-02
  -7.6500000e+01   8.0116965e-52   1.5180271e-19   6.0039472e-09   3.9634797e-05   6.5829434e-04   1.3313169e-03   5.4581094e-04   1.1926266e-03   1.0705380e-02   2.0642806e-02   2.5169497e-02
  -7.6050000e+01   1.9045036e-48   1.4368242e-18   1.4959458e-08   5.4700715e-05   7.6170334e-04   1.4875710e-03   8.0714474e-04   1.5662716e-03   1.0968254e-02   2.0752762e-02   2.5209428e-02
  -7.5600000e+01   9.2018314e-46   1.0956014e-17   3.4793095e-08   7.4678142e-05   8.7468881e-04   1.6476089e-03   1.0728411e-03   1.9401792e-03   1.1229841e-02   2.0862077e-02   2.5249123e-02
  -7.5150000e+01   2.2256733e-43   6.0528354e-17   7.6595184e-08   1.0087235e-04   9.9758684e-04   1.8114053e-03   1.3429235e-03   2.3143140e-03   1.1490136e-02   2.0970750e-02   2.5288582e-02
  -7.4700000e+01  -2.0935302e-40   1.3569137e-17   1.6225404e-07   1.3483504e-04   1.1306859e-03   1.9789378e-03   1.6174134e-03   2.6886404e-03   1.1749132e-02   2.1078783e-02   2.5327807e-02
  -7.4250000e+01  -8.1645731e-37  -6.4603205e-15   3.3722781e-07   1.7837935e-04   1.2742198e-03   2.1501877e-03   1.8963301e-03   3.0631227e-03   1.2006826e-02   2.1186175e-02   2.5366796e-02
  -7.3800000e+01  -1.0012426e-33  -1.2934682e-13   7.0228235e-07   2.3358547e-04   1.4283603e-03   2.3251408e-03   2.1796906e-03   3.4377249e-03   1.2263211e-02   2.1292925e-02   2.5405550e-02
  -7.3350000e+01  -2.9963421e-31  -1.6844896e-12   1.4870489e-06   3.0279398e-04   1.5932101e-03   2.5037879e-03   2.4675096e-03   3.8124111e-03   1.2518283e-02   2.1399034e-02   2.5444068e-02
  -7.2900000e+01  -4.4801126e-29  -1.2255166e-11   3.1896272e-06   3.8858367e-04   1.7687963e-03   2.6861258e-03   2.7597996e-03   4.1871450e-03   1.2772036e-02   2.1504502e-02   2.5482351e-02
  -7.2450000e+01   1.6284507e-27   2.5212306e-11   6.7646510e-06   4.9373111e-04   1.9550642e-03   2.8721581e-03   3.0565701e-03   4.5618903e-03   1.3024466e-02   2.1609327e-02   2.5520399e-02
  -7.2000000e+01   5.1989406e-24   7.4952514e-10   1.3768459e-05   6.2114990e-04   2.1518719e-03   3.0618957e-03   3.3578285e-03   4.9366107e-03   1.3275568e-02   2.1713511e-02   2.5558211e-02
  -7.1550000e+01   2.6921566e-21   4.0513350e-09   2.6394478e-05   7.7380870e-04   2.3589850e-03   3.2553578e-03   3.6635791e-03   5.3112697e-03   1.3525335e-02   2.1817053e-02   2.5595788e-02
  -7.1100000e+01   3.6436229e-19   1.5130212e-08   4.7494900e-05   9.5462811e-04   2.5760736e-03   3.4525725e-03   3.9738235e-03   5.6858305e-03   1.3773765e-02   2.1919952e-02   2.5633129e-02
  -7.0650000e+01   9.8841136e-18   4.6980815e-08   8.0760982e-05   1.1663585e-03   2.8027091e-03   3.6535776e-03   4.2885607e-03   6.0602564e-03   1.4020850e-02   2.2022209e-02   2.5670236e-02
  -7.0200000e+01   1.6639114e-16   1.1939485e-07   1.3117848e-04   1.4114420e-03   3.0383634e-03   3.8584210e-03   4.6077862e-03   6.4345107e-03   1.4266588e-02   2.2123824e-02   2.5707106e-02
  -6.9750000e+01  -2.9898874e-15   1.8325486e-07   2.0593518e-04   1.6918654e-03   3.2824091e-03   4.0671617e-03   4.9314930e-03   6.8085565e-03   1.4510973e-02   2.2224796e-02   2.5743742e-02
  -6.9300000e+01  -1.2578416e-12  -4.5056242e-07   3.1615403e-04   2.0090087e-03   3.5341212e-03   4.2798701e-03   5.2596706e-03   7.1823569e-03   1.4754000e-02   2.2325125e-02   2.5780142e-02
  -6.8850000e+01  -2.4353727e-10  -6.1396254e-06   4.7974055e-04   2.3635018e-03   3.7926814e-03   4.4966285e-03   5.5923054e-03   7.5558747e-03   1.4995664e-02   2.2424811e-02   2.5816307e-02
  -6.8400000e+01  -4.0100575e-08  -3.5688553e-05   7.2435703e-04   2.7550952e-03   4.0571834e-03   4.7175320e-03   5.9293805e-03   7.9290730e-03   1.5235961e-02   2.2523855e-02   2.5852236e-02
  -6.7950000e+01  -4.9098575e-06  -1.1433317e-04   1.0864016e-03   3.1825584e-03   4.3266412e-03   4.9426885e-03   6.2708756e-03   8.3019147e-03   1.5474887e-02   2.2622255e-02   2.5887930e-02
  -6.7500000e+01   3.2220618e-09   6.4952659e-05   1.6001097e-03   3.6436129e-03   4.5999980e-03   5.1722191e-03   6.6167671e-03   8.6743627e-03   1.5712436e-02   2.2720012e-02   2.5923388e-02
  -6.7050000e+01   1.2061362e-03   1.0922129e-03   2.2789356e-03   4.1349090e-03   4.8761390e-03   5.4062584e-03   6.9670277e-03   9.0463796e-03   1.5948604e-02   2.2817125e-02   2.5958611e-02
  -6.6600000e+01   2.4214452e-03   2.3763610e-03   3.1055655e-03   4.6520508e-03   5.1539043e-03   5.6449550e-03   7.3216267e-03   9.4179285e-03   1.6183387e-02   2.2913595e-02   2.5993599e-02
  -6.6150000e+01   3.6310746e-03   3.6104422e-03   4.0419071e-03   5.1896720e-03   5.4321050e-03   5.8884713e-03   7.6805297e-03   9.7889721e-03   1.6416780e-02   2.3009421e-02   2.6028351e-02
  -6.5700000e+01   4.8394919e-03   4.8197765e-03   5.0474049e-03   5.7415592e-03   5.7095401e-03   6.1369834e-03   8.0436985e-03   1.0159473e-02   1.6648779e-02   2.3104603e-02   2.6062868e-02
  -6.5250000e+01   6.0465565e-03   6.0234220e-03   6.0893021e-03   6.3008186e-03   5.9850153e-03   6.3906813e-03   8.4110915e-03   1.0529395e-02   1.6879380e-02   2.3199142e-02   2.6097149e-02
  -6.4800000e+01   7.2561364e-03   7.2265359e-03   7.1426602e-03   6.8600758e-03   6.2573627e-03   6.6497689e-03   8.7826630e-03   1.0898699e-02   1.7108577e-02   2.3293036e-02   2.6131195e-02
  -6.4350000e+01   8.5366674e-03   8.4320351e-03   8.1856973e-03   7.4117005e-03   6.5254615e-03   6.9144632e-03   9.1583636e-03   1.1267350e-02   1.7336367e-02   2.3386286e-02   2.6165006e-02
  -6.3900000e+01   1.0602405e-02   9.6464157e-03   9.1942044e-03   7.9480406e-03   6.7882591e-03   7.1849944e-03   9.5381400e-03   1.1635309e-02   1.7562746e-02   2.3478892e-02   2.6198581e-02
  -6.3450000e+01   1.3017663e-02   1.0887484e-02   1.0136714e-02   8.4616571e-03   7.0447924e-03   7.4616051e-03   9.9219351e-03   1.2002541e-02   1.7787709e-02   2.3570853e-02   2.6231920e-02
  -6.3000000e+01   1.3323773e-02   1.2167347e-02   1.0973701e-02   8.9455449e-03   7.2942089e-03   7.7445499e-03   1.0309688e-02   1.2369007e-02   1.8011252e-02   2.3662170e-02   2.6265024e-02
  -6.2550000e+01   1.3333285e-02   1.3203913e-02   1.1666282e-02   9.3933317e-03   7.5357867e-03   8.0340945e-03   1.0701333e-02   1.2734671e-02   1.8233371e-02   2.3752842e-02   2.6297893e-02
  -6.2100000e+01   1.3333353e-02   1.3440038e-02   1.2193718e-02   9.7994456e-03   7.7689546e-03   8.3305153e-03   1.1096802e-02   1.3099496e-02   1.8454063e-02   2.3842869e-02   2.6330526e-02
  -6.1650000e+01   1.3333335e-02   1.3371650e-02   1.2564981e-02   1.0159246e-02   7.9933091e-03   8.6340979e-03   1.1496021e-02   1.3463445e-02   1.8673322e-02   2.3932251e-02   2.6362924e-02
  -6.1200000e+01   1.3333333e-02   1.3340377e-02   1.2811076e-02   1.0469119e-02   8.2086315e-03   8.9451361e-03   1.1898915e-02   1.3826481e-02   1.8891145e-02   2.4020988e-02   2.6395087e-02
  -6.0750000e+01   1.3333333e-02   1.3333931e-02   1.2966756e-02   1.0726527e-02   8.4149011e-03   9.2639313e-03   1.2305400e-02   1.4188568e-02   1.9107529e-02   2.4109080e-02   2.6427014e-02
  -6.0300000e+01   1.3333333e-02   1.3333114e-02   1.3058331e-02   1.0930034e-02   8.6123077e-03   9.5907904e-03   1.2715394e-02   1.4549670e-02   1.9322468e-02   2.4196527e-02   2.6458705e-02
  -5.9850000e+01   1.3333333e-02   1.3333111e-02   1.3101338e-02   1.1079290e-02   8.8012599e-03   9.9260248e-03   1.3128807e-02   1.4909749e-02   1.9535960e-02   2.4283328e-02   2.6490161e-02
  -5.9400000e+01   1.3333333e-02   1.3333352e-02   1.3102501e-02   1.1174998e-02   8.9823919e-03   1.0269949e-02   1.3545546e-02   1.5268769e-02   1.9748001e-02   2.4369484e-02   2.6521382e-02
  -5.8950000e+01   1.3333333e-02   1.3335307e-02   1.3061365e-02   1.1218858e-02   9.1565665e-03   1.0622879e-02   1.3965515e-02   1.5626695e-02   1.9958586e-02   2.4454994e-02   2.6552367e-02
  -5.8500000e+01   1.3333334e-02   1.3345910e-02   1.2970616e-02   1.1213501e-02   9.3248751e-03   1.0985129e-02   1.4388612e-02   1.5983489e-02   2.0167712e-02   2.4539858e-02   2.6583116e-02
  -5.8050000e+01   1.3333341e-02   1.3378135e-02   1.2816915e-02   1.1162409e-02   9.4886350e-03   1.1357012e-02   1.4814734e-02   1.6339117e-02   2.0375376e-02   2.4624077e-02   2.6613630e-02
  -5.7600000e+01   1.3333349e-02   1.3347251e-02   1.2585483e-02   1.1069835e-02   9.6493827e-03   1.1738836e-02   1.5243771e-02   1.6693542e-02   2.0581573e-02   2.4707649e-02   2.6643909e-02
  -5.7150000e+01   1.3332483e-02   1.2958606e-02   1.2268965e-02   1.0940714e-02   9.8088651e-03   1.2130904e-02   1.5675613e-02   1.7046728e-02   2.0786300e-02   2.4790576e-02   2.6673952e-02
  -5.6700000e+01   1.3308946e-02   1.2333759e-02   1.1874028e-02   1.0780577e-02   9.9690269e-03   1.2533508e-02   1.6110143e-02   1.7398641e-02   2.0989554e-02   2.4872856e-02   2.6703760e-02
  -5.6250000e+01   1.2940461e-02   1.1698053e-02   1.1418712e-02   1.0595454e-02   1.0131995e-02   1.2946932e-02   1.6547241e-02   1.7749244e-02   2.1191331e-02   2.4954490e-02   2.6733332e-02
  -5.5800000e+01   1.1513927e-02   1.1078690e-02   1.0923841e-02   1.0391791e-02   1.0300062e-02   1.3371444e-02   1.6986785e-02   1.8098503e-02   2.1391627e-02   2.5035477e-02   2.6762668e-02
  -5.5350000e+01   1.0530851e-02   1.0468501e-02   1.0406955e-02   1.0176354e-02   1.0475664e-02   1.3807300e-02   1.7428649e-02   1.8446382e-02   2.1590440e-02   2.5115819e-02   2.6791769e-02
  -5.4900000e+01   9.8825327e-03   9.8618617e-03   9.8814309e-03   9.9561401e-03   1.0661358e-02   1.4254735e-02   1.7872701e-02   1.8792848e-02   2.1787765e-02   2.5195513e-02   2.6820635e-02
  -5.4450000e+01   9.2132559e-03   9.2542612e-03   9.3584959e-03   9.7382939e-03   1.0859799e-02   1.4713967e-02   1.8318809e-02   1.9137864e-02   2.1983599e-02   2.5274561e-02   2.6849265e-02
  -5.4000000e+01   8.0543639e-03   8.6402283e-03   8.8499837e-03   9.5300216e-03   1.1073711e-02   1.5185190e-02   1.8766836e-02   1.9481396e-02   2.2177939e-02   2.5352962e-02   2.6877660e-02
  -5.3550000e+01   6.8365128e-03   8.0114953e-03   8.3709072e-03   9.3385152e-03   1.1305864e-02   1.5668573e-02   1.9216642e-02   1.9823412e-02   2.2370782e-02   2.5430716e-02   2.6905819e-02
  -5.3100000e+01   6.6736014e-03   7.3665112e-03   7.9405282e-03   9.1708815e-03   1.1559037e-02   1.6164259e-02   1.9668085e-02   2.0163875e-02   2.2562124e-02   2.5507823e-02   2.6933742e-02
  -5.2650000e+01   6.6667829e-03   6.8113313e-03   7.5793397e-03   9.0340789e-03   1.1835997e-02   1.6672360e-02   2.0121019e-02   2.0502754e-02   2.2751963e-02   2.5584283e-02   2.6961430e-02
  -5.2200000e+01   6.6666521e-03   6.6169234e-03   7.3011800e-03   8.9348615e-03   1.2139463e-02   1.7192959e-02   2.0575294e-02   2.0840013e-02   2.2940294e-02   2.5660096e-02   2.6988883e-02
  -5.1750000e+01   6.6666642e-03   6.6404525e-03   7.1062926e-03   8.8797330e-03   1.2472080e-02   1.7726103e-02   2.1030760e-02   2.1175620e-02   2.3127116e-02   2.5735261e-02   2.7016100e-02
  -5.1300000e+01   6.6666664e-03   6.6610178e-03   6.9830366e-03   8.8749060e-03   1.2836385e-02   1.8271804e-02   2.1487263e-02   2.1509541e-02   2.3312424e-02   2.5809779e-02   2.7043081e-02
  -5.0850000e+01   6.6666667e-03   6.6660540e-03   6.9165258e-03   8.9262695e-03   1.3234782e-02   1.8830036e-02   2.1944647e-02   2.1841744e-02   2.3496217e-02   2.5883650e-02   2.7069827e-02
  -5.0400000e+01   6.6666667e-03   6.6668438e-03   6.8959247e-03   9.0393602e-03   1.3669512e-02   1.9400734e-02   2.2402752e-02   2.2172197e-02   2.3678490e-02   2.5956873e-02   2.7096338e-02
  -4.9950000e+01   6.6666667e-03   6.6669507e-03   6.9170373e-03   9.2193363e-03   1.4142624e-02   1.9983792e-02   2.2861417e-02   2.2500865e-02   2.3859241e-02   2.6029449e-02   2.7122612e-02
  -4.9500000e+01   6.6666667e-03   6.6667732e-03   6.9825801e-03   9.4709525e-03   1.4655951e-02   2.0579060e-02   2.3320481e-02   2.2827719e-02   2.4038466e-02   2.6101376e-02   2.7148652e-02
  -4.9050000e+01   6.6666666e-03   6.6643118e-03   7.1030112e-03   9.7985347e-03   1.5211089e-02   2.1186346e-02   2.3779778e-02   2.3152725e-02   2.4216164e-02   2.6172656e-02   2.7174455e-02
  -4.8600000e+01   6.6666658e-03   6.6495992e-03   7.2986208e-03   1.0205952e-02   1.5809368e-02   2.1805412e-02   2.4239141e-02   2.3475852e-02   2.4392331e-02   2.6243288e-02   2.7200024e-02
  -4.8150000e+01   6.6666589e-03   6.5979735e-03   7.6004442e-03   1.0696589e-02   1.6451840e-02   2.2435974e-02   2.4698403e-02   2.3797069e-02   2.4566964e-02   2.6313272e-02   2.7225356e-02
  -4.7700000e+01   6.6666357e-03   6.5911801e-03   8.0444092e-03   1.1273311e-02   1.7139258e-02   2.3077701e-02   2.5157394e-02   2.4116344e-02   2.4740061e-02   2.6382608e-02   2.7250453e-02
  -4.7250000e+01   6.6672667e-03   7.1565033e-03   8.6558509e-03   1.1938437e-02   1.7872060e-02   2.3730216e-02   2.5615944e-02   2.4433647e-02   2.4911619e-02   2.6451295e-02   2.7275315e-02
  -4.6800000e+01   6.6893417e-03   8.3423707e-03   9.4342887e-03   1.2693705e-02   1.8650363e-02   2.4393095e-02   2.6073882e-02   2.4748948e-02   2.5081635e-02   2.6519335e-02   2.7299941e-02
  -4.6350000e+01   7.1253749e-03   9.6309899e-03   1.0354418e-02   1.3540240e-02   1.9473950e-02   2.5065865e-02   2.6531033e-02   2.5062216e-02   2.5250106e-02   2.6586726e-02   2.7324331e-02
  -4.5900000e+01   9.7389552e-03   1.0886490e-02   1.1382227e-02   1.4478520e-02   2.0342263e-02   2.5748008e-02   2.6987227e-02   2.5373421e-02   2.5417030e-02   2.6653468e-02   2.7348486e-02
  -4.5450000e+01   1.1991235e-02   1.2115849e-02   1.2489923e-02   1.5508349e-02   2.1254407e-02   2.6438961e-02   2.7442288e-02   2.5682533e-02   2.5582404e-02   2.6719562e-02   2.7372405e-02
  -4.5000000e+01   1.3333333e-02   1.3333709e-02   1.3661252e-02   1.6628820e-02   2.2209147e-02   2.7138112e-02   2.7896043e-02   2.5989524e-02   2.5746226e-02   2.6785008e-02   2.7396089e-02
  -4.4550000e+01   1.4675432e-02   1.4551247e-02   1.4890927e-02   1.7838285e-02   2.3204912e-02   2.7844808e-02   2.8348318e-02   2.6294364e-02   2.5908493e-02   2.6849804e-02   2.7419537e-02
  -4.4100000e+01   1.6927711e-02   1.5776690e-02   1.6183742e-02   1.9134325e-02   2.4239804e-02   2.8558352e-02   2.8798940e-02   2.6597025e-02   2.6069203e-02   2.6913952e-02   2.7442750e-02
  -4.3650000e+01   1.9541291e-02   1.7007759e-02   1.7555415e-02   2.0513719e-02   2.5311609e-02   2.9278005e-02   2.9247735e-02   2.6897477e-02   2.6228353e-02   2.6977452e-02   2.7465727e-02
  -4.3200000e+01   1.9977313e-02   1.8203944e-02   1.9033167e-02   2.1972425e-02   2.6417811e-02   3.0002991e-02   2.9694529e-02   2.7195694e-02   2.6385940e-02   2.7040302e-02   2.7488468e-02
  -4.2750000e+01   1.9999339e-02   1.9330469e-02   2.0650440e-02   2.3505564e-02   2.7555611e-02   3.0732495e-02   3.0139151e-02   2.7491647e-02   2.6541963e-02   2.7102503e-02   2.7510974e-02
  -4.2300000e+01   2.0000790e-02   2.0842598e-02   2.2431899e-02   2.5107425e-02   2.8721942e-02   3.1465667e-02   3.0581429e-02   2.7785308e-02   2.6696419e-02   2.7164055e-02   2.7533244e-02
  -4.1850000e+01   2.0034795e-02   2.3133089e-02   2.4377003e-02   2.6771478e-02   2.9913500e-02   3.2201626e-02   3.1021193e-02   2.8076652e-02   2.6849306e-02   2.7224958e-02   2.7555279e-02
  -4.1400000e+01   2.0772970e-02   2.5663349e-02   2.6458560e-02   2.8490411e-02   3.1126763e-02   3.2939461e-02   3.1458274e-02   2.8365650e-02   2.7000621e-02   2.7285212e-02   2.7577078e-02
  -4.0950000e+01   2.5796304e-02   2.8165599e-02   2.8637641e-02   3.0256189e-02   3.2358022e-02   3.3678235e-02   3.1892505e-02   2.8652276e-02   2.7150362e-02   2.7344817e-02   2.7598641e-02
  -4.0500000e+01   3.0416085e-02   3.0623348e-02   3.0878878e-02   3.2060123e-02   3.3603413e-02   3.4416986e-02   3.2323720e-02   2.8936504e-02   2.7298528e-02   2.7403772e-02   2.7619969e-02
  -4.0050000e+01   3.3109740e-02   3.3058011e-02   3.3155925e-02   3.3892966e-02   3.4858942e-02   3.5154734e-02   3.2751755e-02   2.9218309e-02   2.7445115e-02   2.7462078e-02   2.7641062e-02
  -3.9600000e+01   3.5760227e-02   3.5490645e-02   3.5449538e-02   3.5745018e-02   3.6120525e-02   3.5890481e-02   3.3176450e-02   2.9497664e-02   2.7590122e-02   2.7519734e-02   2.7661918e-02
  -3.9150000e+01   4.0046456e-02   3.7940381e-02   3.7743427e-02   3.7606237e-02   3.7384020e-02   3.6623217e-02   3.3597645e-02   2.9774545e-02   2.7733546e-02   2.7576741e-02   2.7682539e-02
  -3.8700000e+01   4.5516725e-02   4.0422976e-02   4.0020391e-02   3.9466368e-02   3.8645259e-02   3.7351921e-02   3.4015184e-02   3.0048926e-02   2.7875386e-02   2.7633098e-02   2.7702925e-02
  -3.8250000e+01   4.6603788e-02   4.2926016e-02   4.2259884e-02   4.1315063e-02   3.9900087e-02   3.8075568e-02   3.4428913e-02   3.0320784e-02   2.8015639e-02   2.7688806e-02   2.7723075e-02
  -3.7800000e+01   4.6664688e-02   4.5296017e-02   4.4439123e-02   4.3142006e-02   4.1144392e-02   3.8793130e-02   3.4838681e-02   3.0590093e-02   2.8154304e-02   2.7743863e-02   2.7742989e-02
  -3.7350000e+01   4.6667078e-02   4.7211408e-02   4.6539497e-02   4.4937039e-02   4.2374141e-02   3.9503582e-02   3.5244341e-02   3.0856831e-02   2.8291378e-02   2.7798271e-02   2.7762668e-02
  -3.6900000e+01   4.6687492e-02   4.8922863e-02   4.8554642e-02   4.6690279e-02   4.3585415e-02   4.0205904e-02   3.5645749e-02   3.1120973e-02   2.8426859e-02   2.7852029e-02   2.7782111e-02
  -3.6450000e+01   4.7176207e-02   5.0742647e-02   5.0491690e-02   4.8392229e-02   4.4774434e-02   4.0899084e-02   3.6042765e-02   3.1382497e-02   2.8560747e-02   2.7905137e-02   2.7801318e-02
  -3.6000000e+01   5.0829759e-02   5.2593540e-02   5.2363780e-02   5.0033896e-02   4.5937590e-02   4.1582126e-02   3.6435251e-02   3.1641379e-02   2.8693037e-02   2.7957595e-02   2.7820290e-02
  -3.5550000e+01   5.4306434e-02   5.4429485e-02   5.4181363e-02   5.1606891e-02   4.7071475e-02   4.2254049e-02   3.6823076e-02   3.1897598e-02   2.8823730e-02   2.8009403e-02   2.7839026e-02
  -3.5100000e+01   5.6314265e-02   5.6251844e-02   5.5947920e-02   5.3103533e-02   4.8172899e-02   4.2913894e-02   3.7206110e-02   3.2151130e-02   2.8952823e-02   2.8060561e-02   2.7857527e-02
  -3.4650000e+01   5.8259221e-02   5.8071964e-02   5.7658824e-02   5.4516951e-02   4.9238916e-02   4.3560726e-02   3.7584229e-02   3.2401954e-02   2.9080314e-02   2.8111068e-02   2.7875791e-02
  -3.4200000e+01   6.1208447e-02   5.9902659e-02   5.9299914e-02   5.5841176e-02   5.0266840e-02   4.4193637e-02   3.7957314e-02   3.2650049e-02   2.9206201e-02   2.8160926e-02   2.7893821e-02
  -3.3750000e+01   6.5488050e-02   6.1760803e-02   6.0844207e-02   5.7071229e-02   5.1254258e-02   4.4811749e-02   3.8325249e-02   3.2895394e-02   2.9330483e-02   2.8210133e-02   2.7911614e-02
  -3.3300000e+01   6.6593505e-02   6.3667937e-02   6.2248860e-02   5.8203204e-02   5.2199039e-02   4.5414222e-02   3.8687924e-02   3.3137967e-02   2.9453158e-02   2.8258689e-02   2.7929172e-02
  -3.2850000e+01   6.6664115e-02   6.5542484e-02   6.3459628e-02   5.9234324e-02   5.3099344e-02   4.6000248e-02   3.9045234e-02   3.3377749e-02   2.9574224e-02   2.8306596e-02   2.7946495e-02
  -3.2400000e+01   6.6666714e-02   6.6708420e-02   6.4430254e-02   6.0162996e-02   5.3953625e-02   4.6569064e-02   3.9397078e-02   3.3614719e-02   2.9693680e-02   2.8353851e-02   2.7963582e-02
  -3.1950000e+01   6.6666690e-02   6.6801074e-02   6.5148810e-02   6.0988831e-02   5.4760625e-02   4.7119947e-02   3.9743362e-02   3.3848857e-02   2.9811524e-02   2.8400456e-02   2.7980433e-02
  -3.1500000e+01   6.6666670e-02   6.6704408e-02   6.5645745e-02   6.1712648e-02   5.5519371e-02   4.7652219e-02   4.0083996e-02   3.4080144e-02   2.9927755e-02   2.8446411e-02   2.7997048e-02
  -3.1050000e+01   6.6666667e-02   6.6672626e-02   6.5974328e-02   6.2336446e-02   5.6229171e-02   4.8165251e-02   4.0418896e-02   3.4308561e-02   3.0042370e-02   2.8491715e-02   2.8013428e-02
  -3.0600000e+01   6.6666667e-02   6.6666843e-02   6.6184943e-02   6.2863355e-02   5.6889595e-02   4.8658463e-02   4.0747983e-02   3.4534090e-02   3.0155369e-02   2.8536368e-02   2.8029572e-02
  -3.0150000e+01   6.6666667e-02   6.6666301e-02   6.6312921e-02   6.3297567e-02   5.7500464e-02   4.9131326e-02   4.1071185e-02   3.4756710e-02   3.0266750e-02   2.8580371e-02   2.8045481e-02
  -2.9700000e+01   6.6666667e-02   6.6666419e-02   6.6378728e-02   6.3644241e-02   5.8061832e-02   4.9583365e-02   4.1388434e-02   3.4976406e-02   3.0376511e-02   2.8623723e-02   2.8061154e-02
  -2.9250000e+01   6.6666667e-02   6.6666914e-02   6.6391708e-02   6.3909399e-02   5.8573966e-02   5.0014159e-02   4.1699668e-02   3.5193158e-02   3.0484651e-02   2.8666423e-02   2.8076591e-02
  -2.8800000e+01   6.6666667e-02   6.6670173e-02   6.6352497e-02   6.4099801e-02   5.9037325e-02   5.0423341e-02   4.2004834e-02   3.5406949e-02   3.0591168e-02   2.8708473e-02   2.8091793e-02
  -2.8350000e+01   6.6666668e-02   6.6685821e-02   6.6253955e-02   6.4222812e-02   5.9452536e-02   5.0810603e-02   4.2303881e-02   3.5617763e-02   3.0696062e-02   2.8749872e-02   2.8106759e-02
  -2.7900000e+01   6.6666677e-02   6.6720018e-02   6.6083381e-02   6.4286258e-02   5.9820372e-02   5.1175694e-02   4.2596765e-02   3.5825582e-02   3.0799331e-02   2.8790620e-02   2.8121489e-02
  -2.7450000e+01   6.6666642e-02   6.6601956e-02   6.5829187e-02   6.4298267e-02   6.0141728e-02   5.1518420e-02   4.2883451e-02   3.6030391e-02   3.0900973e-02   2.8830717e-02   2.8135984e-02
  -2.7000000e+01   6.6661887e-02   6.6083674e-02   6.5490280e-02   6.4267105e-02   6.0417596e-02   5.1838645e-02   4.3163906e-02   3.6232172e-02   3.1000987e-02   2.8870163e-02   2.8150243e-02
  -2.6550000e+01   6.6508832e-02   6.5443744e-02   6.5079930e-02   6.4200990e-02   6.0649046e-02   5.2136290e-02   4.3438105e-02   3.6430911e-02   3.1099372e-02   2.8908958e-02   2.8164266e-02
  -2.6100000e+01   6.5301202e-02   6.4823215e-02   6.4620064e-02   6.4107903e-02   6.0837201e-02   5.2411337e-02   4.3706030e-02   3.6626591e-02   3.1196127e-02   2.8947102e-02   2.8178054e-02
  -2.5650000e+01   6.4268334e-02   6.4216041e-02   6.4132823e-02   6.3995388e-02   6.0983220e-02   5.2663823e-02   4.3967667e-02   3.6819198e-02   3.1291250e-02   2.8984594e-02   2.8191606e-02
  -2.5200000e+01   6.3628068e-02   6.3613328e-02   6.3636668e-02   6.3870345e-02   6.1088279e-02   5.2893842e-02   4.4223008e-02   3.7008716e-02   3.1384740e-02   2.9021435e-02   2.8204922e-02
  -2.4750000e+01   6.3023278e-02   6.3011803e-02   6.3147382e-02   6.3738826e-02   6.1153560e-02   5.3101545e-02   4.4472054e-02   3.7195132e-02   3.1476596e-02   2.9057625e-02   2.8218003e-02
  -2.4300000e+01   6.2419746e-02   6.2409663e-02   6.2681426e-02   6.3605839e-02   6.1180234e-02   5.3287138e-02   4.4714808e-02   3.7378430e-02   3.1566817e-02   2.9093163e-02   2.8230848e-02
  -2.3850000e+01   6.1815537e-02   6.1802151e-02   6.2260153e-02   6.3475166e-02   6.1169459e-02   5.3450880e-02   4.4951282e-02   3.7558598e-02   3.1655402e-02   2.9128051e-02   2.8243458e-02
  -2.3400000e+01   6.1210703e-02   6.1170336e-02   6.1913574e-02   6.3349219e-02   6.1122367e-02   5.3593082e-02   4.5181492e-02   3.7735621e-02   3.1742349e-02   2.9162286e-02   2.8255831e-02
  -2.2950000e+01   6.0600613e-02   6.0488940e-02   6.1679705e-02   6.3228930e-02   6.1040066e-02   5.3714109e-02   4.5405459e-02   3.7909487e-02   3.1827658e-02   2.9195870e-02   2.8267969e-02
  -2.2500000e+01   6.0000003e-02   6.0064953e-02   6.1593803e-02   6.3113686e-02   6.0923643e-02   5.3814372e-02   4.5623212e-02   3.8080182e-02   3.1911327e-02   2.9228803e-02   2.8279872e-02
  -2.2050000e+01   6.0600613e-02   6.0488939e-02   6.1669741e-02   6.3001340e-02   6.0774162e-02   5.3894333e-02   4.5834783e-02   3.8247693e-02   3.1993356e-02   2.9261084e-02   2.8291539e-02
  -2.1600000e+01   6.1210703e-02   6.1170332e-02   6.1889976e-02   6.2888265e-02   6.0592674e-02   5.3954495e-02   4.6040211e-02   3.8412009e-02   3.2073743e-02   2.9292714e-02   2.8302970e-02
  -2.1150000e+01   6.1815537e-02   6.1802137e-02   6.2215529e-02   6.2769494e-02   6.0380226e-02   5.3995409e-02   4.6239538e-02   3.8573117e-02   3.2152488e-02   2.9323692e-02   2.8314165e-02
  -2.0700000e+01   6.2419746e-02   6.2409618e-02   6.2604296e-02   6.2638907e-02   6.0137870e-02   5.4017665e-02   4.6432814e-02   3.8731006e-02   3.2229588e-02   2.9354018e-02   2.8325125e-02
  -2.0250000e+01   6.3023278e-02   6.3011686e-02   6.3021211e-02   6.2489483e-02   5.9866679e-02   5.4021892e-02   4.6620091e-02   3.8885664e-02   3.2305045e-02   2.9383693e-02   2.8335849e-02
  -1.9800000e+01   6.3628068e-02   6.3613130e-02   6.3437921e-02   6.2313599e-02   5.9567755e-02   5.4008758e-02   4.6801426e-02   3.9037079e-02   3.2378856e-02   2.9412716e-02   2.8346337e-02
  -1.9350000e+01   6.4268334e-02   6.4216323e-02   6.3827375e-02   6.2103351e-02   5.9242247e-02   5.3978962e-02   4.6976883e-02   3.9185242e-02   3.2451021e-02   2.9441087e-02   2.8356590e-02
  -1.8900000e+01   6.5301203e-02   6.4828267e-02   6.4156896e-02   6.1850899e-02   5.8891364e-02   5.3933237e-02   4.7146527e-02   3.9330141e-02   3.2521539e-02   2.9468807e-02   2.8366607e-02
  -1.8450000e+01   6.6508836e-02   6.5474297e-02   6.4381806e-02   6.1548810e-02   5.8516388e-02   5.3872345e-02   4.7310429e-02   3.9471766e-02   3.2590408e-02   2.9495874e-02   2.8376388e-02
  -1.8000000e+01   6.6661917e-02   6.6186993e-02   6.4444676e-02   6.1190387e-02   5.8118686e-02   5.3797074e-02   4.7468662e-02   3.9610107e-02   3.2657629e-02   2.9522290e-02   2.8385934e-02
  -1.7550000e+01   6.6666674e-02   6.6592095e-02   6.4288623e-02   6.0769962e-02   5.7699716e-02   5.3708236e-02   4.7621303e-02   3.9745155e-02   3.2723201e-02   2.9548054e-02   2.8395244e-02
  -1.7100000e+01   6.6662778e-02   6.5809621e-02   6.3883756e-02   6.0283159e-02   5.7261044e-02   5.3606664e-02   4.7768434e-02   3.9876899e-02   3.2787121e-02   2.9573166e-02   2.8404318e-02
  -1.6650000e+01   6.6567345e-02   6.4504357e-02   6.3244665e-02   5.9727099e-02   5.6804340e-02   5.3493211e-02   4.7910139e-02   4.0005331e-02   3.2849391e-02   2.9597626e-02   2.8413157e-02
  -1.6200000e+01   6.5391360e-02   6.3233855e-02   6.2419006e-02   5.9100557e-02   5.6331385e-02   5.3368745e-02   4.8046503e-02   4.0130442e-02   3.2910009e-02   2.9621434e-02   2.8421760e-02
  -1.5750000e+01   6.2555104e-02   6.2005246e-02   6.1460152e-02   5.8404061e-02   5.5844069e-02   5.3234146e-02   4.8177616e-02   4.0252223e-02   3.2968974e-02   2.9644591e-02   2.8430127e-02
  -1.5300000e+01   6.0871954e-02   6.0791911e-02   6.0409020e-02   5.7639942e-02   5.5344386e-02   5.3090306e-02   4.8303568e-02   4.0370665e-02   3.3026286e-02   2.9667095e-02   2.8438258e-02
  -1.4850000e+01   5.9615055e-02   5.9582960e-02   5.9290806e-02   5.6812328e-02   5.4834425e-02   5.2938124e-02   4.8424452e-02   4.0485762e-02   3.3081944e-02   2.9688947e-02   2.8446154e-02
  -1.4400000e+01   5.8299022e-02   5.8372244e-02   5.8118341e-02   5.5927099e-02   5.4316364e-02   5.2778506e-02   4.8540364e-02   4.0597504e-02   3.3135947e-02   2.9710147e-02   2.8453815e-02
  -1.3950000e+01   5.6039701e-02   5.7155069e-02   5.6895238e-02   5.4991795e-02   5.3792447e-02   5.2612357e-02   4.8651398e-02   4.0705884e-02   3.3188295e-02   2.9730695e-02   2.8461239e-02
  -1.3500000e+01   5.3645731e-02   5.5934917e-02   5.5617236e-02   5.4015491e-02   5.3264975e-02   5.2440585e-02   4.8757652e-02   4.0810895e-02   3.3238988e-02   2.9750591e-02   2.8468428e-02
  -1.3050000e+01   5.3344723e-02   5.4745406e-02   5.4273702e-02   5.3008627e-02   5.2736279e-02   5.2264094e-02   4.8859224e-02   4.0912530e-02   3.3288023e-02   2.9769835e-02   2.8475381e-02
  -1.2600000e+01   5.3333508e-02   5.3580242e-02   5.2852775e-02   5.1982807e-02   5.2208705e-02   5.2083784e-02   4.8956211e-02   4.1010782e-02   3.3335402e-02   2.9788427e-02   2.8482098e-02
  -1.2150000e+01   5.3330754e-02   5.2104142e-02   5.1350695e-02   5.0950559e-02   5.1684582e-02   5.1900547e-02   4.9048711e-02   4.1105645e-02   3.3381123e-02   2.9806367e-02   2.8488580e-02
  -1.1700000e+01   5.3260168e-02   5.0289402e-02   4.9778706e-02   4.9925052e-02   5.1166206e-02   5.1715264e-02   4.9136823e-02   4.1197111e-02   3.3425186e-02   2.9823654e-02   2.8494826e-02
  -1.1250000e+01   5.2154716e-02   4.8418470e-02   4.8160585e-02   4.8919792e-02   5.0655808e-02   5.1528807e-02   4.9220644e-02   4.1285176e-02   3.3467591e-02   2.9840289e-02   2.8500836e-02
  -1.0800000e+01   4.7875114e-02   4.6568527e-02   4.6524365e-02   4.7948265e-02   5.0155534e-02   5.1342030e-02   4.9300271e-02   4.1369833e-02   3.3508336e-02   2.9856272e-02   2.8506611e-02
  -1.0350000e+01   4.4925888e-02   4.4739116e-02   4.4896982e-02   4.7023576e-02   4.9667419e-02   5.1155773e-02   4.9375800e-02   4.1451076e-02   3.3547422e-02   2.9871603e-02   2.8512150e-02
  -9.9000000e+00   4.2980932e-02   4.2919271e-02   4.3304853e-02   4.6158056e-02   4.9193369e-02   5.0970857e-02   4.9447325e-02   4.1528901e-02   3.3584848e-02   2.9886281e-02   2.8517453e-02
  -9.4500000e+00   4.0973101e-02   4.1096162e-02   4.1778663e-02   4.5362876e-02   4.8735134e-02   5.0788082e-02   4.9514938e-02   4.1603302e-02   3.3620614e-02   2.9900308e-02   2.8522521e-02
  -9.0000000e+00   3.7496425e-02   3.9250945e-02   4.0360943e-02   4.4647673e-02   4.8294300e-02   5.0608226e-02   4.9578731e-02   4.1674275e-02   3.3654718e-02   2.9913682e-02   2.8527353e-02
  -8.5500000e+00   3.3842870e-02   3.7347078e-02   3.9114686e-02   4.4020207e-02   4.7872270e-02   5.0432042e-02   4.9638792e-02   4.1741815e-02   3.3687162e-02   2.9926403e-02   2.8531949e-02
  -8.1000000e+00   3.3354127e-02   3.5354537e-02   3.8125970e-02   4.3486071e-02   4.7470256e-02   5.0260259e-02   4.9695207e-02   4.1805916e-02   3.3717944e-02   2.9938473e-02   2.8536309e-02
  -7.6500000e+00   3.3333651e-02   3.3711954e-02   3.7486815e-02   4.3048468e-02   4.7089273e-02   5.0093575e-02   4.9748060e-02   4.1866577e-02   3.3747064e-02   2.9949890e-02   2.8540434e-02
  -7.2000000e+00   3.3334257e-02   3.3794812e-02   3.7254200e-02   4.2708081e-02   4.6730140e-02   4.9932663e-02   4.9797431e-02   4.1923791e-02   3.3774521e-02   2.9960654e-02   2.8544323e-02
  -6.7500000e+00   3.3364762e-02   3.5085683e-02   3.7414600e-02   4.2463032e-02   4.6393480e-02   4.9778161e-02   4.9843398e-02   4.1977556e-02   3.3800317e-02   2.9970767e-02   2.8547976e-02
  -6.3000000e+00   3.3908303e-02   3.6429707e-02   3.7892225e-02   4.2308950e-02   4.6079729e-02   4.9630679e-02   4.9886034e-02   4.2027869e-02   3.3824449e-02   2.9980227e-02   2.8551394e-02
  -5.8500000e+00   3.6643439e-02   3.7693549e-02   3.8591337e-02   4.2239136e-02   4.5789145e-02   4.9490792e-02   4.9925409e-02   4.2074726e-02   3.3846918e-02   2.9989034e-02   2.8554576e-02
  -5.4000000e+00   3.8786553e-02   3.8921665e-02   3.9430464e-02   4.2244829e-02   4.5521826e-02   4.9359039e-02   4.9961591e-02   4.2118123e-02   3.3867724e-02   2.9997190e-02   2.8557522e-02
  -4.9500000e+00   4.0111797e-02   4.0137947e-02   4.0351057e-02   4.2315543e-02   4.5277726e-02   4.9235925e-02   4.9994640e-02   4.2158059e-02   3.3886866e-02   3.0004692e-02   2.8560233e-02
  -4.5000000e+00   4.1458624e-02   4.1355127e-02   4.1310871e-02   4.2439466e-02   4.5056676e-02   4.9121919e-02   5.0024616e-02   4.2194531e-02   3.3904344e-02   3.0011543e-02   2.8562708e-02
  -4.0500000e+00   4.3768515e-02   4.2585109e-02   4.2274151e-02   4.2603906e-02   4.4858407e-02   4.9017451e-02   5.0051571e-02   4.2227536e-02   3.3920159e-02   3.0017741e-02   2.8564947e-02
  -3.6000000e+00   4.6280182e-02   4.3843545e-02   4.3203376e-02   4.2795747e-02   4.4682575e-02   4.8922913e-02   5.0075555e-02   4.2257073e-02   3.3934309e-02   3.0023287e-02   2.8566950e-02
  -3.1500000e+00   4.6649273e-02   4.5134473e-02   4.4055032e-02   4.3001903e-02   4.4528784e-02   4.8838658e-02   5.0096611e-02   4.2283139e-02   3.3946795e-02   3.0028180e-02   2.8568718e-02
  -2.7000000e+00   4.6666287e-02   4.6283111e-02   4.4783815e-02   4.3209759e-02   4.4396616e-02   4.8764998e-02   5.0114779e-02   4.2305733e-02   3.3957616e-02   3.0032421e-02   2.8570250e-02
  -2.2500000e+00   4.6666697e-02   4.6756514e-02   4.5357372e-02   4.3407563e-02   4.4285648e-02   4.8702207e-02   5.0130093e-02   4.2324853e-02   3.3966773e-02   3.0036009e-02   2.8571547e-02
  -1.8000000e+00   4.6666673e-02   4.6726843e-02   4.5771208e-02   4.3584786e-02   4.4195481e-02   4.8650516e-02   5.0142583e-02   4.2340499e-02   3.3974265e-02   3.0038945e-02   2.8572607e-02
  -1.3500000e+00   4.6666667e-02   4.6680626e-02   4.6047428e-02   4.3732415e-02   4.4125758e-02   4.8610113e-02   5.0152273e-02   4.2352669e-02   3.3980092e-02   3.0041229e-02   2.8573432e-02
  -9.0000000e-01   4.6666667e-02   4.6668410e-02   4.6218182e-02   4.3843199e-02   4.4076181e-02   4.8581149e-02   5.0159180e-02   4.2361362e-02   3.3984254e-02   3.0042860e-02   2.8574021e-02
  -4.5000000e-01   4.6666667e-02   4.6666452e-02   4.6310232e-02   4.3911827e-02   4.4046527e-02   4.8563727e-02   5.0163319e-02   4.2366578e-02   3.3986752e-02   3.0043838e-02   2.8574375e-02
   0.0000000e+00   4.6666667e-02   4.6666291e-02   4.6339262e-02   4.3935066e-02   4.4036658e-02   4.8557913e-02   5.0164698e-02   4.2368317e-02   3.3987584e-02   3.0044165e-02   2.8574493e-02
   4.5000000e-01   4.6666667e-02   4.6666452e-02   4.6310232e-02   4.3911827e-02   4.4046527e-02   4.8563727e-02   5.0163319e-02   4.2366578e-02   3.3986752e-02   3.0043838e-02   2.8574375e-02
   9.0000000e-01   4.6666667e-02   4.6668410e-02   4.6218182e-02   4.3843199e-02   4.4076181e-02   4.8581149e-02   5.0159180e-02   4.2361362e-02   3.3984254e-02   3.0042860e-02   2.8574021e-02
   1.3500000e+00   4.6666667e-02   4.6680626e-02   4.6047428e-02   4.3732415e-02   4.4125758e-02   4.8610113e-02   5.0152273e-02   4.2352669e-02   3.3980092e-02   3.0041229e-02   2.8573432e-02
   1.8000000e+00   4.6666673e-02   4.6726843e-02   4.5771208e-02   4.3584786e-02   4.4195481e-02   4.8650516e-02   5.0142583e-02   4.2340499e-02   3.3974265e-02   3.0038945e-02   2.8572607e-02
   2.2500000e+00   4.6666697e-02   4.6756514e-02   4.5357372e-02   4.3407563e-02   4.4285648e-02   4.8702207e-02   5.0130093e-02   4.2324853e-02   3.3966773e-02   3.0036009e-02   2.8571547e-02
   2.7000000e+00   4.6666287e-02   4.6283111e-02   4.4783815e-02   4.3209759e-02   4.4396616e-02   4.8764998e-02   5.0114779e-02   4.2305733e-02   3.3957616e-02   3.0032421e-02   2.8570250e-02
   3.1500000e+00   4.6649273e-02   4.5134473e-02   4.4055032e-02   4.3001903e-02   4.4528784e-02   4.8838658e-02   5.0096611e-02   4.2283139e-02   3.3946795e-02   3.0028180e-02   2.8568718e-02
   3.6000000e+00   4.6280182e-02   4.3843545e-02   4.3203376e-02   4.2795747e-02   4.4682575e-02   4.8922913e-02   5.0075555e-02   4.2257073e-02   3.3934309e-02   3.0023287e-02   2.8566950e-02
   4.0500000e+00   4.3768515e-02   4.2585109e-02   4.2274151e-02   4.2603906e-02   4.4858407e-02   4.9017451e-02   5.0051571e-02   4.2227536e-02   3.3920159e-02   3.0017741e-02   2.8564947e-02
   4.5000000e+00   4.1458624e-02   4.1355127e-02   4.1310871e-02   4.2439466e-02   4.5056676e-02   4.9121919e-02   5.0024616e-02   4.2194531e-02   3.3904344e-02   3.0011543e-02   2.8562708e-02
   4.9500000e+00   4.0111797e-02   4.0137947e-02   4.0351057e-02   4.2315543e-02   4.5277726e-02   4.9235925e-02   4.9994640e-02   4.2158059e-02   3.3886866e-02   3.0004692e-02   2.8560233e-02
   5.4000000e+00   3.8786553e-02   3.8921665e-02   3.9430464e-02   4.2244829e-02   4.5521826e-02   4.9359039e-02   4.9961591e-02   4.2118123e-02   3.3867724e-02   2.9997190e-02   2.8557522e-02
   5.8500000e+00   3.6643439e-02   3.7693549e-02   3.8591337e-02   4.2239136e-02   4.5789145e-02   4.9490792e-02   4.9925409e-02   4.2074726e-02   3.3846918e-02   2.9989034e-02   2.8554576e-02
   6.3000000e+00   3.3908303e-02   3.6429707e-02   3.7892225e-02   4.2308950e-02   4.6079729e-02   4.9630679e-02   4.9886034e-02   4.2027869e-02   3.3824449e-02   2.9980227e-02   2.8551394e-02
   6.7500000e+00   3.3364762e-02   3.5085683e-02   3.7414600e-02   4.2463032e-02   4.6393480e-02   4.9778161e-02   4.9843398e-02   4.1977556e-02   3.3800317e-02   2.9970767e-02   2.8547976e-02
   7.2000000e+00   3.3334257e-02   3.3794812e-02   3.7254200e-02   4.2708081e-02   4.6730140e-02   4.9932663e-02   4.9797431e-02   4.1923791e-02   3.3774521e-02   2.9960654e-02   2.8544323e-02
   7.6500000e+00   3.3333651e-02   3.3711954e-02   3.7486815e-02   4.3048468e-02   4.7089273e-02   5.0093575e-02   4.9748060e-02   4.1866577e-02   3.3747064e-02   2.9949890e-02   2.8540434e-02
   8.1000000e+00   3.3354127e-02   3.5354537e-02   3.8125970e-02   4.3486071e-02   4.7470256e-02   5.0260259e-02   4.9695207e-02   4.1805916e-02   3.3717944e-02   2.9938473e-02   2.8536309e-02
   8.5500000e+00   3.3842870e-02   3.7347078e-02   3.9114686e-02   4.4020207e-02   4.7872270e-02   5.0432042e-02   4.9638792e-02   4.1741815e-02   3.3687162e-02   2.9926403e-02   2.8531949e-02
   9.0000000e+00   3.7496425e-02   3.9250945e-02   4.0360943e-02   4.4647673e-02   4.8294300e-02   5.0608226e-02   4.9578731e-02   4.1674275e-02   3.3654718e-02   2.9913682e-02   2.8527353e-02
   9.4500000e+00   4.0973101e-02   4.1096162e-02   4.1778663e-02   4.5362876e-02   4.8735134e-02   5.0788082e-02   4.9514938e-02   4.1603302e-02   3.3620614e-02   2.9900308e-02   2.8522521e-02
   9.9000000e+00   4.2980932e-02   4.2919271e-02   4.3304853e-02   4.6158056e-02   4.9193369e-02   5.0970857e-02   4.9447325e-02   4.1528901e-02   3.3584848e-02   2.9886281e-02   2.8517453e-02
   1.0350000e+01   4.4925888e-02   4.4739116e-02   4.4896982e-02   4.7023576e-02   4.9667419e-02   5.1155773e-02   4.9375800e-02   4.1451076e-02   3.3547422e-02   2.9871603e-02   2.8512150e-02
   1.0800000e+01   4.7875114e-02   4.6568527e-02   4.6524365e-02   4.7948265e-02   5.0155534e-02   5.1342030e-02   4.9300271e-02   4.1369833e-02   3.3508336e-02   2.9856272e-02   2.8506611e-02
   1.1250000e+01   5.2154716e-02   4.8418470e-02   4.8160585e-02   4.8919792e-02   5.0655808e-02   5.1528807e-02   4.9220644e-02   4.1285176e-02   3.3467591e-02   2.9840289e-02   2.8500836e-02
   1.1700000e+01   5.3260168e-02   5.0289402e-02   4.9778706e-02   4.9925052e-02   5.1166206e-02   5.1715264e-02   4.9136823e-02   4.1197111e-02   3.3425186e-02   2.9823654e-02   2.8494826e-02
   1.2150000e+01   5.3330754e-02   5.2104142e-02   5.1350695e-02   5.0950559e-02   5.1684582e-02   5.1900547e-02   4.9048711e-02   4.1105645e-02   3.3381123e-02   2.9806367e-02   2.8488580e-02
   1.2600000e+01   5.3333508e-02   5.3580242e-02   5.2852775e-02   5.1982807e-02   5.2208705e-02   5.2083784e-02   4.8956211e-02   4.1010782e-02   3.3335402e-02   2.9788427e-02   2.8482098e-02
   1.3050000e+01   5.3344723e-02   5.4745406e-02   5.4273702e-02   5.3008627e-02   5.2736279e-02   5.2264094e-02   4.8859224e-02   4.0912530e-02   3.3288023e-02   2.9769835e-02   2.8475381e-02
   1.3500000e+01   5.3645731e-02   5.5934917e-02   5.5617236e-02   5.4015491e-02   5.3264975e-02   5.2440585e-02   4.8757652e-02   4.0810895e-02   3.3238988e-02   2.9750591e-02   2.8468428e-02
   1.3950000e+01   5.6039701e-02   5.7155069e-02   5.6895238e-02   5.4991795e-02   5.3792447e-02   5.2612357e-02   4.8651398e-02   4.0705884e-02   3.3188295e-02   2.9730695e-02   2.8461239e-02
   1.4400000e+01   5.8299022e-02   5.8372244e-02   5.8118341e-02   5.5927099e-02   5.4316364e-02   5.2778506e-02   4.8540364e-02   4.0597504e-02   3.3135947e-02   2.9710147e-02   2.8453815e-02
   1.4850000e+01   5.9615055e-02   5.9582960e-02   5.9290806e-02   5.6812328e-02   5.4834425e-02   5.2938124e-02   4.8424452e-02   4.0485762e-02   3.3081944e-02   2.9688947e-02   2.8446154e-02
   1.5300000e+01   6.0871954e-02   6.0791911e-02   6.0409020e-02   5.7639942e-02   5.5344386e-02   5.3090306e-02   4.8303568e-02   4.0370665e-02   3.3026286e-02   2.9667095e-02   2.8438258e-02
   1.5750000e+01   6.2555104e-02   6.2005246e-02   6.1460152e-02   5.8404061e-02   5.5844069e-02   5.3234146e-02   4.8177616e-02   4.0252223e-02   3.2968974e-02   2.9644591e-02   2.8430127e-02
   1.6200000e+01   6.5391360e-02   6.3233855e-02   6.2419006e-02   5.9100557e-02   5.6331385e-02   5.3368745e-02   4.8046503e-02   4.0130442e-02   3.2910009e-02   2.9621434e-02   2.8421760e-02
   1.6650000e+01   6.6567345e-02   6.4504357e-02   6.3244665e-02   5.9727099e-02   5.6804340e-02   5.3493211e-02   4.7910139e-02   4.0005331e-02   3.2849391e-02   2.9597626e-02   2.8413157e-02
   1.7100000e+01   6.6662778e-02   6.5809621e-02   6.3883756e-02   6.0283159e-02   5.7261044e-02   5.3606664e-02   4.7768434e-02   3.9876899e-02   3.2787121e-02   2.9573166e-02   2.8404318e-02
   1.7550000e+01   6.6666674e-02   6.6592095e-02   6.4288623e-02   6.0769962e-02   5.7699716e-02   5.3708236e-02   4.7621303e-02   3.9745155e-02   3.2723201e-02   2.9548054e-02   2.8395244e-02
   1.8000000e+01   6.6661917e-02   6.6186993e-02   6.4444676e-02   6.1190387e-02   5.8118686e-02   5.3797074e-02   4.7468662e-02   3.9610107e-02   3.2657629e-02   2.9522290e-02   2.8385934e-02
   1.8450000e+01   6.6508836e-02   6.5474297e-02   6.4381806e-02   6.1548810e-02   5.8516388e-02   5.3872345e-02   4.7310429e-02   3.9471766e-02   3.2590408e-02   2.9495874e-02   2.8376388e-02
   1.8900000e+01   6.5301203e-02   6.4828267e-02   6.4156896e-02   6.1850899e-02   5.8891364e-02   5.3933237e-02   4.7146527e-02   3.9330141e-02   3.2521539e-02   2.9468807e-02   2.8366607e-02
   1.9350000e+01   6.4268334e-02   6.4216323e-02   6.3827375e-02   6.2103351e-02   5.9242247e-02   5.3978962e-02   4.6976883e-02   3.9185242e-02   3.2451021e-02   2.9441087e-02   2.8356590e-02
   1.9800000e+01   6.3628068e-02   6.3613130e-02   6.3437921e-02   6.2313599e-02   5.9567755e-02   5.4008758e-02   4.6801426e-02   3.9037079e-02   3.2378856e-02   2.9412716e-02   2.8346337e-02
   2.0250000e+01   6.3023278e-02   6.3011686e-02   6.3021211e-02   6.2489483e-02   5.9866679e-02   5.4021892e-02   4.6620091e-02   3.8885664e-02   3.2305045e-02   2.9383693e-02   2.8335849e-02
   2.0700000e+01   6.2419746e-02   6.2409618e-02   6.2604296e-02   6.2638907e-02   6.0137870e-02   5.4017665e-02   4.6432814e-02   3.8731006e-02   3.2229588e-02   2.9354018e-02   2.8325125e-02
   2.1150000e+01   6.1815537e-02   6.1802137e-02   6.2215529e-02   6.2769494e-02   6.0380226e-02   5.3995409e-02   4.6239538e-02   3.8573117e-02   3.2152488e-02   2.9323692e-02   2.8314165e-02
   2.1600000e+01   6.1210703e-02   6.1170332e-02   6.1889976e-02   6.2888265e-02   6.0592674e-02   5.3954495e-02   4.6040211e-02   3.8412009e-02   3.2073743e-02   2.9292714e-02   2.8302970e-02
   2.2050000e+01   6.0600613e-02   6.0488939e-02   6.1669741e-02   6.3001340e-02   6.0774162e-02   5.3894333e-02   4.5834783e-02   3.8247693e-02   3.1993356e-02   2.9261084e-02   2.8291539e-02
   2.2500000e+01   6.0000003e-02   6.0064953e-02   6.1593803e-02   6.3113686e-02   6.0923643e-02   5.3814372e-02   4.5623212e-02   3.8080182e-02   3.1911327e-02   2.9228803e-02   2.8279872e-02
   2.2950000e+01   6.0600613e-02   6.0488940e-02   6.1679705e-02   6.3228930e-02   6.1040066e-02   5.3714109e-02   4.5405459e-02   3.7909487e-02   3.1827658e-02   2.9195870e-02   2.8267969e-02
   2.3400000e+01   6.1210703e-02   6.1170336e-02   6.1913574e-02   6.3349219e-02   6.1122367e-02   5.3593082e-02   4.5181492e-02   3.7735621e-02   3.1742349e-02   2.9162286e-02   2.8255831e-02
   2.3850000e+01   6.1815537e-02   6.1802151e-02   6.2260153e-02   6.3475166e-02   6.1169459e-02   5.3450880e-02   4.4951282e-02   3.7558598e-02   3.1655402e-02   2.9128051e-02   2.8243458e-02
   2.4300000e+01   6.2419746e-02   6.2409663e-02   6.2681426e-02   6.3605839e-02   6.1180234e-02   5.3287138e-02   4.4714808e-02   3.7378430e-02   3.1566817e-02   2.9093163e-02   2.8230848e-02
   2.4750000e+01   6.3023278e-02   6.3011803e-02   6.3147382e-02   6.3738826e-02   6.1153560e-02   5.3101545e-02   4.4472054e-02   3.7195132e-02   3.1476596e-02   2.9057625e-02   2.8218003e-02
   2.5200000e+01   6.3628068e-02   6.3613328e-02   6.3636668e-02   6.3870345e-02   6.1088279e-02   5.2893842e-02   4.4223008e-02   3.7008716e-02   3.1384740e-02   2.9021435e-02   2.8204922e-02
   2.5650000e+01   6.4268334e-02   6.4216041e-02   6.4132823e-02   6.3995388e-02   6.0983220e-02   5.2663823e-02   4.3967667e-02   3.6819198e-02   3.1291250e-02   2.8984594e-02   2.8191606e-02
   2.6100000e+01   6.5301202e-02   6.4823215e-02   6.4620064e-02   6.4107903e-02   6.0837201e-02   5.2411337e-02   4.3706030e-02   3.6626591e-02   3.1196127e-02   2.8947102e-02   2.8178054e-02
   2.6550000e+01   6.6508832e-02   6.5443744e-02   6.5079930e-02   6.4200990e-02   6.0649046e-02   5.2136290e-02   4.3438105e-02   3.6430911e-02   3.1099372e-02   2.8908958e-02   2.8164266e-02
   2.7000000e+01   6.6661887e-02   6.6083674e-02   6.5490280e-02   6.4267105e-02   6.0417596e-02   5.1838645e-02   4.3163906e-02   3.6232172e-02   3.1000987e-02   2.8870163e-02   2.8150243e-02
   2.7450000e+01   6.6666642e-02   6.6601956e-02   6.5829187e-02   6.4298267e-02   6.0141728e-02   5.1518420e-02   4.2883451e-02   3.6030391e-02   3.0900973e-02   2.8830717e-02   2.8135984e-02
   2.7900000e+01   6.6666677e-02   6.6720018e-02   6.6083381e-02   6.4286258e-02   5.9820372e-02   5.1175694e-02   4.2596765e-02   3.5825582e-02   3.0799331e-02   2.8790620e-02   2.8121489e-02
   2.8350000e+01   6.6666668e-02   6.6685821e-02   6.6253955e-02   6.4222812e-02   5.9452536e-02   5.0810603e-02   4.2303881e-02   3.5617763e-02   3.0696062e-02   2.8749872e-02   2.8106759e-02
   2.8800000e+01   6.6666667e-02   6.6670173e-02   6.6352497e-02   6.4099801e-02   5.9037325e-02   5.0423341e-02   4.2004834e-02   3.5406949e-02   3.0591168e-02   2.8708473e-02   2.8091793e-02
   2.9250000e+01   6.6666667e-02   6.6666914e-02   6.6391708e-02   6.3909399e-02   5.8573966e-02   5.0014159e-02   4.1699668e-02   3.5193158e-02   3.0484651e-02   2.8666423e-02   2.8076591e-02
   2.9700000e+01   6.6666667e-02   6.6666419e-02   6.6378728e-02   6.3644241e-02   5.8061832e-02   4.9583365e-02   4.1388434e-02   3.4976406e-02   3.0376511e-02   2.8623723e-02   2.8061154e-02
   3.0150000e+01   6.6666667e-02   6.6666301e-02   6.6312921e-02   6.3297567e-02   5.7500464e-02   4.9131326e-02   4.1071185e-02   3.4756710e-02   3.0266750e-02   2.8580371e-02   2.8045481e-02
   3.0600000e+01   6.6666667e-02   6.6666843e-02   6.6184943e-02   6.2863355e-02   5.6889595e-02   4.8658463e-02   4.0747983e-02   3.4534090e-02   3.0155369e-02   2.8536368e-02   2.8029572e-02
   3.1050000e+01   6.6666667e-02   6.6672626e-02   6.5974328e-02   6.2336446e-02   5.6229171e-02   4.8165251e-02   4.0418896e-02   3.4308561e-02   3.0042370e-02   2.8491715e-02   2.8013428e-02
   3.1500000e+01   6.6666670e-02   6.6704408e-02   6.5645745e-02   6.1712648e-02   5.5519371e-02   4.7652219e-02   4.0083996e-02   3.4080144e-02   2.9927755e-02   2.8446411e-02   2.7997048e-02
   3.1950000e+01   6.6666690e-02   6.6801074e-02   6.5148810e-02   6.0988831e-02   5.4760625e-02   4.7119947e-02   3.9743362e-02   3.3848857e-02   2.9811524e-02   2.8400456e-02   2.7980433e-02
   3.2400000e+01   6.6666714e-02   6.6708420e-02   6.4430254e-02   6.0162996e-02   5.3953625e-02   4.6569064e-02   3.9397078e-02   3.3614719e-02   2.9693680e-02   2.8353851e-02   2.7963582e-02
   3.2850000e+01   6.6664115e-02   6.5542484e-02   6.3459628e-02   5.9234324e-02   5.3099344e-02   4.6000248e-02   3.9045234e-02   3.3377749e-02   2.9574224e-02   2.8306596e-02   2.7946495e-02
   3.3300000e+01   6.6593505e-02   6.3667937e-02   6.2248860e-02   5.8203204e-02   5.2199039e-02   4.5414222e-02   3.8687924e-02   3.3137967e-02   2.9453158e-02   2.8258689e-02   2.7929172e-02
   3.3750000e+01   6.5488050e-02   6.1760803e-02   6.0844207e-02   5.7071229e-02   5.1254258e-02   4.4811749e-02   3.8325249e-02   3.2895394e-02   2.9330483e-02   2.8210133e-02   2.7911614e-02
   3.4200000e+01   6.1208447e-02   5.9902659e-02   5.9299914e-02   5.5841176e-02   5.0266840e-02   4.4193637e-02   3.7957314e-02   3.2650049e-02   2.9206201e-02   2.8160926e-02   2.7893821e-02
   3.4650000e+01   5.8259221e-02   5.8071964e-02   5.7658824e-02   5.4516951e-02   4.9238916e-02   4.3560726e-02   3.7584229e-02   3.2401954e-02   2.9080314e-02   2.8111068e-02   2.7875791e-02
   3.5100000e+01   5.6314265e-02   5.6251844e-02   5.5947920e-02   5.3103533e-02   4.8172899e-02   4.2913894e-02   3.7206110e-02   3.2151130e-02   2.8952823e-02   2.8060561e-02   2.7857527e-02
   3.5550000e+01   5.4306434e-02   5.4429485e-02   5.4181363e-02   5.1606891e-02   4.7071475e-02   4.2254049e-02   3.6823076e-02   3.1897598e-02   2.8823730e-02   2.8009403e-02   2.7839026e-02
   3.6000000e+01   5.0829759e-02   5.2593540e-02   5.2363780e-02   5.0033896e-02   4.5937590e-02   4.1582126e-02   3.6435251e-02   3.1641379e-02   2.8693037e-02   2.7957595e-02   2.7820290e-02
   3.6450000e+01   4.7176207e-02   5.0742647e-02   5.0491690e-02   4.8392229e-02   4.4774434e-02   4.0899084e-02   3.6042765e-02   3.1382497e-02   2.8560747e-02   2.7905137e-02   2.7801318e-02
   3.6900000e+01   4.6687492e-02   4.8922863e-02   4.8554642e-02   4.6690279e-02   4.3585415e-02   4.0205904e-02   3.5645749e-02   3.1120973e-02   2.8426859e-02   2.7852029e-02   2.7782111e-02
   3.7350000e+01   4.6667078e-02   4.7211408e-02   4.6539497e-02   4.4937039e-02   4.2374141e-02   3.9503582e-02   3.5244341e-02   3.0856831e-02   2.8291378e-02   2.7798271e-02   2.7762668e-02
   3.7800000e+01   4.6664688e-02   4.5296017e-02   4.4439123e-02   4.3142006e-02   4.1144392e-02   3.8793130e-02   3.4838681e-02   3.0590093e-02   2.8154304e-02   2.7743863e-02   2.7742989e-02
   3.8250000e+01   4.6603788e-02   4.2926016e-02   4.2259884e-02   4.1315063e-02   3.9900087e-02   3.8075568e-02   3.4428913e-02   3.0320784e-02   2.8015639e-02   2.7688806e-02   2.7723075e-02
   3.8700000e+01   4.5516725e-02   4.0422976e-02   4.0020391e-02   3.9466368e-02   3.8645259e-02   3.7351921e-02   3.4015184e-02   3.0048926e-02   2.7875386e-02   2.7633098e-02   2.7702925e-02
   3.9150000e+01   4.0046456e-02   3.7940381e-02   3.7743427e-02   3.7606237e-02   3.7384020e-02   3.6623217e-02   3.3597645e-02   2.9774545e-02   2.7733546e-02   2.7576741e-02   2.7682539e-02
   3.9600000e+01   3.5760227e-02   3.5490645e-02   3.5449538e-02   3.5745018e-02   3.6120525e-02   3.5890481e-02   3.3176450e-02   2.9497664e-02   2.7590122e-02   2.7519734e-02   2.7661918e-02
   4.0050000e+01   3.3109740e-02   3.3058011e-02   3.3155925e-02   3.3892966e-02   3.4858942e-02   3.5154734e-02   3.2751755e-02   2.9218309e-02   2.7445115e-02   2.7462078e-02   2.7641062e-02
   4.0500000e+01   3.0416085e-02   3.0623348e-02   3.0878878e-02   3.2060123e-02   3.3603413e-02   3.4416986e-02   3.2323720e-02   2.8936504e-02   2.7298528e-02   2.7403772e-02   2.7619969e-02
   4.0950000e+01   2.5796304e-02   2.8165599e-02   2.8637641e-02   3.0256189e-02   3.2358022e-02   3.3678235e-02   3.1892505e-02   2.8652276e-02   2.7150362e-02   2.7344817e-02   2.7598641e-02
   4.1400000e+01   2.0772970e-02   2.5663349e-02   2.6458560e-02   2.8490411e-02   3.1126763e-02   3.2939461e-02   3.1458274e-02   2.8365650e-02   2.7000621e-02   2.7285212e-02   2.7577078e-02
   4.1850000e+01   2.0034795e-02   2.3133089e-02   2.4377003e-02   2.6771478e-02   2.9913500e-02   3.2201626e-02   3.1021193e-02   2.8076652e-02   2.6849306e-02   2.7224958e-02   2.7555279e-02
   4.2300000e+01   2.0000790e-02   2.0842598e-02   2.2431899e-02   2.5107425e-02   2.8721942e-02   3.1465667e-02   3.0581429e-02   2.7785308e-02   2.6696419e-02   2.7164055e-02   2.7533244e-02
   4.2750000e+01   1.9999339e-02   1.9330469e-02   2.0650440e-02   2.3505564e-02   2.7555611e-02   3.0732495e-02   3.0139151e-02   2.7491647e-02   2.6541963e-02   2.7102503e-02   2.7510974e-02
   4.3200000e+01   1.9977313e-02   1.8203944e-02   1.9033167e-02   2.1972425e-02   2.6417811e-02   3.0002991e-02   2.9694529e-02   2.7195694e-02   2.6385940e-02   2.7040302e-02   2.7488468e-02
   4.3650000e+01   1.9541291e-02   1.7007759e-02   1.7555415e-02   2.0513719e-02   2.5311609e-02   2.9278005e-02   2.9247735e-02   2.6897477e-02   2.6228353e-02   2.6977452e-02   2.7465727e-02
   4.4100000e+01   1.6927711e-02   1.5776690e-02   1.6183742e-02   1.9134325e-02   2.4239804e-02   2.8558352e-02   2.8798940e-02   2.6597025e-02   2.6069203e-02   2.6913952e-02   2.7442750e-02
   4.4550000e+01   1.4675432e-02   1.4551247e-02   1.4890927e-02   1.7838285e-02   2.3204912e-02   2.7844808e-02   2.8348318e-02   2.6294364e-02   2.5908493e-02   2.6849804e-02   2.7419537e-02
   4.5000000e+01   1.3333333e-02   1.3333709e-02   1.3661252e-02   1.6628820e-02   2.2209147e-02   2.7138112e-02   2.7896043e-02   2.5989524e-02   2.5746226e-02   2.6785008e-02   2.7396089e-02
   4.5450000e+01   1.1991235e-02   1.2115849e-02   1.2489923e-02   1.5508349e-02   2.1254407e-02   2.6438961e-02   2.7442288e-02   2.5682533e-02   2.5582404e-02   2.6719562e-02   2.7372405e-02
   4.5900000e+01   9.7389552e-03   1.0886490e-02   1.1382227e-02   1.4478520e-02   2.0342263e-02   2.5748008e-02   2.6987227e-02   2.5373421e-02   2.5417030e-02   2.6653468e-02   2.7348486e-02
   4.6350000e+01   7.1253749e-03   9.6309899e-03   1.0354418e-02   1.3540240e-02   1.9473950e-02   2.5065865e-02   2.6531033e-02   2.5062216e-02   2.5250106e-02   2.6586726e-02   2.7324331e-02
   4.6800000e+01   6.6893417e-03   8.3423707e-03   9.4342887e-03   1.2693705e-02   1.8650363e-02   2.4393095e-02   2.6073882e-02   2.4748948e-02   2.5081635e-02   2.6519335e-02   2.7299941e-02
   4.7250000e+01   6.6672667e-03   7.1565033e-03   8.6558509e-03   1.1938437e-02   1.7872060e-02   2.3730216e-02   2.5615944e-02   2.4433647e-02   2.4911619e-02   2.6451295e-02   2.7275315e-02
   4.7700000e+01   6.6666357e-03   6.5911801e-03   8.0444092e-03   1.1273311e-02   1.7139258e-02   2.3077701e-02   2.5157394e-02   2.4116344e-02   2.4740061e-02   2.6382608e-02   2.7250453e-02
   4.8150000e+01   6.6666589e-03   6.5979735e-03   7.6004442e-03   1.0696589e-02   1.6451840e-02   2.2435974e-02   2.4698403e-02   2.3797069e-02   2.4566964e-02   2.6313272e-02   2.7225356e-02
   4.8600000e+01   6.6666658e-03   6.6495992e-03   7.2986208e-03   1.0205952e-02   1.5809368e-02   2.1805412e-02   2.4239141e-02   2.3475852e-02   2.4392331e-02   2.6243288e-02   2.7200024e-02
   4.9050000e+01   6.6666666e-03   6.6643118e-03   7.1030112e-03   9.7985347e-03   1.5211089e-02   2.1186346e-02   2.3779778e-02   2.3152725e-02   2.4216164e-02   2.6172656e-02   2.7174455e-02
   4.9500000e+01   6.6666667e-03   6.6667732e-03   6.9825801e-03   9.4709525e-03   1.4655951e-02   2.0579060e-02   2.3320481e-02   2.2827719e-02   2.4038466e-02   2.6101376e-02   2.7148652e-02
   4.9950000e+01   6.6666667e-03   6.6669507e-03   6.9170373e-03   9.2193363e-03   1.4142624e-02   1.9983792e-02   2.2861417e-02   2.2500865e-02   2.3859241e-02   2.6029449e-02   2.7122612e-02
   5.0400000e+01   6.6666667e-03   6.6668438e-03   6.8959247e-03   9.0393602e-03   1.3669512e-02   1.9400734e-02   2.2402752e-02   2.2172197e-02   2.3678490e-02   2.5956873e-02   2.7096338e-02
   5.0850000e+01   6.6666667e-03   6.6660540e-03   6.9165258e-03   8.9262695e-03   1.3234782e-02   1.8830036e-02   2.1944647e-02   2.1841744e-02   2.3496217e-02   2.5883650e-02   2.7069827e-02
   5.1300000e+01   6.6666664e-03   6.6610178e-03   6.9830366e-03   8.8749060e-03   1.2836385e-02   1.8271804e-02   2.1487263e-02   2.1509541e-02   2.3312424e-02   2.5809779e-02   2.7043081e-02
   5.1750000e+01   6.6666642e-03   6.6404525e-03   7.1062926e-03   8.8797330e-03   1.2472080e-02   1.7726103e-02   2.1030760e-02   2.1175620e-02   2.3127116e-02   2.5735261e-02   2.7016100e-02
   5.2200000e+01   6.6666521e-03   6.6169234e-03   7.3011800e-03   8.9348615e-03   1.2139463e-02   1.7192959e-02   2.0575294e-02   2.0840013e-02   2.2940294e-02   2.5660096e-02   2.6988883e-02
   5.2650000e+01   6.6667829e-03   6.8113313e-03   7.5793397e-03   9.0340789e-03   1.1835997e-02   1.6672360e-02   2.0121019e-02   2.0502754e-02   2.2751963e-02   2.5584283e-02   2.6961430e-02
   5.3100000e+01   6.6736014e-03   7.3665112e-03   7.9405282e-03   9.1708815e-03   1.1559037e-02   1.6164259e-02   1.9668085e-02   2.0163875e-02   2.2562124e-02   2.5507823e-02   2.6933742e-02
   5.3550000e+01   6.8365128e-03   8.0114953e-03   8.3709072e-03   9.3385152e-03   1.1305864e-02   1.5668573e-02   1.9216642e-02   1.9823412e-02   2.2370782e-02   2.5430716e-02   2.6905819e-02
   5.4000000e+01   8.0543639e-03   8.6402283e-03   8.8499837e-03   9.5300216e-03   1.1073711e-02   1.5185190e-02   1.8766836e-02   1.9481396e-02   2.2177939e-02   2.5352962e-02   2.6877660e-02
   5.4450000e+01   9.2132559e-03   9.2542612e-03   9.3584959e-03   9.7382939e-03   1.0859799e-02   1.4713967e-02   1.8318809e-02   1.9137864e-02   2.1983599e-02   2.5274561e-02   2.6849265e-02
   5.4900000e+01   9.8825327e-03   9.8618617e-03   9.8814309e-03   9.9561401e-03   1.0661358e-02   1.4254735e-02   1.7872701e-02   1.8792848e-02   2.1787765e-02   2.5195513e-02   2.6820635e-02
   5.5350000e+01   1.0530851e-02   1.0468501e-02   1.0406955e-02   1.0176354e-02   1.0475664e-02   1.3807300e-02   1.7428649e-02   1.8446382e-02   2.1590440e-02   2.5115819e-02   2.6791769e-02
   5.5800000e+01   1.1513927e-02   1.1078690e-02   1.0923841e-02   1.0391791e-02   1.0300062e-02   1.3371444e-02   1.6986785e-02   1.8098503e-02   2.1391627e-02   2.5035477e-02   2.6762668e-02
   5.6250000e+01   1.2940461e-02   1.1698053e-02   1.1418712e-02   1.0595454e-02   1.0131995e-02   1.2946932e-02   1.6547241e-02   1.7749244e-02   2.1191331e-02   2.4954490e-02   2.6733332e-02
   5.6700000e+01   1.3308946e-02   1.2333759e-02   1.1874028e-02   1.0780577e-02   9.9690269e-03   1.2533508e-02   1.6110143e-02   1.7398641e-02   2.0989554e-02   2.4872856e-02   2.6703760e-02
   5.7150000e+01   1.3332483e-02   1.2958606e-02   1.2268965e-02   1.0940714e-02   9.8088651e-03   1.2130904e-02   1.5675613e-02   1.7046728e-02   2.0786300e-02   2.4790576e-02   2.6673952e-02
   5.7600000e+01   1.3333349e-02   1.3347251e-02   1.2585483e-02   1.1069835e-02   9.6493827e-03   1.1738836e-02   1.5243771e-02   1.6693542e-02   2.0581573e-02   2.4707649e-02   2.6643909e-02
   5.8050000e+01   1.3333341e-02   1.3378135e-02   1.2816915e-02   1.1162409e-02   9.4886350e-03   1.1357012e-02   1.4814734e-02   1.6339117e-02   2.0375376e-02   2.4624077e-02   2.6613630e-02
   5.8500000e+01   1.3333334e-02   1.3345910e-02   1.2970616e-02   1.1213501e-02   9.3248751e-03   1.0985129e-02   1.4388612e-02   1.5983489e-02   2.0167712e-02   2.4539858e-02   2.6583116e-02
   5.8950000e+01   1.3333333e-02   1.3335307e-02   1.3061365e-02   1.1218858e-02   9.1565665e-03   1.0622879e-02   1.3965515e-02   1.5626695e-02   1.9958586e-02   2.4454994e-02   2.6552367e-02
   5.9400000e+01   1.3333333e-02   1.3333352e-02   1.3102501e-02   1.1174998e-02   8.9823919e-03   1.0269949e-02   1.3545546e-02   1.5268769e-02   1.9748001e-02   2.4369484e-02   2.6521382e-02
   5.9850000e+01   1.3333333e-02   1.3333111e-02   1.3101338e-02   1.1079290e-02   8.8012599e-03   9.9260248e-03   1.3128807e-02   1.4909749e-02   1.9535960e-02   2.4283328e-02   2.6490161e-02
   6.0300000e+01   1.3333333e-02   1.3333114e-02   1.3058331e-02   1.0930034e-02   8.6123077e-03   9.5907904e-03   1.2715394e-02   1.4549670e-02   1.9322468e-02   2.4196527e-02   2.6458705e-02
   6.0750000e+01   1.3333333e-02   1.3333931e-02   1.2966756e-02   1.0726527e-02   8.4149011e-03   9.2639313e-03   1.2305400e-02   1.4188568e-02   1.9107529e-02   2.4109080e-02   2.6427014e-02
   6.1200000e+01   1.3333333e-02   1.3340377e-02   1.2811076e-02   1.0469119e-02   8.2086315e-03   8.9451361e-03   1.1898915e-02   1.3826481e-02   1.8891145e-02   2.4020988e-02   2.6395087e-02
   6.1650000e+01   1.3333335e-02   1.3371650e-02   1.2564981e-02   1.0159246e-02   7.9933091e-03   8.6340979e-03   1.1496021e-02   1.3463445e-02   1.8673322e-02   2.3932251e-02   2.6362924e-02
   6.2100000e+01   1.3333353e-02   1.3440038e-02   1.2193718e-02   9.7994456e-03   7.7689546e-03   8.3305153e-03   1.1096802e-02   1.3099496e-02   1.8454063e-02   2.3842869e-02   2.6330526e-02
   6.2550000e+01   1.3333285e-02   1.3203913e-02   1.1666282e-02   9.3933317e-03   7.5357867e-03   8.0340945e-03   1.0701333e-02   1.2734671e-02   1.8233371e-02   2.3752842e-02   2.6297893e-02
   6.3000000e+01   1.3323773e-02   1.2167347e-02   1.0973701e-02   8.9455449e-03   7.2942089e-03   7.7445499e-03   1.0309688e-02   1.2369007e-02   1.8011252e-02   2.3662170e-02   2.6265024e-02
   6.3450000e+01   1.3017663e-02   1.0887484e-02   1.0136714e-02   8.4616571e-03   7.0447924e-03   7.4616051e-03   9.9219351e-03   1.2002541e-02   1.7787709e-02   2.3570853e-02   2.6231920e-02
   6.3900000e+01   1.0602405e-02   9.6464157e-03   9.1942044e-03   7.9480406e-03   6.7882591e-03   7.1849944e-03   9.5381400e-03   1.1635309e-02   1.7562746e-02   2.3478892e-02   2.6198581e-02
   6.4350000e+01   8.5366674e-03   8.4320351e-03   8.1856973e-03   7.4117005e-03   6.5254615e-03   6.9144632e-03   9.1583636e-03   1.1267350e-02   1.7336367e-02   2.3386286e-02   2.6165006e-02
   6.4800000e+01   7.2561364e-03   7.2265359e-03   7.1426602e-03   6.8600758e-03   6.2573627e-03   6.6497689e-03   8.7826630e-03   1.0898699e-02   1.7108577e-02   2.3293036e-02   2.6131195e-02
   6.5250000e+01   6.0465565e-03   6.0234220e-03   6.0893021e-03   6.3008186e-03   5.9850153e-03   6.3906813e-03   8.4110915e-03   1.0529395e-02   1.6879380e-02   2.3199142e-02   2.6097149e-02
   6.5700000e+01   4.8394919e-03   4.8197765e-03   5.0474049e-03   5.7415592e-03   5.7095401e-03   6.1369834e-03   8.0436985e-03   1.0159473e-02   1.6648779e-02   2.3104603e-02   2.6062868e-02
   6.6150000e+01   3.6310746e-03   3.6104422e-03   4.0419071e-03   5.1896720e-03   5.4321050e-03   5.8884713e-03   7.6805297e-03   9.7889721e-03   1.6416780e-02   2.3009421e-02   2.6028351e-02
   6.6600000e+01   2.4214452e-03   2.3763610e-03   3.1055655e-03   4.6520508e-03   5.1539043e-03   5.6449550e-03   7.3216267e-03   9.4179285e-03   1.6183387e-02   2.2913595e-02   2.5993599e-02
   6.7050000e+01   1.2061362e-03   1.0922129e-03   2.2789356e-03   4.1349090e-03   4.8761390e-03   5.4062584e-03   6.9670277e-03   9.0463796e-03   1.5948604e-02   2.2817125e-02   2.5958611e-02
   6.7500000e+01   3.2220618e-09   6.4952659e-05   1.6001097e-03   3.6436129e-03   4.5999980e-03   5.1722191e-03   6.6167671e-03   8.6743627e-03   1.5712436e-02   2.2720012e-02   2.5923388e-02
   6.7950000e+01  -4.9098575e-06  -1.1433317e-04   1.0864016e-03   3.1825584e-03   4.3266412e-03   4.9426885e-03   6.2708756e-03   8.3019147e-03   1.5474887e-02   2.2622255e-02   2.5887930e-02
   6.8400000e+01  -4.0100575e-08  -3.5688553e-05   7.2435703e-04   2.7550952e-03   4.0571834e-03   4.7175320e-03   5.9293805e-03   7.9290730e-03   1.5235961e-02   2.2523855e-02   2.5852236e-02
   6.8850000e+01  -2.4353727e-10  -6.1396254e-06   4.7974055e-04   2.3635018e-03   3.7926814e-03   4.4966285e-03   5.5923054e-03   7.5558747e-03   1.4995664e-02   2.2424811e-02   2.5816307e-02
   6.9300000e+01  -1.2578416e-12  -4.5056242e-07   3.1615403e-04   2.0090087e-03   3.5341212e-03   4.2798701e-03   5.2596706e-03   7.1823569e-03   1.4754000e-02   2.2325125e-02   2.5780142e-02
   6.9750000e+01  -2.9898874e-15   1.8325486e-07   2.0593518e-04   1.6918654e-03   3.2824091e-03   4.0671617e-03   4.9314930e-03   6.8085565e-03   1.4510973e-02   2.2224796e-02   2.5743742e-02
   7.0200000e+01   1.6639114e-16   1.1939485e-07   1.3117848e-04   1.4114420e-03   3.0383634e-03   3.8584210e-03   4.6077862e-03   6.4345107e-03   1.4266588e-02   2.2123824e-02   2.5707106e-02
   7.0650000e+01   9.8841136e-18   4.6980815e-08   8.0760982e-05   1.1663585e-03   2.8027091e-03   3.6535776e-03   4.2885607e-03   6.0602564e-03   1.4020850e-02   2.2022209e-02   2.5670236e-02
   7.1100000e+01   3.6436229e-19   1.5130212e-08   4.7494900e-05   9.5462811e-04   2.5760736e-03   3.4525725e-03   3.9738235e-03   5.6858305e-03   1.3773765e-02   2.1919952e-02   2.5633129e-02
   7.1550000e+01   2.6921566e-21   4.0513350e-09   2.6394478e-05   7.7380870e-04   2.3589850e-03   3.2553578e-03   3.6635791e-03   5.3112697e-03   1.3525335e-02   2.1817053e-02   2.5595788e-02
   7.2000000e+01   5.1989406e-24   7.4952514e-10   1.3768459e-05   6.2114990e-04   2.1518719e-03   3.0618957e-03   3.3578285e-03   4.9366107e-03   1.3275568e-02   2.1713511e-02   2.5558211e-02
   7.2450000e+01   1.6284507e-27   2.5212306e-11   6.7646510e-06   4.9373111e-04   1.9550642e-03   2.8721581e-03   3.0565701e-03   4.5618903e-03   1.3024466e-02   2.1609327e-02   2.5520399e-02
   7.2900000e+01  -4.4801126e-29  -1.2255166e-11   3.1896272e-06   3.8858367e-04   1.7687963e-03   2.6861258e-03   2.7597996e-03   4.1871450e-03   1.2772036e-02   2.1504502e-02   2.5482351e-02
   7.3350000e+01  -2.9963421e-31  -1.6844896e-12   1.4870489e-06   3.0279398e-04   1.5932101e-03   2.5037879e-03   2.4675096e-03   3.8124111e-03   1.2518283e-02   2.1399034e-02   2.5444068e-02
   7.3800000e+01  -1.0012426e-33  -1.2934682e-13   7.0228235e-07   2.3358547e-04   1.4283603e-03   2.3251408e-03   2.1796906e-03   3.4377249e-03   1.2263211e-02   2.1292925e-02   2.5405550e-02
   7.4250000e+01  -8.1645731e-37  -6.4603205e-15   3.3722781e-07   1.7837935e-04   1.2742198e-03   2.1501877e-03   1.8963301e-03   3.0631227e-03   1.2006826e-02   2.1186175e-02   2.5366796e-02
   7.4700000e+01  -2.0935302e-40   1.3569137e-17   1.6225404e-07   1.3483504e-04   1.1306859e-03   1.9789378e-03   1.6174134e-03   2.6886404e-03   1.1749132e-02   2.1078783e-02   2.5327807e-02
   7.5150000e+01   2.2256733e-43   6.0528354e-17   7.6595184e-08   1.0087235e-04   9.9758684e-04   1.8114053e-03   1.3429235e-03   2.3143140e-03   1.1490136e-02   2.0970750e-02   2.5288582e-02
   7.5600000e+01   9.2018314e-46   1.0956014e-17   3.4793095e-08   7.4678142e-05   8.7468881e-04   1.6476089e-03   1.0728411e-03   1.9401792e-03   1.1229841e-02   2.0862077e-02   2.5249123e-02
   7.6050000e+01   1.9045036e-48   1.4368242e-18   1.4959458e-08   5.4700715e-05   7.6170334e-04   1.4875710e-03   8.0714474e-04   1.5662716e-03   1.0968254e-02   2.0752762e-02   2.5209428e-02
   7.6500000e+01   8.0116965e-52   1.5180271e-19   6.0039472e-09   3.9634797e-05   6.5829434e-04   1.3313169e-03   5.4581094e-04   1.1926266e-03   1.0705380e-02   2.0642806e-02   2.5169497e-02
   7.6950000e+01   1.0403140e-55   1.1224242e-20   2.2288915e-09   2.8400348e-05   5.6408535e-04   1.1788739e-03   2.8881426e-04   8.1927946e-04   1.0441223e-02   2.0532210e-02   2.5129331e-02
   7.7400000e+01   3.9429255e-60   2.1444592e-22   7.6731889e-10   2.0117676e-05   4.7866661e-04   1.0302710e-03   3.6127409e-05   4.4626529e-04   1.0175791e-02   2.0420974e-02   2.5088930e-02
   7.7850000e+01  -3.0843218e-63  -2.6034110e-23   2.5070997e-10   1.4081079e-05   4.0160189e-04   8.8553795e-04  -2.1227868e-04   7.3618954e-05   9.9090869e-03   2.0309098e-02   2.5048294e-02
   7.8300000e+01  -1.4914410e-66  -1.5771869e-24   8.1194710e-11   9.7326804e-06   3.3243499e-04   7.4470448e-04  -4.5643471e-04  -2.9862487e-04   9.6411176e-03   2.0196581e-02   2.5007422e-02
   7.8750000e+01  -3.9938446e-70  -5.0147328e-26   2.7163976e-11   6.6377140e-06   2.7069596e-04   6.0779995e-04  -6.9637299e-04  -6.7043169e-04   9.3718882e-03   2.0083425e-02   2.4966315e-02
   7.9200000e+01  -3.0018874e-74  -1.0989492e-27   9.4781704e-12   4.4620237e-06   2.1590681e-04   4.7485261e-04  -9.3212728e-04  -1.0417672e-03   9.1014044e-03   1.9969629e-02   2.4924973e-02
   7.9650000e+01  -6.0511542e-79  -8.9751787e-30   3.3685141e-12   2.9522458e-06   1.6758689e-04   3.4588906e-04  -1.1637327e-03  -1.4125975e-03   8.8296717e-03   1.9855193e-02   2.4883396e-02
   8.0100000e+01   1.8986822e-83   7.9444222e-31   1.1789758e-12   1.9188201e-06   1.2525770e-04   2.2093373e-04  -1.3912258e-03  -1.7828886e-03   8.5566959e-03   1.9740118e-02   2.4841583e-02
   8.0550000e+01   5.9796070e-87   6.6315578e-32   3.9522677e-13   1.2217798e-06   8.8447224e-05   1.0000844e-04  -1.6146441e-03  -2.1526069e-03   8.2824826e-03   1.9624403e-02   2.4799535e-02
   8.1000000e+01   7.6236867e-91   3.5051114e-33   1.2431511e-13   7.5912613e-07   5.6693837e-05  -1.6868081e-05  -1.8340264e-03  -2.5217191e-03   8.0070375e-03   1.9508050e-02   2.4757251e-02
   8.1450000e+01   2.0671238e-95   1.4573528e-34   3.6090868e-14   4.5750506e-07   2.9549587e-05  -1.2968058e-04  -2.0494125e-03  -2.8901921e-03   7.7303665e-03   1.9391058e-02   2.4714732e-02
   8.1900000e+01  1.8306096e-100   4.3159174e-36   9.5516270e-15   2.6486816e-07   6.5830533e-06  -2.3841761e-04  -2.2608431e-03  -3.2579931e-03   7.4524754e-03   1.9273427e-02   2.4671979e-02
   8.2350000e+01  6.3611316e-106   4.2396157e-38   2.2988714e-15   1.4479363e-07  -1.2618317e-05  -3.4307187e-04  -2.4683598e-03  -3.6250894e-03   7.1733700e-03   1.9155157e-02   2.4628989e-02
   8.2800000e+01 -1.8324061e-110  -1.3519439e-39   5.1275950e-16   7.2162343e-08  -2.8446341e-05  -4.4364045e-04  -2.6720049e-03  -3.9914486e-03   6.8930562e-03   1.9036249e-02   2.4585765e-02
   8.3250000e+01 -6.4440504e-115  -3.6504283e-41   1.1116119e-16   2.9915911e-08  -4.1270679e-05  -5.4012508e-04  -2.8718214e-03  -4.3570389e-03   6.6115401e-03   1.8916703e-02   2.4542305e-02
   8.3700000e+01 -1.2467545e-119  -4.7304540e-43   2.4856368e-17   6.6621549e-09  -5.1437842e-05  -6.3253228e-04  -3.0678530e-03  -4.7218283e-03   6.3288275e-03   1.8796519e-02   2.4498610e-02
   8.4150000e+01 -7.4232036e-125  -4.2809187e-45   5.8824268e-18  -5.0677199e-09  -5.9270586e-05  -7.2087352e-04  -3.2601439e-03  -5.0857853e-03   6.0449246e-03   1.8675697e-02   2.4454680e-02
   8.4600000e+01 -1.0819447e-130  -2.0231633e-47   1.4267617e-18  -1.0068938e-08  -6.5067654e-05  -8.0516534e-04  -3.4487387e-03  -5.4488788e-03   5.7598373e-03   1.8554238e-02   2.4410514e-02
   8.5050000e+01  9.8749597e-137   2.6626275e-49   3.3173547e-19  -1.1345939e-08  -6.9103852e-05  -8.8542939e-04  -3.6336824e-03  -5.8110779e-03   5.4735719e-03   1.8432141e-02   2.4366114e-02
   8.5500000e+01  2.7736065e-141   1.0696670e-50   6.7440434e-20  -1.0726177e-08  -7.1630387e-05  -9.6169246e-04  -3.8150204e-03  -6.1723520e-03   5.1861344e-03   1.8309407e-02   2.4321478e-02
   8.5950000e+01  2.2759027e-146   2.2795659e-52   9.5350326e-21  -9.2798378e-09  -7.2875455e-05  -1.0339865e-03  -3.9927982e-03  -6.5326707e-03   4.8975311e-03   1.8186035e-02   2.4276607e-02
   8.6400000e+01  4.1803764e-152   3.7583301e-54  -5.0943219e-22  -7.6017627e-09  -7.3045035e-05  -1.1023485e-03  -4.1670616e-03  -6.8920041e-03   4.6077682e-03   1.8062027e-02   2.4231500e-02
   8.6850000e+01  2.5409371e-158   4.6458367e-56  -1.1475581e-21  -5.9971508e-09  -7.2323842e-05  -1.1668205e-03  -4.3378566e-03  -7.2503225e-03   4.3168520e-03   1.7937382e-02   2.4186159e-02
   8.7300000e+01  7.2332544e-165   2.5201823e-58  -6.2047629e-22  -4.6012356e-09  -7.0876415e-05  -1.2274496e-03  -4.5052290e-03  -7.6075966e-03   4.0247888e-03   1.7812101e-02   2.4140582e-02
   8.7750000e+01 -8.3728715e-171  -6.1497435e-60  -2.5854463e-22  -3.4545022e-09  -6.8848303e-05  -1.2842874e-03  -4.6692249e-03  -7.9637974e-03   3.7315849e-03   1.7686183e-02   2.4094770e-02
   8.8200000e+01 -2.2176914e-176  -2.1299853e-61  -9.5452656e-23  -2.5485657e-09  -6.6367317e-05  -1.3373904e-03  -4.8298900e-03  -8.3188963e-03   3.4372468e-03   1.7559629e-02   2.4048723e-02
   8.8650000e+01 -3.4989724e-182  -3.6623293e-63  -3.2757832e-23  -1.8531222e-09  -6.3544826e-05  -1.3868195e-03  -4.9872703e-03  -8.6728648e-03   3.1417808e-03   1.7432439e-02   2.4002440e-02
   8.9100000e+01 -4.7477775e-188  -4.6850026e-65  -1.0686634e-23  -1.3309962e-09  -6.0477068e-05  -1.4326398e-03  -5.1414113e-03  -9.0256750e-03   2.8451935e-03   1.7304614e-02   2.3955923e-02
   8.9550000e+01 -6.0191222e-194  -5.1663234e-67  -3.3542583e-24  -9.4592820e-10  -5.7246453e-05  -1.4749206e-03  -5.2923585e-03  -9.3772993e-03   2.5474914e-03   1.7176152e-02   2.3909170e-02
   9.0000000e+01 -7.3591769e-200  -5.2725510e-69  -1.0198674e-24  -6.6609526e-10  -5.3922845e-05  -1.5137348e-03  -5.4401571e-03  -9.7277103e-03   2.2486810e-03   1.7047056e-02   2.3862182e-02
