  -9.0000000e+01  -6.1345949e-04
  -8.9550000e+01  -6.1212644e-04
  -8.9100000e+01  -6.0955956e-04
  -8.8650000e+01  -6.0567967e-04
  -8.8200000e+01  -6.0040471e-04
  -8.7750000e+01  -5.9364971e-04
  -8.7300000e+01  -5.8532672e-04
  -8.6850000e+01  -5.7534469e-04
  -8.6400000e+01  -5.6360944e-04
  -8.5950000e+01  -5.5002354e-04
  -8.5500000e+01  -5.3448625e-04
  -8.5050000e+01  -5.1689339e-04
  -8.4600000e+01  -4.9713729e-04
  -8.4150000e+01  -4.7510664e-04
  -8.3700000e+01  -4.5068639e-04
  -8.3250000e+01  -4.2375770e-04
  -8.2800000e+01  -3.9419772e-04
  -8.2350000e+01  -3.6187957e-04
  -8.1900000e+01  -3.2667217e-04
  -8.1450000e+01  -2.8844014e-04
  -8.1000000e+01  -2.4704365e-04
  -8.0550000e+01  -2.0233833e-04
  -8.0100000e+01  -1.5417512e-04
  -7.9650000e+01  -1.0240021e-04
  -7.9200000e+01  -4.6854845e-05
  -7.8750000e+01   1.2624723e-05
  -7.8300000e+01   7.6207352e-05
  -7.7850000e+01   1.4406710e-04
  -7.7400000e+01   2.1638330e-04
  -7.6950000e+01   2.9334064e-04
  -7.6500000e+01   3.7512918e-04
  -7.6050000e+01   4.6194441e-04
  -7.5600000e+01   5.5398725e-04
  -7.5150000e+01   6.5146404e-04
  -7.4700000e+01   7.5458647e-04
  -7.4250000e+01   8.6357157e-04
  -7.3800000e+01   9.7864153e-04
  -7.3350000e+01   1.1000236e-03
  -7.2900000e+01   1.2279500e-03
  -7.2450000e+01   1.3626576e-03
  -7.2000000e+01   1.5043876e-03
  -7.1550000e+01   1.6533853e-03
  -7.1100000e+01   1.8099000e-03
  -7.0650000e+01   1.9741841e-03
  -7.0200000e+01   2.1464931e-03
  -6.9750000e+01   2.3270847e-03
  -6.9300000e+01   2.5162187e-03
  -6.8850000e+01   2.7141559e-03
  -6.8400000e+01   2.9211578e-03
  -6.7950000e+01   3.1374856e-03
  -6.7500000e+01   3.3633995e-03
  -6.7050000e+01   3.5991580e-03
  -6.6600000e+01   3.8450166e-03
  -6.6150000e+01   4.1012272e-03
  -6.5700000e+01   4.3680368e-03
  -6.5250000e+01   4.6456867e-03
  -6.4800000e+01   4.9344110e-03
  -6.4350000e+01   5.2344356e-03
  -6.3900000e+01   5.5459768e-03
  -6.3450000e+01   5.8692405e-03
  -6.3000000e+01   6.2044202e-03
  -6.2550000e+01   6.5516959e-03
  -6.2100000e+01   6.9112330e-03
  -6.1650000e+01   7.2831804e-03
  -6.1200000e+01   7.6676694e-03
  -6.0750000e+01   8.0648123e-03
  -6.0300000e+01   8.4747007e-03
  -5.9850000e+01   8.8974042e-03
  -5.9400000e+01   9.3329692e-03
  -5.8950000e+01   9.7814174e-03
  -5.8500000e+01   1.0242744e-02
  -5.8050000e+01   1.0716919e-02
  -5.7600000e+01   1.1203880e-02
  -5.7150000e+01   1.1703539e-02
  -5.6700000e+01   1.2215776e-02
  -5.6250000e+01   1.2740439e-02
  -5.5800000e+01   1.3277344e-02
  -5.5350000e+01   1.3826275e-02
  -5.4900000e+01   1.4386981e-02
  -5.4450000e+01   1.4959181e-02
  -5.4000000e+01   1.5542555e-02
  -5.3550000e+01   1.6136753e-02
  -5.3100000e+01   1.6741390e-02
  -5.2650000e+01   1.7356049e-02
  -5.2200000e+01   1.7980277e-02
  -5.1750000e+01   1.8613594e-02
  -5.1300000e+01   1.9255484e-02
  -5.0850000e+01   1.9905405e-02
  -5.0400000e+01   2.0562785e-02
  -4.9950000e+01   2.1227026e-02
  -4.9500000e+01   2.1897504e-02
  -4.9050000e+01   2.2573573e-02
  -4.8600000e+01   2.3254565e-02
  -4.8150000e+01   2.3939794e-02
  -4.7700000e+01   2.4628559e-02
  -4.7250000e+01   2.5320143e-02
  -4.6800000e+01   2.6013820e-02
  -4.6350000e+01   2.6708853e-02
  -4.5900000e+01   2.7404504e-02
  -4.5450000e+01   2.8100029e-02
  -4.5000000e+01   2.8794685e-02
  -4.4550000e+01   2.9487733e-02
  -4.4100000e+01   3.0178441e-02
  -4.3650000e+01   3.0866083e-02
  -4.3200000e+01   3.1549949e-02
  -4.2750000e+01   3.2229340e-02
  -4.2300000e+01   3.2903575e-02
  -4.1850000e+01   3.3571994e-02
  -4.1400000e+01   3.4233956e-02
  -4.0950000e+01   3.4888847e-02
  -4.0500000e+01   3.5536077e-02
  -4.0050000e+01   3.6175083e-02
  -3.9600000e+01   3.6805333e-02
  -3.9150000e+01   3.7426322e-02
  -3.8700000e+01   3.8037580e-02
  -3.8250000e+01   3.8638667e-02
  -3.7800000e+01   3.9229176e-02
  -3.7350000e+01   3.9808733e-02
  -3.6900000e+01   4.0376998e-02
  -3.6450000e+01   4.0933662e-02
  -3.6000000e+01   4.1478452e-02
  -3.5550000e+01   4.2011124e-02
  -3.5100000e+01   4.2531466e-02
  -3.4650000e+01   4.3039299e-02
  -3.4200000e+01   4.3534469e-02
  -3.3750000e+01   4.4016855e-02
  -3.3300000e+01   4.4486359e-02
  -3.2850000e+01   4.4942910e-02
  -3.2400000e+01   4.5386462e-02
  -3.1950000e+01   4.5816988e-02
  -3.1500000e+01   4.6234486e-02
  -3.1050000e+01   4.6638969e-02
  -3.0600000e+01   4.7030470e-02
  -3.0150000e+01   4.7409037e-02
  -2.9700000e+01   4.7774732e-02
  -2.9250000e+01   4.8127630e-02
  -2.8800000e+01   4.8467816e-02
  -2.8350000e+01   4.8795388e-02
  -2.7900000e+01   4.9110450e-02
  -2.7450000e+01   4.9413114e-02
  -2.7000000e+01   4.9703501e-02
  -2.6550000e+01   4.9981735e-02
  -2.6100000e+01   5.0247948e-02
  -2.5650000e+01   5.0502274e-02
  -2.5200000e+01   5.0744853e-02
  -2.4750000e+01   5.0975828e-02
  -2.4300000e+01   5.1195348e-02
  -2.3850000e+01   5.1403564e-02
  -2.3400000e+01   5.1600631e-02
  -2.2950000e+01   5.1786710e-02
  -2.2500000e+01   5.1961966e-02
  -2.2050000e+01   5.2126568e-02
  -2.1600000e+01   5.2280692e-02
  -2.1150000e+01   5.2424520e-02
  -2.0700000e+01   5.2558241e-02
  -2.0250000e+01   5.2682051e-02
  -1.9800000e+01   5.2796153e-02
  -1.9350000e+01   5.2900762e-02
  -1.8900000e+01   5.2996100e-02
  -1.8450000e+01   5.3082399e-02
  -1.8000000e+01   5.3159901e-02
  -1.7550000e+01   5.3228862e-02
  -1.7100000e+01   5.3289545e-02
  -1.6650000e+01   5.3342228e-02
  -1.6200000e+01   5.3387198e-02
  -1.5750000e+01   5.3424756e-02
  -1.5300000e+01   5.3455213e-02
  -1.4850000e+01   5.3478893e-02
  -1.4400000e+01   5.3496131e-02
  -1.3950000e+01   5.3507271e-02
  -1.3500000e+01   5.3512668e-02
  -1.3050000e+01   5.3512688e-02
  -1.2600000e+01   5.3507704e-02
  -1.2150000e+01   5.3498097e-02
  -1.1700000e+01   5.3484255e-02
  -1.1250000e+01   5.3466570e-02
  -1.0800000e+01   5.3445439e-02
  -1.0350000e+01   5.3421262e-02
  -9.9000000e+00   5.3394440e-02
  -9.4500000e+00   5.3365373e-02
  -9.0000000e+00   5.3334460e-02
  -8.5500000e+00   5.3302096e-02
  -8.1000000e+00   5.3268670e-02
  -7.6500000e+00   5.3234565e-02
  -7.2000000e+00   5.3200154e-02
  -6.7500000e+00   5.3165802e-02
  -6.3000000e+00   5.3131860e-02
  -5.8500000e+00   5.3098664e-02
  -5.4000000e+00   5.3066539e-02
  -4.9500000e+00   5.3035788e-02
  -4.5000000e+00   5.3006699e-02
  -4.0500000e+00   5.2979538e-02
  -3.6000000e+00   5.2954552e-02
  -3.1500000e+00   5.2931964e-02
  -2.7000000e+00   5.2911974e-02
  -2.2500000e+00   5.2894757e-02
  -1.8000000e+00   5.2880463e-02
  -1.3500000e+00   5.2869217e-02
  -9.0000000e-01   5.2861113e-02
  -4.5000000e-01   5.2856224e-02
   0.0000000e+00   5.2854589e-02
   4.5000000e-01   5.2856224e-02
   9.0000000e-01   5.2861113e-02
   1.3500000e+00   5.2869217e-02
   1.8000000e+00   5.2880463e-02
   2.2500000e+00   5.2894757e-02
   2.7000000e+00   5.2911974e-02
   3.1500000e+00   5.2931964e-02
   3.6000000e+00   5.2954552e-02
   4.0500000e+00   5.2979538e-02
   4.5000000e+00   5.3006699e-02
   4.9500000e+00   5.3035788e-02
   5.4000000e+00   5.3066539e-02
   5.8500000e+00   5.3098664e-02
   6.3000000e+00   5.3131860e-02
   6.7500000e+00   5.3165802e-02
   7.2000000e+00   5.3200154e-02
   7.6500000e+00   5.3234565e-02
   8.1000000e+00   5.3268670e-02
   8.5500000e+00   5.3302096e-02
   9.0000000e+00   5.3334460e-02
   9.4500000e+00   5.3365373e-02
   9.9000000e+00   5.3394440e-02
   1.0350000e+01   5.3421262e-02
   1.0800000e+01   5.3445439e-02
   1.1250000e+01   5.3466570e-02
   1.1700000e+01   5.3484255e-02
   1.2150000e+01   5.3498097e-02
   1.2600000e+01   5.3507704e-02
   1.3050000e+01   5.3512688e-02
   1.3500000e+01   5.3512668e-02
   1.3950000e+01   5.3507271e-02
   1.4400000e+01   5.3496131e-02
   1.4850000e+01   5.3478893e-02
   1.5300000e+01   5.3455213e-02
   1.5750000e+01   5.3424756e-02
   1.6200000e+01   5.3387198e-02
   1.6650000e+01   5.3342228e-02
   1.7100000e+01   5.3289545e-02
   1.7550000e+01   5.3228862e-02
   1.8000000e+01   5.3159901e-02
   1.8450000e+01   5.3082399e-02
   1.8900000e+01   5.2996100e-02
   1.9350000e+01   5.2900762e-02
   1.9800000e+01   5.2796153e-02
   2.0250000e+01   5.2682051e-02
   2.0700000e+01   5.2558241e-02
   2.1150000e+01   5.2424520e-02
   2.1600000e+01   5.2280692e-02
   2.2050000e+01   5.2126568e-02
   2.2500000e+01   5.1961966e-02
   2.2950000e+01   5.1786710e-02
   2.3400000e+01   5.1600631e-02
   2.3850000e+01   5.1403564e-02
   2.4300000e+01   5.1195348e-02
   2.4750000e+01   5.0975828e-02
   2.5200000e+01   5.0744853e-02
   2.5650000e+01   5.0502274e-02
   2.6100000e+01   5.0247948e-02
   2.6550000e+01   4.9981735e-02
   2.7000000e+01   4.9703501e-02
   2.7450000e+01   4.9413114e-02
   2.7900000e+01   4.9110450e-02
   2.8350000e+01   4.8795388e-02
   2.8800000e+01   4.8467816e-02
   2.9250000e+01   4.8127630e-02
   2.9700000e+01   4.7774732e-02
   3.0150000e+01   4.7409037e-02
   3.0600000e+01   4.7030470e-02
   3.1050000e+01   4.6638969e-02
   3.1500000e+01   4.6234486e-02
   3.1950000e+01   4.5816988e-02
   3.2400000e+01   4.5386462e-02
   3.2850000e+01   4.4942910e-02
   3.3300000e+01   4.4486359e-02
   3.3750000e+01   4.4016855e-02
   3.4200000e+01   4.3534469e-02
   3.4650000e+01   4.3039299e-02
   3.5100000e+01   4.2531466e-02
   3.5550000e+01   4.2011124e-02
   3.6000000e+01   4.1478452e-02
   3.6450000e+01   4.0933662e-02
   3.6900000e+01   4.0376998e-02
   3.7350000e+01   3.9808733e-02
   3.7800000e+01   3.9229176e-02
   3.8250000e+01   3.8638667e-02
   3.8700000e+01   3.8037580e-02
   3.9150000e+01   3.7426322e-02
   3.9600000e+01   3.6805333e-02
   4.0050000e+01   3.6175083e-02
   4.0500000e+01   3.5536077e-02
   4.0950000e+01   3.4888847e-02
   4.1400000e+01   3.4233956e-02
   4.1850000e+01   3.3571994e-02
   4.2300000e+01   3.2903575e-02
   4.2750000e+01   3.2229340e-02
   4.3200000e+01   3.1549949e-02
   4.3650000e+01   3.0866083e-02
   4.4100000e+01   3.0178441e-02
   4.4550000e+01   2.9487733e-02
   4.5000000e+01   2.8794685e-02
   4.5450000e+01   2.8100029e-02
   4.5900000e+01   2.7404504e-02
   4.6350000e+01   2.6708853e-02
   4.6800000e+01   2.6013820e-02
   4.7250000e+01   2.5320143e-02
   4.7700000e+01   2.4628559e-02
   4.8150000e+01   2.3939794e-02
   4.8600000e+01   2.3254565e-02
   4.9050000e+01   2.2573573e-02
   4.9500000e+01   2.1897504e-02
   4.9950000e+01   2.1227026e-02
   5.0400000e+01   2.0562785e-02
   5.0850000e+01   1.9905405e-02
   5.1300000e+01   1.9255484e-02
   5.1750000e+01   1.8613594e-02
   5.2200000e+01   1.7980277e-02
   5.2650000e+01   1.7356049e-02
   5.3100000e+01   1.6741390e-02
   5.3550000e+01   1.6136753e-02
   5.4000000e+01   1.5542555e-02
   5.4450000e+01   1.4959181e-02
   5.4900000e+01   1.4386981e-02
   5.5350000e+01   1.3826275e-02
   5.5800000e+01   1.3277344e-02
   5.6250000e+01   1.2740439e-02
   5.6700000e+01   1.2215776e-02
   5.7150000e+01   1.1703539e-02
   5.7600000e+01   1.1203880e-02
   5.8050000e+01   1.0716919e-02
   5.8500000e+01   1.0242744e-02
   5.8950000e+01   9.7814174e-03
   5.9400000e+01   9.3329692e-03
   5.9850000e+01   8.8974042e-03
   6.0300000e+01   8.4747007e-03
   6.0750000e+01   8.0648123e-03
   6.1200000e+01   7.6676694e-03
   6.1650000e+01   7.2831804e-03
   6.2100000e+01   6.9112330e-03
   6.2550000e+01   6.5516959e-03
   6.3000000e+01   6.2044202e-03
   6.3450000e+01   5.8692405e-03
   6.3900000e+01   5.5459768e-03
   6.4350000e+01   5.2344356e-03
   6.4800000e+01   4.9344110e-03
   6.5250000e+01   4.6456867e-03
   6.5700000e+01   4.3680368e-03
   6.6150000e+01   4.1012272e-03
   6.6600000e+01   3.8450166e-03
   6.7050000e+01   3.5991580e-03
   6.7500000e+01   3.3633995e-03
   6.7950000e+01   3.1374856e-03
   6.8400000e+01   2.9211578e-03
   6.8850000e+01   2.7141559e-03
   6.9300000e+01   2.5162187e-03
   6.9750000e+01   2.3270847e-03
   7.0200000e+01   2.1464931e-03
   7.0650000e+01   1.9741841e-03
   7.1100000e+01   1.8099000e-03
   7.1550000e+01   1.6533853e-03
   7.2000000e+01   1.5043876e-03
   7.2450000e+01   1.3626576e-03
   7.2900000e+01   1.2279500e-03
   7.3350000e+01   1.1000236e-03
   7.3800000e+01   9.7864153e-04
   7.4250000e+01   8.6357157e-04
   7.4700000e+01   7.5458647e-04
   7.5150000e+01   6.5146404e-04
   7.5600000e+01   5.5398725e-04
   7.6050000e+01   4.6194441e-04
   7.6500000e+01   3.7512918e-04
   7.6950000e+01   2.9334064e-04
   7.7400000e+01   2.1638330e-04
   7.7850000e+01   1.4406710e-04
   7.8300000e+01   7.6207352e-05
   7.8750000e+01   1.2624723e-05
   7.9200000e+01  -4.6854845e-05
   7.9650000e+01  -1.0240021e-04
   8.0100000e+01  -1.5417512e-04
   8.0550000e+01  -2.0233833e-04
   8.1000000e+01  -2.4704365e-04
   8.1450000e+01  -2.8844014e-04
   8.1900000e+01  -3.2667217e-04
   8.2350000e+01  -3.6187957e-04
   8.2800000e+01  -3.9419772e-04
   8.3250000e+01  -4.2375770e-04
   8.3700000e+01  -4.5068639e-04
   8.4150000e+01  -4.7510664e-04
   8.4600000e+01  -4.9713729e-04
   8.5050000e+01  -5.1689339e-04
   8.5500000e+01  -5.3448625e-04
   8.5950000e+01  -5.5002354e-04
   8.6400000e+01  -5.6360944e-04
   8.6850000e+01  -5.7534469e-04
   8.7300000e+01  -5.8532672e-04
   8.7750000e+01  -5.9364971e-04
   8.8200000e+01  -6.0040471e-04
   8.8650000e+01  -6.0567967e-04
   8.9100000e+01  -6.0955956e-04
   8.9550000e+01  -6.1212644e-04
   9.0000000e+01  -6.1345949e-04
