  -9.0000000e+01  -4.4803691e-04
  -8.9550000e+01  -4.6202945e-04
  -8.9100000e+01  -4.7563945e-04
  -8.8650000e+01  -4.8875922e-04
  -8.8200000e+01  -5.0127109e-04
  -8.7750000e+01  -5.1304693e-04
  -8.7300000e+01  -5.2394756e-04
  -8.6850000e+01  -5.3382229e-04
  -8.6400000e+01  -5.4250838e-04
  -8.5950000e+01  -5.4983056e-04
  -8.5500000e+01  -5.5560050e-04
  -8.5050000e+01  -5.5961638e-04
  -8.4600000e+01  -5.6166239e-04
  -8.4150000e+01  -5.6150832e-04
  -8.3700000e+01  -5.5890916e-04
  -8.3250000e+01  -5.5360470e-04
  -8.2800000e+01  -5.4531921e-04
  -8.2350000e+01  -5.3376115e-04
  -8.1900000e+01  -5.1862289e-04
  -8.1450000e+01  -4.9958057e-04
  -8.1000000e+01  -4.7629388e-04
  -8.0550000e+01  -4.4840605e-04
  -8.0100000e+01  -4.1554379e-04
  -7.9650000e+01  -3.7731735e-04
  -7.9200000e+01  -3.3332069e-04
  -7.8750000e+01  -2.8313163e-04
  -7.8300000e+01  -2.2631221e-04
  -7.7850000e+01  -1.6240903e-04
  -7.7400000e+01  -9.0953741e-05
  -7.6950000e+01  -1.1463651e-05
  -7.6500000e+01   7.6557638e-05
  -7.6050000e+01   1.7361942e-04
  -7.5600000e+01   2.8024302e-04
  -7.5150000e+01   3.9696078e-04
  -7.4700000e+01   5.2431494e-04
  -7.4250000e+01   6.6285647e-04
  -7.3800000e+01   8.1314368e-04
  -7.3350000e+01   9.7574083e-04
  -7.2900000e+01   1.1512165e-03
  -7.2450000e+01   1.3401421e-03
  -7.2000000e+01   1.5430898e-03
  -7.1550000e+01   1.7606310e-03
  -7.1100000e+01   1.9933341e-03
  -7.0650000e+01   2.2417624e-03
  -7.0200000e+01   2.5064721e-03
  -6.9750000e+01   2.7880099e-03
  -6.9300000e+01   3.0869109e-03
  -6.8850000e+01   3.4036956e-03
  -6.8400000e+01   3.7388681e-03
  -6.7950000e+01   4.0929129e-03
  -6.7500000e+01   4.4662927e-03
  -6.7050000e+01   4.8594457e-03
  -6.6600000e+01   5.2727826e-03
  -6.6150000e+01   5.7066841e-03
  -6.5700000e+01   6.1614982e-03
  -6.5250000e+01   6.6375372e-03
  -6.4800000e+01   7.1350754e-03
  -6.4350000e+01   7.6543458e-03
  -6.3900000e+01   8.1955377e-03
  -6.3450000e+01   8.7587943e-03
  -6.3000000e+01   9.3442096e-03
  -6.2550000e+01   9.9518264e-03
  -6.2100000e+01   1.0581633e-02
  -6.1650000e+01   1.1233564e-02
  -6.1200000e+01   1.1907492e-02
  -6.0750000e+01   1.2603231e-02
  -6.0300000e+01   1.3320535e-02
  -5.9850000e+01   1.4059091e-02
  -5.9400000e+01   1.4818522e-02
  -5.8950000e+01   1.5598384e-02
  -5.8500000e+01   1.6398168e-02
  -5.8050000e+01   1.7217293e-02
  -5.7600000e+01   1.8055112e-02
  -5.7150000e+01   1.8910907e-02
  -5.6700000e+01   1.9783893e-02
  -5.6250000e+01   2.0673215e-02
  -5.5800000e+01   2.1577952e-02
  -5.5350000e+01   2.2497116e-02
  -5.4900000e+01   2.3429652e-02
  -5.4450000e+01   2.4374444e-02
  -5.4000000e+01   2.5330314e-02
  -5.3550000e+01   2.6296024e-02
  -5.3100000e+01   2.7270282e-02
  -5.2650000e+01   2.8251743e-02
  -5.2200000e+01   2.9239013e-02
  -5.1750000e+01   3.0230650e-02
  -5.1300000e+01   3.1225175e-02
  -5.0850000e+01   3.2221069e-02
  -5.0400000e+01   3.3216784e-02
  -4.9950000e+01   3.4210742e-02
  -4.9500000e+01   3.5201345e-02
  -4.9050000e+01   3.6186980e-02
  -4.8600000e+01   3.7166019e-02
  -4.8150000e+01   3.8136834e-02
  -4.7700000e+01   3.9097793e-02
  -4.7250000e+01   4.0047273e-02
  -4.6800000e+01   4.0983664e-02
  -4.6350000e+01   4.1905372e-02
  -4.5900000e+01   4.2810827e-02
  -4.5450000e+01   4.3698491e-02
  -4.5000000e+01   4.4566858e-02
  -4.4550000e+01   4.5414464e-02
  -4.4100000e+01   4.6239890e-02
  -4.3650000e+01   4.7041767e-02
  -4.3200000e+01   4.7818782e-02
  -4.2750000e+01   4.8569680e-02
  -4.2300000e+01   4.9293271e-02
  -4.1850000e+01   4.9988430e-02
  -4.1400000e+01   5.0654104e-02
  -4.0950000e+01   5.1289312e-02
  -4.0500000e+01   5.1893148e-02
  -4.0050000e+01   5.2464786e-02
  -3.9600000e+01   5.3003478e-02
  -3.9150000e+01   5.3508556e-02
  -3.8700000e+01   5.3979434e-02
  -3.8250000e+01   5.4415609e-02
  -3.7800000e+01   5.4816660e-02
  -3.7350000e+01   5.5182246e-02
  -3.6900000e+01   5.5512108e-02
  -3.6450000e+01   5.5806067e-02
  -3.6000000e+01   5.6064025e-02
  -3.5550000e+01   5.6285956e-02
  -3.5100000e+01   5.6471913e-02
  -3.4650000e+01   5.6622022e-02
  -3.4200000e+01   5.6736476e-02
  -3.3750000e+01   5.6815538e-02
  -3.3300000e+01   5.6859537e-02
  -3.2850000e+01   5.6868861e-02
  -3.2400000e+01   5.6843958e-02
  -3.1950000e+01   5.6785334e-02
  -3.1500000e+01   5.6693544e-02
  -3.1050000e+01   5.6569195e-02
  -3.0600000e+01   5.6412938e-02
  -3.0150000e+01   5.6225467e-02
  -2.9700000e+01   5.6007518e-02
  -2.9250000e+01   5.5759861e-02
  -2.8800000e+01   5.5483302e-02
  -2.8350000e+01   5.5178675e-02
  -2.7900000e+01   5.4846846e-02
  -2.7450000e+01   5.4488702e-02
  -2.7000000e+01   5.4105157e-02
  -2.6550000e+01   5.3697145e-02
  -2.6100000e+01   5.3265618e-02
  -2.5650000e+01   5.2811545e-02
  -2.5200000e+01   5.2335912e-02
  -2.4750000e+01   5.1839717e-02
  -2.4300000e+01   5.1323972e-02
  -2.3850000e+01   5.0789700e-02
  -2.3400000e+01   5.0237932e-02
  -2.2950000e+01   4.9669712e-02
  -2.2500000e+01   4.9086090e-02
  -2.2050000e+01   4.8488127e-02
  -2.1600000e+01   4.7876888e-02
  -2.1150000e+01   4.7253448e-02
  -2.0700000e+01   4.6618887e-02
  -2.0250000e+01   4.5974295e-02
  -1.9800000e+01   4.5320763e-02
  -1.9350000e+01   4.4659394e-02
  -1.8900000e+01   4.3991294e-02
  -1.8450000e+01   4.3317574e-02
  -1.8000000e+01   4.2639353e-02
  -1.7550000e+01   4.1957754e-02
  -1.7100000e+01   4.1273905e-02
  -1.6650000e+01   4.0588939e-02
  -1.6200000e+01   3.9903993e-02
  -1.5750000e+01   3.9220207e-02
  -1.5300000e+01   3.8538723e-02
  -1.4850000e+01   3.7860687e-02
  -1.4400000e+01   3.7187243e-02
  -1.3950000e+01   3.6519536e-02
  -1.3500000e+01   3.5858710e-02
  -1.3050000e+01   3.5205904e-02
  -1.2600000e+01   3.4562254e-02
  -1.2150000e+01   3.3928889e-02
  -1.1700000e+01   3.3306928e-02
  -1.1250000e+01   3.2697483e-02
  -1.0800000e+01   3.2101650e-02
  -1.0350000e+01   3.1520514e-02
  -9.9000000e+00   3.0955140e-02
  -9.4500000e+00   3.0406576e-02
  -9.0000000e+00   2.9875845e-02
  -8.5500000e+00   2.9363948e-02
  -8.1000000e+00   2.8871860e-02
  -7.6500000e+00   2.8400522e-02
  -7.2000000e+00   2.7950848e-02
  -6.7500000e+00   2.7523712e-02
  -6.3000000e+00   2.7119954e-02
  -5.8500000e+00   2.6740372e-02
  -5.4000000e+00   2.6385723e-02
  -4.9500000e+00   2.6056716e-02
  -4.5000000e+00   2.5754016e-02
  -4.0500000e+00   2.5478236e-02
  -3.6000000e+00   2.5229938e-02
  -3.1500000e+00   2.5009630e-02
  -2.7000000e+00   2.4817765e-02
  -2.2500000e+00   2.4654740e-02
  -1.8000000e+00   2.4520891e-02
  -1.3500000e+00   2.4416496e-02
  -9.0000000e-01   2.4341773e-02
  -4.5000000e-01   2.4296877e-02
   0.0000000e+00   2.4281901e-02
   4.5000000e-01   2.4296877e-02
   9.0000000e-01   2.4341773e-02
   1.3500000e+00   2.4416496e-02
   1.8000000e+00   2.4520891e-02
   2.2500000e+00   2.4654740e-02
   2.7000000e+00   2.4817765e-02
   3.1500000e+00   2.5009630e-02
   3.6000000e+00   2.5229938e-02
   4.0500000e+00   2.5478236e-02
   4.5000000e+00   2.5754016e-02
   4.9500000e+00   2.6056716e-02
   5.4000000e+00   2.6385723e-02
   5.8500000e+00   2.6740372e-02
   6.3000000e+00   2.7119954e-02
   6.7500000e+00   2.7523712e-02
   7.2000000e+00   2.7950848e-02
   7.6500000e+00   2.8400522e-02
   8.1000000e+00   2.8871860e-02
   8.5500000e+00   2.9363948e-02
   9.0000000e+00   2.9875845e-02
   9.4500000e+00   3.0406576e-02
   9.9000000e+00   3.0955140e-02
   1.0350000e+01   3.1520514e-02
   1.0800000e+01   3.2101650e-02
   1.1250000e+01   3.2697483e-02
   1.1700000e+01   3.3306928e-02
   1.2150000e+01   3.3928889e-02
   1.2600000e+01   3.4562254e-02
   1.3050000e+01   3.5205904e-02
   1.3500000e+01   3.5858710e-02
   1.3950000e+01   3.6519536e-02
   1.4400000e+01   3.7187243e-02
   1.4850000e+01   3.7860687e-02
   1.5300000e+01   3.8538723e-02
   1.5750000e+01   3.9220207e-02
   1.6200000e+01   3.9903993e-02
   1.6650000e+01   4.0588939e-02
   1.7100000e+01   4.1273905e-02
   1.7550000e+01   4.1957754e-02
   1.8000000e+01   4.2639353e-02
   1.8450000e+01   4.3317574e-02
   1.8900000e+01   4.3991294e-02
   1.9350000e+01   4.4659394e-02
   1.9800000e+01   4.5320763e-02
   2.0250000e+01   4.5974295e-02
   2.0700000e+01   4.6618887e-02
   2.1150000e+01   4.7253448e-02
   2.1600000e+01   4.7876888e-02
   2.2050000e+01   4.8488127e-02
   2.2500000e+01   4.9086090e-02
   2.2950000e+01   4.9669712e-02
   2.3400000e+01   5.0237932e-02
   2.3850000e+01   5.0789700e-02
   2.4300000e+01   5.1323972e-02
   2.4750000e+01   5.1839717e-02
   2.5200000e+01   5.2335912e-02
   2.5650000e+01   5.2811545e-02
   2.6100000e+01   5.3265618e-02
   2.6550000e+01   5.3697145e-02
   2.7000000e+01   5.4105157e-02
   2.7450000e+01   5.4488702e-02
   2.7900000e+01   5.4846846e-02
   2.8350000e+01   5.5178675e-02
   2.8800000e+01   5.5483302e-02
   2.9250000e+01   5.5759861e-02
   2.9700000e+01   5.6007518e-02
   3.0150000e+01   5.6225467e-02
   3.0600000e+01   5.6412938e-02
   3.1050000e+01   5.6569195e-02
   3.1500000e+01   5.6693544e-02
   3.1950000e+01   5.6785334e-02
   3.2400000e+01   5.6843958e-02
   3.2850000e+01   5.6868861e-02
   3.3300000e+01   5.6859537e-02
   3.3750000e+01   5.6815538e-02
   3.4200000e+01   5.6736476e-02
   3.4650000e+01   5.6622022e-02
   3.5100000e+01   5.6471913e-02
   3.5550000e+01   5.6285956e-02
   3.6000000e+01   5.6064025e-02
   3.6450000e+01   5.5806067e-02
   3.6900000e+01   5.5512108e-02
   3.7350000e+01   5.5182246e-02
   3.7800000e+01   5.4816660e-02
   3.8250000e+01   5.4415609e-02
   3.8700000e+01   5.3979434e-02
   3.9150000e+01   5.3508556e-02
   3.9600000e+01   5.3003478e-02
   4.0050000e+01   5.2464786e-02
   4.0500000e+01   5.1893148e-02
   4.0950000e+01   5.1289312e-02
   4.1400000e+01   5.0654104e-02
   4.1850000e+01   4.9988430e-02
   4.2300000e+01   4.9293271e-02
   4.2750000e+01   4.8569680e-02
   4.3200000e+01   4.7818782e-02
   4.3650000e+01   4.7041767e-02
   4.4100000e+01   4.6239890e-02
   4.4550000e+01   4.5414464e-02
   4.5000000e+01   4.4566858e-02
   4.5450000e+01   4.3698491e-02
   4.5900000e+01   4.2810827e-02
   4.6350000e+01   4.1905372e-02
   4.6800000e+01   4.0983664e-02
   4.7250000e+01   4.0047273e-02
   4.7700000e+01   3.9097793e-02
   4.8150000e+01   3.8136834e-02
   4.8600000e+01   3.7166019e-02
   4.9050000e+01   3.6186980e-02
   4.9500000e+01   3.5201345e-02
   4.9950000e+01   3.4210742e-02
   5.0400000e+01   3.3216784e-02
   5.0850000e+01   3.2221069e-02
   5.1300000e+01   3.1225175e-02
   5.1750000e+01   3.0230650e-02
   5.2200000e+01   2.9239013e-02
   5.2650000e+01   2.8251743e-02
   5.3100000e+01   2.7270282e-02
   5.3550000e+01   2.6296024e-02
   5.4000000e+01   2.5330314e-02
   5.4450000e+01   2.4374444e-02
   5.4900000e+01   2.3429652e-02
   5.5350000e+01   2.2497116e-02
   5.5800000e+01   2.1577952e-02
   5.6250000e+01   2.0673215e-02
   5.6700000e+01   1.9783893e-02
   5.7150000e+01   1.8910907e-02
   5.7600000e+01   1.8055112e-02
   5.8050000e+01   1.7217293e-02
   5.8500000e+01   1.6398168e-02
   5.8950000e+01   1.5598384e-02
   5.9400000e+01   1.4818522e-02
   5.9850000e+01   1.4059091e-02
   6.0300000e+01   1.3320535e-02
   6.0750000e+01   1.2603231e-02
   6.1200000e+01   1.1907492e-02
   6.1650000e+01   1.1233564e-02
   6.2100000e+01   1.0581633e-02
   6.2550000e+01   9.9518264e-03
   6.3000000e+01   9.3442096e-03
   6.3450000e+01   8.7587943e-03
   6.3900000e+01   8.1955377e-03
   6.4350000e+01   7.6543458e-03
   6.4800000e+01   7.1350754e-03
   6.5250000e+01   6.6375372e-03
   6.5700000e+01   6.1614982e-03
   6.6150000e+01   5.7066841e-03
   6.6600000e+01   5.2727826e-03
   6.7050000e+01   4.8594457e-03
   6.7500000e+01   4.4662927e-03
   6.7950000e+01   4.0929129e-03
   6.8400000e+01   3.7388681e-03
   6.8850000e+01   3.4036956e-03
   6.9300000e+01   3.0869109e-03
   6.9750000e+01   2.7880099e-03
   7.0200000e+01   2.5064721e-03
   7.0650000e+01   2.2417624e-03
   7.1100000e+01   1.9933341e-03
   7.1550000e+01   1.7606310e-03
   7.2000000e+01   1.5430898e-03
   7.2450000e+01   1.3401421e-03
   7.2900000e+01   1.1512165e-03
   7.3350000e+01   9.7574083e-04
   7.3800000e+01   8.1314368e-04
   7.4250000e+01   6.6285647e-04
   7.4700000e+01   5.2431494e-04
   7.5150000e+01   3.9696078e-04
   7.5600000e+01   2.8024302e-04
   7.6050000e+01   1.7361942e-04
   7.6500000e+01   7.6557638e-05
   7.6950000e+01  -1.1463651e-05
   7.7400000e+01  -9.0953741e-05
   7.7850000e+01  -1.6240903e-04
   7.8300000e+01  -2.2631221e-04
   7.8750000e+01  -2.8313163e-04
   7.9200000e+01  -3.3332069e-04
   7.9650000e+01  -3.7731735e-04
   8.0100000e+01  -4.1554379e-04
   8.0550000e+01  -4.4840605e-04
   8.1000000e+01  -4.7629388e-04
   8.1450000e+01  -4.9958057e-04
   8.1900000e+01  -5.1862289e-04
   8.2350000e+01  -5.3376115e-04
   8.2800000e+01  -5.4531921e-04
   8.3250000e+01  -5.5360470e-04
   8.3700000e+01  -5.5890916e-04
   8.4150000e+01  -5.6150832e-04
   8.4600000e+01  -5.6166239e-04
   8.5050000e+01  -5.5961638e-04
   8.5500000e+01  -5.5560050e-04
   8.5950000e+01  -5.4983056e-04
   8.6400000e+01  -5.4250838e-04
   8.6850000e+01  -5.3382229e-04
   8.7300000e+01  -5.2394756e-04
   8.7750000e+01  -5.1304693e-04
   8.8200000e+01  -5.0127109e-04
   8.8650000e+01  -4.8875922e-04
   8.9100000e+01  -4.7563945e-04
   8.9550000e+01  -4.6202945e-04
   9.0000000e+01  -4.4803691e-04
