  -9.0000000e+01  -1.5137348e-03
  -8.9550000e+01  -1.4749206e-03
  -8.9100000e+01  -1.4326398e-03
  -8.8650000e+01  -1.3868195e-03
  -8.8200000e+01  -1.3373904e-03
  -8.7750000e+01  -1.2842874e-03
  -8.7300000e+01  -1.2274496e-03
  -8.6850000e+01  -1.1668205e-03
  -8.6400000e+01  -1.1023485e-03
  -8.5950000e+01  -1.0339865e-03
  -8.5500000e+01  -9.6169246e-04
  -8.5050000e+01  -8.8542939e-04
  -8.4600000e+01  -8.0516534e-04
  -8.4150000e+01  -7.2087352e-04
  -8.3700000e+01  -6.3253228e-04
  -8.3250000e+01  -5.4012508e-04
  -8.2800000e+01  -4.4364045e-04
  -8.2350000e+01  -3.4307187e-04
  -8.1900000e+01  -2.3841761e-04
  -8.1450000e+01  -1.2968058e-04
  -8.1000000e+01  -1.6868081e-05
  -8.0550000e+01   1.0000844e-04
  -8.0100000e+01   2.2093373e-04
  -7.9650000e+01   3.4588906e-04
  -7.9200000e+01   4.7485261e-04
  -7.8750000e+01   6.0779995e-04
  -7.8300000e+01   7.4470448e-04
  -7.7850000e+01   8.8553795e-04
  -7.7400000e+01   1.0302710e-03
  -7.6950000e+01   1.1788739e-03
  -7.6500000e+01   1.3313169e-03
  -7.6050000e+01   1.4875710e-03
  -7.5600000e+01   1.6476089e-03
  -7.5150000e+01   1.8114053e-03
  -7.4700000e+01   1.9789378e-03
  -7.4250000e+01   2.1501877e-03
  -7.3800000e+01   2.3251408e-03
  -7.3350000e+01   2.5037879e-03
  -7.2900000e+01   2.6861258e-03
  -7.2450000e+01   2.8721581e-03
  -7.2000000e+01   3.0618957e-03
  -7.1550000e+01   3.2553578e-03
  -7.1100000e+01   3.4525725e-03
  -7.0650000e+01   3.6535776e-03
  -7.0200000e+01   3.8584210e-03
  -6.9750000e+01   4.0671617e-03
  -6.9300000e+01   4.2798701e-03
  -6.8850000e+01   4.4966285e-03
  -6.8400000e+01   4.7175320e-03
  -6.7950000e+01   4.9426885e-03
  -6.7500000e+01   5.1722191e-03
  -6.7050000e+01   5.4062584e-03
  -6.6600000e+01   5.6449550e-03
  -6.6150000e+01   5.8884713e-03
  -6.5700000e+01   6.1369834e-03
  -6.5250000e+01   6.3906813e-03
  -6.4800000e+01   6.6497689e-03
  -6.4350000e+01   6.9144632e-03
  -6.3900000e+01   7.1849944e-03
  -6.3450000e+01   7.4616051e-03
  -6.3000000e+01   7.7445499e-03
  -6.2550000e+01   8.0340945e-03
  -6.2100000e+01   8.3305153e-03
  -6.1650000e+01   8.6340979e-03
  -6.1200000e+01   8.9451361e-03
  -6.0750000e+01   9.2639313e-03
  -6.0300000e+01   9.5907904e-03
  -5.9850000e+01   9.9260248e-03
  -5.9400000e+01   1.0269949e-02
  -5.8950000e+01   1.0622879e-02
  -5.8500000e+01   1.0985129e-02
  -5.8050000e+01   1.1357012e-02
  -5.7600000e+01   1.1738836e-02
  -5.7150000e+01   1.2130904e-02
  -5.6700000e+01   1.2533508e-02
  -5.6250000e+01   1.2946932e-02
  -5.5800000e+01   1.3371444e-02
  -5.5350000e+01   1.3807300e-02
  -5.4900000e+01   1.4254735e-02
  -5.4450000e+01   1.4713967e-02
  -5.4000000e+01   1.5185190e-02
  -5.3550000e+01   1.5668573e-02
  -5.3100000e+01   1.6164259e-02
  -5.2650000e+01   1.6672360e-02
  -5.2200000e+01   1.7192959e-02
  -5.1750000e+01   1.7726103e-02
  -5.1300000e+01   1.8271804e-02
  -5.0850000e+01   1.8830036e-02
  -5.0400000e+01   1.9400734e-02
  -4.9950000e+01   1.9983792e-02
  -4.9500000e+01   2.0579060e-02
  -4.9050000e+01   2.1186346e-02
  -4.8600000e+01   2.1805412e-02
  -4.8150000e+01   2.2435974e-02
  -4.7700000e+01   2.3077701e-02
  -4.7250000e+01   2.3730216e-02
  -4.6800000e+01   2.4393095e-02
  -4.6350000e+01   2.5065865e-02
  -4.5900000e+01   2.5748008e-02
  -4.5450000e+01   2.6438961e-02
  -4.5000000e+01   2.7138112e-02
  -4.4550000e+01   2.7844808e-02
  -4.4100000e+01   2.8558352e-02
  -4.3650000e+01   2.9278005e-02
  -4.3200000e+01   3.0002991e-02
  -4.2750000e+01   3.0732495e-02
  -4.2300000e+01   3.1465667e-02
  -4.1850000e+01   3.2201626e-02
  -4.1400000e+01   3.2939461e-02
  -4.0950000e+01   3.3678235e-02
  -4.0500000e+01   3.4416986e-02
  -4.0050000e+01   3.5154734e-02
  -3.9600000e+01   3.5890481e-02
  -3.9150000e+01   3.6623217e-02
  -3.8700000e+01   3.7351921e-02
  -3.8250000e+01   3.8075568e-02
  -3.7800000e+01   3.8793130e-02
  -3.7350000e+01   3.9503582e-02
  -3.6900000e+01   4.0205904e-02
  -3.6450000e+01   4.0899084e-02
  -3.6000000e+01   4.1582126e-02
  -3.5550000e+01   4.2254049e-02
  -3.5100000e+01   4.2913894e-02
  -3.4650000e+01   4.3560726e-02
  -3.4200000e+01   4.4193637e-02
  -3.3750000e+01   4.4811749e-02
  -3.3300000e+01   4.5414222e-02
  -3.2850000e+01   4.6000248e-02
  -3.2400000e+01   4.6569064e-02
  -3.1950000e+01   4.7119947e-02
  -3.1500000e+01   4.7652219e-02
  -3.1050000e+01   4.8165251e-02
  -3.0600000e+01   4.8658463e-02
  -3.0150000e+01   4.9131326e-02
  -2.9700000e+01   4.9583365e-02
  -2.9250000e+01   5.0014159e-02
  -2.8800000e+01   5.0423341e-02
  -2.8350000e+01   5.0810603e-02
  -2.7900000e+01   5.1175694e-02
  -2.7450000e+01   5.1518420e-02
  -2.7000000e+01   5.1838645e-02
  -2.6550000e+01   5.2136290e-02
  -2.6100000e+01   5.2411337e-02
  -2.5650000e+01   5.2663823e-02
  -2.5200000e+01   5.2893842e-02
  -2.4750000e+01   5.3101545e-02
  -2.4300000e+01   5.3287138e-02
  -2.3850000e+01   5.3450880e-02
  -2.3400000e+01   5.3593082e-02
  -2.2950000e+01   5.3714109e-02
  -2.2500000e+01   5.3814372e-02
  -2.2050000e+01   5.3894333e-02
  -2.1600000e+01   5.3954495e-02
  -2.1150000e+01   5.3995409e-02
  -2.0700000e+01   5.4017665e-02
  -2.0250000e+01   5.4021892e-02
  -1.9800000e+01   5.4008758e-02
  -1.9350000e+01   5.3978962e-02
  -1.8900000e+01   5.3933237e-02
  -1.8450000e+01   5.3872345e-02
  -1.8000000e+01   5.3797074e-02
  -1.7550000e+01   5.3708236e-02
  -1.7100000e+01   5.3606664e-02
  -1.6650000e+01   5.3493211e-02
  -1.6200000e+01   5.3368745e-02
  -1.5750000e+01   5.3234146e-02
  -1.5300000e+01   5.3090306e-02
  -1.4850000e+01   5.2938124e-02
  -1.4400000e+01   5.2778506e-02
  -1.3950000e+01   5.2612357e-02
  -1.3500000e+01   5.2440585e-02
  -1.3050000e+01   5.2264094e-02
  -1.2600000e+01   5.2083784e-02
  -1.2150000e+01   5.1900547e-02
  -1.1700000e+01   5.1715264e-02
  -1.1250000e+01   5.1528807e-02
  -1.0800000e+01   5.1342030e-02
  -1.0350000e+01   5.1155773e-02
  -9.9000000e+00   5.0970857e-02
  -9.4500000e+00   5.0788082e-02
  -9.0000000e+00   5.0608226e-02
  -8.5500000e+00   5.0432042e-02
  -8.1000000e+00   5.0260259e-02
  -7.6500000e+00   5.0093575e-02
  -7.2000000e+00   4.9932663e-02
  -6.7500000e+00   4.9778161e-02
  -6.3000000e+00   4.9630679e-02
  -5.8500000e+00   4.9490792e-02
  -5.4000000e+00   4.9359039e-02
  -4.9500000e+00   4.9235925e-02
  -4.5000000e+00   4.9121919e-02
  -4.0500000e+00   4.9017451e-02
  -3.6000000e+00   4.8922913e-02
  -3.1500000e+00   4.8838658e-02
  -2.7000000e+00   4.8764998e-02
  -2.2500000e+00   4.8702207e-02
  -1.8000000e+00   4.8650516e-02
  -1.3500000e+00   4.8610113e-02
  -9.0000000e-01   4.8581149e-02
  -4.5000000e-01   4.8563727e-02
   0.0000000e+00   4.8557913e-02
   4.5000000e-01   4.8563727e-02
   9.0000000e-01   4.8581149e-02
   1.3500000e+00   4.8610113e-02
   1.8000000e+00   4.8650516e-02
   2.2500000e+00   4.8702207e-02
   2.7000000e+00   4.8764998e-02
   3.1500000e+00   4.8838658e-02
   3.6000000e+00   4.8922913e-02
   4.0500000e+00   4.9017451e-02
   4.5000000e+00   4.9121919e-02
   4.9500000e+00   4.9235925e-02
   5.4000000e+00   4.9359039e-02
   5.8500000e+00   4.9490792e-02
   6.3000000e+00   4.9630679e-02
   6.7500000e+00   4.9778161e-02
   7.2000000e+00   4.9932663e-02
   7.6500000e+00   5.0093575e-02
   8.1000000e+00   5.0260259e-02
   8.5500000e+00   5.0432042e-02
   9.0000000e+00   5.0608226e-02
   9.4500000e+00   5.0788082e-02
   9.9000000e+00   5.0970857e-02
   1.0350000e+01   5.1155773e-02
   1.0800000e+01   5.1342030e-02
   1.1250000e+01   5.1528807e-02
   1.1700000e+01   5.1715264e-02
   1.2150000e+01   5.1900547e-02
   1.2600000e+01   5.2083784e-02
   1.3050000e+01   5.2264094e-02
   1.3500000e+01   5.2440585e-02
   1.3950000e+01   5.2612357e-02
   1.4400000e+01   5.2778506e-02
   1.4850000e+01   5.2938124e-02
   1.5300000e+01   5.3090306e-02
   1.5750000e+01   5.3234146e-02
   1.6200000e+01   5.3368745e-02
   1.6650000e+01   5.3493211e-02
   1.7100000e+01   5.3606664e-02
   1.7550000e+01   5.3708236e-02
   1.8000000e+01   5.3797074e-02
   1.8450000e+01   5.3872345e-02
   1.8900000e+01   5.3933237e-02
   1.9350000e+01   5.3978962e-02
   1.9800000e+01   5.4008758e-02
   2.0250000e+01   5.4021892e-02
   2.0700000e+01   5.4017665e-02
   2.1150000e+01   5.3995409e-02
   2.1600000e+01   5.3954495e-02
   2.2050000e+01   5.3894333e-02
   2.2500000e+01   5.3814372e-02
   2.2950000e+01   5.3714109e-02
   2.3400000e+01   5.3593082e-02
   2.3850000e+01   5.3450880e-02
   2.4300000e+01   5.3287138e-02
   2.4750000e+01   5.3101545e-02
   2.5200000e+01   5.2893842e-02
   2.5650000e+01   5.2663823e-02
   2.6100000e+01   5.2411337e-02
   2.6550000e+01   5.2136290e-02
   2.7000000e+01   5.1838645e-02
   2.7450000e+01   5.1518420e-02
   2.7900000e+01   5.1175694e-02
   2.8350000e+01   5.0810603e-02
   2.8800000e+01   5.0423341e-02
   2.9250000e+01   5.0014159e-02
   2.9700000e+01   4.9583365e-02
   3.0150000e+01   4.9131326e-02
   3.0600000e+01   4.8658463e-02
   3.1050000e+01   4.8165251e-02
   3.1500000e+01   4.7652219e-02
   3.1950000e+01   4.7119947e-02
   3.2400000e+01   4.6569064e-02
   3.2850000e+01   4.6000248e-02
   3.3300000e+01   4.5414222e-02
   3.3750000e+01   4.4811749e-02
   3.4200000e+01   4.4193637e-02
   3.4650000e+01   4.3560726e-02
   3.5100000e+01   4.2913894e-02
   3.5550000e+01   4.2254049e-02
   3.6000000e+01   4.1582126e-02
   3.6450000e+01   4.0899084e-02
   3.6900000e+01   4.0205904e-02
   3.7350000e+01   3.9503582e-02
   3.7800000e+01   3.8793130e-02
   3.8250000e+01   3.8075568e-02
   3.8700000e+01   3.7351921e-02
   3.9150000e+01   3.6623217e-02
   3.9600000e+01   3.5890481e-02
   4.0050000e+01   3.5154734e-02
   4.0500000e+01   3.4416986e-02
   4.0950000e+01   3.3678235e-02
   4.1400000e+01   3.2939461e-02
   4.1850000e+01   3.2201626e-02
   4.2300000e+01   3.1465667e-02
   4.2750000e+01   3.0732495e-02
   4.3200000e+01   3.0002991e-02
   4.3650000e+01   2.9278005e-02
   4.4100000e+01   2.8558352e-02
   4.4550000e+01   2.7844808e-02
   4.5000000e+01   2.7138112e-02
   4.5450000e+01   2.6438961e-02
   4.5900000e+01   2.5748008e-02
   4.6350000e+01   2.5065865e-02
   4.6800000e+01   2.4393095e-02
   4.7250000e+01   2.3730216e-02
   4.7700000e+01   2.3077701e-02
   4.8150000e+01   2.2435974e-02
   4.8600000e+01   2.1805412e-02
   4.9050000e+01   2.1186346e-02
   4.9500000e+01   2.0579060e-02
   4.9950000e+01   1.9983792e-02
   5.0400000e+01   1.9400734e-02
   5.0850000e+01   1.8830036e-02
   5.1300000e+01   1.8271804e-02
   5.1750000e+01   1.7726103e-02
   5.2200000e+01   1.7192959e-02
   5.2650000e+01   1.6672360e-02
   5.3100000e+01   1.6164259e-02
   5.3550000e+01   1.5668573e-02
   5.4000000e+01   1.5185190e-02
   5.4450000e+01   1.4713967e-02
   5.4900000e+01   1.4254735e-02
   5.5350000e+01   1.3807300e-02
   5.5800000e+01   1.3371444e-02
   5.6250000e+01   1.2946932e-02
   5.6700000e+01   1.2533508e-02
   5.7150000e+01   1.2130904e-02
   5.7600000e+01   1.1738836e-02
   5.8050000e+01   1.1357012e-02
   5.8500000e+01   1.0985129e-02
   5.8950000e+01   1.0622879e-02
   5.9400000e+01   1.0269949e-02
   5.9850000e+01   9.9260248e-03
   6.0300000e+01   9.5907904e-03
   6.0750000e+01   9.2639313e-03
   6.1200000e+01   8.9451361e-03
   6.1650000e+01   8.6340979e-03
   6.2100000e+01   8.3305153e-03
   6.2550000e+01   8.0340945e-03
   6.3000000e+01   7.7445499e-03
   6.3450000e+01   7.4616051e-03
   6.3900000e+01   7.1849944e-03
   6.4350000e+01   6.9144632e-03
   6.4800000e+01   6.6497689e-03
   6.5250000e+01   6.3906813e-03
   6.5700000e+01   6.1369834e-03
   6.6150000e+01   5.8884713e-03
   6.6600000e+01   5.6449550e-03
   6.7050000e+01   5.4062584e-03
   6.7500000e+01   5.1722191e-03
   6.7950000e+01   4.9426885e-03
   6.8400000e+01   4.7175320e-03
   6.8850000e+01   4.4966285e-03
   6.9300000e+01   4.2798701e-03
   6.9750000e+01   4.0671617e-03
   7.0200000e+01   3.8584210e-03
   7.0650000e+01   3.6535776e-03
   7.1100000e+01   3.4525725e-03
   7.1550000e+01   3.2553578e-03
   7.2000000e+01   3.0618957e-03
   7.2450000e+01   2.8721581e-03
   7.2900000e+01   2.6861258e-03
   7.3350000e+01   2.5037879e-03
   7.3800000e+01   2.3251408e-03
   7.4250000e+01   2.1501877e-03
   7.4700000e+01   1.9789378e-03
   7.5150000e+01   1.8114053e-03
   7.5600000e+01   1.6476089e-03
   7.6050000e+01   1.4875710e-03
   7.6500000e+01   1.3313169e-03
   7.6950000e+01   1.1788739e-03
   7.7400000e+01   1.0302710e-03
   7.7850000e+01   8.8553795e-04
   7.8300000e+01   7.4470448e-04
   7.8750000e+01   6.0779995e-04
   7.9200000e+01   4.7485261e-04
   7.9650000e+01   3.4588906e-04
   8.0100000e+01   2.2093373e-04
   8.0550000e+01   1.0000844e-04
   8.1000000e+01  -1.6868081e-05
   8.1450000e+01  -1.2968058e-04
   8.1900000e+01  -2.3841761e-04
   8.2350000e+01  -3.4307187e-04
   8.2800000e+01  -4.4364045e-04
   8.3250000e+01  -5.4012508e-04
   8.3700000e+01  -6.3253228e-04
   8.4150000e+01  -7.2087352e-04
   8.4600000e+01  -8.0516534e-04
   8.5050000e+01  -8.8542939e-04
   8.5500000e+01  -9.6169246e-04
   8.5950000e+01  -1.0339865e-03
   8.6400000e+01  -1.1023485e-03
   8.6850000e+01  -1.1668205e-03
   8.7300000e+01  -1.2274496e-03
   8.7750000e+01  -1.2842874e-03
   8.8200000e+01  -1.3373904e-03
   8.8650000e+01  -1.3868195e-03
   8.9100000e+01  -1.4326398e-03
   8.9550000e+01  -1.4749206e-03
   9.0000000e+01  -1.5137348e-03
