   0.0000000e+00   0.0000000e+00
   0.0000000e+00   0.0000000e+00
   0.0000000e+00   0.0000000e+00
   0.0000000e+00   0.0000000e+00
   0.0000000e+00   0.0000000e+00
   4.4444444e-01   0.0000000e+00
   5.5555556e-01   0.0000000e+00
   0.0000000e+00   0.0000000e+00
   0.0000000e+00   0.0000000e+00
   0.0000000e+00   0.0000000e+00
   0.0000000e+00   0.0000000e+00
   0.0000000e+00   0.0000000e+00
   0.0000000e+00   0.0000000e+00
   0.0000000e+00   0.0000000e+00
   0.0000000e+00   0.0000000e+00
   0.0000000e+00   0.0000000e+00
   3.3333333e-01   3.3201989e-02
   6.6666667e-01   6.6403978e-02
   0.0000000e+00   0.0000000e+00
   0.0000000e+00   0.0000000e+00
   0.0000000e+00   0.0000000e+00
   0.0000000e+00   0.0000000e+00
   0.0000000e+00   0.0000000e+00
   0.0000000e+00   0.0000000e+00
   0.0000000e+00   0.0000000e+00
   0.0000000e+00   0.0000000e+00
   0.0000000e+00   0.0000000e+00
   2.2222222e-01   1.2477877e-02
   7.7777778e-01   4.3672568e-02
   0.0000000e+00   0.0000000e+00
   0.0000000e+00   0.0000000e+00
   0.0000000e+00   0.0000000e+00
   0.0000000e+00   0.0000000e+00
   0.0000000e+00   0.0000000e+00
   0.0000000e+00   0.0000000e+00
   0.0000000e+00   0.0000000e+00
   0.0000000e+00   0.0000000e+00
   0.0000000e+00   0.0000000e+00
   1.1111111e-01   5.1184281e-03
   8.8888889e-01   4.0947425e-02
   0.0000000e+00   0.0000000e+00
   0.0000000e+00   0.0000000e+00
   0.0000000e+00   0.0000000e+00
   0.0000000e+00   0.0000000e+00
   0.0000000e+00   0.0000000e+00
   0.0000000e+00   0.0000000e+00
   0.0000000e+00   0.0000000e+00
   0.0000000e+00   0.0000000e+00
   0.0000000e+00   0.0000000e+00
   0.0000000e+00   0.0000000e+00
   1.0000000e+00   6.6699757e-02
   0.0000000e+00   0.0000000e+00
   0.0000000e+00   0.0000000e+00
   0.0000000e+00   0.0000000e+00
   0.0000000e+00   0.0000000e+00
   0.0000000e+00   0.0000000e+00
   0.0000000e+00   0.0000000e+00
   0.0000000e+00   0.0000000e+00
   0.0000000e+00   0.0000000e+00
   0.0000000e+00   0.0000000e+00
   0.0000000e+00   0.0000000e+00
   8.8888889e-01   4.1950618e-02
   1.1111111e-01   5.2438273e-03
   0.0000000e+00   0.0000000e+00
   0.0000000e+00   0.0000000e+00
   0.0000000e+00   0.0000000e+00
   0.0000000e+00   0.0000000e+00
   0.0000000e+00   0.0000000e+00
   0.0000000e+00   0.0000000e+00
   0.0000000e+00   0.0000000e+00
   0.0000000e+00   0.0000000e+00
   0.0000000e+00   0.0000000e+00
   7.7777778e-01   3.5076964e-03
   2.2222222e-01   1.0021990e-03
   0.0000000e+00   0.0000000e+00
   0.0000000e+00   0.0000000e+00
   0.0000000e+00   0.0000000e+00
   0.0000000e+00   0.0000000e+00
   0.0000000e+00   0.0000000e+00
   0.0000000e+00   0.0000000e+00
   0.0000000e+00   0.0000000e+00
   0.0000000e+00   0.0000000e+00
   0.0000000e+00   0.0000000e+00
   6.6666667e-01   2.7992694e-02
   3.3333333e-01   1.3996347e-02
   0.0000000e+00   0.0000000e+00
   0.0000000e+00   0.0000000e+00
   0.0000000e+00   0.0000000e+00
   0.0000000e+00   0.0000000e+00
   0.0000000e+00   0.0000000e+00
   0.0000000e+00   0.0000000e+00
   0.0000000e+00   0.0000000e+00
   0.0000000e+00   0.0000000e+00
   0.0000000e+00   0.0000000e+00
   5.5555556e-01   4.2469295e-03
   4.4444444e-01   3.3975436e-03
   0.0000000e+00   0.0000000e+00
   0.0000000e+00   0.0000000e+00
   0.0000000e+00   0.0000000e+00
   0.0000000e+00   0.0000000e+00
   0.0000000e+00   0.0000000e+00
   0.0000000e+00   0.0000000e+00
   0.0000000e+00   0.0000000e+00
   0.0000000e+00   0.0000000e+00
   0.0000000e+00   0.0000000e+00
   4.4444444e-01   1.0053049e-02
   5.5555556e-01   1.2566311e-02
   0.0000000e+00   0.0000000e+00
   0.0000000e+00   0.0000000e+00
   0.0000000e+00   0.0000000e+00
   0.0000000e+00   0.0000000e+00
   0.0000000e+00   0.0000000e+00
   0.0000000e+00   0.0000000e+00
   0.0000000e+00   0.0000000e+00
   0.0000000e+00   0.0000000e+00
   0.0000000e+00   0.0000000e+00
   3.3333333e-01   5.3327552e-03
   6.6666667e-01   1.0665510e-02
   0.0000000e+00   0.0000000e+00
   0.0000000e+00   0.0000000e+00
   0.0000000e+00   0.0000000e+00
   0.0000000e+00   0.0000000e+00
   0.0000000e+00   0.0000000e+00
   0.0000000e+00   0.0000000e+00
   0.0000000e+00   0.0000000e+00
   0.0000000e+00   0.0000000e+00
   0.0000000e+00   0.0000000e+00
   2.2222222e-01   3.1562430e-03
   7.7777778e-01   1.1046850e-02
   0.0000000e+00   0.0000000e+00
   0.0000000e+00   0.0000000e+00
   0.0000000e+00   0.0000000e+00
   0.0000000e+00   0.0000000e+00
   0.0000000e+00   0.0000000e+00
   0.0000000e+00   0.0000000e+00
   0.0000000e+00   0.0000000e+00
   0.0000000e+00   0.0000000e+00
   0.0000000e+00   0.0000000e+00
   1.1111111e-01   1.1815585e-03
   8.8888889e-01   9.4524678e-03
   0.0000000e+00   0.0000000e+00
   0.0000000e+00   0.0000000e+00
   0.0000000e+00   0.0000000e+00
   0.0000000e+00   0.0000000e+00
   0.0000000e+00   0.0000000e+00
   0.0000000e+00   0.0000000e+00
   0.0000000e+00   0.0000000e+00
   0.0000000e+00   0.0000000e+00
   0.0000000e+00   0.0000000e+00
   0.0000000e+00   0.0000000e+00
   1.0000000e+00   3.5493807e-02
   0.0000000e+00   0.0000000e+00
   0.0000000e+00   0.0000000e+00
   0.0000000e+00   0.0000000e+00
   0.0000000e+00   0.0000000e+00
   0.0000000e+00   0.0000000e+00
   0.0000000e+00   0.0000000e+00
   0.0000000e+00   0.0000000e+00
   0.0000000e+00   0.0000000e+00
   0.0000000e+00   0.0000000e+00
   0.0000000e+00   0.0000000e+00
   8.8888889e-01   5.5589747e-03
   1.1111111e-01   6.9487184e-04
   0.0000000e+00   0.0000000e+00
   0.0000000e+00   0.0000000e+00
   0.0000000e+00   0.0000000e+00
   0.0000000e+00   0.0000000e+00
   0.0000000e+00   0.0000000e+00
   0.0000000e+00   0.0000000e+00
   0.0000000e+00   0.0000000e+00
   0.0000000e+00   0.0000000e+00
   0.0000000e+00   0.0000000e+00
   7.7777778e-01   0.0000000e+00
   2.2222222e-01   0.0000000e+00
   0.0000000e+00   0.0000000e+00
   0.0000000e+00   0.0000000e+00
   0.0000000e+00   0.0000000e+00
   0.0000000e+00   0.0000000e+00
   0.0000000e+00   0.0000000e+00
   0.0000000e+00   0.0000000e+00
   0.0000000e+00   0.0000000e+00
   0.0000000e+00   0.0000000e+00
   0.0000000e+00   0.0000000e+00
   6.6666667e-01   8.2953469e-03
   3.3333333e-01   4.1476735e-03
   0.0000000e+00   0.0000000e+00
   0.0000000e+00   0.0000000e+00
   0.0000000e+00   0.0000000e+00
   0.0000000e+00   0.0000000e+00
   0.0000000e+00   0.0000000e+00
   0.0000000e+00   0.0000000e+00
   0.0000000e+00   0.0000000e+00
   0.0000000e+00   0.0000000e+00
   0.0000000e+00   0.0000000e+00
   5.5555556e-01   6.9415027e-03
   4.4444444e-01   5.5532021e-03
   0.0000000e+00   0.0000000e+00
   0.0000000e+00   0.0000000e+00
   0.0000000e+00   0.0000000e+00
   0.0000000e+00   0.0000000e+00
   0.0000000e+00   0.0000000e+00
   0.0000000e+00   0.0000000e+00
   0.0000000e+00   0.0000000e+00
   0.0000000e+00   0.0000000e+00
   0.0000000e+00   0.0000000e+00
   4.4444444e-01   5.5532021e-03
   5.5555556e-01   6.9415027e-03
   0.0000000e+00   0.0000000e+00
   0.0000000e+00   0.0000000e+00
   0.0000000e+00   0.0000000e+00
   0.0000000e+00   0.0000000e+00
   0.0000000e+00   0.0000000e+00
   0.0000000e+00   0.0000000e+00
   0.0000000e+00   0.0000000e+00
   0.0000000e+00   0.0000000e+00
   0.0000000e+00   0.0000000e+00
   3.3333333e-01   4.1476735e-03
   6.6666667e-01   8.2953469e-03
   0.0000000e+00   0.0000000e+00
   0.0000000e+00   0.0000000e+00
   0.0000000e+00   0.0000000e+00
   0.0000000e+00   0.0000000e+00
   0.0000000e+00   0.0000000e+00
   0.0000000e+00   0.0000000e+00
   0.0000000e+00   0.0000000e+00
   0.0000000e+00   0.0000000e+00
   0.0000000e+00   0.0000000e+00
   2.2222222e-01   0.0000000e+00
   7.7777778e-01   0.0000000e+00
   0.0000000e+00   0.0000000e+00
   0.0000000e+00   0.0000000e+00
   0.0000000e+00   0.0000000e+00
   0.0000000e+00   0.0000000e+00
   0.0000000e+00   0.0000000e+00
   0.0000000e+00   0.0000000e+00
   0.0000000e+00   0.0000000e+00
   0.0000000e+00   0.0000000e+00
   0.0000000e+00   0.0000000e+00
   1.1111111e-01   6.9487184e-04
   8.8888889e-01   5.5589747e-03
   0.0000000e+00   0.0000000e+00
   0.0000000e+00   0.0000000e+00
   0.0000000e+00   0.0000000e+00
   0.0000000e+00   0.0000000e+00
   0.0000000e+00   0.0000000e+00
   0.0000000e+00   0.0000000e+00
   0.0000000e+00   0.0000000e+00
   0.0000000e+00   0.0000000e+00
   0.0000000e+00   0.0000000e+00
   0.0000000e+00   0.0000000e+00
   1.0000000e+00   3.5493807e-02
   0.0000000e+00   0.0000000e+00
   0.0000000e+00   0.0000000e+00
   0.0000000e+00   0.0000000e+00
   0.0000000e+00   0.0000000e+00
   0.0000000e+00   0.0000000e+00
   0.0000000e+00   0.0000000e+00
   0.0000000e+00   0.0000000e+00
   0.0000000e+00   0.0000000e+00
   0.0000000e+00   0.0000000e+00
   0.0000000e+00   0.0000000e+00
   8.8888889e-01   9.4524678e-03
   1.1111111e-01   1.1815585e-03
   0.0000000e+00   0.0000000e+00
   0.0000000e+00   0.0000000e+00
   0.0000000e+00   0.0000000e+00
   0.0000000e+00   0.0000000e+00
   0.0000000e+00   0.0000000e+00
   0.0000000e+00   0.0000000e+00
   0.0000000e+00   0.0000000e+00
   0.0000000e+00   0.0000000e+00
   0.0000000e+00   0.0000000e+00
   7.7777778e-01   1.1046850e-02
   2.2222222e-01   3.1562430e-03
   0.0000000e+00   0.0000000e+00
   0.0000000e+00   0.0000000e+00
   0.0000000e+00   0.0000000e+00
   0.0000000e+00   0.0000000e+00
   0.0000000e+00   0.0000000e+00
   0.0000000e+00   0.0000000e+00
   0.0000000e+00   0.0000000e+00
   0.0000000e+00   0.0000000e+00
   0.0000000e+00   0.0000000e+00
   6.6666667e-01   1.0665510e-02
   3.3333333e-01   5.3327552e-03
   0.0000000e+00   0.0000000e+00
   0.0000000e+00   0.0000000e+00
   0.0000000e+00   0.0000000e+00
   0.0000000e+00   0.0000000e+00
   0.0000000e+00   0.0000000e+00
   0.0000000e+00   0.0000000e+00
   0.0000000e+00   0.0000000e+00
   0.0000000e+00   0.0000000e+00
   0.0000000e+00   0.0000000e+00
   5.5555556e-01   1.2566311e-02
   4.4444444e-01   1.0053049e-02
   0.0000000e+00   0.0000000e+00
   0.0000000e+00   0.0000000e+00
   0.0000000e+00   0.0000000e+00
   0.0000000e+00   0.0000000e+00
   0.0000000e+00   0.0000000e+00
   0.0000000e+00   0.0000000e+00
   0.0000000e+00   0.0000000e+00
   0.0000000e+00   0.0000000e+00
   0.0000000e+00   0.0000000e+00
   4.4444444e-01   3.3975436e-03
   5.5555556e-01   4.2469295e-03
   0.0000000e+00   0.0000000e+00
   0.0000000e+00   0.0000000e+00
   0.0000000e+00   0.0000000e+00
   0.0000000e+00   0.0000000e+00
   0.0000000e+00   0.0000000e+00
   0.0000000e+00   0.0000000e+00
   0.0000000e+00   0.0000000e+00
   0.0000000e+00   0.0000000e+00
   0.0000000e+00   0.0000000e+00
   3.3333333e-01   1.3996347e-02
   6.6666667e-01   2.7992694e-02
   0.0000000e+00   0.0000000e+00
   0.0000000e+00   0.0000000e+00
   0.0000000e+00   0.0000000e+00
   0.0000000e+00   0.0000000e+00
   0.0000000e+00   0.0000000e+00
   0.0000000e+00   0.0000000e+00
   0.0000000e+00   0.0000000e+00
   0.0000000e+00   0.0000000e+00
   0.0000000e+00   0.0000000e+00
   2.2222222e-01   1.0021990e-03
   7.7777778e-01   3.5076964e-03
   0.0000000e+00   0.0000000e+00
   0.0000000e+00   0.0000000e+00
   0.0000000e+00   0.0000000e+00
   0.0000000e+00   0.0000000e+00
   0.0000000e+00   0.0000000e+00
   0.0000000e+00   0.0000000e+00
   0.0000000e+00   0.0000000e+00
   0.0000000e+00   0.0000000e+00
   0.0000000e+00   0.0000000e+00
   1.1111111e-01   5.2438273e-03
   8.8888889e-01   4.1950618e-02
   0.0000000e+00   0.0000000e+00
   0.0000000e+00   0.0000000e+00
   0.0000000e+00   0.0000000e+00
   0.0000000e+00   0.0000000e+00
   0.0000000e+00   0.0000000e+00
   0.0000000e+00   0.0000000e+00
   0.0000000e+00   0.0000000e+00
   0.0000000e+00   0.0000000e+00
   0.0000000e+00   0.0000000e+00
   0.0000000e+00   0.0000000e+00
   1.0000000e+00   6.6699757e-02
   0.0000000e+00   0.0000000e+00
   0.0000000e+00   0.0000000e+00
   0.0000000e+00   0.0000000e+00
   0.0000000e+00   0.0000000e+00
   0.0000000e+00   0.0000000e+00
   0.0000000e+00   0.0000000e+00
   0.0000000e+00   0.0000000e+00
   0.0000000e+00   0.0000000e+00
   0.0000000e+00   0.0000000e+00
   0.0000000e+00   0.0000000e+00
   8.8888889e-01   4.0947425e-02
   1.1111111e-01   5.1184281e-03
   0.0000000e+00   0.0000000e+00
   0.0000000e+00   0.0000000e+00
   0.0000000e+00   0.0000000e+00
   0.0000000e+00   0.0000000e+00
   0.0000000e+00   0.0000000e+00
   0.0000000e+00   0.0000000e+00
   0.0000000e+00   0.0000000e+00
   0.0000000e+00   0.0000000e+00
   0.0000000e+00   0.0000000e+00
   7.7777778e-01   4.3672568e-02
   2.2222222e-01   1.2477877e-02
   0.0000000e+00   0.0000000e+00
   0.0000000e+00   0.0000000e+00
   0.0000000e+00   0.0000000e+00
   0.0000000e+00   0.0000000e+00
   0.0000000e+00   0.0000000e+00
   0.0000000e+00   0.0000000e+00
   0.0000000e+00   0.0000000e+00
   0.0000000e+00   0.0000000e+00
   0.0000000e+00   0.0000000e+00
   6.6666667e-01   6.6403978e-02
   3.3333333e-01   3.3201989e-02
   0.0000000e+00   0.0000000e+00
   0.0000000e+00   0.0000000e+00
   0.0000000e+00   0.0000000e+00
   0.0000000e+00   0.0000000e+00
   0.0000000e+00   0.0000000e+00
   0.0000000e+00   0.0000000e+00
   0.0000000e+00   0.0000000e+00
   0.0000000e+00   0.0000000e+00
   0.0000000e+00   0.0000000e+00
   5.5555556e-01   0.0000000e+00
   4.4444444e-01   0.0000000e+00
   0.0000000e+00   0.0000000e+00
   0.0000000e+00   0.0000000e+00
   0.0000000e+00   0.0000000e+00
   0.0000000e+00   0.0000000e+00
   0.0000000e+00   0.0000000e+00
