  -9.0000000e+01 -1.5959599e-133  -5.5670301e-46  -1.0265695e-16  -3.9267501e-07  -5.4506126e-04  -6.5837289e-03  -9.1127848e-03   4.2050983e-03   1.5336005e-02   2.2386060e-02   2.5723342e-02
  -8.9550000e+01 -8.3425322e-129  -2.1027140e-44  -2.4202481e-16  -4.9441706e-07  -5.5621556e-04  -6.3769426e-03  -8.4871551e-03   4.6025932e-03   1.5504635e-02   2.2452604e-02   2.5748122e-02
  -8.9100000e+01 -4.2053680e-124  -7.3499344e-43  -5.5203476e-16  -6.1603953e-07  -5.6447147e-04  -6.1560077e-03  -7.8597888e-03   4.9966894e-03   1.5672143e-02   2.2518793e-02   2.5772777e-02
  -8.8650000e+01 -1.9804721e-119  -2.2143859e-41  -1.2086326e-15  -7.5825325e-07  -5.6930182e-04  -5.9206492e-03  -7.2309019e-03   5.3873836e-03   1.5838534e-02   2.2584628e-02   2.5797306e-02
  -8.8200000e+01 -8.0198271e-115  -4.9614254e-40  -2.5040473e-15  -9.1983467e-07  -5.7013167e-04  -5.6706049e-03  -6.6007126e-03   5.7746734e-03   1.6003810e-02   2.2650109e-02   2.5821710e-02
  -8.7750000e+01 -1.9324471e-110  -5.5009767e-39  -4.7740344e-15  -1.0963258e-06  -5.6633701e-04  -5.4056266e-03  -5.9694417e-03   6.1585567e-03   1.6167976e-02   2.2715237e-02   2.5845989e-02
  -8.7300000e+01  1.0719942e-105   8.8562398e-38  -7.8454511e-15  -1.2781695e-06  -5.5724382e-04  -5.1254818e-03  -5.3373116e-03   6.5390322e-03   1.6331035e-02   2.2780012e-02   2.5870142e-02
  -8.6850000e+01  2.4023336e-100   6.2587430e-36  -8.8127644e-15  -1.4480999e-06  -5.4212744e-04  -4.8299540e-03  -4.7045468e-03   6.9160991e-03   1.6492990e-02   2.2844434e-02   2.5894171e-02
  -8.6400000e+01   2.5252605e-95   1.9573390e-34   5.2792445e-15  -1.5775696e-06  -5.2021233e-04  -4.5188444e-03  -4.0713736e-03   7.2897571e-03   1.6653844e-02   2.2908503e-02   2.5918074e-02
  -8.5950000e+01   8.7888952e-91   4.6155672e-33   7.9036080e-14  -1.6219567e-06  -4.9067231e-04  -4.1919733e-03  -3.4380198e-03   7.6600067e-03   1.6813602e-02   2.2972220e-02   2.5941852e-02
  -8.5500000e+01   6.8707605e-87   8.5516015e-32   3.4853386e-13  -1.5142622e-06  -4.5263116e-04  -3.8491806e-03  -2.8047144e-03   8.0268488e-03   1.6972266e-02   2.3035585e-02   2.5965505e-02
  -8.5050000e+01   1.7114885e-83   9.3040460e-31   1.2038641e-12  -1.1569726e-06  -4.0516382e-04  -3.4903275e-03  -2.1716878e-03   8.3902849e-03   1.7129840e-02   2.3098599e-02   2.5989033e-02
  -8.4600000e+01  -1.0128557e-78  -1.7456748e-29   3.7496083e-12  -4.1175044e-07  -3.4729801e-04  -3.1152973e-03  -1.5391712e-03   8.7503170e-03   1.7286328e-02   2.3161261e-02   2.6012436e-02
  -8.4150000e+01  -4.4912100e-74  -1.6749123e-27   1.1240766e-11   9.1339337e-07  -2.7801642e-04  -2.7239971e-03  -9.0739688e-04   9.1069479e-03   1.7441732e-02   2.3223572e-02   2.6035713e-02
  -8.3700000e+01  -4.8238339e-70  -7.3246240e-26   3.3957621e-11   3.0797694e-06  -1.9625943e-04  -2.3163580e-03  -2.7659748e-04   9.4601807e-03   1.7596057e-02   2.3285532e-02   2.6058866e-02
  -8.3250000e+01  -1.5926826e-66  -2.1953247e-24   1.0573185e-10   6.4367998e-06  -1.0092837e-04  -1.8923373e-03   3.5299383e-04   9.8100192e-03   1.7749305e-02   2.3347142e-02   2.6081894e-02
  -8.2800000e+01  -2.8894566e-63  -3.1128496e-23   3.3450078e-10   1.1444124e-05   9.1106486e-06  -1.4519187e-03   9.8114370e-04   1.0156468e-02   1.7901481e-02   2.3408402e-02   2.6104796e-02
  -8.2350000e+01   6.4599150e-60   3.9838624e-22   1.0326780e-09   1.8697087e-05   1.3502246e-04  -9.9511358e-04   1.6076188e-03   1.0499531e-02   1.8052587e-02   2.3469311e-02   2.6127574e-02
  -8.1900000e+01   1.1833172e-55   1.5325954e-20   2.9969584e-09   2.8955491e-05   2.7799795e-04  -5.2196228e-04   2.2321859e-03   1.0839214e-02   1.8202627e-02   2.3529871e-02   2.6150226e-02
  -8.1450000e+01   8.5348148e-52   2.0008247e-19   8.0353465e-09   4.3175252e-05   4.3924873e-04  -3.2534719e-05   2.8546124e-03   1.1175524e-02   1.8351605e-02   2.3590082e-02   2.6172754e-02
  -8.1000000e+01   2.0121532e-48   1.8772155e-18   1.9919755e-08   6.2542258e-05   6.2000137e-04   4.7306859e-04   3.4746661e-03   1.1508466e-02   1.8499523e-02   2.3649944e-02   2.6195156e-02
  -8.0550000e+01   1.0132102e-45   1.4139703e-17   4.6141055e-08   8.8507327e-05   8.2149110e-04   9.9471568e-04   4.0921157e-03   1.1838048e-02   1.8646386e-02   2.3709457e-02   2.6217434e-02
  -8.0100000e+01   2.2242817e-43   7.4286880e-17   1.0131511e-07   1.2282068e-04   1.0449553e-03   1.5322424e-03   4.7067312e-03   1.2164277e-02   1.8792197e-02   2.3768621e-02   2.6239587e-02
  -7.9650000e+01  -3.5955054e-40  -7.6795574e-17   2.1445969e-07   1.6756379e-04   1.2916263e-03   2.0854516e-03   5.3182836e-03   1.2487161e-02   1.8936958e-02   2.3827438e-02   2.6261614e-02
  -7.9200000e+01  -1.1763344e-36  -9.9379359e-15   4.4633691e-07   2.2517586e-04   1.5627244e-03   2.6541126e-03   5.9265455e-03   1.2806708e-02   1.9080675e-02   2.3885906e-02   2.6283517e-02
  -7.8750000e+01  -1.0018917e-33  -1.8727018e-13   9.3242085e-07   2.9847188e-04   1.8594501e-03   3.2379606e-03   6.5312913e-03   1.3122928e-02   1.9223349e-02   2.3944027e-02   2.6305295e-02
  -7.8300000e+01  -2.3892045e-31  -2.3132982e-12   1.9809355e-06   3.9064856e-04   2.1829761e-03   3.8366959e-03   7.1322973e-03   1.3435830e-02   1.9364984e-02   2.4001800e-02   2.6326948e-02
  -7.7850000e+01  -3.1505236e-29  -1.4608255e-11   4.2539554e-06   5.0527473e-04   2.5344396e-03   4.4499841e-03   7.7293420e-03   1.3745424e-02   1.9505584e-02   2.4059226e-02   2.6348476e-02
  -7.7400000e+01   2.6126123e-27   5.2577624e-11   9.0022342e-06   6.4626288e-04   2.9149340e-03   5.0774552e-03   8.3222064e-03   1.4051720e-02   1.9645152e-02   2.4116305e-02   2.6369879e-02
  -7.6950000e+01   4.3611938e-24   1.0005951e-09   1.8237738e-05   8.1781919e-04   3.3255002e-03   5.7187035e-03   8.9106739e-03   1.4354730e-02   1.9783692e-02   2.4173038e-02   2.6391158e-02
  -7.6500000e+01   2.1442030e-21   5.2366448e-09   3.4776714e-05   1.0243709e-03   3.7671186e-03   6.3732877e-03   9.4945310e-03   1.4654464e-02   1.9921207e-02   2.4229424e-02   2.6412311e-02
  -7.6050000e+01   3.2581730e-19   1.9486697e-08   6.2287627e-05   1.2704710e-03   4.2406999e-03   7.0407306e-03   1.0073567e-02   1.4950935e-02   2.0057700e-02   2.4285465e-02   2.6433340e-02
  -7.5600000e+01   1.0125875e-17   6.0238342e-08   1.0555240e-04   1.5606820e-03   4.7470769e-03   7.7205193e-03   1.0647575e-02   1.5244154e-02   2.0193174e-02   2.4341159e-02   2.6454244e-02
  -7.5150000e+01   1.7168216e-16   1.5013131e-07   1.7108691e-04   1.8994441e-03   5.2869952e-03   8.4121054e-03   1.1216351e-02   1.5534136e-02   2.0327634e-02   2.4396509e-02   2.6475023e-02
  -7.4700000e+01  -5.9969971e-15   2.0549170e-07   2.6836503e-04   2.2909314e-03   5.8611048e-03   9.1149052e-03   1.1779696e-02   1.5820891e-02   2.0461082e-02   2.4451512e-02   2.6495677e-02
  -7.4250000e+01  -1.7403973e-12  -7.7244185e-07   4.1212261e-04   2.7389066e-03   6.4699508e-03   9.8283000e-03   1.2337412e-02   1.6104435e-02   2.0593521e-02   2.4506171e-02   2.6516207e-02
  -7.3800000e+01  -1.3744439e-10  -8.8017845e-06   6.2600746e-04   3.2465815e-03   7.1139646e-03   1.0551637e-02   1.2889309e-02   1.6384781e-02   2.0724956e-02   2.4560486e-02   2.6536612e-02
  -7.3350000e+01  -2.6257292e-09  -4.7835679e-05   9.4602377e-04   3.8164948e-03   7.7934549e-03   1.1284229e-02   1.3435199e-02   1.6661944e-02   2.0855389e-02   2.4614455e-02   2.6556892e-02
  -7.2900000e+01  -2.5004049e-08  -1.3320702e-04   1.4182478e-03   4.4504149e-03   8.5085991e-03   1.2025356e-02   1.3974900e-02   1.6935938e-02   2.0984824e-02   2.4668081e-02   2.6577047e-02
  -7.2450000e+01   6.0623841e-08   1.6156536e-04   2.0840314e-03   5.1492794e-03   9.2594343e-03   1.2774266e-02   1.4508232e-02   1.7206779e-02   2.1113263e-02   2.4721362e-02   2.6597078e-02
  -7.2000000e+01   1.1934282e-05   1.4555877e-03   2.9573954e-03   5.9131754e-03   1.0045849e-02   1.3530175e-02   1.5035023e-02   1.7474481e-02   2.1240711e-02   2.4774300e-02   2.6616984e-02
  -7.1550000e+01   3.9407396e-04   3.0533376e-03   4.0154894e-03   6.7413660e-03   1.0867575e-02   1.4292271e-02   1.5555106e-02   1.7739062e-02   2.1367171e-02   2.4826895e-02   2.6636765e-02
  -7.1100000e+01   3.4092193e-03   4.6026657e-03   5.2130875e-03   7.6323621e-03   1.1724180e-02   1.5059709e-02   1.6068317e-02   1.8000537e-02   2.1492646e-02   2.4879146e-02   2.6656421e-02
  -7.0650000e+01   5.9880314e-03   6.1186975e-03   6.5047243e-03   8.5840359e-03   1.2615060e-02   1.5831620e-02   1.6574500e-02   1.8258922e-02   2.1617138e-02   2.4931054e-02   2.6675953e-02
  -7.0200000e+01   7.5866126e-03   7.6236813e-03   7.8561168e-03   9.5937685e-03   1.3539431e-02   1.6607107e-02   1.7073504e-02   1.8514236e-02   2.1740652e-02   2.4982620e-02   2.6695360e-02
  -6.9750000e+01   9.0966203e-03   9.1256792e-03   9.2441433e-03   1.0658621e-02   1.4496328e-02   1.7385247e-02   1.7565184e-02   1.8766494e-02   2.1863191e-02   2.5033843e-02   2.6714643e-02
  -6.9300000e+01   1.0603488e-02   1.0627661e-02   1.0652564e-02   1.1775514e-02   1.5484597e-02   1.8165096e-02   1.8049399e-02   1.9015716e-02   2.1984758e-02   2.5084724e-02   2.6733801e-02
  -6.8850000e+01   1.2112044e-02   1.2131821e-02   1.2067903e-02   1.2941406e-02   1.6502889e-02   1.8945686e-02   1.8526018e-02   1.9261918e-02   2.2105357e-02   2.5135263e-02   2.6752834e-02
  -6.8400000e+01   1.3622075e-02   1.3643633e-02   1.3476688e-02   1.4153447e-02   1.7549665e-02   1.9726032e-02   1.8994913e-02   1.9505119e-02   2.2224989e-02   2.5185460e-02   2.6771743e-02
  -6.7950000e+01   1.5134491e-02   1.5170126e-02   1.4864778e-02   1.5409107e-02   1.8623189e-02   2.0505128e-02   1.9455966e-02   1.9745337e-02   2.2343659e-02   2.5235316e-02   2.6790527e-02
  -6.7500000e+01   1.6644981e-02   1.6627164e-02   1.6219981e-02   1.6706251e-02   1.9721531e-02   2.1281955e-02   1.9909062e-02   1.9982592e-02   2.2461371e-02   2.5284831e-02   2.6809186e-02
  -6.7050000e+01   1.7825951e-02   1.7851587e-02   1.7537134e-02   1.8043167e-02   2.0842567e-02   2.2055479e-02   2.0354095e-02   2.0216902e-02   2.2578126e-02   2.5334004e-02   2.6827721e-02
  -6.6600000e+01   1.9003646e-02   1.9004243e-02   1.8820942e-02   1.9418531e-02   2.1983989e-02   2.2824655e-02   2.0790966e-02   2.0448287e-02   2.2693929e-02   2.5382837e-02   2.6846131e-02
  -6.6150000e+01   2.0181839e-02   2.0169437e-02   2.0083259e-02   2.0831317e-02   2.3143304e-02   2.3588428e-02   2.1219582e-02   2.0676766e-02   2.2808782e-02   2.5431329e-02   2.6864417e-02
  -6.5700000e+01   2.1358900e-02   2.1340358e-02   2.1338030e-02   2.2280649e-02   2.4317846e-02   2.4345736e-02   2.1639858e-02   2.0902360e-02   2.2922689e-02   2.5479481e-02   2.6882578e-02
  -6.5250000e+01   2.2534644e-02   2.2512138e-02   2.2598600e-02   2.3765605e-02   2.5504783e-02   2.5095514e-02   2.2051715e-02   2.1125088e-02   2.3035652e-02   2.5527293e-02   2.6900615e-02
  -6.4800000e+01   2.3712838e-02   2.3684293e-02   2.3878308e-02   2.5284992e-02   2.6701130e-02   2.5836694e-02   2.2455084e-02   2.1344971e-02   2.3147676e-02   2.5574766e-02   2.6918527e-02
  -6.4350000e+01   2.4960142e-02   2.4857542e-02   2.5193170e-02   2.6837103e-02   2.7903761e-02   2.6568209e-02   2.2849901e-02   2.1562029e-02   2.3258763e-02   2.5621898e-02   2.6936315e-02
  -6.3900000e+01   2.6972278e-02   2.6029904e-02   2.6565918e-02   2.8419474e-02   2.9109424e-02   2.7288996e-02   2.3236110e-02   2.1776283e-02   2.3368916e-02   2.5668691e-02   2.6953978e-02
  -6.3450000e+01   2.9324857e-02   2.7182384e-02   2.8030151e-02   3.0028669e-02   3.0314755e-02   2.7997999e-02   2.3613664e-02   2.1987754e-02   2.3478138e-02   2.5715145e-02   2.6971517e-02
  -6.3000000e+01   2.9622967e-02   2.8268108e-02   2.9630156e-02   3.1660103e-02   3.1516297e-02   2.8694168e-02   2.3982521e-02   2.2196463e-02   2.3586432e-02   2.5761261e-02   2.6988931e-02
  -6.2550000e+01   2.9632227e-02   2.9528092e-02   3.1409192e-02   3.3307931e-02   3.2710521e-02   2.9376467e-02   2.4342649e-02   2.2402432e-02   2.3693803e-02   2.5807037e-02   2.7006221e-02
  -6.2100000e+01   2.9640986e-02   3.1749750e-02   3.3387034e-02   3.4965013e-02   3.3893837e-02   3.0043876e-02   2.4694022e-02   2.2605681e-02   2.3800251e-02   2.5852475e-02   2.7023386e-02
  -6.1650000e+01   2.9852013e-02   3.4494279e-02   3.5545198e-02   3.6622961e-02   3.5062625e-02   3.0695390e-02   2.5036623e-02   2.2806234e-02   2.3905782e-02   2.5897575e-02   2.7040427e-02
  -6.1200000e+01   3.2452864e-02   3.7239105e-02   3.7836215e-02   3.8272284e-02   3.6213244e-02   3.1330027e-02   2.5370443e-02   2.3004110e-02   2.4010397e-02   2.5942336e-02   2.7057343e-02
  -6.0750000e+01   3.8725638e-02   3.9942868e-02   4.0205796e-02   3.9902611e-02   3.7342063e-02   3.1946828e-02   2.5695480e-02   2.3199333e-02   2.4114099e-02   2.5986760e-02   2.7074135e-02
  -6.0300000e+01   4.2448159e-02   4.2624458e-02   4.2606749e-02   4.1502995e-02   3.8445474e-02   3.2544860e-02   2.6011739e-02   2.3391924e-02   2.4216893e-02   2.6030847e-02   2.7090803e-02
  -5.9850000e+01   4.5227965e-02   4.5297990e-02   4.4999497e-02   4.3062274e-02   3.9519917e-02   3.3123220e-02   2.6319233e-02   2.3581906e-02   2.4318780e-02   2.6074595e-02   2.7107346e-02
  -5.9400000e+01   4.8138555e-02   4.7976979e-02   4.7345151e-02   4.4569468e-02   4.0561899e-02   3.3681040e-02   2.6617984e-02   2.3769301e-02   2.4419764e-02   2.6118007e-02   2.7123765e-02
  -5.8950000e+01   5.3135358e-02   5.0682375e-02   4.9595831e-02   4.6014187e-02   4.1568012e-02   3.4217484e-02   2.6908021e-02   2.3954131e-02   2.4519848e-02   2.6161082e-02   2.7140060e-02
  -5.8500000e+01   5.8429964e-02   5.3454626e-02   5.1685138e-02   4.7387019e-02   4.2534954e-02   3.4731759e-02   2.7189380e-02   2.4136419e-02   2.4619034e-02   2.6203820e-02   2.7156230e-02
  -5.8050000e+01   5.9095730e-02   5.6309583e-02   5.3526161e-02   4.8679873e-02   4.3459548e-02   3.5223111e-02   2.7462104e-02   2.4316187e-02   2.4717325e-02   2.6246221e-02   2.7172276e-02
  -5.7600000e+01   5.9120590e-02   5.8671627e-02   5.5030113e-02   4.9886247e-02   4.4338753e-02   3.5690830e-02   2.7726246e-02   2.4493458e-02   2.4814726e-02   2.6288287e-02   2.7188197e-02
  -5.7150000e+01   5.9120652e-02   5.9232230e-02   5.6146767e-02   5.1001406e-02   4.5169686e-02   3.6134257e-02   2.7981863e-02   2.4668254e-02   2.4911237e-02   2.6330016e-02   2.7203994e-02
  -5.6700000e+01   5.9113008e-02   5.8898407e-02   5.6895129e-02   5.2022449e-02   4.5949634e-02   3.6552780e-02   2.8229022e-02   2.4840599e-02   2.5006863e-02   2.6371409e-02   2.7219667e-02
  -5.6250000e+01   5.8994133e-02   5.8613336e-02   5.7350313e-02   5.2948268e-02   4.6676068e-02   3.6945841e-02   2.8467796e-02   2.5010515e-02   2.5101607e-02   2.6412466e-02   2.7235215e-02
  -5.5800000e+01   5.8533953e-02   5.8395587e-02   5.7601714e-02   5.3779386e-02   4.7346653e-02   3.7312937e-02   2.8698265e-02   2.5178025e-02   2.5195470e-02   2.6453188e-02   2.7250639e-02
  -5.5350000e+01   5.8216828e-02   5.8196373e-02   5.7722596e-02   5.4517712e-02   4.7959261e-02   3.7653622e-02   2.8920516e-02   2.5343152e-02   2.5288456e-02   2.6493574e-02   2.7265939e-02
  -5.4900000e+01   5.8007690e-02   5.8000783e-02   5.7763921e-02   5.5166207e-02   4.8511979e-02   3.7967513e-02   2.9134643e-02   2.5505918e-02   2.5380568e-02   2.6533626e-02   2.7281115e-02
  -5.4450000e+01   5.7791791e-02   5.7804873e-02   5.7760953e-02   5.5728500e-02   4.9003119e-02   3.8254286e-02   2.9340747e-02   2.5666347e-02   2.5471808e-02   2.6573342e-02   2.7296166e-02
  -5.4000000e+01   5.7417950e-02   5.7605533e-02   5.7741687e-02   5.6208483e-02   4.9431226e-02   3.8513680e-02   2.9538936e-02   2.5824462e-02   2.5562180e-02   2.6612724e-02   2.7311093e-02
  -5.3550000e+01   5.7025089e-02   5.7394977e-02   5.7733209e-02   5.6609907e-02   4.9795080e-02   3.8745504e-02   2.9729322e-02   2.5980284e-02   2.5651686e-02   2.6651771e-02   2.7325896e-02
  -5.3100000e+01   5.6972532e-02   5.7161580e-02   5.7764491e-02   5.6936025e-02   5.0093706e-02   3.8949630e-02   2.9912025e-02   2.6133838e-02   2.5740329e-02   2.6690484e-02   2.7340575e-02
  -5.2650000e+01   5.6970323e-02   5.6992594e-02   5.7863169e-02   5.7189280e-02   5.0326376e-02   3.9125999e-02   3.0087171e-02   2.6285146e-02   2.5828111e-02   2.6728863e-02   2.7355129e-02
  -5.2200000e+01   5.6970721e-02   5.7223047e-02   5.8045880e-02   5.7371089e-02   5.0492614e-02   3.9274623e-02   3.0254892e-02   2.6434230e-02   2.5915036e-02   2.6766907e-02   2.7369559e-02
  -5.1750000e+01   5.6984135e-02   5.7767724e-02   5.8309646e-02   5.7481718e-02   5.0592199e-02   3.9395583e-02   3.0415325e-02   2.6581114e-02   2.6001106e-02   2.6804618e-02   2.7383865e-02
  -5.1300000e+01   5.7223364e-02   5.8338750e-02   5.8633858e-02   5.7520260e-02   5.0625165e-02   3.9489029e-02   3.0568612e-02   2.6725819e-02   2.6086324e-02   2.6841995e-02   2.7398046e-02
  -5.0850000e+01   5.8427190e-02   5.8889968e-02   5.8990557e-02   5.7484716e-02   5.0591804e-02   3.9555186e-02   3.0714902e-02   2.6868370e-02   2.6170692e-02   2.6879039e-02   2.7412104e-02
  -5.0400000e+01   5.9370448e-02   5.9429676e-02   5.9352502e-02   5.7372175e-02   5.0492668e-02   3.9594345e-02   3.0854347e-02   2.7008788e-02   2.6254213e-02   2.6915750e-02   2.7426037e-02
  -4.9950000e+01   5.9953733e-02   5.9964827e-02   5.9694358e-02   5.7179071e-02   5.0328566e-02   3.9606869e-02   3.0987105e-02   2.7147095e-02   2.6336890e-02   2.6952128e-02   2.7439846e-02
  -4.9500000e+01   6.0546518e-02   6.0500813e-02   5.9988895e-02   5.6901502e-02   5.0100565e-02   3.9593193e-02   3.1113339e-02   2.7283315e-02   2.6418725e-02   2.6988172e-02   2.7453531e-02
  -4.9050000e+01   6.1563180e-02   6.1046246e-02   6.0200448e-02   5.6535586e-02   4.9809987e-02   3.9553818e-02   3.1233214e-02   2.7417469e-02   2.6499722e-02   2.7023884e-02   2.7467092e-02
  -4.8600000e+01   6.2668652e-02   6.1624579e-02   6.0277295e-02   5.6077824e-02   4.9458408e-02   3.9489314e-02   3.1346902e-02   2.7549579e-02   2.6579881e-02   2.7059264e-02   2.7480529e-02
  -4.8150000e+01   6.2831113e-02   6.2278581e-02   6.0148172e-02   5.5525458e-02   4.9047649e-02   3.9400316e-02   3.1454578e-02   2.7679669e-02   2.6659207e-02   2.7094311e-02   2.7493841e-02
  -4.7700000e+01   6.2838640e-02   6.2795429e-02   5.9734093e-02   5.4876772e-02   4.8579778e-02   3.9287524e-02   3.1556418e-02   2.7807759e-02   2.6737702e-02   2.7129026e-02   2.7507029e-02
  -4.7250000e+01   6.2837772e-02   6.2063993e-02   5.8980955e-02   5.4131345e-02   4.8057095e-02   3.9151702e-02   3.1652604e-02   2.7933872e-02   2.6815368e-02   2.7163409e-02   2.7520094e-02
  -4.6800000e+01   6.2801063e-02   6.0079543e-02   5.7891643e-02   5.3290222e-02   4.7482132e-02   3.8993671e-02   3.1743321e-02   2.8058030e-02   2.6892208e-02   2.7197460e-02   2.7533034e-02
  -4.6350000e+01   6.2076196e-02   5.7917008e-02   5.6523854e-02   5.2355999e-02   4.6857638e-02   3.8814312e-02   3.1828756e-02   2.8180253e-02   2.6968223e-02   2.7231180e-02   2.7545850e-02
  -4.5900000e+01   5.7731360e-02   5.5824532e-02   5.4956172e-02   5.1332818e-02   4.6186569e-02   3.8614560e-02   3.1909098e-02   2.8300565e-02   2.7043418e-02   2.7264568e-02   2.7558541e-02
  -4.5450000e+01   5.3987154e-02   5.3780114e-02   5.3257128e-02   5.0226289e-02   4.5472074e-02   3.8395401e-02   3.1984540e-02   2.8418985e-02   2.7117793e-02   2.7297624e-02   2.7571109e-02
  -4.5000000e+01   5.1756039e-02   5.1755718e-02   5.1475357e-02   4.9043328e-02   4.4717485e-02   3.8157869e-02   3.2055274e-02   2.8535535e-02   2.7191353e-02   2.7330350e-02   2.7583553e-02
  -4.4550000e+01   4.9524924e-02   4.9731596e-02   4.9643684e-02   4.7791949e-02   4.3926296e-02   3.7903046e-02   3.2121496e-02   2.8650236e-02   2.7264098e-02   2.7362744e-02   2.7595872e-02
  -4.4100000e+01   4.5780718e-02   4.7690531e-02   4.7786335e-02   4.6481017e-02   4.3102146e-02   3.7632052e-02   3.2183404e-02   2.8763110e-02   2.7336031e-02   2.7394808e-02   2.7608068e-02
  -4.3650000e+01   4.1435883e-02   4.5618975e-02   4.5924692e-02   4.5119981e-02   4.2248802e-02   3.7346045e-02   3.2241193e-02   2.8874177e-02   2.7407155e-02   2.7426541e-02   2.7620139e-02
  -4.3200000e+01   4.0711025e-02   4.3535588e-02   4.4080482e-02   4.3718612e-02   4.1370138e-02   3.7046221e-02   3.2295064e-02   2.8983457e-02   2.7477473e-02   2.7457943e-02   2.7632087e-02
  -4.2750000e+01   4.0674358e-02   4.1601952e-02   4.2275170e-02   4.2286747e-02   4.0470109e-02   3.6733800e-02   3.2345214e-02   2.9090971e-02   2.7546985e-02   2.7489015e-02   2.7643910e-02
  -4.2300000e+01   4.0672788e-02   4.0059795e-02   4.0524837e-02   4.0834078e-02   3.9552733e-02   3.6410031e-02   3.2391843e-02   2.9196739e-02   2.7615696e-02   2.7519757e-02   2.7655609e-02
  -4.1850000e+01   4.0651177e-02   3.8609551e-02   3.8834233e-02   3.9369963e-02   3.8622066e-02   3.6076185e-02   3.2435150e-02   2.9300781e-02   2.7683606e-02   2.7550169e-02   2.7667185e-02
  -4.1400000e+01   4.0181556e-02   3.7052772e-02   3.7196705e-02   3.7903295e-02   3.7682175e-02   3.5733549e-02   3.2475333e-02   2.9403117e-02   2.7750719e-02   2.7580251e-02   2.7678636e-02
  -4.0950000e+01   3.6985703e-02   3.5475927e-02   3.5600557e-02   3.6442409e-02   3.6737115e-02   3.5383424e-02   3.2512589e-02   2.9503767e-02   2.7817036e-02   2.7610003e-02   2.7689963e-02
  -4.0500000e+01   3.4046590e-02   3.3914808e-02   3.4035563e-02   3.4995033e-02   3.5790904e-02   3.5027118e-02   3.2547115e-02   2.9602750e-02   2.7882560e-02   2.7639425e-02   2.7701166e-02
  -4.0050000e+01   3.2332882e-02   3.2366013e-02   3.2495675e-02   3.3568278e-02   3.4847498e-02   3.4665947e-02   3.2579106e-02   2.9700085e-02   2.7947292e-02   2.7668518e-02   2.7712245e-02
  -3.9600000e+01   3.0646638e-02   3.0818260e-02   3.0979103e-02   3.2168664e-02   3.3910765e-02   3.4301226e-02   3.2608756e-02   2.9795792e-02   2.8011236e-02   2.7697282e-02   2.7723201e-02
  -3.9150000e+01   2.7919732e-02   2.9259530e-02   2.9488072e-02   3.0802159e-02   3.2984462e-02   3.3934264e-02   3.2636256e-02   2.9889890e-02   2.8074394e-02   2.7725717e-02   2.7734032e-02
  -3.8700000e+01   2.4439536e-02   2.7679102e-02   2.8029261e-02   2.9474243e-02   3.2072213e-02   3.3566367e-02   3.2661795e-02   2.9982396e-02   2.8136766e-02   2.7753822e-02   2.7744739e-02
  -3.8250000e+01   2.3747945e-02   2.6082671e-02   2.6614243e-02   2.8189967e-02   3.1177483e-02   3.3198826e-02   3.2685561e-02   3.0073330e-02   2.8198357e-02   2.7781599e-02   2.7755322e-02
  -3.7800000e+01   2.3709198e-02   2.4570309e-02   2.5257770e-02   2.6954014e-02   3.0303564e-02   3.2832919e-02   3.2707736e-02   3.0162710e-02   2.8259167e-02   2.7809046e-02   2.7765782e-02
  -3.7350000e+01   2.3707703e-02   2.3389420e-02   2.3972059e-02   2.5770754e-02   2.9453550e-02   3.2469902e-02   3.2728502e-02   3.0250553e-02   2.8319198e-02   2.7836166e-02   2.7776117e-02
  -3.6900000e+01   2.3696037e-02   2.2408213e-02   2.2759943e-02   2.4644282e-02   2.8630324e-02   3.2111011e-02   3.2748035e-02   3.0336879e-02   2.8378454e-02   2.7862956e-02   2.7786328e-02
  -3.6450000e+01   2.3416696e-02   2.1375496e-02   2.1613738e-02   2.3578436e-02   2.7836541e-02   3.1757455e-02   3.2766510e-02   3.0421703e-02   2.8436935e-02   2.7889419e-02   2.7796416e-02
  -3.6000000e+01   2.1328384e-02   2.0319840e-02   2.0521298e-02   2.2576802e-02   2.7074616e-02   3.1410413e-02   3.2784096e-02   3.0505044e-02   2.8494644e-02   2.7915553e-02   2.7806379e-02
  -3.5550000e+01   1.9341171e-02   1.9270851e-02   1.9472984e-02   2.1642696e-02   2.6346714e-02   3.1071032e-02   3.2800958e-02   3.0586918e-02   2.8551583e-02   2.7941359e-02   2.7816219e-02
  -3.5100000e+01   1.8193527e-02   1.8229271e-02   1.8464973e-02   2.0779129e-02   2.5654742e-02   3.0740425e-02   3.2817257e-02   3.0667343e-02   2.8607753e-02   2.7966837e-02   2.7825934e-02
  -3.4650000e+01   1.7081821e-02   1.7188913e-02   1.7499957e-02   1.9988755e-02   2.5000341e-02   3.0419663e-02   3.2833149e-02   3.0746336e-02   2.8663158e-02   2.7991987e-02   2.7835526e-02
  -3.4200000e+01   1.5396090e-02   1.6142222e-02   1.6588029e-02   1.9273806e-02   2.4384890e-02   3.0109780e-02   3.2848786e-02   3.0823912e-02   2.8717797e-02   2.8016809e-02   2.7844994e-02
  -3.3750000e+01   1.2949936e-02   1.5077994e-02   1.5749007e-02   1.8636028e-02   2.3809499e-02   2.9811766e-02   3.2864313e-02   3.0900088e-02   2.8771675e-02   2.8041304e-02   2.7854338e-02
  -3.3300000e+01   1.2318074e-02   1.3978379e-02   1.5014636e-02   1.8076604e-02   2.3275017e-02   2.9526565e-02   3.2879871e-02   3.0974879e-02   2.8824792e-02   2.8065471e-02   2.7863557e-02
  -3.2850000e+01   1.2277709e-02   1.2891168e-02   1.4425228e-02   1.7596095e-02   2.2782034e-02   2.9255073e-02   3.2895594e-02   3.1048303e-02   2.8877150e-02   2.8089312e-02   2.7872653e-02
  -3.2400000e+01   1.2276263e-02   1.2306419e-02   1.4015159e-02   1.7194381e-02   2.2330892e-02   2.8998139e-02   3.2911612e-02   3.1120373e-02   2.8928751e-02   2.8112824e-02   2.7881626e-02
  -3.1950000e+01   1.2279238e-02   1.2535902e-02   1.3793163e-02   1.6870627e-02   2.1921694e-02   2.8756560e-02   3.2928047e-02   3.1191106e-02   2.8979597e-02   2.8136010e-02   2.7890474e-02
  -3.1500000e+01   1.2358524e-02   1.2929866e-02   1.3736276e-02   1.6623264e-02   2.1554318e-02   2.8531080e-02   3.2945016e-02   3.1260516e-02   2.9029690e-02   2.8158869e-02   2.7899198e-02
  -3.1050000e+01   1.2988971e-02   1.3277728e-02   1.3804409e-02   1.6449995e-02   2.1228434e-02   2.8322391e-02   3.2962630e-02   3.1328619e-02   2.9079031e-02   2.8181401e-02   2.7907799e-02
  -3.0600000e+01   1.3583956e-02   1.3603104e-02   1.3959511e-02   1.6347814e-02   2.0943520e-02   2.8131130e-02   3.2980990e-02   3.1395428e-02   2.9127622e-02   2.8203606e-02   2.7916275e-02
  -3.0150000e+01   1.3930529e-02   1.3922412e-02   1.4174629e-02   1.6313057e-02   2.0698881e-02   2.7957878e-02   3.3000196e-02   3.1460958e-02   2.9175466e-02   2.8225484e-02   2.7924628e-02
  -2.9700000e+01   1.4261530e-02   1.4240699e-02   1.4433674e-02   1.6341453e-02   2.0493673e-02   2.7803159e-02   3.3020335e-02   3.1525223e-02   2.9222562e-02   2.8247036e-02   2.7932857e-02
  -2.9250000e+01   1.4704782e-02   1.4559618e-02   1.4728440e-02   1.6428201e-02   2.0326926e-02   2.7667443e-02   3.3041493e-02   3.1588236e-02   2.9268914e-02   2.8268262e-02   2.7940962e-02
  -2.8800000e+01   1.5451701e-02   1.4878842e-02   1.5056513e-02   1.6568047e-02   2.0197566e-02   2.7551140e-02   3.3063743e-02   3.1650013e-02   2.9314523e-02   2.8289161e-02   2.7948943e-02
  -2.8350000e+01   1.5761392e-02   1.5192552e-02   1.5420307e-02   1.6755366e-02   2.0104440e-02   2.7454602e-02   3.3087156e-02   3.1710565e-02   2.9359391e-02   2.8309734e-02   2.7956800e-02
  -2.7900000e+01   1.5786512e-02   1.5490663e-02   1.5825637e-02   1.6984251e-02   2.0046344e-02   2.7378125e-02   3.3111792e-02   3.1769906e-02   2.9403518e-02   2.8329980e-02   2.7964534e-02
  -2.7450000e+01   1.5787584e-02   1.5854253e-02   1.6277991e-02   1.7248600e-02   2.0022045e-02   2.7321946e-02   3.3137705e-02   3.1828049e-02   2.9446907e-02   2.8349901e-02   2.7972144e-02
  -2.7000000e+01   1.5792677e-02   1.6439107e-02   1.6777393e-02   1.7542206e-02   2.0030310e-02   2.7286243e-02   3.3164943e-02   3.1885006e-02   2.9489560e-02   2.8369496e-02   2.7979629e-02
  -2.6550000e+01   1.5956582e-02   1.7105270e-02   1.7316273e-02   1.7858848e-02   2.0069927e-02   2.7271138e-02   3.3193544e-02   3.1940789e-02   2.9531477e-02   2.8388765e-02   2.7986991e-02
  -2.6100000e+01   1.7249875e-02   1.7763107e-02   1.7882526e-02   1.8192379e-02   2.0139728e-02   2.7276695e-02   3.3223541e-02   3.1995412e-02   2.9572660e-02   2.8407708e-02   2.7994230e-02
  -2.5650000e+01   1.8356012e-02   1.8412114e-02   1.8464042e-02   1.8536817e-02   2.0238613e-02   2.7302918e-02   3.3254958e-02   3.2048885e-02   2.9613111e-02   2.8426326e-02   2.8001344e-02
  -2.5200000e+01   1.9041695e-02   1.9057494e-02   1.9050779e-02   1.8886446e-02   2.0365569e-02   2.7349758e-02   3.3287812e-02   3.2101221e-02   2.9652831e-02   2.8444618e-02   2.8008334e-02
  -2.4750000e+01   1.9689387e-02   1.9701745e-02   1.9634196e-02   1.9235905e-02   2.0519685e-02   2.7417107e-02   3.3322113e-02   3.2152430e-02   2.9691822e-02   2.8462585e-02   2.8015201e-02
  -2.4300000e+01   2.0335732e-02   2.0346275e-02   2.0205427e-02   1.9580290e-02   2.0700169e-02   2.7504803e-02   3.3357864e-02   3.2202524e-02   2.9730085e-02   2.8480226e-02   2.8021944e-02
  -2.3850000e+01   2.0982801e-02   2.0993816e-02   2.0752991e-02   1.9915249e-02   2.0906358e-02   2.7612626e-02   3.3395059e-02   3.2251515e-02   2.9767621e-02   2.8497542e-02   2.8028563e-02
  -2.3400000e+01   2.1630518e-02   2.1654493e-02   2.1260701e-02   2.0237085e-02   2.1137725e-02   2.7740304e-02   3.3433687e-02   3.2299411e-02   2.9804432e-02   2.8514533e-02   2.8035059e-02
  -2.2950000e+01   2.2281255e-02   2.2341749e-02   2.1707869e-02   2.0542845e-02   2.1393884e-02   2.7887511e-02   3.3473729e-02   3.2346225e-02   2.9840518e-02   2.8531199e-02   2.8041430e-02
  -2.2500000e+01   2.2927124e-02   2.2892647e-02   2.2074809e-02   2.0830418e-02   2.1674593e-02   2.8053869e-02   3.3515159e-02   3.2391967e-02   2.9875883e-02   2.8547539e-02   2.8047678e-02
  -2.2050000e+01   2.2935352e-02   2.2993416e-02   2.2352577e-02   2.1098617e-02   2.1979745e-02   2.8238945e-02   3.3557945e-02   3.2436645e-02   2.9910526e-02   2.8563555e-02   2.8053802e-02
  -2.1600000e+01   2.2938385e-02   2.2957263e-02   2.2548262e-02   2.1347255e-02   2.2309366e-02   2.8442259e-02   3.3602048e-02   3.2480271e-02   2.9944448e-02   2.8579246e-02   2.8059802e-02
  -2.1150000e+01   2.2943977e-02   2.2947166e-02   2.2679694e-02   2.1577211e-02   2.2663601e-02   2.8663279e-02   3.3647421e-02   3.2522853e-02   2.9977652e-02   2.8594612e-02   2.8065678e-02
  -2.0700000e+01   2.2949585e-02   2.2949726e-02   2.2765580e-02   2.1790485e-02   2.3042699e-02   2.8901426e-02   3.3694013e-02   3.2564401e-02   3.0010139e-02   2.8609654e-02   2.8071431e-02
  -2.0250000e+01   2.2955187e-02   2.2954958e-02   2.2819681e-02   2.1990231e-02   2.3446997e-02   2.9156073e-02   3.3741767e-02   3.2604925e-02   3.0041908e-02   2.8624371e-02   2.8077060e-02
  -1.9800000e+01   2.2960801e-02   2.2960559e-02   2.2850148e-02   2.2180783e-02   2.3876893e-02   2.9426547e-02   3.3790619e-02   3.2644432e-02   3.0072963e-02   2.8638763e-02   2.8082565e-02
  -1.9350000e+01   2.2966744e-02   2.2966290e-02   2.2860814e-02   2.2367645e-02   2.4332830e-02   2.9712130e-02   3.3840498e-02   3.2682932e-02   3.0103303e-02   2.8652831e-02   2.8087946e-02
  -1.8900000e+01   2.2976330e-02   2.2972908e-02   2.2852234e-02   2.2557468e-02   2.4815259e-02   3.0012063e-02   3.3891332e-02   3.2720432e-02   3.0132930e-02   2.8666575e-02   2.8093204e-02
  -1.8450000e+01   2.2987540e-02   2.2983836e-02   2.2822146e-02   2.2757985e-02   2.5324618e-02   3.0325544e-02   3.3943041e-02   3.2756942e-02   3.0161845e-02   2.8679994e-02   2.8098338e-02
  -1.8000000e+01   2.2988966e-02   2.3004508e-02   2.2766341e-02   2.2977908e-02   2.5861300e-02   3.0651732e-02   3.3995539e-02   3.2792469e-02   3.0190050e-02   2.8693089e-02   2.8103348e-02
  -1.7550000e+01   2.2989011e-02   2.2986408e-02   2.2681349e-02   2.3226787e-02   2.6425620e-02   3.0989748e-02   3.4048738e-02   3.2827022e-02   3.0217544e-02   2.8705860e-02   2.8108234e-02
  -1.7100000e+01   2.2988215e-02   2.2805209e-02   2.2568707e-02   2.3514807e-02   2.7017789e-02   3.1338677e-02   3.4102546e-02   3.2860606e-02   3.0244329e-02   2.8718306e-02   2.8112997e-02
  -1.6650000e+01   2.2968898e-02   2.2547595e-02   2.2437568e-02   2.3852543e-02   2.7637877e-02   3.1697571e-02   3.4156865e-02   3.2893230e-02   3.0270407e-02   2.8730429e-02   2.8117636e-02
  -1.6200000e+01   2.2730843e-02   2.2293454e-02   2.2303170e-02   2.4250653e-02   2.8285793e-02   3.2065448e-02   3.4211594e-02   3.2924902e-02   3.0295778e-02   2.8742227e-02   2.8122151e-02
  -1.5750000e+01   2.2156697e-02   2.2045451e-02   2.2183545e-02   2.4719529e-02   2.8961250e-02   3.2441301e-02   3.4266631e-02   3.2955627e-02   3.0320442e-02   2.8753702e-02   2.8126542e-02
  -1.5300000e+01   2.1815975e-02   2.1800114e-02   2.2098253e-02   2.5268907e-02   2.9663748e-02   3.2824091e-02   3.4321867e-02   3.2985412e-02   3.0344402e-02   2.8764853e-02   2.8130810e-02
  -1.4850000e+01   2.1561540e-02   2.1555655e-02   2.2070291e-02   2.5907445e-02   3.0392548e-02   3.3212757e-02   3.4377195e-02   3.3014265e-02   3.0367657e-02   2.8775680e-02   2.8134954e-02
  -1.4400000e+01   2.1295134e-02   2.1309567e-02   2.2130949e-02   2.6642305e-02   3.1146655e-02   3.3606216e-02   3.4432504e-02   3.3042191e-02   3.0390209e-02   2.8786183e-02   2.8138974e-02
  -1.3950000e+01   2.0837777e-02   2.1051815e-02   2.2327670e-02   2.7478742e-02   3.1924809e-02   3.4003365e-02   3.4487678e-02   3.3069196e-02   3.0412058e-02   2.8796362e-02   2.8142870e-02
  -1.3500000e+01   2.0353158e-02   2.0742253e-02   2.2733101e-02   2.8419737e-02   3.2725470e-02   3.4403086e-02   3.4542605e-02   3.3095286e-02   3.0433206e-02   2.8806218e-02   2.8146643e-02
  -1.3050000e+01   2.0292186e-02   2.0311135e-02   2.3446191e-02   2.9465696e-02   3.3546819e-02   3.4804245e-02   3.4597169e-02   3.3120467e-02   3.0453652e-02   2.8815750e-02   2.8150292e-02
  -1.2600000e+01   2.0289867e-02   2.0257699e-02   2.4569018e-02   3.0614248e-02   3.4386755e-02   3.5205701e-02   3.4651253e-02   3.3144745e-02   3.0473399e-02   2.8824959e-02   2.8153817e-02
  -1.2150000e+01   2.0294428e-02   2.2254518e-02   2.6157601e-02   3.1860144e-02   3.5242899e-02   3.5606303e-02   3.4704740e-02   3.3168124e-02   3.0492446e-02   2.8833844e-02   2.8157219e-02
  -1.1700000e+01   2.0419163e-02   2.5577976e-02   2.8184536e-02   3.3195296e-02   3.6112608e-02   3.6004899e-02   3.4757513e-02   3.3190610e-02   3.0510794e-02   2.8842405e-02   2.8160497e-02
  -1.1250000e+01   2.2371933e-02   2.8954194e-02   3.0554355e-02   3.4608945e-02   3.6992987e-02   3.6400332e-02   3.4809456e-02   3.3212208e-02   3.0528444e-02   2.8850643e-02   2.8163651e-02
  -1.0800000e+01   2.9931788e-02   3.2238137e-02   3.3153404e-02   3.6087955e-02   3.7880906e-02   3.6791452e-02   3.4860454e-02   3.3232921e-02   3.0545397e-02   2.8858558e-02   2.8166681e-02
  -1.0350000e+01   3.5141551e-02   3.5472047e-02   3.5885778e-02   3.7617230e-02   3.8773023e-02   3.7177115e-02   3.4910392e-02   3.3252755e-02   3.0561653e-02   2.8866149e-02   2.8169588e-02
  -9.9000000e+00   3.8577287e-02   3.8686937e-02   3.8679596e-02   3.9180225e-02   3.9665812e-02   3.7556185e-02   3.4959157e-02   3.3271715e-02   3.0577213e-02   2.8873417e-02   2.8172371e-02
  -9.4500000e+00   4.2124089e-02   4.1906790e-02   4.1476826e-02   4.0759511e-02   4.0555588e-02   3.7927540e-02   3.5006637e-02   3.3289803e-02   3.0592077e-02   2.8880362e-02   2.8175031e-02
  -9.0000000e+00   4.8265585e-02   4.5159690e-02   4.4219268e-02   4.2337385e-02   4.1438543e-02   3.8290076e-02   3.5052724e-02   3.3307024e-02   3.0606246e-02   2.8886984e-02   2.8177566e-02
  -8.5500000e+00   5.4719532e-02   4.8485138e-02   4.6835987e-02   4.3896473e-02   4.2310770e-02   3.8642711e-02   3.5097310e-02   3.3323382e-02   3.0619721e-02   2.8893282e-02   2.8179978e-02
  -8.1000000e+00   5.5582870e-02   5.1882029e-02   4.9238343e-02   4.5420285e-02   4.3168307e-02   3.8984384e-02   3.5140294e-02   3.3338880e-02   3.0632501e-02   2.8899257e-02   2.8182266e-02
  -7.6500000e+00   5.5618997e-02   5.4832621e-02   5.1334241e-02   4.6893717e-02   4.4007163e-02   3.9314066e-02   3.5181573e-02   3.3353521e-02   3.0644588e-02   2.8904909e-02   2.8184431e-02
  -7.2000000e+00   5.5620057e-02   5.6107783e-02   5.3064758e-02   4.8303450e-02   4.4823358e-02   3.9630756e-02   3.5221051e-02   3.3367310e-02   3.0655982e-02   2.8910238e-02   2.8186472e-02
  -6.7500000e+00   5.5631195e-02   5.6431776e-02   5.4436115e-02   4.9638236e-02   4.5612955e-02   3.9933491e-02   3.5258634e-02   3.3380247e-02   3.0666684e-02   2.8915243e-02   2.8188389e-02
  -6.3000000e+00   5.5831029e-02   5.6794326e-02   5.5511828e-02   5.0889073e-02   4.6372090e-02   4.0221346e-02   3.5294235e-02   3.3392338e-02   3.0676693e-02   2.8919926e-02   2.8190182e-02
  -5.8500000e+00   5.6836678e-02   5.7226922e-02   5.6373586e-02   5.2049250e-02   4.7097010e-02   4.0493437e-02   3.5327767e-02   3.3403583e-02   3.0686010e-02   2.8924286e-02   2.8191852e-02
  -5.4000000e+00   5.7624654e-02   5.7673808e-02   5.7089232e-02   5.3114288e-02   4.7784097e-02   4.0748926e-02   3.5359151e-02   3.3413985e-02   3.0694635e-02   2.8928322e-02   2.8193398e-02
  -4.9500000e+00   5.8111918e-02   5.8120985e-02   5.7703750e-02   5.4081776e-02   4.8429896e-02   4.0987023e-02   3.5388312e-02   3.3423548e-02   3.0702570e-02   2.8932036e-02   2.8194821e-02
  -4.5000000e+00   5.8607117e-02   5.8568823e-02   5.8243470e-02   5.4951134e-02   4.9031146e-02   4.1206991e-02   3.5415179e-02   3.3432271e-02   3.0709813e-02   2.8935427e-02   2.8196119e-02
  -4.0500000e+00   5.9456413e-02   5.9021218e-02   5.8721986e-02   5.5723320e-02   4.9584796e-02   4.1408144e-02   3.5439688e-02   3.3440159e-02   3.0716366e-02   2.8938494e-02   2.8197294e-02
  -3.6000000e+00   6.0379899e-02   5.9483977e-02   5.9143675e-02   5.6400502e-02   5.0088029e-02   4.1589856e-02   3.5461779e-02   3.3447211e-02   3.0722228e-02   2.8941239e-02   2.8198346e-02
  -3.1500000e+00   6.0515605e-02   5.9958641e-02   5.9505734e-02   5.6985716e-02   5.0538282e-02   4.1751558e-02   3.5481400e-02   3.3453431e-02   3.0727400e-02   2.8943661e-02   2.8199273e-02
  -2.7000000e+00   6.0521861e-02   6.0380975e-02   5.9801587e-02   5.7482530e-02   5.0933258e-02   4.1892743e-02   3.5498502e-02   3.3458818e-02   3.0731882e-02   2.8945759e-02   2.8200077e-02
  -2.2500000e+00   6.0522012e-02   6.0555036e-02   6.0027135e-02   5.7894726e-02   5.1270940e-02   4.2012969e-02   3.5513045e-02   3.3463375e-02   3.0735675e-02   2.8947535e-02   2.8200758e-02
  -1.8000000e+00   6.0522003e-02   6.0544126e-02   6.0186440e-02   5.8226012e-02   5.1549607e-02   4.2111856e-02   3.5524991e-02   3.3467102e-02   3.0738777e-02   2.8948988e-02   2.8201314e-02
  -1.3500000e+00   6.0522001e-02   6.0527133e-02   6.0291318e-02   5.8479770e-02   5.1767835e-02   4.2189094e-02   3.5534314e-02   3.3470000e-02   3.0741190e-02   2.8950118e-02   2.8201747e-02
  -9.0000000e-01   6.0522001e-02   6.0522642e-02   6.0355609e-02   5.8658851e-02   5.1924512e-02   4.2244439e-02   3.5540989e-02   3.3472069e-02   3.0742914e-02   2.8950926e-02   2.8202056e-02
  -4.5000000e-01   6.0522001e-02   6.0521922e-02   6.0390107e-02   5.8765405e-02   5.2018839e-02   4.2277716e-02   3.5545000e-02   3.3473311e-02   3.0743948e-02   2.8951410e-02   2.8202242e-02
   0.0000000e+00   6.0522001e-02   6.0521863e-02   6.0400964e-02   5.8800772e-02   5.2050335e-02   4.2288820e-02   3.5546338e-02   3.3473724e-02   3.0744292e-02   2.8951571e-02   2.8202304e-02
   4.5000000e-01   6.0522001e-02   6.0521922e-02   6.0390107e-02   5.8765405e-02   5.2018839e-02   4.2277716e-02   3.5545000e-02   3.3473311e-02   3.0743948e-02   2.8951410e-02   2.8202242e-02
   9.0000000e-01   6.0522001e-02   6.0522642e-02   6.0355609e-02   5.8658851e-02   5.1924512e-02   4.2244439e-02   3.5540989e-02   3.3472069e-02   3.0742914e-02   2.8950926e-02   2.8202056e-02
   1.3500000e+00   6.0522001e-02   6.0527133e-02   6.0291318e-02   5.8479770e-02   5.1767835e-02   4.2189094e-02   3.5534314e-02   3.3470000e-02   3.0741190e-02   2.8950118e-02   2.8201747e-02
   1.8000000e+00   6.0522003e-02   6.0544126e-02   6.0186440e-02   5.8226012e-02   5.1549607e-02   4.2111856e-02   3.5524991e-02   3.3467102e-02   3.0738777e-02   2.8948988e-02   2.8201314e-02
   2.2500000e+00   6.0522012e-02   6.0555036e-02   6.0027135e-02   5.7894726e-02   5.1270940e-02   4.2012969e-02   3.5513045e-02   3.3463375e-02   3.0735675e-02   2.8947535e-02   2.8200758e-02
   2.7000000e+00   6.0521861e-02   6.0380975e-02   5.9801587e-02   5.7482530e-02   5.0933258e-02   4.1892743e-02   3.5498502e-02   3.3458818e-02   3.0731882e-02   2.8945759e-02   2.8200077e-02
   3.1500000e+00   6.0515605e-02   5.9958641e-02   5.9505734e-02   5.6985716e-02   5.0538282e-02   4.1751558e-02   3.5481400e-02   3.3453431e-02   3.0727400e-02   2.8943661e-02   2.8199273e-02
   3.6000000e+00   6.0379899e-02   5.9483977e-02   5.9143675e-02   5.6400502e-02   5.0088029e-02   4.1589856e-02   3.5461779e-02   3.3447211e-02   3.0722228e-02   2.8941239e-02   2.8198346e-02
   4.0500000e+00   5.9456413e-02   5.9021218e-02   5.8721986e-02   5.5723320e-02   4.9584796e-02   4.1408144e-02   3.5439688e-02   3.3440159e-02   3.0716366e-02   2.8938494e-02   2.8197294e-02
   4.5000000e+00   5.8607117e-02   5.8568823e-02   5.8243470e-02   5.4951134e-02   4.9031146e-02   4.1206991e-02   3.5415179e-02   3.3432271e-02   3.0709813e-02   2.8935427e-02   2.8196119e-02
   4.9500000e+00   5.8111918e-02   5.8120985e-02   5.7703750e-02   5.4081776e-02   4.8429896e-02   4.0987023e-02   3.5388312e-02   3.3423548e-02   3.0702570e-02   2.8932036e-02   2.8194821e-02
   5.4000000e+00   5.7624654e-02   5.7673808e-02   5.7089232e-02   5.3114288e-02   4.7784097e-02   4.0748926e-02   3.5359151e-02   3.3413985e-02   3.0694635e-02   2.8928322e-02   2.8193398e-02
   5.8500000e+00   5.6836678e-02   5.7226922e-02   5.6373586e-02   5.2049250e-02   4.7097010e-02   4.0493437e-02   3.5327767e-02   3.3403583e-02   3.0686010e-02   2.8924286e-02   2.8191852e-02
   6.3000000e+00   5.5831029e-02   5.6794326e-02   5.5511828e-02   5.0889073e-02   4.6372090e-02   4.0221346e-02   3.5294235e-02   3.3392338e-02   3.0676693e-02   2.8919926e-02   2.8190182e-02
   6.7500000e+00   5.5631195e-02   5.6431776e-02   5.4436115e-02   4.9638236e-02   4.5612955e-02   3.9933491e-02   3.5258634e-02   3.3380247e-02   3.0666684e-02   2.8915243e-02   2.8188389e-02
   7.2000000e+00   5.5620057e-02   5.6107783e-02   5.3064758e-02   4.8303450e-02   4.4823358e-02   3.9630756e-02   3.5221051e-02   3.3367310e-02   3.0655982e-02   2.8910238e-02   2.8186472e-02
   7.6500000e+00   5.5618997e-02   5.4832621e-02   5.1334241e-02   4.6893717e-02   4.4007163e-02   3.9314066e-02   3.5181573e-02   3.3353521e-02   3.0644588e-02   2.8904909e-02   2.8184431e-02
   8.1000000e+00   5.5582870e-02   5.1882029e-02   4.9238343e-02   4.5420285e-02   4.3168307e-02   3.8984384e-02   3.5140294e-02   3.3338880e-02   3.0632501e-02   2.8899257e-02   2.8182266e-02
   8.5500000e+00   5.4719532e-02   4.8485138e-02   4.6835987e-02   4.3896473e-02   4.2310770e-02   3.8642711e-02   3.5097310e-02   3.3323382e-02   3.0619721e-02   2.8893282e-02   2.8179978e-02
   9.0000000e+00   4.8265585e-02   4.5159690e-02   4.4219268e-02   4.2337385e-02   4.1438543e-02   3.8290076e-02   3.5052724e-02   3.3307024e-02   3.0606246e-02   2.8886984e-02   2.8177566e-02
   9.4500000e+00   4.2124089e-02   4.1906790e-02   4.1476826e-02   4.0759511e-02   4.0555588e-02   3.7927540e-02   3.5006637e-02   3.3289803e-02   3.0592077e-02   2.8880362e-02   2.8175031e-02
   9.9000000e+00   3.8577287e-02   3.8686937e-02   3.8679596e-02   3.9180225e-02   3.9665812e-02   3.7556185e-02   3.4959157e-02   3.3271715e-02   3.0577213e-02   2.8873417e-02   2.8172371e-02
   1.0350000e+01   3.5141551e-02   3.5472047e-02   3.5885778e-02   3.7617230e-02   3.8773023e-02   3.7177115e-02   3.4910392e-02   3.3252755e-02   3.0561653e-02   2.8866149e-02   2.8169588e-02
   1.0800000e+01   2.9931788e-02   3.2238137e-02   3.3153404e-02   3.6087955e-02   3.7880906e-02   3.6791452e-02   3.4860454e-02   3.3232921e-02   3.0545397e-02   2.8858558e-02   2.8166681e-02
   1.1250000e+01   2.2371933e-02   2.8954194e-02   3.0554355e-02   3.4608945e-02   3.6992987e-02   3.6400332e-02   3.4809456e-02   3.3212208e-02   3.0528444e-02   2.8850643e-02   2.8163651e-02
   1.1700000e+01   2.0419163e-02   2.5577976e-02   2.8184536e-02   3.3195296e-02   3.6112608e-02   3.6004899e-02   3.4757513e-02   3.3190610e-02   3.0510794e-02   2.8842405e-02   2.8160497e-02
   1.2150000e+01   2.0294428e-02   2.2254518e-02   2.6157601e-02   3.1860144e-02   3.5242899e-02   3.5606303e-02   3.4704740e-02   3.3168124e-02   3.0492446e-02   2.8833844e-02   2.8157219e-02
   1.2600000e+01   2.0289867e-02   2.0257699e-02   2.4569018e-02   3.0614248e-02   3.4386755e-02   3.5205701e-02   3.4651253e-02   3.3144745e-02   3.0473399e-02   2.8824959e-02   2.8153817e-02
   1.3050000e+01   2.0292186e-02   2.0311135e-02   2.3446191e-02   2.9465696e-02   3.3546819e-02   3.4804245e-02   3.4597169e-02   3.3120467e-02   3.0453652e-02   2.8815750e-02   2.8150292e-02
   1.3500000e+01   2.0353158e-02   2.0742253e-02   2.2733101e-02   2.8419737e-02   3.2725470e-02   3.4403086e-02   3.4542605e-02   3.3095286e-02   3.0433206e-02   2.8806218e-02   2.8146643e-02
   1.3950000e+01   2.0837777e-02   2.1051815e-02   2.2327670e-02   2.7478742e-02   3.1924809e-02   3.4003365e-02   3.4487678e-02   3.3069196e-02   3.0412058e-02   2.8796362e-02   2.8142870e-02
   1.4400000e+01   2.1295134e-02   2.1309567e-02   2.2130949e-02   2.6642305e-02   3.1146655e-02   3.3606216e-02   3.4432504e-02   3.3042191e-02   3.0390209e-02   2.8786183e-02   2.8138974e-02
   1.4850000e+01   2.1561540e-02   2.1555655e-02   2.2070291e-02   2.5907445e-02   3.0392548e-02   3.3212757e-02   3.4377195e-02   3.3014265e-02   3.0367657e-02   2.8775680e-02   2.8134954e-02
   1.5300000e+01   2.1815975e-02   2.1800114e-02   2.2098253e-02   2.5268907e-02   2.9663748e-02   3.2824091e-02   3.4321867e-02   3.2985412e-02   3.0344402e-02   2.8764853e-02   2.8130810e-02
   1.5750000e+01   2.2156697e-02   2.2045451e-02   2.2183545e-02   2.4719529e-02   2.8961250e-02   3.2441301e-02   3.4266631e-02   3.2955627e-02   3.0320442e-02   2.8753702e-02   2.8126542e-02
   1.6200000e+01   2.2730843e-02   2.2293454e-02   2.2303170e-02   2.4250653e-02   2.8285793e-02   3.2065448e-02   3.4211594e-02   3.2924902e-02   3.0295778e-02   2.8742227e-02   2.8122151e-02
   1.6650000e+01   2.2968898e-02   2.2547595e-02   2.2437568e-02   2.3852543e-02   2.7637877e-02   3.1697571e-02   3.4156865e-02   3.2893230e-02   3.0270407e-02   2.8730429e-02   2.8117636e-02
   1.7100000e+01   2.2988215e-02   2.2805209e-02   2.2568707e-02   2.3514807e-02   2.7017789e-02   3.1338677e-02   3.4102546e-02   3.2860606e-02   3.0244329e-02   2.8718306e-02   2.8112997e-02
   1.7550000e+01   2.2989011e-02   2.2986408e-02   2.2681349e-02   2.3226787e-02   2.6425620e-02   3.0989748e-02   3.4048738e-02   3.2827022e-02   3.0217544e-02   2.8705860e-02   2.8108234e-02
   1.8000000e+01   2.2988966e-02   2.3004508e-02   2.2766341e-02   2.2977908e-02   2.5861300e-02   3.0651732e-02   3.3995539e-02   3.2792469e-02   3.0190050e-02   2.8693089e-02   2.8103348e-02
   1.8450000e+01   2.2987540e-02   2.2983836e-02   2.2822146e-02   2.2757985e-02   2.5324618e-02   3.0325544e-02   3.3943041e-02   3.2756942e-02   3.0161845e-02   2.8679994e-02   2.8098338e-02
   1.8900000e+01   2.2976330e-02   2.2972908e-02   2.2852234e-02   2.2557468e-02   2.4815259e-02   3.0012063e-02   3.3891332e-02   3.2720432e-02   3.0132930e-02   2.8666575e-02   2.8093204e-02
   1.9350000e+01   2.2966744e-02   2.2966290e-02   2.2860814e-02   2.2367645e-02   2.4332830e-02   2.9712130e-02   3.3840498e-02   3.2682932e-02   3.0103303e-02   2.8652831e-02   2.8087946e-02
   1.9800000e+01   2.2960801e-02   2.2960559e-02   2.2850148e-02   2.2180783e-02   2.3876893e-02   2.9426547e-02   3.3790619e-02   3.2644432e-02   3.0072963e-02   2.8638763e-02   2.8082565e-02
   2.0250000e+01   2.2955187e-02   2.2954958e-02   2.2819681e-02   2.1990231e-02   2.3446997e-02   2.9156073e-02   3.3741767e-02   3.2604925e-02   3.0041908e-02   2.8624371e-02   2.8077060e-02
   2.0700000e+01   2.2949585e-02   2.2949726e-02   2.2765580e-02   2.1790485e-02   2.3042699e-02   2.8901426e-02   3.3694013e-02   3.2564401e-02   3.0010139e-02   2.8609654e-02   2.8071431e-02
   2.1150000e+01   2.2943977e-02   2.2947166e-02   2.2679694e-02   2.1577211e-02   2.2663601e-02   2.8663279e-02   3.3647421e-02   3.2522853e-02   2.9977652e-02   2.8594612e-02   2.8065678e-02
   2.1600000e+01   2.2938385e-02   2.2957263e-02   2.2548262e-02   2.1347255e-02   2.2309366e-02   2.8442259e-02   3.3602048e-02   3.2480271e-02   2.9944448e-02   2.8579246e-02   2.8059802e-02
   2.2050000e+01   2.2935352e-02   2.2993416e-02   2.2352577e-02   2.1098617e-02   2.1979745e-02   2.8238945e-02   3.3557945e-02   3.2436645e-02   2.9910526e-02   2.8563555e-02   2.8053802e-02
   2.2500000e+01   2.2927124e-02   2.2892647e-02   2.2074809e-02   2.0830418e-02   2.1674593e-02   2.8053869e-02   3.3515159e-02   3.2391967e-02   2.9875883e-02   2.8547539e-02   2.8047678e-02
   2.2950000e+01   2.2281255e-02   2.2341749e-02   2.1707869e-02   2.0542845e-02   2.1393884e-02   2.7887511e-02   3.3473729e-02   3.2346225e-02   2.9840518e-02   2.8531199e-02   2.8041430e-02
   2.3400000e+01   2.1630518e-02   2.1654493e-02   2.1260701e-02   2.0237085e-02   2.1137725e-02   2.7740304e-02   3.3433687e-02   3.2299411e-02   2.9804432e-02   2.8514533e-02   2.8035059e-02
   2.3850000e+01   2.0982801e-02   2.0993816e-02   2.0752991e-02   1.9915249e-02   2.0906358e-02   2.7612626e-02   3.3395059e-02   3.2251515e-02   2.9767621e-02   2.8497542e-02   2.8028563e-02
   2.4300000e+01   2.0335732e-02   2.0346275e-02   2.0205427e-02   1.9580290e-02   2.0700169e-02   2.7504803e-02   3.3357864e-02   3.2202524e-02   2.9730085e-02   2.8480226e-02   2.8021944e-02
   2.4750000e+01   1.9689387e-02   1.9701745e-02   1.9634196e-02   1.9235905e-02   2.0519685e-02   2.7417107e-02   3.3322113e-02   3.2152430e-02   2.9691822e-02   2.8462585e-02   2.8015201e-02
   2.5200000e+01   1.9041695e-02   1.9057494e-02   1.9050779e-02   1.8886446e-02   2.0365569e-02   2.7349758e-02   3.3287812e-02   3.2101221e-02   2.9652831e-02   2.8444618e-02   2.8008334e-02
   2.5650000e+01   1.8356012e-02   1.8412114e-02   1.8464042e-02   1.8536817e-02   2.0238613e-02   2.7302918e-02   3.3254958e-02   3.2048885e-02   2.9613111e-02   2.8426326e-02   2.8001344e-02
   2.6100000e+01   1.7249875e-02   1.7763107e-02   1.7882526e-02   1.8192379e-02   2.0139728e-02   2.7276695e-02   3.3223541e-02   3.1995412e-02   2.9572660e-02   2.8407708e-02   2.7994230e-02
   2.6550000e+01   1.5956582e-02   1.7105270e-02   1.7316273e-02   1.7858848e-02   2.0069927e-02   2.7271138e-02   3.3193544e-02   3.1940789e-02   2.9531477e-02   2.8388765e-02   2.7986991e-02
   2.7000000e+01   1.5792677e-02   1.6439107e-02   1.6777393e-02   1.7542206e-02   2.0030310e-02   2.7286243e-02   3.3164943e-02   3.1885006e-02   2.9489560e-02   2.8369496e-02   2.7979629e-02
   2.7450000e+01   1.5787584e-02   1.5854253e-02   1.6277991e-02   1.7248600e-02   2.0022045e-02   2.7321946e-02   3.3137705e-02   3.1828049e-02   2.9446907e-02   2.8349901e-02   2.7972144e-02
   2.7900000e+01   1.5786512e-02   1.5490663e-02   1.5825637e-02   1.6984251e-02   2.0046344e-02   2.7378125e-02   3.3111792e-02   3.1769906e-02   2.9403518e-02   2.8329980e-02   2.7964534e-02
   2.8350000e+01   1.5761392e-02   1.5192552e-02   1.5420307e-02   1.6755366e-02   2.0104440e-02   2.7454602e-02   3.3087156e-02   3.1710565e-02   2.9359391e-02   2.8309734e-02   2.7956800e-02
   2.8800000e+01   1.5451701e-02   1.4878842e-02   1.5056513e-02   1.6568047e-02   2.0197566e-02   2.7551140e-02   3.3063743e-02   3.1650013e-02   2.9314523e-02   2.8289161e-02   2.7948943e-02
   2.9250000e+01   1.4704782e-02   1.4559618e-02   1.4728440e-02   1.6428201e-02   2.0326926e-02   2.7667443e-02   3.3041493e-02   3.1588236e-02   2.9268914e-02   2.8268262e-02   2.7940962e-02
   2.9700000e+01   1.4261530e-02   1.4240699e-02   1.4433674e-02   1.6341453e-02   2.0493673e-02   2.7803159e-02   3.3020335e-02   3.1525223e-02   2.9222562e-02   2.8247036e-02   2.7932857e-02
   3.0150000e+01   1.3930529e-02   1.3922412e-02   1.4174629e-02   1.6313057e-02   2.0698881e-02   2.7957878e-02   3.3000196e-02   3.1460958e-02   2.9175466e-02   2.8225484e-02   2.7924628e-02
   3.0600000e+01   1.3583956e-02   1.3603104e-02   1.3959511e-02   1.6347814e-02   2.0943520e-02   2.8131130e-02   3.2980990e-02   3.1395428e-02   2.9127622e-02   2.8203606e-02   2.7916275e-02
   3.1050000e+01   1.2988971e-02   1.3277728e-02   1.3804409e-02   1.6449995e-02   2.1228434e-02   2.8322391e-02   3.2962630e-02   3.1328619e-02   2.9079031e-02   2.8181401e-02   2.7907799e-02
   3.1500000e+01   1.2358524e-02   1.2929866e-02   1.3736276e-02   1.6623264e-02   2.1554318e-02   2.8531080e-02   3.2945016e-02   3.1260516e-02   2.9029690e-02   2.8158869e-02   2.7899198e-02
   3.1950000e+01   1.2279238e-02   1.2535902e-02   1.3793163e-02   1.6870627e-02   2.1921694e-02   2.8756560e-02   3.2928047e-02   3.1191106e-02   2.8979597e-02   2.8136010e-02   2.7890474e-02
   3.2400000e+01   1.2276263e-02   1.2306419e-02   1.4015159e-02   1.7194381e-02   2.2330892e-02   2.8998139e-02   3.2911612e-02   3.1120373e-02   2.8928751e-02   2.8112824e-02   2.7881626e-02
   3.2850000e+01   1.2277709e-02   1.2891168e-02   1.4425228e-02   1.7596095e-02   2.2782034e-02   2.9255073e-02   3.2895594e-02   3.1048303e-02   2.8877150e-02   2.8089312e-02   2.7872653e-02
   3.3300000e+01   1.2318074e-02   1.3978379e-02   1.5014636e-02   1.8076604e-02   2.3275017e-02   2.9526565e-02   3.2879871e-02   3.0974879e-02   2.8824792e-02   2.8065471e-02   2.7863557e-02
   3.3750000e+01   1.2949936e-02   1.5077994e-02   1.5749007e-02   1.8636028e-02   2.3809499e-02   2.9811766e-02   3.2864313e-02   3.0900088e-02   2.8771675e-02   2.8041304e-02   2.7854338e-02
   3.4200000e+01   1.5396090e-02   1.6142222e-02   1.6588029e-02   1.9273806e-02   2.4384890e-02   3.0109780e-02   3.2848786e-02   3.0823912e-02   2.8717797e-02   2.8016809e-02   2.7844994e-02
   3.4650000e+01   1.7081821e-02   1.7188913e-02   1.7499957e-02   1.9988755e-02   2.5000341e-02   3.0419663e-02   3.2833149e-02   3.0746336e-02   2.8663158e-02   2.7991987e-02   2.7835526e-02
   3.5100000e+01   1.8193527e-02   1.8229271e-02   1.8464973e-02   2.0779129e-02   2.5654742e-02   3.0740425e-02   3.2817257e-02   3.0667343e-02   2.8607753e-02   2.7966837e-02   2.7825934e-02
   3.5550000e+01   1.9341171e-02   1.9270851e-02   1.9472984e-02   2.1642696e-02   2.6346714e-02   3.1071032e-02   3.2800958e-02   3.0586918e-02   2.8551583e-02   2.7941359e-02   2.7816219e-02
   3.6000000e+01   2.1328384e-02   2.0319840e-02   2.0521298e-02   2.2576802e-02   2.7074616e-02   3.1410413e-02   3.2784096e-02   3.0505044e-02   2.8494644e-02   2.7915553e-02   2.7806379e-02
   3.6450000e+01   2.3416696e-02   2.1375496e-02   2.1613738e-02   2.3578436e-02   2.7836541e-02   3.1757455e-02   3.2766510e-02   3.0421703e-02   2.8436935e-02   2.7889419e-02   2.7796416e-02
   3.6900000e+01   2.3696037e-02   2.2408213e-02   2.2759943e-02   2.4644282e-02   2.8630324e-02   3.2111011e-02   3.2748035e-02   3.0336879e-02   2.8378454e-02   2.7862956e-02   2.7786328e-02
   3.7350000e+01   2.3707703e-02   2.3389420e-02   2.3972059e-02   2.5770754e-02   2.9453550e-02   3.2469902e-02   3.2728502e-02   3.0250553e-02   2.8319198e-02   2.7836166e-02   2.7776117e-02
   3.7800000e+01   2.3709198e-02   2.4570309e-02   2.5257770e-02   2.6954014e-02   3.0303564e-02   3.2832919e-02   3.2707736e-02   3.0162710e-02   2.8259167e-02   2.7809046e-02   2.7765782e-02
   3.8250000e+01   2.3747945e-02   2.6082671e-02   2.6614243e-02   2.8189967e-02   3.1177483e-02   3.3198826e-02   3.2685561e-02   3.0073330e-02   2.8198357e-02   2.7781599e-02   2.7755322e-02
   3.8700000e+01   2.4439536e-02   2.7679102e-02   2.8029261e-02   2.9474243e-02   3.2072213e-02   3.3566367e-02   3.2661795e-02   2.9982396e-02   2.8136766e-02   2.7753822e-02   2.7744739e-02
   3.9150000e+01   2.7919732e-02   2.9259530e-02   2.9488072e-02   3.0802159e-02   3.2984462e-02   3.3934264e-02   3.2636256e-02   2.9889890e-02   2.8074394e-02   2.7725717e-02   2.7734032e-02
   3.9600000e+01   3.0646638e-02   3.0818260e-02   3.0979103e-02   3.2168664e-02   3.3910765e-02   3.4301226e-02   3.2608756e-02   2.9795792e-02   2.8011236e-02   2.7697282e-02   2.7723201e-02
   4.0050000e+01   3.2332882e-02   3.2366013e-02   3.2495675e-02   3.3568278e-02   3.4847498e-02   3.4665947e-02   3.2579106e-02   2.9700085e-02   2.7947292e-02   2.7668518e-02   2.7712245e-02
   4.0500000e+01   3.4046590e-02   3.3914808e-02   3.4035563e-02   3.4995033e-02   3.5790904e-02   3.5027118e-02   3.2547115e-02   2.9602750e-02   2.7882560e-02   2.7639425e-02   2.7701166e-02
   4.0950000e+01   3.6985703e-02   3.5475927e-02   3.5600557e-02   3.6442409e-02   3.6737115e-02   3.5383424e-02   3.2512589e-02   2.9503767e-02   2.7817036e-02   2.7610003e-02   2.7689963e-02
   4.1400000e+01   4.0181556e-02   3.7052772e-02   3.7196705e-02   3.7903295e-02   3.7682175e-02   3.5733549e-02   3.2475333e-02   2.9403117e-02   2.7750719e-02   2.7580251e-02   2.7678636e-02
   4.1850000e+01   4.0651177e-02   3.8609551e-02   3.8834233e-02   3.9369963e-02   3.8622066e-02   3.6076185e-02   3.2435150e-02   2.9300781e-02   2.7683606e-02   2.7550169e-02   2.7667185e-02
   4.2300000e+01   4.0672788e-02   4.0059795e-02   4.0524837e-02   4.0834078e-02   3.9552733e-02   3.6410031e-02   3.2391843e-02   2.9196739e-02   2.7615696e-02   2.7519757e-02   2.7655609e-02
   4.2750000e+01   4.0674358e-02   4.1601952e-02   4.2275170e-02   4.2286747e-02   4.0470109e-02   3.6733800e-02   3.2345214e-02   2.9090971e-02   2.7546985e-02   2.7489015e-02   2.7643910e-02
   4.3200000e+01   4.0711025e-02   4.3535588e-02   4.4080482e-02   4.3718612e-02   4.1370138e-02   3.7046221e-02   3.2295064e-02   2.8983457e-02   2.7477473e-02   2.7457943e-02   2.7632087e-02
   4.3650000e+01   4.1435883e-02   4.5618975e-02   4.5924692e-02   4.5119981e-02   4.2248802e-02   3.7346045e-02   3.2241193e-02   2.8874177e-02   2.7407155e-02   2.7426541e-02   2.7620139e-02
   4.4100000e+01   4.5780718e-02   4.7690531e-02   4.7786335e-02   4.6481017e-02   4.3102146e-02   3.7632052e-02   3.2183404e-02   2.8763110e-02   2.7336031e-02   2.7394808e-02   2.7608068e-02
   4.4550000e+01   4.9524924e-02   4.9731596e-02   4.9643684e-02   4.7791949e-02   4.3926296e-02   3.7903046e-02   3.2121496e-02   2.8650236e-02   2.7264098e-02   2.7362744e-02   2.7595872e-02
   4.5000000e+01   5.1756039e-02   5.1755718e-02   5.1475357e-02   4.9043328e-02   4.4717485e-02   3.8157869e-02   3.2055274e-02   2.8535535e-02   2.7191353e-02   2.7330350e-02   2.7583553e-02
   4.5450000e+01   5.3987154e-02   5.3780114e-02   5.3257128e-02   5.0226289e-02   4.5472074e-02   3.8395401e-02   3.1984540e-02   2.8418985e-02   2.7117793e-02   2.7297624e-02   2.7571109e-02
   4.5900000e+01   5.7731360e-02   5.5824532e-02   5.4956172e-02   5.1332818e-02   4.6186569e-02   3.8614560e-02   3.1909098e-02   2.8300565e-02   2.7043418e-02   2.7264568e-02   2.7558541e-02
   4.6350000e+01   6.2076196e-02   5.7917008e-02   5.6523854e-02   5.2355999e-02   4.6857638e-02   3.8814312e-02   3.1828756e-02   2.8180253e-02   2.6968223e-02   2.7231180e-02   2.7545850e-02
   4.6800000e+01   6.2801063e-02   6.0079543e-02   5.7891643e-02   5.3290222e-02   4.7482132e-02   3.8993671e-02   3.1743321e-02   2.8058030e-02   2.6892208e-02   2.7197460e-02   2.7533034e-02
   4.7250000e+01   6.2837772e-02   6.2063993e-02   5.8980955e-02   5.4131345e-02   4.8057095e-02   3.9151702e-02   3.1652604e-02   2.7933872e-02   2.6815368e-02   2.7163409e-02   2.7520094e-02
   4.7700000e+01   6.2838640e-02   6.2795429e-02   5.9734093e-02   5.4876772e-02   4.8579778e-02   3.9287524e-02   3.1556418e-02   2.7807759e-02   2.6737702e-02   2.7129026e-02   2.7507029e-02
   4.8150000e+01   6.2831113e-02   6.2278581e-02   6.0148172e-02   5.5525458e-02   4.9047649e-02   3.9400316e-02   3.1454578e-02   2.7679669e-02   2.6659207e-02   2.7094311e-02   2.7493841e-02
   4.8600000e+01   6.2668652e-02   6.1624579e-02   6.0277295e-02   5.6077824e-02   4.9458408e-02   3.9489314e-02   3.1346902e-02   2.7549579e-02   2.6579881e-02   2.7059264e-02   2.7480529e-02
   4.9050000e+01   6.1563180e-02   6.1046246e-02   6.0200448e-02   5.6535586e-02   4.9809987e-02   3.9553818e-02   3.1233214e-02   2.7417469e-02   2.6499722e-02   2.7023884e-02   2.7467092e-02
   4.9500000e+01   6.0546518e-02   6.0500813e-02   5.9988895e-02   5.6901502e-02   5.0100565e-02   3.9593193e-02   3.1113339e-02   2.7283315e-02   2.6418725e-02   2.6988172e-02   2.7453531e-02
   4.9950000e+01   5.9953733e-02   5.9964827e-02   5.9694358e-02   5.7179071e-02   5.0328566e-02   3.9606869e-02   3.0987105e-02   2.7147095e-02   2.6336890e-02   2.6952128e-02   2.7439846e-02
   5.0400000e+01   5.9370448e-02   5.9429676e-02   5.9352502e-02   5.7372175e-02   5.0492668e-02   3.9594345e-02   3.0854347e-02   2.7008788e-02   2.6254213e-02   2.6915750e-02   2.7426037e-02
   5.0850000e+01   5.8427190e-02   5.8889968e-02   5.8990557e-02   5.7484716e-02   5.0591804e-02   3.9555186e-02   3.0714902e-02   2.6868370e-02   2.6170692e-02   2.6879039e-02   2.7412104e-02
   5.1300000e+01   5.7223364e-02   5.8338750e-02   5.8633858e-02   5.7520260e-02   5.0625165e-02   3.9489029e-02   3.0568612e-02   2.6725819e-02   2.6086324e-02   2.6841995e-02   2.7398046e-02
   5.1750000e+01   5.6984135e-02   5.7767724e-02   5.8309646e-02   5.7481718e-02   5.0592199e-02   3.9395583e-02   3.0415325e-02   2.6581114e-02   2.6001106e-02   2.6804618e-02   2.7383865e-02
   5.2200000e+01   5.6970721e-02   5.7223047e-02   5.8045880e-02   5.7371089e-02   5.0492614e-02   3.9274623e-02   3.0254892e-02   2.6434230e-02   2.5915036e-02   2.6766907e-02   2.7369559e-02
   5.2650000e+01   5.6970323e-02   5.6992594e-02   5.7863169e-02   5.7189280e-02   5.0326376e-02   3.9125999e-02   3.0087171e-02   2.6285146e-02   2.5828111e-02   2.6728863e-02   2.7355129e-02
   5.3100000e+01   5.6972532e-02   5.7161580e-02   5.7764491e-02   5.6936025e-02   5.0093706e-02   3.8949630e-02   2.9912025e-02   2.6133838e-02   2.5740329e-02   2.6690484e-02   2.7340575e-02
   5.3550000e+01   5.7025089e-02   5.7394977e-02   5.7733209e-02   5.6609907e-02   4.9795080e-02   3.8745504e-02   2.9729322e-02   2.5980284e-02   2.5651686e-02   2.6651771e-02   2.7325896e-02
   5.4000000e+01   5.7417950e-02   5.7605533e-02   5.7741687e-02   5.6208483e-02   4.9431226e-02   3.8513680e-02   2.9538936e-02   2.5824462e-02   2.5562180e-02   2.6612724e-02   2.7311093e-02
   5.4450000e+01   5.7791791e-02   5.7804873e-02   5.7760953e-02   5.5728500e-02   4.9003119e-02   3.8254286e-02   2.9340747e-02   2.5666347e-02   2.5471808e-02   2.6573342e-02   2.7296166e-02
   5.4900000e+01   5.8007690e-02   5.8000783e-02   5.7763921e-02   5.5166207e-02   4.8511979e-02   3.7967513e-02   2.9134643e-02   2.5505918e-02   2.5380568e-02   2.6533626e-02   2.7281115e-02
   5.5350000e+01   5.8216828e-02   5.8196373e-02   5.7722596e-02   5.4517712e-02   4.7959261e-02   3.7653622e-02   2.8920516e-02   2.5343152e-02   2.5288456e-02   2.6493574e-02   2.7265939e-02
   5.5800000e+01   5.8533953e-02   5.8395587e-02   5.7601714e-02   5.3779386e-02   4.7346653e-02   3.7312937e-02   2.8698265e-02   2.5178025e-02   2.5195470e-02   2.6453188e-02   2.7250639e-02
   5.6250000e+01   5.8994133e-02   5.8613336e-02   5.7350313e-02   5.2948268e-02   4.6676068e-02   3.6945841e-02   2.8467796e-02   2.5010515e-02   2.5101607e-02   2.6412466e-02   2.7235215e-02
   5.6700000e+01   5.9113008e-02   5.8898407e-02   5.6895129e-02   5.2022449e-02   4.5949634e-02   3.6552780e-02   2.8229022e-02   2.4840599e-02   2.5006863e-02   2.6371409e-02   2.7219667e-02
   5.7150000e+01   5.9120652e-02   5.9232230e-02   5.6146767e-02   5.1001406e-02   4.5169686e-02   3.6134257e-02   2.7981863e-02   2.4668254e-02   2.4911237e-02   2.6330016e-02   2.7203994e-02
   5.7600000e+01   5.9120590e-02   5.8671627e-02   5.5030113e-02   4.9886247e-02   4.4338753e-02   3.5690830e-02   2.7726246e-02   2.4493458e-02   2.4814726e-02   2.6288287e-02   2.7188197e-02
   5.8050000e+01   5.9095730e-02   5.6309583e-02   5.3526161e-02   4.8679873e-02   4.3459548e-02   3.5223111e-02   2.7462104e-02   2.4316187e-02   2.4717325e-02   2.6246221e-02   2.7172276e-02
   5.8500000e+01   5.8429964e-02   5.3454626e-02   5.1685138e-02   4.7387019e-02   4.2534954e-02   3.4731759e-02   2.7189380e-02   2.4136419e-02   2.4619034e-02   2.6203820e-02   2.7156230e-02
   5.8950000e+01   5.3135358e-02   5.0682375e-02   4.9595831e-02   4.6014187e-02   4.1568012e-02   3.4217484e-02   2.6908021e-02   2.3954131e-02   2.4519848e-02   2.6161082e-02   2.7140060e-02
   5.9400000e+01   4.8138555e-02   4.7976979e-02   4.7345151e-02   4.4569468e-02   4.0561899e-02   3.3681040e-02   2.6617984e-02   2.3769301e-02   2.4419764e-02   2.6118007e-02   2.7123765e-02
   5.9850000e+01   4.5227965e-02   4.5297990e-02   4.4999497e-02   4.3062274e-02   3.9519917e-02   3.3123220e-02   2.6319233e-02   2.3581906e-02   2.4318780e-02   2.6074595e-02   2.7107346e-02
   6.0300000e+01   4.2448159e-02   4.2624458e-02   4.2606749e-02   4.1502995e-02   3.8445474e-02   3.2544860e-02   2.6011739e-02   2.3391924e-02   2.4216893e-02   2.6030847e-02   2.7090803e-02
   6.0750000e+01   3.8725638e-02   3.9942868e-02   4.0205796e-02   3.9902611e-02   3.7342063e-02   3.1946828e-02   2.5695480e-02   2.3199333e-02   2.4114099e-02   2.5986760e-02   2.7074135e-02
   6.1200000e+01   3.2452864e-02   3.7239105e-02   3.7836215e-02   3.8272284e-02   3.6213244e-02   3.1330027e-02   2.5370443e-02   2.3004110e-02   2.4010397e-02   2.5942336e-02   2.7057343e-02
   6.1650000e+01   2.9852013e-02   3.4494279e-02   3.5545198e-02   3.6622961e-02   3.5062625e-02   3.0695390e-02   2.5036623e-02   2.2806234e-02   2.3905782e-02   2.5897575e-02   2.7040427e-02
   6.2100000e+01   2.9640986e-02   3.1749750e-02   3.3387034e-02   3.4965013e-02   3.3893837e-02   3.0043876e-02   2.4694022e-02   2.2605681e-02   2.3800251e-02   2.5852475e-02   2.7023386e-02
   6.2550000e+01   2.9632227e-02   2.9528092e-02   3.1409192e-02   3.3307931e-02   3.2710521e-02   2.9376467e-02   2.4342649e-02   2.2402432e-02   2.3693803e-02   2.5807037e-02   2.7006221e-02
   6.3000000e+01   2.9622967e-02   2.8268108e-02   2.9630156e-02   3.1660103e-02   3.1516297e-02   2.8694168e-02   2.3982521e-02   2.2196463e-02   2.3586432e-02   2.5761261e-02   2.6988931e-02
   6.3450000e+01   2.9324857e-02   2.7182384e-02   2.8030151e-02   3.0028669e-02   3.0314755e-02   2.7997999e-02   2.3613664e-02   2.1987754e-02   2.3478138e-02   2.5715145e-02   2.6971517e-02
   6.3900000e+01   2.6972278e-02   2.6029904e-02   2.6565918e-02   2.8419474e-02   2.9109424e-02   2.7288996e-02   2.3236110e-02   2.1776283e-02   2.3368916e-02   2.5668691e-02   2.6953978e-02
   6.4350000e+01   2.4960142e-02   2.4857542e-02   2.5193170e-02   2.6837103e-02   2.7903761e-02   2.6568209e-02   2.2849901e-02   2.1562029e-02   2.3258763e-02   2.5621898e-02   2.6936315e-02
   6.4800000e+01   2.3712838e-02   2.3684293e-02   2.3878308e-02   2.5284992e-02   2.6701130e-02   2.5836694e-02   2.2455084e-02   2.1344971e-02   2.3147676e-02   2.5574766e-02   2.6918527e-02
   6.5250000e+01   2.2534644e-02   2.2512138e-02   2.2598600e-02   2.3765605e-02   2.5504783e-02   2.5095514e-02   2.2051715e-02   2.1125088e-02   2.3035652e-02   2.5527293e-02   2.6900615e-02
   6.5700000e+01   2.1358900e-02   2.1340358e-02   2.1338030e-02   2.2280649e-02   2.4317846e-02   2.4345736e-02   2.1639858e-02   2.0902360e-02   2.2922689e-02   2.5479481e-02   2.6882578e-02
   6.6150000e+01   2.0181839e-02   2.0169437e-02   2.0083259e-02   2.0831317e-02   2.3143304e-02   2.3588428e-02   2.1219582e-02   2.0676766e-02   2.2808782e-02   2.5431329e-02   2.6864417e-02
   6.6600000e+01   1.9003646e-02   1.9004243e-02   1.8820942e-02   1.9418531e-02   2.1983989e-02   2.2824655e-02   2.0790966e-02   2.0448287e-02   2.2693929e-02   2.5382837e-02   2.6846131e-02
   6.7050000e+01   1.7825951e-02   1.7851587e-02   1.7537134e-02   1.8043167e-02   2.0842567e-02   2.2055479e-02   2.0354095e-02   2.0216902e-02   2.2578126e-02   2.5334004e-02   2.6827721e-02
   6.7500000e+01   1.6644981e-02   1.6627164e-02   1.6219981e-02   1.6706251e-02   1.9721531e-02   2.1281955e-02   1.9909062e-02   1.9982592e-02   2.2461371e-02   2.5284831e-02   2.6809186e-02
   6.7950000e+01   1.5134491e-02   1.5170126e-02   1.4864778e-02   1.5409107e-02   1.8623189e-02   2.0505128e-02   1.9455966e-02   1.9745337e-02   2.2343659e-02   2.5235316e-02   2.6790527e-02
   6.8400000e+01   1.3622075e-02   1.3643633e-02   1.3476688e-02   1.4153447e-02   1.7549665e-02   1.9726032e-02   1.8994913e-02   1.9505119e-02   2.2224989e-02   2.5185460e-02   2.6771743e-02
   6.8850000e+01   1.2112044e-02   1.2131821e-02   1.2067903e-02   1.2941406e-02   1.6502889e-02   1.8945686e-02   1.8526018e-02   1.9261918e-02   2.2105357e-02   2.5135263e-02   2.6752834e-02
   6.9300000e+01   1.0603488e-02   1.0627661e-02   1.0652564e-02   1.1775514e-02   1.5484597e-02   1.8165096e-02   1.8049399e-02   1.9015716e-02   2.1984758e-02   2.5084724e-02   2.6733801e-02
   6.9750000e+01   9.0966203e-03   9.1256792e-03   9.2441433e-03   1.0658621e-02   1.4496328e-02   1.7385247e-02   1.7565184e-02   1.8766494e-02   2.1863191e-02   2.5033843e-02   2.6714643e-02
   7.0200000e+01   7.5866126e-03   7.6236813e-03   7.8561168e-03   9.5937685e-03   1.3539431e-02   1.6607107e-02   1.7073504e-02   1.8514236e-02   2.1740652e-02   2.4982620e-02   2.6695360e-02
   7.0650000e+01   5.9880314e-03   6.1186975e-03   6.5047243e-03   8.5840359e-03   1.2615060e-02   1.5831620e-02   1.6574500e-02   1.8258922e-02   2.1617138e-02   2.4931054e-02   2.6675953e-02
   7.1100000e+01   3.4092193e-03   4.6026657e-03   5.2130875e-03   7.6323621e-03   1.1724180e-02   1.5059709e-02   1.6068317e-02   1.8000537e-02   2.1492646e-02   2.4879146e-02   2.6656421e-02
   7.1550000e+01   3.9407396e-04   3.0533376e-03   4.0154894e-03   6.7413660e-03   1.0867575e-02   1.4292271e-02   1.5555106e-02   1.7739062e-02   2.1367171e-02   2.4826895e-02   2.6636765e-02
   7.2000000e+01   1.1934282e-05   1.4555877e-03   2.9573954e-03   5.9131754e-03   1.0045849e-02   1.3530175e-02   1.5035023e-02   1.7474481e-02   2.1240711e-02   2.4774300e-02   2.6616984e-02
   7.2450000e+01   6.0623841e-08   1.6156536e-04   2.0840314e-03   5.1492794e-03   9.2594343e-03   1.2774266e-02   1.4508232e-02   1.7206779e-02   2.1113263e-02   2.4721362e-02   2.6597078e-02
   7.2900000e+01  -2.5004049e-08  -1.3320702e-04   1.4182478e-03   4.4504149e-03   8.5085991e-03   1.2025356e-02   1.3974900e-02   1.6935938e-02   2.0984824e-02   2.4668081e-02   2.6577047e-02
   7.3350000e+01  -2.6257292e-09  -4.7835679e-05   9.4602377e-04   3.8164948e-03   7.7934549e-03   1.1284229e-02   1.3435199e-02   1.6661944e-02   2.0855389e-02   2.4614455e-02   2.6556892e-02
   7.3800000e+01  -1.3744439e-10  -8.8017845e-06   6.2600746e-04   3.2465815e-03   7.1139646e-03   1.0551637e-02   1.2889309e-02   1.6384781e-02   2.0724956e-02   2.4560486e-02   2.6536612e-02
   7.4250000e+01  -1.7403973e-12  -7.7244185e-07   4.1212261e-04   2.7389066e-03   6.4699508e-03   9.8283000e-03   1.2337412e-02   1.6104435e-02   2.0593521e-02   2.4506171e-02   2.6516207e-02
   7.4700000e+01  -5.9969971e-15   2.0549170e-07   2.6836503e-04   2.2909314e-03   5.8611048e-03   9.1149052e-03   1.1779696e-02   1.5820891e-02   2.0461082e-02   2.4451512e-02   2.6495677e-02
   7.5150000e+01   1.7168216e-16   1.5013131e-07   1.7108691e-04   1.8994441e-03   5.2869952e-03   8.4121054e-03   1.1216351e-02   1.5534136e-02   2.0327634e-02   2.4396509e-02   2.6475023e-02
   7.5600000e+01   1.0125875e-17   6.0238342e-08   1.0555240e-04   1.5606820e-03   4.7470769e-03   7.7205193e-03   1.0647575e-02   1.5244154e-02   2.0193174e-02   2.4341159e-02   2.6454244e-02
   7.6050000e+01   3.2581730e-19   1.9486697e-08   6.2287627e-05   1.2704710e-03   4.2406999e-03   7.0407306e-03   1.0073567e-02   1.4950935e-02   2.0057700e-02   2.4285465e-02   2.6433340e-02
   7.6500000e+01   2.1442030e-21   5.2366448e-09   3.4776714e-05   1.0243709e-03   3.7671186e-03   6.3732877e-03   9.4945310e-03   1.4654464e-02   1.9921207e-02   2.4229424e-02   2.6412311e-02
   7.6950000e+01   4.3611938e-24   1.0005951e-09   1.8237738e-05   8.1781919e-04   3.3255002e-03   5.7187035e-03   8.9106739e-03   1.4354730e-02   1.9783692e-02   2.4173038e-02   2.6391158e-02
   7.7400000e+01   2.6126123e-27   5.2577624e-11   9.0022342e-06   6.4626288e-04   2.9149340e-03   5.0774552e-03   8.3222064e-03   1.4051720e-02   1.9645152e-02   2.4116305e-02   2.6369879e-02
   7.7850000e+01  -3.1505236e-29  -1.4608255e-11   4.2539554e-06   5.0527473e-04   2.5344396e-03   4.4499841e-03   7.7293420e-03   1.3745424e-02   1.9505584e-02   2.4059226e-02   2.6348476e-02
   7.8300000e+01  -2.3892045e-31  -2.3132982e-12   1.9809355e-06   3.9064856e-04   2.1829761e-03   3.8366959e-03   7.1322973e-03   1.3435830e-02   1.9364984e-02   2.4001800e-02   2.6326948e-02
   7.8750000e+01  -1.0018917e-33  -1.8727018e-13   9.3242085e-07   2.9847188e-04   1.8594501e-03   3.2379606e-03   6.5312913e-03   1.3122928e-02   1.9223349e-02   2.3944027e-02   2.6305295e-02
   7.9200000e+01  -1.1763344e-36  -9.9379359e-15   4.4633691e-07   2.2517586e-04   1.5627244e-03   2.6541126e-03   5.9265455e-03   1.2806708e-02   1.9080675e-02   2.3885906e-02   2.6283517e-02
   7.9650000e+01  -3.5955054e-40  -7.6795574e-17   2.1445969e-07   1.6756379e-04   1.2916263e-03   2.0854516e-03   5.3182836e-03   1.2487161e-02   1.8936958e-02   2.3827438e-02   2.6261614e-02
   8.0100000e+01   2.2242817e-43   7.4286880e-17   1.0131511e-07   1.2282068e-04   1.0449553e-03   1.5322424e-03   4.7067312e-03   1.2164277e-02   1.8792197e-02   2.3768621e-02   2.6239587e-02
   8.0550000e+01   1.0132102e-45   1.4139703e-17   4.6141055e-08   8.8507327e-05   8.2149110e-04   9.9471568e-04   4.0921157e-03   1.1838048e-02   1.8646386e-02   2.3709457e-02   2.6217434e-02
   8.1000000e+01   2.0121532e-48   1.8772155e-18   1.9919755e-08   6.2542258e-05   6.2000137e-04   4.7306859e-04   3.4746661e-03   1.1508466e-02   1.8499523e-02   2.3649944e-02   2.6195156e-02
   8.1450000e+01   8.5348148e-52   2.0008247e-19   8.0353465e-09   4.3175252e-05   4.3924873e-04  -3.2534719e-05   2.8546124e-03   1.1175524e-02   1.8351605e-02   2.3590082e-02   2.6172754e-02
   8.1900000e+01   1.1833172e-55   1.5325954e-20   2.9969584e-09   2.8955491e-05   2.7799795e-04  -5.2196228e-04   2.2321859e-03   1.0839214e-02   1.8202627e-02   2.3529871e-02   2.6150226e-02
   8.2350000e+01   6.4599150e-60   3.9838624e-22   1.0326780e-09   1.8697087e-05   1.3502246e-04  -9.9511358e-04   1.6076188e-03   1.0499531e-02   1.8052587e-02   2.3469311e-02   2.6127574e-02
   8.2800000e+01  -2.8894566e-63  -3.1128496e-23   3.3450078e-10   1.1444124e-05   9.1106486e-06  -1.4519187e-03   9.8114370e-04   1.0156468e-02   1.7901481e-02   2.3408402e-02   2.6104796e-02
   8.3250000e+01  -1.5926826e-66  -2.1953247e-24   1.0573185e-10   6.4367998e-06  -1.0092837e-04  -1.8923373e-03   3.5299383e-04   9.8100192e-03   1.7749305e-02   2.3347142e-02   2.6081894e-02
   8.3700000e+01  -4.8238339e-70  -7.3246240e-26   3.3957621e-11   3.0797694e-06  -1.9625943e-04  -2.3163580e-03  -2.7659748e-04   9.4601807e-03   1.7596057e-02   2.3285532e-02   2.6058866e-02
   8.4150000e+01  -4.4912100e-74  -1.6749123e-27   1.1240766e-11   9.1339337e-07  -2.7801642e-04  -2.7239971e-03  -9.0739688e-04   9.1069479e-03   1.7441732e-02   2.3223572e-02   2.6035713e-02
   8.4600000e+01  -1.0128557e-78  -1.7456748e-29   3.7496083e-12  -4.1175044e-07  -3.4729801e-04  -3.1152973e-03  -1.5391712e-03   8.7503170e-03   1.7286328e-02   2.3161261e-02   2.6012436e-02
   8.5050000e+01   1.7114885e-83   9.3040460e-31   1.2038641e-12  -1.1569726e-06  -4.0516382e-04  -3.4903275e-03  -2.1716878e-03   8.3902849e-03   1.7129840e-02   2.3098599e-02   2.5989033e-02
   8.5500000e+01   6.8707605e-87   8.5516015e-32   3.4853386e-13  -1.5142622e-06  -4.5263116e-04  -3.8491806e-03  -2.8047144e-03   8.0268488e-03   1.6972266e-02   2.3035585e-02   2.5965505e-02
   8.5950000e+01   8.7888952e-91   4.6155672e-33   7.9036080e-14  -1.6219567e-06  -4.9067231e-04  -4.1919733e-03  -3.4380198e-03   7.6600067e-03   1.6813602e-02   2.2972220e-02   2.5941852e-02
   8.6400000e+01   2.5252605e-95   1.9573390e-34   5.2792445e-15  -1.5775696e-06  -5.2021233e-04  -4.5188444e-03  -4.0713736e-03   7.2897571e-03   1.6653844e-02   2.2908503e-02   2.5918074e-02
   8.6850000e+01  2.4023336e-100   6.2587430e-36  -8.8127644e-15  -1.4480999e-06  -5.4212744e-04  -4.8299540e-03  -4.7045468e-03   6.9160991e-03   1.6492990e-02   2.2844434e-02   2.5894171e-02
   8.7300000e+01  1.0719942e-105   8.8562398e-38  -7.8454511e-15  -1.2781695e-06  -5.5724382e-04  -5.1254818e-03  -5.3373116e-03   6.5390322e-03   1.6331035e-02   2.2780012e-02   2.5870142e-02
   8.7750000e+01 -1.9324471e-110  -5.5009767e-39  -4.7740344e-15  -1.0963258e-06  -5.6633701e-04  -5.4056266e-03  -5.9694417e-03   6.1585567e-03   1.6167976e-02   2.2715237e-02   2.5845989e-02
   8.8200000e+01 -8.0198271e-115  -4.9614254e-40  -2.5040473e-15  -9.1983467e-07  -5.7013167e-04  -5.6706049e-03  -6.6007126e-03   5.7746734e-03   1.6003810e-02   2.2650109e-02   2.5821710e-02
   8.8650000e+01 -1.9804721e-119  -2.2143859e-41  -1.2086326e-15  -7.5825325e-07  -5.6930182e-04  -5.9206492e-03  -7.2309019e-03   5.3873836e-03   1.5838534e-02   2.2584628e-02   2.5797306e-02
   8.9100000e+01 -4.2053680e-124  -7.3499344e-43  -5.5203476e-16  -6.1603953e-07  -5.6447147e-04  -6.1560077e-03  -7.8597888e-03   4.9966894e-03   1.5672143e-02   2.2518793e-02   2.5772777e-02
   8.9550000e+01 -8.3425322e-129  -2.1027140e-44  -2.4202481e-16  -4.9441706e-07  -5.5621556e-04  -6.3769426e-03  -8.4871551e-03   4.6025932e-03   1.5504635e-02   2.2452604e-02   2.5748122e-02
   9.0000000e+01 -1.5959599e-133  -5.5670301e-46  -1.0265695e-16  -3.9267501e-07  -5.4506126e-04  -6.5837289e-03  -9.1127848e-03   4.2050983e-03   1.5336005e-02   2.2386060e-02   2.5723342e-02
