  -9.0000000e+01  -7.8885641e-38  -5.5015898e-13  -3.2691296e-05  -4.3803864e-03  -7.6024871e-03   5.7685131e-03   7.1463221e-03   1.8356514e-03   9.2051187e-03   1.9991581e-02   2.4951150e-02
  -8.9550000e+01  -1.3119315e-35  -2.8950948e-12  -3.8947267e-05  -4.2205974e-03  -6.3044591e-03   6.3090328e-03   7.2124676e-03   2.0488529e-03   9.4179237e-03   2.0084962e-02   2.4985050e-02
  -8.9100000e+01  -2.1040723e-33  -1.4116532e-11  -4.4591159e-05  -3.9830390e-03  -5.0020130e-03   6.8216359e-03   7.2775714e-03   2.2633089e-03   9.6300320e-03   2.0177888e-02   2.5018781e-02
  -8.8650000e+01  -3.1524646e-31  -5.9382980e-11  -4.8376640e-05  -3.6581210e-03  -3.7001443e-03   7.3064889e-03   7.3418321e-03   2.4790077e-03   9.8414377e-03   2.0270359e-02   2.5052342e-02
  -8.8200000e+01  -4.0593603e-29  -1.8564783e-10  -4.8312402e-05  -3.2364076e-03  -2.4039725e-03   7.7638050e-03   7.4054467e-03   2.6959375e-03   1.0052135e-02   2.0362374e-02   2.5085734e-02
  -8.7750000e+01  -3.0941372e-27  -2.8282834e-10  -4.1348370e-05  -2.7089430e-03  -1.1187045e-03   8.1938440e-03   7.4686103e-03   2.9140858e-03   1.0262119e-02   2.0453934e-02   2.5118956e-02
  -8.7300000e+01   5.6165671e-25   7.0455875e-10  -2.2975691e-05  -2.0676314e-03   1.5040388e-04   8.5969118e-03   7.5315163e-03   3.1334398e-03   1.0471383e-02   2.0545038e-02   2.5152008e-02
  -8.6850000e+01   3.9802046e-22   6.8193314e-09   1.3268759e-05  -1.3056667e-03   1.3980891e-03   8.9733598e-03   7.5943558e-03   3.3539861e-03   1.0679921e-02   2.0635687e-02   2.5184891e-02
  -8.6400000e+01   1.3357315e-19   3.0490240e-08   7.6414431e-05  -4.1799685e-04   2.6191227e-03   9.3235847e-03   7.6573178e-03   3.5757111e-03   1.0887729e-02   2.0725879e-02   2.5217605e-02
  -8.5950000e+01   1.4910619e-17   1.0573522e-07   1.7886102e-04   5.9819085e-04   3.8083556e-03   9.6480272e-03   7.7205887e-03   3.7986003e-03   1.1094800e-02   2.0815614e-02   2.5250149e-02
  -8.5500000e+01   3.8156785e-16   3.0763208e-07   3.3760876e-04   1.7429894e-03   4.9607633e-03   9.9471715e-03   7.7843526e-03   4.0226394e-03   1.1301129e-02   2.0904894e-02   2.5282523e-02
  -8.5050000e+01   4.4560009e-15   7.0239849e-07   5.7650799e-04   3.0133220e-03   6.0714910e-03   1.0221544e-02   7.8487910e-03   4.2478130e-03   1.1506710e-02   2.0993716e-02   2.5314728e-02
  -8.4600000e+01  -3.3484783e-13   6.7250565e-07   9.3070738e-04   4.4025532e-03   7.1358987e-03   1.0471714e-02   7.9140822e-03   4.4741059e-03   1.1711538e-02   2.1082081e-02   2.5346764e-02
  -8.4150000e+01  -5.3465860e-11  -5.3132751e-06   1.4548394e-03   5.9001921e-03   8.1496050e-03   1.0698288e-02   7.9804019e-03   4.7015019e-03   1.1915607e-02   2.1169990e-02   2.5378630e-02
  -8.3700000e+01  -1.8816171e-09  -4.6486555e-05   2.2347111e-03   7.4917178e-03   9.1085294e-03   1.0901914e-02   8.0479227e-03   4.9299847e-03   1.2118912e-02   2.1257441e-02   2.5410326e-02
  -8.3250000e+01  -2.0288127e-08  -2.1535268e-04   3.3947276e-03   9.1585523e-03   1.0008932e-02   1.1083276e-02   8.1168139e-03   5.1595376e-03   1.2321447e-02   2.1344434e-02   2.5441853e-02
  -8.2800000e+01  -1.1980816e-07  -4.0861125e-04   5.0809370e-03   1.0878200e-02   1.0847451e-02   1.1243096e-02   8.1872414e-03   5.3901434e-03   1.2523207e-02   2.1430969e-02   2.5473210e-02
  -8.2350000e+01   9.5465016e-07   1.1883238e-03   7.4034248e-03   1.2624567e-02   1.1621136e-02   1.1382127e-02   8.2593677e-03   5.6217844e-03   1.2724187e-02   2.1517047e-02   2.5504398e-02
  -8.1900000e+01   5.6964584e-05   5.7487550e-03   1.0367236e-02   1.4368459e-02   1.2327477e-02   1.1501157e-02   8.3333518e-03   5.8544426e-03   1.2924380e-02   2.1602666e-02   2.5535416e-02
  -8.1450000e+01   1.3951734e-03   1.1046854e-02   1.3859383e-02   1.6078254e-02   1.2964431e-02   1.1601004e-02   8.4093489e-03   6.0880997e-03   1.3123782e-02   2.1687828e-02   2.5566264e-02
  -8.1000000e+01   1.1399015e-02   1.6211418e-02   1.7705870e-02   1.7720745e-02   1.3530438e-02   1.1682515e-02   8.4875102e-03   6.3227368e-03   1.3322388e-02   2.1772530e-02   2.5596943e-02
  -8.0550000e+01   2.0918547e-02   2.1255121e-02   2.1736053e-02   1.9262111e-02   1.4024442e-02   1.1746566e-02   8.5679833e-03   6.5583347e-03   1.3520192e-02   2.1856774e-02   2.5627452e-02
  -8.0100000e+01   2.6416213e-02   2.6245804e-02   2.5806298e-02   2.0669006e-02   1.4445896e-02   1.1794054e-02   8.6509114e-03   6.7948739e-03   1.3717188e-02   2.1940559e-02   2.5657792e-02
  -7.9650000e+01   3.1741723e-02   3.1228837e-02   2.9787860e-02   2.1909730e-02   1.4794767e-02   1.1825902e-02   8.7364339e-03   7.0323344e-03   1.3913373e-02   2.2023885e-02   2.5687962e-02
  -7.9200000e+01   3.9817036e-02   3.6245598e-02   3.3538425e-02   2.2955419e-02   1.5071533e-02   1.1843053e-02   8.8246856e-03   7.2706959e-03   1.4108739e-02   2.2106752e-02   2.5717962e-02
  -7.8750000e+01   5.1535074e-02   4.1366620e-02   3.6867930e-02   2.3781225e-02   1.5277179e-02   1.1846468e-02   8.9157971e-03   7.5099376e-03   1.4303283e-02   2.2189159e-02   2.5747793e-02
  -7.8300000e+01   5.4561949e-02   4.6737096e-02   3.9512904e-02   2.4367406e-02   1.5413181e-02   1.1837127e-02   9.0098945e-03   7.7500385e-03   1.4497000e-02   2.2271106e-02   2.5777454e-02
  -7.7850000e+01   5.4755381e-02   5.2115415e-02   4.1156620e-02   2.4700268e-02   1.5481492e-02   1.1816021e-02   9.1070994e-03   7.9909772e-03   1.4689883e-02   2.2352594e-02   2.5806946e-02
  -7.7400000e+01   5.4761866e-02   5.4033974e-02   4.1533859e-02   2.4772887e-02   1.5484513e-02   1.1784155e-02   9.2075287e-03   8.2327319e-03   1.4881928e-02   2.2433622e-02   2.5836268e-02
  -7.6950000e+01   5.4715635e-02   4.9882693e-02   4.0575402e-02   2.4585546e-02   1.5425074e-02   1.1742542e-02   9.3112947e-03   8.4752805e-03   1.5073130e-02   2.2514189e-02   2.5865420e-02
  -7.6500000e+01   5.3479210e-02   4.4335466e-02   3.8452919e-02   2.4145851e-02   1.5306397e-02   1.1692206e-02   9.4185049e-03   8.7186005e-03   1.5263485e-02   2.2594296e-02   2.5894403e-02
  -7.6050000e+01   4.3646747e-02   3.9106561e-02   3.5472154e-02   2.3468488e-02   1.5132063e-02   1.1634171e-02   9.5292617e-03   8.9626692e-03   1.5452986e-02   2.2673943e-02   2.5923216e-02
  -7.5600000e+01   3.4367333e-02   3.4067872e-02   3.1932501e-02   2.2574628e-02   1.4905976e-02   1.1569469e-02   9.6436629e-03   9.2074634e-03   1.5641629e-02   2.2753129e-02   2.5951859e-02
  -7.5150000e+01   2.8962163e-02   2.9091648e-02   2.8062237e-02   2.1491014e-02   1.4632320e-02   1.1499129e-02   9.7618012e-03   9.4529596e-03   1.5829409e-02   2.2831854e-02   2.5980333e-02
  -7.4700000e+01   2.3799867e-02   2.4127145e-02   2.4025221e-02   2.0248778e-02   1.4315519e-02   1.1424180e-02   9.8837643e-03   9.6991342e-03   1.6016322e-02   2.2910118e-02   2.6008636e-02
  -7.4250000e+01   1.6886884e-02   1.9146090e-02   1.9953508e-02   1.8882080e-02   1.3960192e-02   1.1345648e-02   1.0009635e-02   9.9459631e-03   1.6202361e-02   2.2987921e-02   2.6036771e-02
  -7.3800000e+01   5.2379022e-03   1.4113485e-02   1.5980304e-02   1.7426640e-02   1.3571106e-02   1.1264551e-02   1.0139490e-02   1.0193422e-02   1.6387524e-02   2.3065262e-02   2.6064735e-02
  -7.3350000e+01   4.0793609e-04   8.9596281e-03   1.2263550e-02   1.5918271e-02   1.3153133e-02   1.1181899e-02   1.0273402e-02   1.0441486e-02   1.6571804e-02   2.3142142e-02   2.6092530e-02
  -7.2900000e+01   1.6010810e-05   3.7391514e-03   8.9847381e-03   1.4391505e-02   1.2711206e-02   1.1098694e-02   1.0411439e-02   1.0690130e-02   1.6755197e-02   2.3218560e-02   2.6120155e-02
  -7.2450000e+01  -1.3155297e-07   4.0502806e-05   6.3032655e-03   1.2878378e-02   1.2250267e-02   1.1015922e-02   1.0553661e-02   1.0939329e-02   1.6937698e-02   2.3294516e-02   2.6147611e-02
  -7.2000000e+01  -1.2317690e-07  -4.2434817e-04   4.2831443e-03   1.1407449e-02   1.1775230e-02   1.0934559e-02   1.0700126e-02   1.1189058e-02   1.7119303e-02   2.3370010e-02   2.6174897e-02
  -7.1550000e+01  -1.6731476e-08  -1.2548448e-04   2.8620176e-03   1.0003084e-02   1.1290930e-02   1.0855561e-02   1.0850886e-02   1.1439291e-02   1.7300007e-02   2.3445042e-02   2.6202013e-02
  -7.1100000e+01  -5.8989524e-10  -2.0746773e-05   1.8998382e-03   8.6850277e-03   1.0802088e-02   1.0779867e-02   1.1005985e-02   1.1690001e-02   1.7479805e-02   2.3519612e-02   2.6228959e-02
  -7.0650000e+01  -4.0049421e-12  -1.1593065e-06   1.2534546e-03   7.4682524e-03   1.0313270e-02   1.0708395e-02   1.1165466e-02   1.1941163e-02   1.7658693e-02   2.3593719e-02   2.6255736e-02
  -7.0200000e+01  -7.5173797e-15   8.1065690e-07   8.1603025e-04   6.3630638e-03   9.8288487e-03   1.0642042e-02   1.1329363e-02   1.2192750e-02   1.7836667e-02   2.3667363e-02   2.6282342e-02
  -6.9750000e+01   6.7439735e-16   4.7791017e-07   5.1863924e-04   5.3754212e-03   9.3529712e-03   1.0581681e-02   1.1497707e-02   1.2444734e-02   1.8013720e-02   2.3740545e-02   2.6308780e-02
  -6.9300000e+01   3.9735739e-17   1.8384916e-07   3.1813098e-04   4.5074226e-03   8.8895307e-03   1.0528159e-02   1.1670524e-02   1.2697090e-02   1.8189850e-02   2.3813263e-02   2.6335047e-02
  -6.8850000e+01   1.9358241e-18   5.8637594e-08   1.8628085e-04   3.7579005e-03   8.4421400e-03   1.0482295e-02   1.1847832e-02   1.2949790e-02   1.8365052e-02   2.3885519e-02   2.6361145e-02
  -6.8400000e+01   8.2870813e-20   1.5562686e-08   1.0334545e-04   3.1230756e-03   8.0141117e-03   1.0444881e-02   1.2029647e-02   1.3202806e-02   1.8539321e-02   2.3957311e-02   2.6387072e-02
  -6.7950000e+01   2.6454332e-21   2.7669132e-09   5.4738669e-05   2.5972185e-03   7.6084417e-03   1.0416678e-02   1.2215977e-02   1.3456110e-02   1.8712652e-02   2.4028639e-02   2.6412831e-02
  -6.7500000e+01   2.5741294e-28   3.9078180e-11   2.9432469e-05   2.1732784e-03   7.2277991e-03   1.0398414e-02   1.2406828e-02   1.3709676e-02   1.8885043e-02   2.4099504e-02   2.6438419e-02
  -6.7050000e+01   3.6170307e-22   3.2798511e-10   1.9418815e-05   1.8434454e-03   6.8745210e-03   1.0390786e-02   1.2602199e-02   1.3963474e-02   1.9056487e-02   2.4169905e-02   2.6463837e-02
  -6.6600000e+01   1.1332064e-20   2.1219805e-09   1.9699851e-05   1.5996252e-03   6.5506123e-03   1.0394455e-02   1.2802084e-02   1.4217477e-02   1.9226981e-02   2.4239843e-02   2.6489086e-02
  -6.6150000e+01   2.6471181e-19   8.0178773e-09   2.8117132e-05   1.4338106e-03   6.2577515e-03   1.0410045e-02   1.3006471e-02   1.4471655e-02   1.9396521e-02   2.4309316e-02   2.6514165e-02
  -6.5700000e+01   5.4336131e-18   2.5140198e-08   4.4790735e-05   1.3383482e-03   5.9973015e-03   1.0438146e-02   1.3215346e-02   1.4725981e-02   1.9565103e-02   2.4378325e-02   2.6539075e-02
  -6.5250000e+01   9.2219608e-17   6.5351219e-08   7.1572178e-05   1.3061038e-03   5.7703249e-03   1.0479307e-02   1.3428687e-02   1.4980426e-02   1.9732722e-02   2.4446869e-02   2.6563814e-02
  -6.4800000e+01  -1.0279545e-15   1.1085225e-07   1.1195881e-04   1.3305364e-03   5.5776041e-03   1.0534040e-02   1.3646470e-02   1.5234960e-02   1.9899374e-02   2.4514949e-02   2.6588384e-02
  -6.4350000e+01  -5.4765071e-13  -1.5852789e-07   1.7170456e-04   1.4056985e-03   5.4196654e-03   1.0602815e-02   1.3868663e-02   1.5489554e-02   2.0065054e-02   2.4582565e-02   2.6612784e-02
  -6.3900000e+01  -8.0664474e-11  -2.8369912e-06   2.6020165e-04   1.5261787e-03   5.2968064e-03   1.0686060e-02   1.4095233e-02   1.5744180e-02   2.0229760e-02   2.4649716e-02   2.6637014e-02
  -6.3450000e+01  -2.2879244e-09  -1.7159216e-05   3.9212917e-04   1.6870085e-03   5.2091256e-03   1.0784164e-02   1.4326139e-02   1.5998807e-02   2.0393487e-02   2.4716401e-02   2.6661074e-02
  -6.3000000e+01  -1.6843669e-08  -5.8026957e-05   5.8728738e-04   1.8835510e-03   5.1565545e-03   1.0897470e-02   1.4561338e-02   1.6253407e-02   2.0556230e-02   2.4782622e-02   2.6684964e-02
  -6.2550000e+01  -1.7989043e-08   5.5385018e-06   8.6530498e-04   2.1113895e-03   5.1388907e-03   1.1026279e-02   1.4800781e-02   1.6507950e-02   2.0717987e-02   2.4848378e-02   2.6708685e-02
  -6.2100000e+01   2.1893779e-06   5.1130581e-04   1.2355317e-03   2.3662315e-03   5.1558312e-03   1.1170847e-02   1.5044416e-02   1.6762405e-02   2.0878752e-02   2.4913668e-02   2.6732236e-02
  -6.1650000e+01   5.5782702e-05   1.2251749e-03   1.6904128e-03   2.6438367e-03   5.2070047e-03   1.1331384e-02   1.5292186e-02   1.7016743e-02   2.1038522e-02   2.4978492e-02   2.6755617e-02
  -6.1200000e+01   7.1625028e-04   1.9299380e-03   2.2097286e-03   2.9399795e-03   5.2920039e-03   1.1508057e-02   1.5544029e-02   1.7270934e-02   2.1197294e-02   2.5042852e-02   2.6778828e-02
  -6.0750000e+01   2.3091754e-03   2.6181315e-03   2.7706906e-03   3.2504474e-03   5.4104148e-03   1.1700986e-02   1.5799880e-02   1.7524948e-02   2.1355063e-02   2.5106745e-02   2.6801869e-02
  -6.0300000e+01   3.2544826e-03   3.2992992e-03   3.3544039e-03   3.5710759e-03   5.5618433e-03   1.1910243e-02   1.6059672e-02   1.7778754e-02   2.1511825e-02   2.5170172e-02   2.6824741e-02
  -5.9850000e+01   3.9603942e-03   3.9782172e-03   3.9464770e-03   3.8978172e-03   5.7459390e-03   1.2135857e-02   1.6323329e-02   1.8032324e-02   2.1667577e-02   2.5233134e-02   2.6847442e-02
  -5.9400000e+01   4.6995173e-03   4.6584911e-03   4.5346481e-03   4.2268371e-03   5.9624151e-03   1.2377809e-02   1.6590777e-02   1.8285625e-02   2.1822315e-02   2.5295629e-02   2.6869974e-02
  -5.8950000e+01   5.9684189e-03   5.3452921e-03   5.1057362e-03   4.5546334e-03   6.2110632e-03   1.2636034e-02   1.6861936e-02   1.8538628e-02   2.1976035e-02   2.5357658e-02   2.6892336e-02
  -5.8500000e+01   7.3129455e-03   6.0481452e-03   5.6429234e-03   4.8781675e-03   6.4917647e-03   1.2910420e-02   1.7136720e-02   1.8791302e-02   2.2128734e-02   2.5419221e-02   2.6914528e-02
  -5.8050000e+01   7.4820112e-03   6.7696813e-03   6.1250136e-03   5.1950016e-03   6.8044959e-03   1.3200810e-02   1.7415044e-02   1.9043617e-02   2.2280408e-02   2.5480317e-02   2.6936550e-02
  -5.7600000e+01   7.4883234e-03   7.3728201e-03   6.5305950e-03   5.5034339e-03   7.1493287e-03   1.3507001e-02   1.7696818e-02   1.9295543e-02   2.2431053e-02   2.5540947e-02   2.6958403e-02
  -5.7150000e+01   7.4884321e-03   7.5568998e-03   6.8473192e-03   5.8026249e-03   7.5264262e-03   1.3828747e-02   1.7981947e-02   1.9547048e-02   2.2580667e-02   2.5601109e-02   2.6980085e-02
  -5.6700000e+01   7.4890176e-03   7.5392016e-03   7.0789736e-03   6.0927084e-03   7.9360323e-03   1.4165756e-02   1.8270337e-02   1.9798102e-02   2.2729244e-02   2.5660805e-02   2.7001598e-02
  -5.6250000e+01   7.4983847e-03   7.5350486e-03   7.2424303e-03   6.3748849e-03   8.3784573e-03   1.4517692e-02   1.8561887e-02   2.0048675e-02   2.2876783e-02   2.5720034e-02   2.7022940e-02
  -5.5800000e+01   7.5346554e-03   7.5462365e-03   7.3579235e-03   6.6514914e-03   8.8540578e-03   1.4884181e-02   1.8856496e-02   2.0298736e-02   2.3023278e-02   2.5778796e-02   2.7044113e-02
  -5.5350000e+01   7.5596510e-03   7.5611442e-03   7.4419438e-03   6.9260488e-03   9.3632129e-03   1.5264804e-02   1.9154060e-02   2.0548254e-02   2.3168728e-02   2.5837090e-02   2.7065116e-02
  -5.4900000e+01   7.5761350e-03   7.5765897e-03   7.5057191e-03   7.2032813e-03   9.9062958e-03   1.5659104e-02   1.9454471e-02   2.0797198e-02   2.3313128e-02   2.5894917e-02   2.7085949e-02
  -5.4450000e+01   7.5931520e-03   7.5920732e-03   7.5566291e-03   7.4891099e-03   1.0483643e-02   1.6066586e-02   1.9757621e-02   2.1045539e-02   2.3456475e-02   2.5952277e-02   2.7106612e-02
  -5.4000000e+01   7.6226179e-03   7.6075189e-03   7.5999997e-03   7.7906145e-03   1.1095518e-02   1.6486720e-02   2.0063398e-02   2.1293245e-02   2.3598767e-02   2.6009169e-02   2.7127105e-02
  -5.3550000e+01   7.6535827e-03   7.6224233e-03   7.6404704e-03   8.1159629e-03   1.1742078e-02   1.6918940e-02   2.0371688e-02   2.1540286e-02   2.3739999e-02   2.6065593e-02   2.7147429e-02
  -5.3100000e+01   7.6577243e-03   7.6352692e-03   7.6829314e-03   8.4743040e-03   1.2423336e-02   1.7362650e-02   2.0682376e-02   2.1786631e-02   2.3880168e-02   2.6121550e-02   2.7167582e-02
  -5.2650000e+01   7.6578964e-03   7.6508034e-03   7.7329903e-03   8.8756189e-03   1.3139120e-02   1.7817222e-02   2.0995344e-02   2.2032250e-02   2.4019271e-02   2.6177038e-02   2.7187566e-02
  -5.2200000e+01   7.6579614e-03   7.6968806e-03   7.7968210e-03   9.3305290e-03   1.3889041e-02   1.8282002e-02   2.1310474e-02   2.2277113e-02   2.4157305e-02   2.6232059e-02   2.7207379e-02
  -5.1750000e+01   7.6598426e-03   7.7716462e-03   7.8807419e-03   9.8500566e-03   1.4672454e-02   1.8756311e-02   2.1627646e-02   2.2521188e-02   2.4294267e-02   2.6286611e-02   2.7227023e-02
  -5.1300000e+01   7.6934079e-03   7.8503367e-03   7.9914115e-03   1.0445340e-02   1.5488427e-02   1.9239448e-02   2.1946737e-02   2.2764446e-02   2.4430154e-02   2.6340695e-02   2.7246497e-02
  -5.0850000e+01   7.8623130e-03   7.9273982e-03   8.1369952e-03   1.1127299e-02   1.6335711e-02   1.9730692e-02   2.2267623e-02   2.3006856e-02   2.4564962e-02   2.6394311e-02   2.7265800e-02
  -5.0400000e+01   7.9946585e-03   8.0032656e-03   8.3288785e-03   1.1906271e-02   1.7212719e-02   2.0229306e-02   2.2590182e-02   2.3248387e-02   2.4698689e-02   2.6447458e-02   2.7284934e-02
  -4.9950000e+01   8.0764973e-03   8.0786793e-03   8.5838831e-03   1.2791602e-02   1.8117501e-02   2.0734540e-02   2.2914286e-02   2.3489011e-02   2.4831331e-02   2.6500136e-02   2.7303898e-02
  -4.9500000e+01   8.1596691e-03   8.1534735e-03   8.9279492e-03   1.3791232e-02   1.9047737e-02   2.1245636e-02   2.3239811e-02   2.3728697e-02   2.4962886e-02   2.6552346e-02   2.7322692e-02
  -4.9050000e+01   8.3023136e-03   8.2222536e-03   9.4026096e-03   1.4911273e-02   2.0000730e-02   2.1761826e-02   2.3566628e-02   2.3967414e-02   2.5093350e-02   2.6604087e-02   2.7341316e-02
  -4.8600000e+01   8.4574162e-03   8.2566386e-03   1.0073679e-02   1.6155605e-02   2.0973406e-02   2.2282340e-02   2.3894611e-02   2.4205134e-02   2.5222721e-02   2.6655359e-02   2.7359770e-02
  -4.8150000e+01   8.4801888e-03   8.1842300e-03   1.1035033e-02   1.7525508e-02   2.1962328e-02   2.2806409e-02   2.4223630e-02   2.4441825e-02   2.5350996e-02   2.6706162e-02   2.7378054e-02
  -4.7700000e+01   8.4811709e-03   8.2351455e-03   1.2391819e-02   1.9019359e-02   2.2963709e-02   2.3333265e-02   2.4553558e-02   2.4677459e-02   2.5478172e-02   2.6756496e-02   2.7396168e-02
  -4.7250000e+01   8.4830558e-03   9.9303506e-03   1.4215375e-02   2.0632400e-02   2.3973445e-02   2.3862149e-02   2.4884265e-02   2.4912006e-02   2.5604246e-02   2.6806361e-02   2.7414113e-02
  -4.6800000e+01   8.5481081e-03   1.3423186e-02   1.6498949e-02   2.2356603e-02   2.4987148e-02   2.4392311e-02   2.5215622e-02   2.5145437e-02   2.5729215e-02   2.6855756e-02   2.7431887e-02
  -4.6350000e+01   9.8330696e-03   1.7217782e-02   1.9160522e-02   2.4180630e-02   2.6000186e-02   2.4923013e-02   2.5547500e-02   2.5377721e-02   2.5853077e-02   2.6904682e-02   2.7449491e-02
  -4.5900000e+01   1.7535124e-02   2.0916816e-02   2.2089127e-02   2.6089911e-02   2.7007739e-02   2.5453535e-02   2.5879771e-02   2.5608831e-02   2.5975829e-02   2.6953139e-02   2.7466925e-02
  -4.5450000e+01   2.4172449e-02   2.4539303e-02   2.5186943e-02   2.8066813e-02   2.8004856e-02   2.5983175e-02   2.6212304e-02   2.5838737e-02   2.6097468e-02   2.7001126e-02   2.7484190e-02
  -4.5000000e+01   2.8127527e-02   2.8127819e-02   2.8382209e-02   3.0090910e-02   2.8986514e-02   2.6511254e-02   2.6544973e-02   2.6067410e-02   2.6217991e-02   2.7048643e-02   2.7501284e-02
  -4.4550000e+01   3.2082606e-02   3.1716086e-02   3.1622581e-02   3.2139334e-02   2.9947695e-02   2.7037117e-02   2.6877648e-02   2.6294821e-02   2.6337397e-02   2.7095691e-02   2.7518209e-02
  -4.4100000e+01   3.8719931e-02   3.5335524e-02   3.4863387e-02   3.4187200e-02   3.0883449e-02   2.7560137e-02   2.7210202e-02   2.6520943e-02   2.6455682e-02   2.7142268e-02   2.7534963e-02
  -4.3650000e+01   4.6421984e-02   3.9015543e-02   3.8057101e-02   3.6208086e-02   3.1788977e-02   2.8079718e-02   2.7542508e-02   2.6745745e-02   2.6572843e-02   2.7188376e-02   2.7551547e-02
  -4.3200000e+01   4.7706937e-02   4.2738193e-02   4.1147120e-02   3.8174564e-02   3.2659699e-02   2.8595294e-02   2.7874440e-02   2.6969201e-02   2.6688879e-02   2.7234013e-02   2.7567962e-02
  -4.2750000e+01   4.7771952e-02   4.6184840e-02   4.4071584e-02   4.0058769e-02   3.3491334e-02   2.9106334e-02   2.8205873e-02   2.7191282e-02   2.6803787e-02   2.7279180e-02   2.7584206e-02
  -4.2300000e+01   4.7774475e-02   4.8616987e-02   4.6781168e-02   4.1832992e-02   3.4279968e-02   2.9612343e-02   2.8536682e-02   2.7411961e-02   2.6917564e-02   2.7323878e-02   2.7600281e-02
  -4.1850000e+01   4.7801943e-02   5.0455979e-02   4.9259467e-02   4.3470307e-02   3.5022125e-02   3.0112862e-02   2.8866743e-02   2.7631209e-02   2.7030208e-02   2.7368104e-02   2.7616185e-02
  -4.1400000e+01   4.8399277e-02   5.2393142e-02   5.1523824e-02   4.4945210e-02   3.5714828e-02   3.0607470e-02   2.9195936e-02   2.7848999e-02   2.7141716e-02   2.7411861e-02   2.7631919e-02
  -4.0950000e+01   5.2464277e-02   5.4386498e-02   5.3604180e-02   4.6234276e-02   3.6355651e-02   3.1095786e-02   2.9524138e-02   2.8065303e-02   2.7252087e-02   2.7455147e-02   2.7647484e-02
  -4.0500000e+01   5.6202713e-02   5.6369911e-02   5.5520539e-02   4.7316818e-02   3.6942772e-02   3.1577467e-02   2.9851230e-02   2.8280096e-02   2.7361318e-02   2.7497962e-02   2.7662878e-02
  -4.0050000e+01   5.8382483e-02   5.8339339e-02   5.7271876e-02   4.8175541e-02   3.7475003e-02   3.2052211e-02   3.0177093e-02   2.8493349e-02   2.7469406e-02   2.7540306e-02   2.7678102e-02
  -3.9600000e+01   6.0527321e-02   6.0308141e-02   5.8831657e-02   4.8797170e-02   3.7951820e-02   3.2519753e-02   3.0501612e-02   2.8705036e-02   2.7576349e-02   2.7582180e-02   2.7693157e-02
  -3.9150000e+01   6.3995839e-02   6.2297982e-02   6.0140675e-02   4.9173031e-02   3.8373378e-02   3.2979870e-02   3.0824671e-02   2.8915130e-02   2.7682145e-02   2.7623583e-02   2.7708041e-02
  -3.8700000e+01   6.8422514e-02   6.4357394e-02   6.1093857e-02   4.9299558e-02   3.8740510e-02   3.3432377e-02   3.1146157e-02   2.9123606e-02   2.7786792e-02   2.7664515e-02   2.7722756e-02
  -3.8250000e+01   6.9302213e-02   6.6589581e-02   6.1530726e-02   4.9178683e-02   3.9054720e-02   3.3877124e-02   3.1465958e-02   2.9330436e-02   2.7890288e-02   2.7704976e-02   2.7737300e-02
  -3.7800000e+01   6.9351617e-02   6.8743949e-02   6.1257012e-02   4.8818087e-02   3.9318163e-02   3.4313999e-02   3.1783963e-02   2.9535596e-02   2.7992630e-02   2.7744966e-02   2.7751674e-02
  -3.7350000e+01   6.9352236e-02   6.8339669e-02   6.0120736e-02   4.8231269e-02   3.9533604e-02   3.4742926e-02   3.2100066e-02   2.9739060e-02   2.8093817e-02   2.7784485e-02   2.7765878e-02
  -3.6900000e+01   6.9300212e-02   6.4143756e-02   5.8104902e-02   4.7437405e-02   3.9704381e-02   3.5163860e-02   3.2414160e-02   2.9940802e-02   2.8193846e-02   2.7823533e-02   2.7779912e-02
  -3.6450000e+01   6.8058051e-02   5.9132764e-02   5.5345641e-02   4.6460998e-02   3.9834344e-02   3.5576788e-02   3.2726141e-02   3.0140797e-02   2.8292716e-02   2.7862109e-02   2.7793777e-02
  -3.6000000e+01   5.8772322e-02   5.4310314e-02   5.2055711e-02   4.5331300e-02   3.9927792e-02   3.5981725e-02   3.3035907e-02   3.0339020e-02   2.8390423e-02   2.7900214e-02   2.7807471e-02
  -3.5550000e+01   4.9936139e-02   4.9623557e-02   4.8436900e-02   4.4081530e-02   3.9989401e-02   3.6378713e-02   3.3343360e-02   3.0535447e-02   2.8486967e-02   2.7937848e-02   2.7820995e-02
  -3.5100000e+01   4.4833117e-02   4.4990495e-02   4.4645177e-02   4.2747920e-02   4.0024146e-02   3.6767819e-02   3.3648400e-02   3.0730053e-02   2.8582345e-02   2.7975010e-02   2.7834349e-02
  -3.4650000e+01   3.9889893e-02   4.0365242e-02   4.0800297e-02   4.1368620e-02   4.0037213e-02   3.7149129e-02   3.3950934e-02   3.0922814e-02   2.8676556e-02   2.8011700e-02   2.7847533e-02
  -3.4200000e+01   3.2394257e-02   3.5712135e-02   3.7011304e-02   3.9982529e-02   4.0033919e-02   3.7522750e-02   3.4250867e-02   3.1113707e-02   2.8769596e-02   2.8047919e-02   2.7860547e-02
  -3.3750000e+01   2.1517386e-02   3.0984330e-02   3.3403110e-02   3.8628092e-02   4.0019621e-02   3.7888803e-02   3.4548111e-02   3.1302706e-02   2.8861466e-02   2.8083666e-02   2.7873391e-02
  -3.3300000e+01   1.8707803e-02   2.6113256e-02   3.0135246e-02   3.7342127e-02   3.9999631e-02   3.8247421e-02   3.4842576e-02   3.1489790e-02   2.8952162e-02   2.8118941e-02   2.7886065e-02
  -3.2850000e+01   1.8528330e-02   2.1309263e-02   2.7393740e-02   3.6158737e-02   3.9979132e-02   3.8598750e-02   3.5134178e-02   3.1674935e-02   2.9041683e-02   2.8153744e-02   2.7898568e-02
  -3.2400000e+01   1.8521824e-02   1.8552058e-02   2.5335843e-02   3.5108348e-02   3.9963103e-02   3.8942940e-02   3.5422832e-02   3.1858119e-02   2.9130028e-02   2.8188075e-02   2.7910902e-02
  -3.1950000e+01   1.8529356e-02   1.9029196e-02   2.4012283e-02   3.4216905e-02   3.9956241e-02   3.9280146e-02   3.5708459e-02   3.2039317e-02   2.9217193e-02   2.8221935e-02   2.7923066e-02
  -3.1500000e+01   1.8729422e-02   2.0129479e-02   2.3343193e-02   3.3505262e-02   3.9962900e-02   3.9610524e-02   3.5990981e-02   3.2218509e-02   2.9303179e-02   2.8255322e-02   2.7935059e-02
  -3.1050000e+01   2.0320094e-02   2.1042111e-02   2.3176950e-02   3.2988758e-02   3.9987035e-02   3.9934230e-02   3.6270322e-02   3.2395673e-02   2.9387982e-02   2.8288237e-02   2.7946883e-02
  -3.0600000e+01   2.1821289e-02   2.1869447e-02   2.3368188e-02   3.2676995e-02   4.0032151e-02   4.0251413e-02   3.6546410e-02   3.2570786e-02   2.9471602e-02   2.8320680e-02   2.7958536e-02
  -3.0150000e+01   2.2695720e-02   2.2675744e-02   2.3815721e-02   3.2573790e-02   4.0101273e-02   4.0562219e-02   3.6819174e-02   3.2743827e-02   2.9554036e-02   2.8352651e-02   2.7970020e-02
  -2.9700000e+01   2.3530860e-02   2.3478715e-02   2.4463399e-02   3.2677294e-02   4.0196913e-02   4.0866782e-02   3.7088547e-02   3.2914775e-02   2.9635283e-02   2.8384149e-02   2.7981333e-02
  -2.9250000e+01   2.4649221e-02   2.4282163e-02   2.5290417e-02   3.2980247e-02   4.0321062e-02   4.1165228e-02   3.7354465e-02   3.3083609e-02   2.9715342e-02   2.8415175e-02   2.7992476e-02
  -2.8800000e+01   2.6533757e-02   2.5078548e-02   2.6305948e-02   3.3470366e-02   4.0475178e-02   4.1457670e-02   3.7616864e-02   3.3250309e-02   2.9794210e-02   2.8445729e-02   2.8003449e-02
  -2.8350000e+01   2.7315129e-02   2.5826320e-02   2.7547930e-02   3.4130832e-02   4.0660196e-02   4.1744204e-02   3.7875687e-02   3.3414854e-02   2.9871887e-02   2.8475810e-02   2.8014252e-02
  -2.7900000e+01   2.7378484e-02   2.6482834e-02   2.9075170e-02   3.4940878e-02   4.0876539e-02   4.2024914e-02   3.8130875e-02   3.3577224e-02   2.9948371e-02   2.8505419e-02   2.8024885e-02
  -2.7450000e+01   2.7381284e-02   2.7730425e-02   3.0940105e-02   3.5876467e-02   4.1124142e-02   4.2299865e-02   3.8382376e-02   3.3737399e-02   3.0023660e-02   2.8534555e-02   2.8035348e-02
  -2.7000000e+01   2.7407434e-02   3.0655711e-02   3.3149810e-02   3.6911054e-02   4.1402479e-02   4.2569107e-02   3.8630137e-02   3.3895361e-02   3.0097753e-02   2.8563218e-02   2.8045641e-02
  -2.6550000e+01   2.8249081e-02   3.4126396e-02   3.5649825e-02   3.8016435e-02   4.1710600e-02   4.2832669e-02   3.8874110e-02   3.4051089e-02   3.0170648e-02   2.8591408e-02   2.8055764e-02
  -2.6100000e+01   3.4889944e-02   3.7521803e-02   3.8347923e-02   3.9163653e-02   4.2047168e-02   4.3090563e-02   3.9114250e-02   3.4204565e-02   3.0242344e-02   2.8619126e-02   2.8065716e-02
  -2.5650000e+01   4.0569785e-02   4.0857558e-02   4.1149473e-02   4.0323976e-02   4.2410502e-02   4.3342784e-02   3.9350511e-02   3.4355771e-02   3.0312841e-02   2.8646371e-02   2.8075499e-02
  -2.5200000e+01   4.4090665e-02   4.4171651e-02   4.3973614e-02   4.1469898e-02   4.2798619e-02   4.3589309e-02   3.9582855e-02   3.4504689e-02   3.0382135e-02   2.8673143e-02   2.8085111e-02
  -2.4750000e+01   4.7416461e-02   4.7479578e-02   4.6748542e-02   4.2576139e-02   4.3209280e-02   4.3830096e-02   3.9811242e-02   3.4651300e-02   3.0450227e-02   2.8699442e-02   2.8094554e-02
  -2.4300000e+01   5.0735342e-02   5.0790542e-02   4.9396181e-02   4.3620618e-02   4.3640029e-02   4.4065087e-02   4.0035637e-02   3.4795586e-02   3.0517114e-02   2.8725269e-02   2.8103826e-02
  -2.3850000e+01   5.4057942e-02   5.4128587e-02   5.1812167e-02   4.4585323e-02   4.4088237e-02   4.4294212e-02   4.0256006e-02   3.4937532e-02   3.0582796e-02   2.8750622e-02   2.8112928e-02
  -2.3400000e+01   5.7383964e-02   5.7588776e-02   5.3847527e-02   4.5457061e-02   4.4551138e-02   4.4517382e-02   4.0472320e-02   3.5077119e-02   3.0647271e-02   2.8775502e-02   2.8121860e-02
  -2.2950000e+01   6.0736558e-02   6.1297975e-02   5.5311991e-02   4.6227999e-02   4.5025861e-02   4.4734501e-02   4.0684549e-02   3.5214330e-02   3.0710538e-02   2.8799909e-02   2.8130622e-02
  -2.2500000e+01   6.4041734e-02   6.3715843e-02   5.6027771e-02   4.6895979e-02   4.5509462e-02   4.4945458e-02   4.0892669e-02   3.5349151e-02   3.0772596e-02   2.8823843e-02   2.8139214e-02
  -2.2050000e+01   6.1319653e-02   6.1878905e-02   5.5922721e-02   4.7464547e-02   4.5998947e-02   4.5150136e-02   4.1096655e-02   3.5481564e-02   3.0833444e-02   2.8847303e-02   2.8147636e-02
  -2.1600000e+01   5.8549861e-02   5.8750143e-02   5.5080586e-02   4.7942682e-02   4.6491295e-02   4.5348412e-02   4.1296486e-02   3.5611553e-02   3.0893080e-02   2.8870291e-02   2.8155887e-02
  -2.1150000e+01   5.5806231e-02   5.5869950e-02   5.3690942e-02   4.8344232e-02   4.6983472e-02   4.5540158e-02   4.1492143e-02   3.5739104e-02   3.0951504e-02   2.8892805e-02   2.8163969e-02
  -2.0700000e+01   5.3065460e-02   5.3111549e-02   5.1957027e-02   4.8687050e-02   4.7472446e-02   4.5725245e-02   4.1683610e-02   3.5864202e-02   3.1008714e-02   2.8914845e-02   2.8171880e-02
  -2.0250000e+01   5.0327757e-02   5.0380073e-02   5.0043875e-02   4.8991907e-02   4.7955197e-02   4.5903543e-02   4.1870872e-02   3.5986830e-02   3.1064709e-02   2.8936413e-02   2.8179621e-02
  -1.9800000e+01   4.7584349e-02   4.7651749e-02   4.8078046e-02   4.9281206e-02   4.8428721e-02   4.6074927e-02   4.2053916e-02   3.6106976e-02   3.1119489e-02   2.8957507e-02   2.8187193e-02
  -1.9350000e+01   4.4680019e-02   4.4916355e-02   4.6171178e-02   4.9577599e-02   4.8890041e-02   4.6239279e-02   4.2232731e-02   3.6224624e-02   3.1173051e-02   2.8978127e-02   2.8194594e-02
  -1.8900000e+01   3.9994789e-02   4.2147818e-02   4.4448472e-02   4.9902577e-02   4.9336208e-02   4.6396487e-02   4.2407309e-02   3.6339762e-02   3.1225396e-02   2.8998274e-02   2.8201825e-02
  -1.8450000e+01   3.4516809e-02   3.9256406e-02   4.3073378e-02   5.0275122e-02   4.9764311e-02   4.6546451e-02   4.2577644e-02   3.6452375e-02   3.1276523e-02   2.9017948e-02   2.8208885e-02
  -1.8000000e+01   3.3822453e-02   3.6134980e-02   4.2250860e-02   5.0710503e-02   5.0171478e-02   4.6689084e-02   4.2743729e-02   3.6562450e-02   3.1326429e-02   2.9037147e-02   2.8215776e-02
  -1.7550000e+01   3.3800875e-02   3.4124024e-02   4.2180293e-02   5.1219287e-02   5.0554892e-02   4.6824314e-02   4.2905562e-02   3.6669975e-02   3.1375115e-02   2.9055874e-02   2.8222497e-02
  -1.7100000e+01   3.3812528e-02   3.6294070e-02   4.2961873e-02   5.1806637e-02   5.0911800e-02   4.6952088e-02   4.3063140e-02   3.6774936e-02   3.1422580e-02   2.9074126e-02   2.8229047e-02
  -1.6650000e+01   3.4099265e-02   4.0268002e-02   4.4534899e-02   5.2471912e-02   5.1239525e-02   4.7072371e-02   4.3216463e-02   3.6877322e-02   3.1468822e-02   2.9091905e-02   2.8235427e-02
  -1.6200000e+01   3.7632430e-02   4.4109030e-02   4.6717949e-02   5.3208609e-02   5.1535492e-02   4.7185151e-02   4.3365533e-02   3.6977120e-02   3.1513842e-02   2.9109211e-02   2.8241638e-02
  -1.5750000e+01   4.6153757e-02   4.7805073e-02   4.9304499e-02   5.4004630e-02   5.1797246e-02   4.7290438e-02   4.3510352e-02   3.7074320e-02   3.1557637e-02   2.9126042e-02   2.8247678e-02
  -1.5300000e+01   5.1210663e-02   5.1450684e-02   5.2124887e-02   5.4842842e-02   5.2022479e-02   4.7388267e-02   4.3650924e-02   3.7168909e-02   3.1600207e-02   2.9142400e-02   2.8253547e-02
  -1.4850000e+01   5.4986925e-02   5.5082361e-02   5.5053642e-02   5.5701898e-02   5.2209064e-02   4.7478699e-02   4.3787254e-02   3.7260877e-02   3.1641552e-02   2.9158284e-02   2.8259247e-02
  -1.4400000e+01   5.8940852e-02   5.8721611e-02   5.7989517e-02   5.6557239e-02   5.2355087e-02   4.7561821e-02   4.3919347e-02   3.7350213e-02   3.1681671e-02   2.9173694e-02   2.8264777e-02
  -1.3950000e+01   6.5728821e-02   6.2398985e-02   6.0830362e-02   5.7382227e-02   5.2458882e-02   4.7637746e-02   4.4047212e-02   3.7436907e-02   3.1720562e-02   2.9188630e-02   2.8270137e-02
  -1.3500000e+01   7.2921345e-02   6.6177689e-02   6.3451573e-02   5.8149326e-02   5.2519072e-02   4.7706616e-02   4.4170856e-02   3.7520949e-02   3.1758226e-02   2.9203092e-02   2.8275326e-02
  -1.3050000e+01   7.3825771e-02   7.0094804e-02   6.5699293e-02   5.8831265e-02   5.2534603e-02   4.7768600e-02   4.4290287e-02   3.7602329e-02   3.1794662e-02   2.9217081e-02   2.8280345e-02
  -1.2600000e+01   7.3859553e-02   7.3266382e-02   6.7418247e-02   5.9402136e-02   5.2504791e-02   4.7823893e-02   4.4405516e-02   3.7681037e-02   3.1829868e-02   2.9230595e-02   2.8285194e-02
  -1.2150000e+01   7.3858594e-02   7.3560253e-02   6.8515713e-02   5.9838349e-02   5.2429348e-02   4.7872717e-02   4.4516553e-02   3.7757065e-02   3.1863845e-02   2.9243636e-02   2.8289873e-02
  -1.1700000e+01   7.3819887e-02   7.2354833e-02   6.9010701e-02   6.0119449e-02   5.2308423e-02   4.7915321e-02   4.4623409e-02   3.7830404e-02   3.1896591e-02   2.9256202e-02   2.8294382e-02
  -1.1250000e+01   7.3214974e-02   7.1202552e-02   6.9012747e-02   6.0228738e-02   5.2142630e-02   4.7951976e-02   4.4726094e-02   3.7901046e-02   3.1928107e-02   2.9268295e-02   2.8298721e-02
  -1.0800000e+01   7.0873181e-02   7.0161328e-02   6.8653693e-02   6.0153724e-02   5.1933069e-02   4.7982978e-02   4.4824622e-02   3.7968982e-02   3.1958391e-02   2.9279913e-02   2.8302889e-02
  -1.0350000e+01   6.9259369e-02   6.9156186e-02   6.8036949e-02   5.9886387e-02   5.1681350e-02   4.8008642e-02   4.4919003e-02   3.8034204e-02   3.1987443e-02   2.9291058e-02   2.8306888e-02
  -9.9000000e+00   6.8195092e-02   6.8160117e-02   6.7224795e-02   5.9423292e-02   5.1389593e-02   4.8029305e-02   4.5009250e-02   3.8096706e-02   3.2015263e-02   2.9301728e-02   2.8310716e-02
  -9.4500000e+00   6.7096410e-02   6.7163588e-02   6.6244550e-02   5.8765569e-02   5.1060439e-02   4.8045317e-02   4.5095376e-02   3.8156480e-02   3.2041850e-02   2.9311924e-02   2.8314374e-02
  -9.0000000e+00   6.5193979e-02   6.6164709e-02   6.5094740e-02   5.7918771e-02   5.0697038e-02   4.8057047e-02   4.5177393e-02   3.8213519e-02   3.2067203e-02   2.9321646e-02   2.8317862e-02
  -8.5500000e+00   6.3194764e-02   6.5184203e-02   6.3746164e-02   5.6892655e-02   5.0303031e-02   4.8064872e-02   4.5255314e-02   3.8267817e-02   3.2091322e-02   2.9330894e-02   2.8321180e-02
  -8.1000000e+00   6.2927356e-02   6.4293649e-02   6.2144241e-02   5.5700890e-02   4.9882525e-02   4.8069180e-02   4.5329151e-02   3.8319368e-02   3.2114207e-02   2.9339668e-02   2.8324328e-02
  -7.6500000e+00   6.2916224e-02   6.3315199e-02   6.0225876e-02   5.4360696e-02   4.9440053e-02   4.8070364e-02   4.5398916e-02   3.8368165e-02   3.2135857e-02   2.9347968e-02   2.8327306e-02
  -7.2000000e+00   6.2913091e-02   6.1050062e-02   5.7955244e-02   5.2892451e-02   4.8980533e-02   4.8068822e-02   4.5464621e-02   3.8414203e-02   3.2156273e-02   2.9355793e-02   2.8330113e-02
  -6.7500000e+00   6.2824097e-02   5.7523539e-02   5.5354266e-02   5.1319245e-02   4.8509206e-02   4.8064948e-02   4.5526278e-02   3.8457477e-02   3.2175452e-02   2.9363145e-02   2.8332750e-02
  -6.3000000e+00   6.1236134e-02   5.3810822e-02   5.2496211e-02   4.9666397e-02   4.8031579e-02   4.8059137e-02   4.5583899e-02   3.8497983e-02   3.2193396e-02   2.9370022e-02   2.8335217e-02
  -5.8500000e+00   5.3245284e-02   5.0170600e-02   4.9471008e-02   4.7960945e-02   4.7553350e-02   4.8051774e-02   4.5637494e-02   3.8535714e-02   3.2210104e-02   2.9376425e-02   2.8337514e-02
  -5.4000000e+00   4.6984057e-02   4.6590171e-02   4.6357818e-02   4.6231105e-02   4.7080332e-02   4.8043236e-02   4.5687074e-02   3.8570668e-02   3.2225575e-02   2.9382353e-02   2.8339641e-02
  -4.9500000e+00   4.3112284e-02   4.3036775e-02   4.3219638e-02   4.4505712e-02   4.6618374e-02   4.8033887e-02   4.5732649e-02   3.8602841e-02   3.2239810e-02   2.9387808e-02   2.8341598e-02
  -4.5000000e+00   3.9177453e-02   3.9480216e-02   4.0111860e-02   4.2813661e-02   4.6173271e-02   4.8024072e-02   4.5774228e-02   3.8632227e-02   3.2252807e-02   2.9392788e-02   2.8343385e-02
  -4.0500000e+00   3.2428979e-02   3.5886498e-02   3.7095500e-02   4.1183348e-02   4.5750686e-02   4.8014122e-02   4.5811820e-02   3.8658825e-02   3.2264568e-02   2.9397293e-02   2.8345001e-02
  -3.6000000e+00   2.5091003e-02   3.2209813e-02   3.4250639e-02   3.9642130e-02   4.5356057e-02   4.8004341e-02   4.5845432e-02   3.8682632e-02   3.2275091e-02   2.9401325e-02   2.8346447e-02
  -3.1500000e+00   2.4012683e-02   2.8438265e-02   3.1682963e-02   3.8215817e-02   4.4994514e-02   4.7995013e-02   4.5875073e-02   3.8703644e-02   3.2284376e-02   2.9404882e-02   2.8347723e-02
  -2.7000000e+00   2.3962975e-02   2.5082446e-02   2.9508444e-02   3.6928213e-02   4.4670801e-02   4.7986391e-02   4.5900747e-02   3.8721859e-02   3.2292424e-02   2.9407965e-02   2.8348829e-02
  -2.2500000e+00   2.3961778e-02   2.3699373e-02   2.7808933e-02   3.5800706e-02   4.4389200e-02   4.7978702e-02   4.5922463e-02   3.8737275e-02   3.2299234e-02   2.9410574e-02   2.8349765e-02
  -1.8000000e+00   2.3961849e-02   2.3786060e-02   2.6588272e-02   3.4851923e-02   4.4153457e-02   4.7972139e-02   4.5940223e-02   3.8749891e-02   3.2304806e-02   2.9412708e-02   2.8350531e-02
  -1.3500000e+00   2.3961865e-02   2.3921085e-02   2.5775887e-02   3.4097450e-02   4.3966727e-02   4.7966864e-02   4.5954032e-02   3.8759704e-02   3.2309140e-02   2.9414368e-02   2.8351126e-02
  -9.0000000e-01   2.3961867e-02   2.3956773e-02   2.5274568e-02   3.3549612e-02   4.3831520e-02   4.7963005e-02   4.5963894e-02   3.8766715e-02   3.2312235e-02   2.9415554e-02   2.8351552e-02
  -4.5000000e-01   2.3961867e-02   2.3962494e-02   2.5004578e-02   3.3217318e-02   4.3749658e-02   4.7960653e-02   4.5969810e-02   3.8770921e-02   3.2314093e-02   2.9416266e-02   2.8351807e-02
   0.0000000e+00   2.3961867e-02   2.3962963e-02   2.4919467e-02   3.3105953e-02   4.3722247e-02   4.7959863e-02   4.5971781e-02   3.8772324e-02   3.2314712e-02   2.9416503e-02   2.8351892e-02
   4.5000000e-01   2.3961867e-02   2.3962494e-02   2.5004578e-02   3.3217318e-02   4.3749658e-02   4.7960653e-02   4.5969810e-02   3.8770921e-02   3.2314093e-02   2.9416266e-02   2.8351807e-02
   9.0000000e-01   2.3961867e-02   2.3956773e-02   2.5274568e-02   3.3549612e-02   4.3831520e-02   4.7963005e-02   4.5963894e-02   3.8766715e-02   3.2312235e-02   2.9415554e-02   2.8351552e-02
   1.3500000e+00   2.3961865e-02   2.3921085e-02   2.5775887e-02   3.4097450e-02   4.3966727e-02   4.7966864e-02   4.5954032e-02   3.8759704e-02   3.2309140e-02   2.9414368e-02   2.8351126e-02
   1.8000000e+00   2.3961849e-02   2.3786060e-02   2.6588272e-02   3.4851923e-02   4.4153457e-02   4.7972139e-02   4.5940223e-02   3.8749891e-02   3.2304806e-02   2.9412708e-02   2.8350531e-02
   2.2500000e+00   2.3961778e-02   2.3699373e-02   2.7808933e-02   3.5800706e-02   4.4389200e-02   4.7978702e-02   4.5922463e-02   3.8737275e-02   3.2299234e-02   2.9410574e-02   2.8349765e-02
   2.7000000e+00   2.3962975e-02   2.5082446e-02   2.9508444e-02   3.6928213e-02   4.4670801e-02   4.7986391e-02   4.5900747e-02   3.8721859e-02   3.2292424e-02   2.9407965e-02   2.8348829e-02
   3.1500000e+00   2.4012683e-02   2.8438265e-02   3.1682963e-02   3.8215817e-02   4.4994514e-02   4.7995013e-02   4.5875073e-02   3.8703644e-02   3.2284376e-02   2.9404882e-02   2.8347723e-02
   3.6000000e+00   2.5091003e-02   3.2209813e-02   3.4250639e-02   3.9642130e-02   4.5356057e-02   4.8004341e-02   4.5845432e-02   3.8682632e-02   3.2275091e-02   2.9401325e-02   2.8346447e-02
   4.0500000e+00   3.2428979e-02   3.5886498e-02   3.7095500e-02   4.1183348e-02   4.5750686e-02   4.8014122e-02   4.5811820e-02   3.8658825e-02   3.2264568e-02   2.9397293e-02   2.8345001e-02
   4.5000000e+00   3.9177453e-02   3.9480216e-02   4.0111860e-02   4.2813661e-02   4.6173271e-02   4.8024072e-02   4.5774228e-02   3.8632227e-02   3.2252807e-02   2.9392788e-02   2.8343385e-02
   4.9500000e+00   4.3112284e-02   4.3036775e-02   4.3219638e-02   4.4505712e-02   4.6618374e-02   4.8033887e-02   4.5732649e-02   3.8602841e-02   3.2239810e-02   2.9387808e-02   2.8341598e-02
   5.4000000e+00   4.6984057e-02   4.6590171e-02   4.6357818e-02   4.6231105e-02   4.7080332e-02   4.8043236e-02   4.5687074e-02   3.8570668e-02   3.2225575e-02   2.9382353e-02   2.8339641e-02
   5.8500000e+00   5.3245284e-02   5.0170600e-02   4.9471008e-02   4.7960945e-02   4.7553350e-02   4.8051774e-02   4.5637494e-02   3.8535714e-02   3.2210104e-02   2.9376425e-02   2.8337514e-02
   6.3000000e+00   6.1236134e-02   5.3810822e-02   5.2496211e-02   4.9666397e-02   4.8031579e-02   4.8059137e-02   4.5583899e-02   3.8497983e-02   3.2193396e-02   2.9370022e-02   2.8335217e-02
   6.7500000e+00   6.2824097e-02   5.7523539e-02   5.5354266e-02   5.1319245e-02   4.8509206e-02   4.8064948e-02   4.5526278e-02   3.8457477e-02   3.2175452e-02   2.9363145e-02   2.8332750e-02
   7.2000000e+00   6.2913091e-02   6.1050062e-02   5.7955244e-02   5.2892451e-02   4.8980533e-02   4.8068822e-02   4.5464621e-02   3.8414203e-02   3.2156273e-02   2.9355793e-02   2.8330113e-02
   7.6500000e+00   6.2916224e-02   6.3315199e-02   6.0225876e-02   5.4360696e-02   4.9440053e-02   4.8070364e-02   4.5398916e-02   3.8368165e-02   3.2135857e-02   2.9347968e-02   2.8327306e-02
   8.1000000e+00   6.2927356e-02   6.4293649e-02   6.2144241e-02   5.5700890e-02   4.9882525e-02   4.8069180e-02   4.5329151e-02   3.8319368e-02   3.2114207e-02   2.9339668e-02   2.8324328e-02
   8.5500000e+00   6.3194764e-02   6.5184203e-02   6.3746164e-02   5.6892655e-02   5.0303031e-02   4.8064872e-02   4.5255314e-02   3.8267817e-02   3.2091322e-02   2.9330894e-02   2.8321180e-02
   9.0000000e+00   6.5193979e-02   6.6164709e-02   6.5094740e-02   5.7918771e-02   5.0697038e-02   4.8057047e-02   4.5177393e-02   3.8213519e-02   3.2067203e-02   2.9321646e-02   2.8317862e-02
   9.4500000e+00   6.7096410e-02   6.7163588e-02   6.6244550e-02   5.8765569e-02   5.1060439e-02   4.8045317e-02   4.5095376e-02   3.8156480e-02   3.2041850e-02   2.9311924e-02   2.8314374e-02
   9.9000000e+00   6.8195092e-02   6.8160117e-02   6.7224795e-02   5.9423292e-02   5.1389593e-02   4.8029305e-02   4.5009250e-02   3.8096706e-02   3.2015263e-02   2.9301728e-02   2.8310716e-02
   1.0350000e+01   6.9259369e-02   6.9156186e-02   6.8036949e-02   5.9886387e-02   5.1681350e-02   4.8008642e-02   4.4919003e-02   3.8034204e-02   3.1987443e-02   2.9291058e-02   2.8306888e-02
   1.0800000e+01   7.0873181e-02   7.0161328e-02   6.8653693e-02   6.0153724e-02   5.1933069e-02   4.7982978e-02   4.4824622e-02   3.7968982e-02   3.1958391e-02   2.9279913e-02   2.8302889e-02
   1.1250000e+01   7.3214974e-02   7.1202552e-02   6.9012747e-02   6.0228738e-02   5.2142630e-02   4.7951976e-02   4.4726094e-02   3.7901046e-02   3.1928107e-02   2.9268295e-02   2.8298721e-02
   1.1700000e+01   7.3819887e-02   7.2354833e-02   6.9010701e-02   6.0119449e-02   5.2308423e-02   4.7915321e-02   4.4623409e-02   3.7830404e-02   3.1896591e-02   2.9256202e-02   2.8294382e-02
   1.2150000e+01   7.3858594e-02   7.3560253e-02   6.8515713e-02   5.9838349e-02   5.2429348e-02   4.7872717e-02   4.4516553e-02   3.7757065e-02   3.1863845e-02   2.9243636e-02   2.8289873e-02
   1.2600000e+01   7.3859553e-02   7.3266382e-02   6.7418247e-02   5.9402136e-02   5.2504791e-02   4.7823893e-02   4.4405516e-02   3.7681037e-02   3.1829868e-02   2.9230595e-02   2.8285194e-02
   1.3050000e+01   7.3825771e-02   7.0094804e-02   6.5699293e-02   5.8831265e-02   5.2534603e-02   4.7768600e-02   4.4290287e-02   3.7602329e-02   3.1794662e-02   2.9217081e-02   2.8280345e-02
   1.3500000e+01   7.2921345e-02   6.6177689e-02   6.3451573e-02   5.8149326e-02   5.2519072e-02   4.7706616e-02   4.4170856e-02   3.7520949e-02   3.1758226e-02   2.9203092e-02   2.8275326e-02
   1.3950000e+01   6.5728821e-02   6.2398985e-02   6.0830362e-02   5.7382227e-02   5.2458882e-02   4.7637746e-02   4.4047212e-02   3.7436907e-02   3.1720562e-02   2.9188630e-02   2.8270137e-02
   1.4400000e+01   5.8940852e-02   5.8721611e-02   5.7989517e-02   5.6557239e-02   5.2355087e-02   4.7561821e-02   4.3919347e-02   3.7350213e-02   3.1681671e-02   2.9173694e-02   2.8264777e-02
   1.4850000e+01   5.4986925e-02   5.5082361e-02   5.5053642e-02   5.5701898e-02   5.2209064e-02   4.7478699e-02   4.3787254e-02   3.7260877e-02   3.1641552e-02   2.9158284e-02   2.8259247e-02
   1.5300000e+01   5.1210663e-02   5.1450684e-02   5.2124887e-02   5.4842842e-02   5.2022479e-02   4.7388267e-02   4.3650924e-02   3.7168909e-02   3.1600207e-02   2.9142400e-02   2.8253547e-02
   1.5750000e+01   4.6153757e-02   4.7805073e-02   4.9304499e-02   5.4004630e-02   5.1797246e-02   4.7290438e-02   4.3510352e-02   3.7074320e-02   3.1557637e-02   2.9126042e-02   2.8247678e-02
   1.6200000e+01   3.7632430e-02   4.4109030e-02   4.6717949e-02   5.3208609e-02   5.1535492e-02   4.7185151e-02   4.3365533e-02   3.6977120e-02   3.1513842e-02   2.9109211e-02   2.8241638e-02
   1.6650000e+01   3.4099265e-02   4.0268002e-02   4.4534899e-02   5.2471912e-02   5.1239525e-02   4.7072371e-02   4.3216463e-02   3.6877322e-02   3.1468822e-02   2.9091905e-02   2.8235427e-02
   1.7100000e+01   3.3812528e-02   3.6294070e-02   4.2961873e-02   5.1806637e-02   5.0911800e-02   4.6952088e-02   4.3063140e-02   3.6774936e-02   3.1422580e-02   2.9074126e-02   2.8229047e-02
   1.7550000e+01   3.3800875e-02   3.4124024e-02   4.2180293e-02   5.1219287e-02   5.0554892e-02   4.6824314e-02   4.2905562e-02   3.6669975e-02   3.1375115e-02   2.9055874e-02   2.8222497e-02
   1.8000000e+01   3.3822453e-02   3.6134980e-02   4.2250860e-02   5.0710503e-02   5.0171478e-02   4.6689084e-02   4.2743729e-02   3.6562450e-02   3.1326429e-02   2.9037147e-02   2.8215776e-02
   1.8450000e+01   3.4516809e-02   3.9256406e-02   4.3073378e-02   5.0275122e-02   4.9764311e-02   4.6546451e-02   4.2577644e-02   3.6452375e-02   3.1276523e-02   2.9017948e-02   2.8208885e-02
   1.8900000e+01   3.9994789e-02   4.2147818e-02   4.4448472e-02   4.9902577e-02   4.9336208e-02   4.6396487e-02   4.2407309e-02   3.6339762e-02   3.1225396e-02   2.8998274e-02   2.8201825e-02
   1.9350000e+01   4.4680019e-02   4.4916355e-02   4.6171178e-02   4.9577599e-02   4.8890041e-02   4.6239279e-02   4.2232731e-02   3.6224624e-02   3.1173051e-02   2.8978127e-02   2.8194594e-02
   1.9800000e+01   4.7584349e-02   4.7651749e-02   4.8078046e-02   4.9281206e-02   4.8428721e-02   4.6074927e-02   4.2053916e-02   3.6106976e-02   3.1119489e-02   2.8957507e-02   2.8187193e-02
   2.0250000e+01   5.0327757e-02   5.0380073e-02   5.0043875e-02   4.8991907e-02   4.7955197e-02   4.5903543e-02   4.1870872e-02   3.5986830e-02   3.1064709e-02   2.8936413e-02   2.8179621e-02
   2.0700000e+01   5.3065460e-02   5.3111549e-02   5.1957027e-02   4.8687050e-02   4.7472446e-02   4.5725245e-02   4.1683610e-02   3.5864202e-02   3.1008714e-02   2.8914845e-02   2.8171880e-02
   2.1150000e+01   5.5806231e-02   5.5869950e-02   5.3690942e-02   4.8344232e-02   4.6983472e-02   4.5540158e-02   4.1492143e-02   3.5739104e-02   3.0951504e-02   2.8892805e-02   2.8163969e-02
   2.1600000e+01   5.8549861e-02   5.8750143e-02   5.5080586e-02   4.7942682e-02   4.6491295e-02   4.5348412e-02   4.1296486e-02   3.5611553e-02   3.0893080e-02   2.8870291e-02   2.8155887e-02
   2.2050000e+01   6.1319653e-02   6.1878905e-02   5.5922721e-02   4.7464547e-02   4.5998947e-02   4.5150136e-02   4.1096655e-02   3.5481564e-02   3.0833444e-02   2.8847303e-02   2.8147636e-02
   2.2500000e+01   6.4041734e-02   6.3715843e-02   5.6027771e-02   4.6895979e-02   4.5509462e-02   4.4945458e-02   4.0892669e-02   3.5349151e-02   3.0772596e-02   2.8823843e-02   2.8139214e-02
   2.2950000e+01   6.0736558e-02   6.1297975e-02   5.5311991e-02   4.6227999e-02   4.5025861e-02   4.4734501e-02   4.0684549e-02   3.5214330e-02   3.0710538e-02   2.8799909e-02   2.8130622e-02
   2.3400000e+01   5.7383964e-02   5.7588776e-02   5.3847527e-02   4.5457061e-02   4.4551138e-02   4.4517382e-02   4.0472320e-02   3.5077119e-02   3.0647271e-02   2.8775502e-02   2.8121860e-02
   2.3850000e+01   5.4057942e-02   5.4128587e-02   5.1812167e-02   4.4585323e-02   4.4088237e-02   4.4294212e-02   4.0256006e-02   3.4937532e-02   3.0582796e-02   2.8750622e-02   2.8112928e-02
   2.4300000e+01   5.0735342e-02   5.0790542e-02   4.9396181e-02   4.3620618e-02   4.3640029e-02   4.4065087e-02   4.0035637e-02   3.4795586e-02   3.0517114e-02   2.8725269e-02   2.8103826e-02
   2.4750000e+01   4.7416461e-02   4.7479578e-02   4.6748542e-02   4.2576139e-02   4.3209280e-02   4.3830096e-02   3.9811242e-02   3.4651300e-02   3.0450227e-02   2.8699442e-02   2.8094554e-02
   2.5200000e+01   4.4090665e-02   4.4171651e-02   4.3973614e-02   4.1469898e-02   4.2798619e-02   4.3589309e-02   3.9582855e-02   3.4504689e-02   3.0382135e-02   2.8673143e-02   2.8085111e-02
   2.5650000e+01   4.0569785e-02   4.0857558e-02   4.1149473e-02   4.0323976e-02   4.2410502e-02   4.3342784e-02   3.9350511e-02   3.4355771e-02   3.0312841e-02   2.8646371e-02   2.8075499e-02
   2.6100000e+01   3.4889944e-02   3.7521803e-02   3.8347923e-02   3.9163653e-02   4.2047168e-02   4.3090563e-02   3.9114250e-02   3.4204565e-02   3.0242344e-02   2.8619126e-02   2.8065716e-02
   2.6550000e+01   2.8249081e-02   3.4126396e-02   3.5649825e-02   3.8016435e-02   4.1710600e-02   4.2832669e-02   3.8874110e-02   3.4051089e-02   3.0170648e-02   2.8591408e-02   2.8055764e-02
   2.7000000e+01   2.7407434e-02   3.0655711e-02   3.3149810e-02   3.6911054e-02   4.1402479e-02   4.2569107e-02   3.8630137e-02   3.3895361e-02   3.0097753e-02   2.8563218e-02   2.8045641e-02
   2.7450000e+01   2.7381284e-02   2.7730425e-02   3.0940105e-02   3.5876467e-02   4.1124142e-02   4.2299865e-02   3.8382376e-02   3.3737399e-02   3.0023660e-02   2.8534555e-02   2.8035348e-02
   2.7900000e+01   2.7378484e-02   2.6482834e-02   2.9075170e-02   3.4940878e-02   4.0876539e-02   4.2024914e-02   3.8130875e-02   3.3577224e-02   2.9948371e-02   2.8505419e-02   2.8024885e-02
   2.8350000e+01   2.7315129e-02   2.5826320e-02   2.7547930e-02   3.4130832e-02   4.0660196e-02   4.1744204e-02   3.7875687e-02   3.3414854e-02   2.9871887e-02   2.8475810e-02   2.8014252e-02
   2.8800000e+01   2.6533757e-02   2.5078548e-02   2.6305948e-02   3.3470366e-02   4.0475178e-02   4.1457670e-02   3.7616864e-02   3.3250309e-02   2.9794210e-02   2.8445729e-02   2.8003449e-02
   2.9250000e+01   2.4649221e-02   2.4282163e-02   2.5290417e-02   3.2980247e-02   4.0321062e-02   4.1165228e-02   3.7354465e-02   3.3083609e-02   2.9715342e-02   2.8415175e-02   2.7992476e-02
   2.9700000e+01   2.3530860e-02   2.3478715e-02   2.4463399e-02   3.2677294e-02   4.0196913e-02   4.0866782e-02   3.7088547e-02   3.2914775e-02   2.9635283e-02   2.8384149e-02   2.7981333e-02
   3.0150000e+01   2.2695720e-02   2.2675744e-02   2.3815721e-02   3.2573790e-02   4.0101273e-02   4.0562219e-02   3.6819174e-02   3.2743827e-02   2.9554036e-02   2.8352651e-02   2.7970020e-02
   3.0600000e+01   2.1821289e-02   2.1869447e-02   2.3368188e-02   3.2676995e-02   4.0032151e-02   4.0251413e-02   3.6546410e-02   3.2570786e-02   2.9471602e-02   2.8320680e-02   2.7958536e-02
   3.1050000e+01   2.0320094e-02   2.1042111e-02   2.3176950e-02   3.2988758e-02   3.9987035e-02   3.9934230e-02   3.6270322e-02   3.2395673e-02   2.9387982e-02   2.8288237e-02   2.7946883e-02
   3.1500000e+01   1.8729422e-02   2.0129479e-02   2.3343193e-02   3.3505262e-02   3.9962900e-02   3.9610524e-02   3.5990981e-02   3.2218509e-02   2.9303179e-02   2.8255322e-02   2.7935059e-02
   3.1950000e+01   1.8529356e-02   1.9029196e-02   2.4012283e-02   3.4216905e-02   3.9956241e-02   3.9280146e-02   3.5708459e-02   3.2039317e-02   2.9217193e-02   2.8221935e-02   2.7923066e-02
   3.2400000e+01   1.8521824e-02   1.8552058e-02   2.5335843e-02   3.5108348e-02   3.9963103e-02   3.8942940e-02   3.5422832e-02   3.1858119e-02   2.9130028e-02   2.8188075e-02   2.7910902e-02
   3.2850000e+01   1.8528330e-02   2.1309263e-02   2.7393740e-02   3.6158737e-02   3.9979132e-02   3.8598750e-02   3.5134178e-02   3.1674935e-02   2.9041683e-02   2.8153744e-02   2.7898568e-02
   3.3300000e+01   1.8707803e-02   2.6113256e-02   3.0135246e-02   3.7342127e-02   3.9999631e-02   3.8247421e-02   3.4842576e-02   3.1489790e-02   2.8952162e-02   2.8118941e-02   2.7886065e-02
   3.3750000e+01   2.1517386e-02   3.0984330e-02   3.3403110e-02   3.8628092e-02   4.0019621e-02   3.7888803e-02   3.4548111e-02   3.1302706e-02   2.8861466e-02   2.8083666e-02   2.7873391e-02
   3.4200000e+01   3.2394257e-02   3.5712135e-02   3.7011304e-02   3.9982529e-02   4.0033919e-02   3.7522750e-02   3.4250867e-02   3.1113707e-02   2.8769596e-02   2.8047919e-02   2.7860547e-02
   3.4650000e+01   3.9889893e-02   4.0365242e-02   4.0800297e-02   4.1368620e-02   4.0037213e-02   3.7149129e-02   3.3950934e-02   3.0922814e-02   2.8676556e-02   2.8011700e-02   2.7847533e-02
   3.5100000e+01   4.4833117e-02   4.4990495e-02   4.4645177e-02   4.2747920e-02   4.0024146e-02   3.6767819e-02   3.3648400e-02   3.0730053e-02   2.8582345e-02   2.7975010e-02   2.7834349e-02
   3.5550000e+01   4.9936139e-02   4.9623557e-02   4.8436900e-02   4.4081530e-02   3.9989401e-02   3.6378713e-02   3.3343360e-02   3.0535447e-02   2.8486967e-02   2.7937848e-02   2.7820995e-02
   3.6000000e+01   5.8772322e-02   5.4310314e-02   5.2055711e-02   4.5331300e-02   3.9927792e-02   3.5981725e-02   3.3035907e-02   3.0339020e-02   2.8390423e-02   2.7900214e-02   2.7807471e-02
   3.6450000e+01   6.8058051e-02   5.9132764e-02   5.5345641e-02   4.6460998e-02   3.9834344e-02   3.5576788e-02   3.2726141e-02   3.0140797e-02   2.8292716e-02   2.7862109e-02   2.7793777e-02
   3.6900000e+01   6.9300212e-02   6.4143756e-02   5.8104902e-02   4.7437405e-02   3.9704381e-02   3.5163860e-02   3.2414160e-02   2.9940802e-02   2.8193846e-02   2.7823533e-02   2.7779912e-02
   3.7350000e+01   6.9352236e-02   6.8339669e-02   6.0120736e-02   4.8231269e-02   3.9533604e-02   3.4742926e-02   3.2100066e-02   2.9739060e-02   2.8093817e-02   2.7784485e-02   2.7765878e-02
   3.7800000e+01   6.9351617e-02   6.8743949e-02   6.1257012e-02   4.8818087e-02   3.9318163e-02   3.4313999e-02   3.1783963e-02   2.9535596e-02   2.7992630e-02   2.7744966e-02   2.7751674e-02
   3.8250000e+01   6.9302213e-02   6.6589581e-02   6.1530726e-02   4.9178683e-02   3.9054720e-02   3.3877124e-02   3.1465958e-02   2.9330436e-02   2.7890288e-02   2.7704976e-02   2.7737300e-02
   3.8700000e+01   6.8422514e-02   6.4357394e-02   6.1093857e-02   4.9299558e-02   3.8740510e-02   3.3432377e-02   3.1146157e-02   2.9123606e-02   2.7786792e-02   2.7664515e-02   2.7722756e-02
   3.9150000e+01   6.3995839e-02   6.2297982e-02   6.0140675e-02   4.9173031e-02   3.8373378e-02   3.2979870e-02   3.0824671e-02   2.8915130e-02   2.7682145e-02   2.7623583e-02   2.7708041e-02
   3.9600000e+01   6.0527321e-02   6.0308141e-02   5.8831657e-02   4.8797170e-02   3.7951820e-02   3.2519753e-02   3.0501612e-02   2.8705036e-02   2.7576349e-02   2.7582180e-02   2.7693157e-02
   4.0050000e+01   5.8382483e-02   5.8339339e-02   5.7271876e-02   4.8175541e-02   3.7475003e-02   3.2052211e-02   3.0177093e-02   2.8493349e-02   2.7469406e-02   2.7540306e-02   2.7678102e-02
   4.0500000e+01   5.6202713e-02   5.6369911e-02   5.5520539e-02   4.7316818e-02   3.6942772e-02   3.1577467e-02   2.9851230e-02   2.8280096e-02   2.7361318e-02   2.7497962e-02   2.7662878e-02
   4.0950000e+01   5.2464277e-02   5.4386498e-02   5.3604180e-02   4.6234276e-02   3.6355651e-02   3.1095786e-02   2.9524138e-02   2.8065303e-02   2.7252087e-02   2.7455147e-02   2.7647484e-02
   4.1400000e+01   4.8399277e-02   5.2393142e-02   5.1523824e-02   4.4945210e-02   3.5714828e-02   3.0607470e-02   2.9195936e-02   2.7848999e-02   2.7141716e-02   2.7411861e-02   2.7631919e-02
   4.1850000e+01   4.7801943e-02   5.0455979e-02   4.9259467e-02   4.3470307e-02   3.5022125e-02   3.0112862e-02   2.8866743e-02   2.7631209e-02   2.7030208e-02   2.7368104e-02   2.7616185e-02
   4.2300000e+01   4.7774475e-02   4.8616987e-02   4.6781168e-02   4.1832992e-02   3.4279968e-02   2.9612343e-02   2.8536682e-02   2.7411961e-02   2.6917564e-02   2.7323878e-02   2.7600281e-02
   4.2750000e+01   4.7771952e-02   4.6184840e-02   4.4071584e-02   4.0058769e-02   3.3491334e-02   2.9106334e-02   2.8205873e-02   2.7191282e-02   2.6803787e-02   2.7279180e-02   2.7584206e-02
   4.3200000e+01   4.7706937e-02   4.2738193e-02   4.1147120e-02   3.8174564e-02   3.2659699e-02   2.8595294e-02   2.7874440e-02   2.6969201e-02   2.6688879e-02   2.7234013e-02   2.7567962e-02
   4.3650000e+01   4.6421984e-02   3.9015543e-02   3.8057101e-02   3.6208086e-02   3.1788977e-02   2.8079718e-02   2.7542508e-02   2.6745745e-02   2.6572843e-02   2.7188376e-02   2.7551547e-02
   4.4100000e+01   3.8719931e-02   3.5335524e-02   3.4863387e-02   3.4187200e-02   3.0883449e-02   2.7560137e-02   2.7210202e-02   2.6520943e-02   2.6455682e-02   2.7142268e-02   2.7534963e-02
   4.4550000e+01   3.2082606e-02   3.1716086e-02   3.1622581e-02   3.2139334e-02   2.9947695e-02   2.7037117e-02   2.6877648e-02   2.6294821e-02   2.6337397e-02   2.7095691e-02   2.7518209e-02
   4.5000000e+01   2.8127527e-02   2.8127819e-02   2.8382209e-02   3.0090910e-02   2.8986514e-02   2.6511254e-02   2.6544973e-02   2.6067410e-02   2.6217991e-02   2.7048643e-02   2.7501284e-02
   4.5450000e+01   2.4172449e-02   2.4539303e-02   2.5186943e-02   2.8066813e-02   2.8004856e-02   2.5983175e-02   2.6212304e-02   2.5838737e-02   2.6097468e-02   2.7001126e-02   2.7484190e-02
   4.5900000e+01   1.7535124e-02   2.0916816e-02   2.2089127e-02   2.6089911e-02   2.7007739e-02   2.5453535e-02   2.5879771e-02   2.5608831e-02   2.5975829e-02   2.6953139e-02   2.7466925e-02
   4.6350000e+01   9.8330696e-03   1.7217782e-02   1.9160522e-02   2.4180630e-02   2.6000186e-02   2.4923013e-02   2.5547500e-02   2.5377721e-02   2.5853077e-02   2.6904682e-02   2.7449491e-02
   4.6800000e+01   8.5481081e-03   1.3423186e-02   1.6498949e-02   2.2356603e-02   2.4987148e-02   2.4392311e-02   2.5215622e-02   2.5145437e-02   2.5729215e-02   2.6855756e-02   2.7431887e-02
   4.7250000e+01   8.4830558e-03   9.9303506e-03   1.4215375e-02   2.0632400e-02   2.3973445e-02   2.3862149e-02   2.4884265e-02   2.4912006e-02   2.5604246e-02   2.6806361e-02   2.7414113e-02
   4.7700000e+01   8.4811709e-03   8.2351455e-03   1.2391819e-02   1.9019359e-02   2.2963709e-02   2.3333265e-02   2.4553558e-02   2.4677459e-02   2.5478172e-02   2.6756496e-02   2.7396168e-02
   4.8150000e+01   8.4801888e-03   8.1842300e-03   1.1035033e-02   1.7525508e-02   2.1962328e-02   2.2806409e-02   2.4223630e-02   2.4441825e-02   2.5350996e-02   2.6706162e-02   2.7378054e-02
   4.8600000e+01   8.4574162e-03   8.2566386e-03   1.0073679e-02   1.6155605e-02   2.0973406e-02   2.2282340e-02   2.3894611e-02   2.4205134e-02   2.5222721e-02   2.6655359e-02   2.7359770e-02
   4.9050000e+01   8.3023136e-03   8.2222536e-03   9.4026096e-03   1.4911273e-02   2.0000730e-02   2.1761826e-02   2.3566628e-02   2.3967414e-02   2.5093350e-02   2.6604087e-02   2.7341316e-02
   4.9500000e+01   8.1596691e-03   8.1534735e-03   8.9279492e-03   1.3791232e-02   1.9047737e-02   2.1245636e-02   2.3239811e-02   2.3728697e-02   2.4962886e-02   2.6552346e-02   2.7322692e-02
   4.9950000e+01   8.0764973e-03   8.0786793e-03   8.5838831e-03   1.2791602e-02   1.8117501e-02   2.0734540e-02   2.2914286e-02   2.3489011e-02   2.4831331e-02   2.6500136e-02   2.7303898e-02
   5.0400000e+01   7.9946585e-03   8.0032656e-03   8.3288785e-03   1.1906271e-02   1.7212719e-02   2.0229306e-02   2.2590182e-02   2.3248387e-02   2.4698689e-02   2.6447458e-02   2.7284934e-02
   5.0850000e+01   7.8623130e-03   7.9273982e-03   8.1369952e-03   1.1127299e-02   1.6335711e-02   1.9730692e-02   2.2267623e-02   2.3006856e-02   2.4564962e-02   2.6394311e-02   2.7265800e-02
   5.1300000e+01   7.6934079e-03   7.8503367e-03   7.9914115e-03   1.0445340e-02   1.5488427e-02   1.9239448e-02   2.1946737e-02   2.2764446e-02   2.4430154e-02   2.6340695e-02   2.7246497e-02
   5.1750000e+01   7.6598426e-03   7.7716462e-03   7.8807419e-03   9.8500566e-03   1.4672454e-02   1.8756311e-02   2.1627646e-02   2.2521188e-02   2.4294267e-02   2.6286611e-02   2.7227023e-02
   5.2200000e+01   7.6579614e-03   7.6968806e-03   7.7968210e-03   9.3305290e-03   1.3889041e-02   1.8282002e-02   2.1310474e-02   2.2277113e-02   2.4157305e-02   2.6232059e-02   2.7207379e-02
   5.2650000e+01   7.6578964e-03   7.6508034e-03   7.7329903e-03   8.8756189e-03   1.3139120e-02   1.7817222e-02   2.0995344e-02   2.2032250e-02   2.4019271e-02   2.6177038e-02   2.7187566e-02
   5.3100000e+01   7.6577243e-03   7.6352692e-03   7.6829314e-03   8.4743040e-03   1.2423336e-02   1.7362650e-02   2.0682376e-02   2.1786631e-02   2.3880168e-02   2.6121550e-02   2.7167582e-02
   5.3550000e+01   7.6535827e-03   7.6224233e-03   7.6404704e-03   8.1159629e-03   1.1742078e-02   1.6918940e-02   2.0371688e-02   2.1540286e-02   2.3739999e-02   2.6065593e-02   2.7147429e-02
   5.4000000e+01   7.6226179e-03   7.6075189e-03   7.5999997e-03   7.7906145e-03   1.1095518e-02   1.6486720e-02   2.0063398e-02   2.1293245e-02   2.3598767e-02   2.6009169e-02   2.7127105e-02
   5.4450000e+01   7.5931520e-03   7.5920732e-03   7.5566291e-03   7.4891099e-03   1.0483643e-02   1.6066586e-02   1.9757621e-02   2.1045539e-02   2.3456475e-02   2.5952277e-02   2.7106612e-02
   5.4900000e+01   7.5761350e-03   7.5765897e-03   7.5057191e-03   7.2032813e-03   9.9062958e-03   1.5659104e-02   1.9454471e-02   2.0797198e-02   2.3313128e-02   2.5894917e-02   2.7085949e-02
   5.5350000e+01   7.5596510e-03   7.5611442e-03   7.4419438e-03   6.9260488e-03   9.3632129e-03   1.5264804e-02   1.9154060e-02   2.0548254e-02   2.3168728e-02   2.5837090e-02   2.7065116e-02
   5.5800000e+01   7.5346554e-03   7.5462365e-03   7.3579235e-03   6.6514914e-03   8.8540578e-03   1.4884181e-02   1.8856496e-02   2.0298736e-02   2.3023278e-02   2.5778796e-02   2.7044113e-02
   5.6250000e+01   7.4983847e-03   7.5350486e-03   7.2424303e-03   6.3748849e-03   8.3784573e-03   1.4517692e-02   1.8561887e-02   2.0048675e-02   2.2876783e-02   2.5720034e-02   2.7022940e-02
   5.6700000e+01   7.4890176e-03   7.5392016e-03   7.0789736e-03   6.0927084e-03   7.9360323e-03   1.4165756e-02   1.8270337e-02   1.9798102e-02   2.2729244e-02   2.5660805e-02   2.7001598e-02
   5.7150000e+01   7.4884321e-03   7.5568998e-03   6.8473192e-03   5.8026249e-03   7.5264262e-03   1.3828747e-02   1.7981947e-02   1.9547048e-02   2.2580667e-02   2.5601109e-02   2.6980085e-02
   5.7600000e+01   7.4883234e-03   7.3728201e-03   6.5305950e-03   5.5034339e-03   7.1493287e-03   1.3507001e-02   1.7696818e-02   1.9295543e-02   2.2431053e-02   2.5540947e-02   2.6958403e-02
   5.8050000e+01   7.4820112e-03   6.7696813e-03   6.1250136e-03   5.1950016e-03   6.8044959e-03   1.3200810e-02   1.7415044e-02   1.9043617e-02   2.2280408e-02   2.5480317e-02   2.6936550e-02
   5.8500000e+01   7.3129455e-03   6.0481452e-03   5.6429234e-03   4.8781675e-03   6.4917647e-03   1.2910420e-02   1.7136720e-02   1.8791302e-02   2.2128734e-02   2.5419221e-02   2.6914528e-02
   5.8950000e+01   5.9684189e-03   5.3452921e-03   5.1057362e-03   4.5546334e-03   6.2110632e-03   1.2636034e-02   1.6861936e-02   1.8538628e-02   2.1976035e-02   2.5357658e-02   2.6892336e-02
   5.9400000e+01   4.6995173e-03   4.6584911e-03   4.5346481e-03   4.2268371e-03   5.9624151e-03   1.2377809e-02   1.6590777e-02   1.8285625e-02   2.1822315e-02   2.5295629e-02   2.6869974e-02
   5.9850000e+01   3.9603942e-03   3.9782172e-03   3.9464770e-03   3.8978172e-03   5.7459390e-03   1.2135857e-02   1.6323329e-02   1.8032324e-02   2.1667577e-02   2.5233134e-02   2.6847442e-02
   6.0300000e+01   3.2544826e-03   3.2992992e-03   3.3544039e-03   3.5710759e-03   5.5618433e-03   1.1910243e-02   1.6059672e-02   1.7778754e-02   2.1511825e-02   2.5170172e-02   2.6824741e-02
   6.0750000e+01   2.3091754e-03   2.6181315e-03   2.7706906e-03   3.2504474e-03   5.4104148e-03   1.1700986e-02   1.5799880e-02   1.7524948e-02   2.1355063e-02   2.5106745e-02   2.6801869e-02
   6.1200000e+01   7.1625028e-04   1.9299380e-03   2.2097286e-03   2.9399795e-03   5.2920039e-03   1.1508057e-02   1.5544029e-02   1.7270934e-02   2.1197294e-02   2.5042852e-02   2.6778828e-02
   6.1650000e+01   5.5782702e-05   1.2251749e-03   1.6904128e-03   2.6438367e-03   5.2070047e-03   1.1331384e-02   1.5292186e-02   1.7016743e-02   2.1038522e-02   2.4978492e-02   2.6755617e-02
   6.2100000e+01   2.1893779e-06   5.1130581e-04   1.2355317e-03   2.3662315e-03   5.1558312e-03   1.1170847e-02   1.5044416e-02   1.6762405e-02   2.0878752e-02   2.4913668e-02   2.6732236e-02
   6.2550000e+01  -1.7989043e-08   5.5385018e-06   8.6530498e-04   2.1113895e-03   5.1388907e-03   1.1026279e-02   1.4800781e-02   1.6507950e-02   2.0717987e-02   2.4848378e-02   2.6708685e-02
   6.3000000e+01  -1.6843669e-08  -5.8026957e-05   5.8728738e-04   1.8835510e-03   5.1565545e-03   1.0897470e-02   1.4561338e-02   1.6253407e-02   2.0556230e-02   2.4782622e-02   2.6684964e-02
   6.3450000e+01  -2.2879244e-09  -1.7159216e-05   3.9212917e-04   1.6870085e-03   5.2091256e-03   1.0784164e-02   1.4326139e-02   1.5998807e-02   2.0393487e-02   2.4716401e-02   2.6661074e-02
   6.3900000e+01  -8.0664474e-11  -2.8369912e-06   2.6020165e-04   1.5261787e-03   5.2968064e-03   1.0686060e-02   1.4095233e-02   1.5744180e-02   2.0229760e-02   2.4649716e-02   2.6637014e-02
   6.4350000e+01  -5.4765071e-13  -1.5852789e-07   1.7170456e-04   1.4056985e-03   5.4196654e-03   1.0602815e-02   1.3868663e-02   1.5489554e-02   2.0065054e-02   2.4582565e-02   2.6612784e-02
   6.4800000e+01  -1.0279545e-15   1.1085225e-07   1.1195881e-04   1.3305364e-03   5.5776041e-03   1.0534040e-02   1.3646470e-02   1.5234960e-02   1.9899374e-02   2.4514949e-02   2.6588384e-02
   6.5250000e+01   9.2219608e-17   6.5351219e-08   7.1572178e-05   1.3061038e-03   5.7703249e-03   1.0479307e-02   1.3428687e-02   1.4980426e-02   1.9732722e-02   2.4446869e-02   2.6563814e-02
   6.5700000e+01   5.4336131e-18   2.5140198e-08   4.4790735e-05   1.3383482e-03   5.9973015e-03   1.0438146e-02   1.3215346e-02   1.4725981e-02   1.9565103e-02   2.4378325e-02   2.6539075e-02
   6.6150000e+01   2.6471181e-19   8.0178773e-09   2.8117132e-05   1.4338106e-03   6.2577515e-03   1.0410045e-02   1.3006471e-02   1.4471655e-02   1.9396521e-02   2.4309316e-02   2.6514165e-02
   6.6600000e+01   1.1332064e-20   2.1219805e-09   1.9699851e-05   1.5996252e-03   6.5506123e-03   1.0394455e-02   1.2802084e-02   1.4217477e-02   1.9226981e-02   2.4239843e-02   2.6489086e-02
   6.7050000e+01   3.6170307e-22   3.2798511e-10   1.9418815e-05   1.8434454e-03   6.8745210e-03   1.0390786e-02   1.2602199e-02   1.3963474e-02   1.9056487e-02   2.4169905e-02   2.6463837e-02
   6.7500000e+01   2.5741294e-28   3.9078180e-11   2.9432469e-05   2.1732784e-03   7.2277991e-03   1.0398414e-02   1.2406828e-02   1.3709676e-02   1.8885043e-02   2.4099504e-02   2.6438419e-02
   6.7950000e+01   2.6454332e-21   2.7669132e-09   5.4738669e-05   2.5972185e-03   7.6084417e-03   1.0416678e-02   1.2215977e-02   1.3456110e-02   1.8712652e-02   2.4028639e-02   2.6412831e-02
   6.8400000e+01   8.2870813e-20   1.5562686e-08   1.0334545e-04   3.1230756e-03   8.0141117e-03   1.0444881e-02   1.2029647e-02   1.3202806e-02   1.8539321e-02   2.3957311e-02   2.6387072e-02
   6.8850000e+01   1.9358241e-18   5.8637594e-08   1.8628085e-04   3.7579005e-03   8.4421400e-03   1.0482295e-02   1.1847832e-02   1.2949790e-02   1.8365052e-02   2.3885519e-02   2.6361145e-02
   6.9300000e+01   3.9735739e-17   1.8384916e-07   3.1813098e-04   4.5074226e-03   8.8895307e-03   1.0528159e-02   1.1670524e-02   1.2697090e-02   1.8189850e-02   2.3813263e-02   2.6335047e-02
   6.9750000e+01   6.7439735e-16   4.7791017e-07   5.1863924e-04   5.3754212e-03   9.3529712e-03   1.0581681e-02   1.1497707e-02   1.2444734e-02   1.8013720e-02   2.3740545e-02   2.6308780e-02
   7.0200000e+01  -7.5173797e-15   8.1065690e-07   8.1603025e-04   6.3630638e-03   9.8288487e-03   1.0642042e-02   1.1329363e-02   1.2192750e-02   1.7836667e-02   2.3667363e-02   2.6282342e-02
   7.0650000e+01  -4.0049421e-12  -1.1593065e-06   1.2534546e-03   7.4682524e-03   1.0313270e-02   1.0708395e-02   1.1165466e-02   1.1941163e-02   1.7658693e-02   2.3593719e-02   2.6255736e-02
   7.1100000e+01  -5.8989524e-10  -2.0746773e-05   1.8998382e-03   8.6850277e-03   1.0802088e-02   1.0779867e-02   1.1005985e-02   1.1690001e-02   1.7479805e-02   2.3519612e-02   2.6228959e-02
   7.1550000e+01  -1.6731476e-08  -1.2548448e-04   2.8620176e-03   1.0003084e-02   1.1290930e-02   1.0855561e-02   1.0850886e-02   1.1439291e-02   1.7300007e-02   2.3445042e-02   2.6202013e-02
   7.2000000e+01  -1.2317690e-07  -4.2434817e-04   4.2831443e-03   1.1407449e-02   1.1775230e-02   1.0934559e-02   1.0700126e-02   1.1189058e-02   1.7119303e-02   2.3370010e-02   2.6174897e-02
   7.2450000e+01  -1.3155297e-07   4.0502806e-05   6.3032655e-03   1.2878378e-02   1.2250267e-02   1.1015922e-02   1.0553661e-02   1.0939329e-02   1.6937698e-02   2.3294516e-02   2.6147611e-02
   7.2900000e+01   1.6010810e-05   3.7391514e-03   8.9847381e-03   1.4391505e-02   1.2711206e-02   1.1098694e-02   1.0411439e-02   1.0690130e-02   1.6755197e-02   2.3218560e-02   2.6120155e-02
   7.3350000e+01   4.0793609e-04   8.9596281e-03   1.2263550e-02   1.5918271e-02   1.3153133e-02   1.1181899e-02   1.0273402e-02   1.0441486e-02   1.6571804e-02   2.3142142e-02   2.6092530e-02
   7.3800000e+01   5.2379022e-03   1.4113485e-02   1.5980304e-02   1.7426640e-02   1.3571106e-02   1.1264551e-02   1.0139490e-02   1.0193422e-02   1.6387524e-02   2.3065262e-02   2.6064735e-02
   7.4250000e+01   1.6886884e-02   1.9146090e-02   1.9953508e-02   1.8882080e-02   1.3960192e-02   1.1345648e-02   1.0009635e-02   9.9459631e-03   1.6202361e-02   2.2987921e-02   2.6036771e-02
   7.4700000e+01   2.3799867e-02   2.4127145e-02   2.4025221e-02   2.0248778e-02   1.4315519e-02   1.1424180e-02   9.8837643e-03   9.6991342e-03   1.6016322e-02   2.2910118e-02   2.6008636e-02
   7.5150000e+01   2.8962163e-02   2.9091648e-02   2.8062237e-02   2.1491014e-02   1.4632320e-02   1.1499129e-02   9.7618012e-03   9.4529596e-03   1.5829409e-02   2.2831854e-02   2.5980333e-02
   7.5600000e+01   3.4367333e-02   3.4067872e-02   3.1932501e-02   2.2574628e-02   1.4905976e-02   1.1569469e-02   9.6436629e-03   9.2074634e-03   1.5641629e-02   2.2753129e-02   2.5951859e-02
   7.6050000e+01   4.3646747e-02   3.9106561e-02   3.5472154e-02   2.3468488e-02   1.5132063e-02   1.1634171e-02   9.5292617e-03   8.9626692e-03   1.5452986e-02   2.2673943e-02   2.5923216e-02
   7.6500000e+01   5.3479210e-02   4.4335466e-02   3.8452919e-02   2.4145851e-02   1.5306397e-02   1.1692206e-02   9.4185049e-03   8.7186005e-03   1.5263485e-02   2.2594296e-02   2.5894403e-02
   7.6950000e+01   5.4715635e-02   4.9882693e-02   4.0575402e-02   2.4585546e-02   1.5425074e-02   1.1742542e-02   9.3112947e-03   8.4752805e-03   1.5073130e-02   2.2514189e-02   2.5865420e-02
   7.7400000e+01   5.4761866e-02   5.4033974e-02   4.1533859e-02   2.4772887e-02   1.5484513e-02   1.1784155e-02   9.2075287e-03   8.2327319e-03   1.4881928e-02   2.2433622e-02   2.5836268e-02
   7.7850000e+01   5.4755381e-02   5.2115415e-02   4.1156620e-02   2.4700268e-02   1.5481492e-02   1.1816021e-02   9.1070994e-03   7.9909772e-03   1.4689883e-02   2.2352594e-02   2.5806946e-02
   7.8300000e+01   5.4561949e-02   4.6737096e-02   3.9512904e-02   2.4367406e-02   1.5413181e-02   1.1837127e-02   9.0098945e-03   7.7500385e-03   1.4497000e-02   2.2271106e-02   2.5777454e-02
   7.8750000e+01   5.1535074e-02   4.1366620e-02   3.6867930e-02   2.3781225e-02   1.5277179e-02   1.1846468e-02   8.9157971e-03   7.5099376e-03   1.4303283e-02   2.2189159e-02   2.5747793e-02
   7.9200000e+01   3.9817036e-02   3.6245598e-02   3.3538425e-02   2.2955419e-02   1.5071533e-02   1.1843053e-02   8.8246856e-03   7.2706959e-03   1.4108739e-02   2.2106752e-02   2.5717962e-02
   7.9650000e+01   3.1741723e-02   3.1228837e-02   2.9787860e-02   2.1909730e-02   1.4794767e-02   1.1825902e-02   8.7364339e-03   7.0323344e-03   1.3913373e-02   2.2023885e-02   2.5687962e-02
   8.0100000e+01   2.6416213e-02   2.6245804e-02   2.5806298e-02   2.0669006e-02   1.4445896e-02   1.1794054e-02   8.6509114e-03   6.7948739e-03   1.3717188e-02   2.1940559e-02   2.5657792e-02
   8.0550000e+01   2.0918547e-02   2.1255121e-02   2.1736053e-02   1.9262111e-02   1.4024442e-02   1.1746566e-02   8.5679833e-03   6.5583347e-03   1.3520192e-02   2.1856774e-02   2.5627452e-02
   8.1000000e+01   1.1399015e-02   1.6211418e-02   1.7705870e-02   1.7720745e-02   1.3530438e-02   1.1682515e-02   8.4875102e-03   6.3227368e-03   1.3322388e-02   2.1772530e-02   2.5596943e-02
   8.1450000e+01   1.3951734e-03   1.1046854e-02   1.3859383e-02   1.6078254e-02   1.2964431e-02   1.1601004e-02   8.4093489e-03   6.0880997e-03   1.3123782e-02   2.1687828e-02   2.5566264e-02
   8.1900000e+01   5.6964584e-05   5.7487550e-03   1.0367236e-02   1.4368459e-02   1.2327477e-02   1.1501157e-02   8.3333518e-03   5.8544426e-03   1.2924380e-02   2.1602666e-02   2.5535416e-02
   8.2350000e+01   9.5465016e-07   1.1883238e-03   7.4034248e-03   1.2624567e-02   1.1621136e-02   1.1382127e-02   8.2593677e-03   5.6217844e-03   1.2724187e-02   2.1517047e-02   2.5504398e-02
   8.2800000e+01  -1.1980816e-07  -4.0861125e-04   5.0809370e-03   1.0878200e-02   1.0847451e-02   1.1243096e-02   8.1872414e-03   5.3901434e-03   1.2523207e-02   2.1430969e-02   2.5473210e-02
   8.3250000e+01  -2.0288127e-08  -2.1535268e-04   3.3947276e-03   9.1585523e-03   1.0008932e-02   1.1083276e-02   8.1168139e-03   5.1595376e-03   1.2321447e-02   2.1344434e-02   2.5441853e-02
   8.3700000e+01  -1.8816171e-09  -4.6486555e-05   2.2347111e-03   7.4917178e-03   9.1085294e-03   1.0901914e-02   8.0479227e-03   4.9299847e-03   1.2118912e-02   2.1257441e-02   2.5410326e-02
   8.4150000e+01  -5.3465860e-11  -5.3132751e-06   1.4548394e-03   5.9001921e-03   8.1496050e-03   1.0698288e-02   7.9804019e-03   4.7015019e-03   1.1915607e-02   2.1169990e-02   2.5378630e-02
   8.4600000e+01  -3.3484783e-13   6.7250565e-07   9.3070738e-04   4.4025532e-03   7.1358987e-03   1.0471714e-02   7.9140822e-03   4.4741059e-03   1.1711538e-02   2.1082081e-02   2.5346764e-02
   8.5050000e+01   4.4560009e-15   7.0239849e-07   5.7650799e-04   3.0133220e-03   6.0714910e-03   1.0221544e-02   7.8487910e-03   4.2478130e-03   1.1506710e-02   2.0993716e-02   2.5314728e-02
   8.5500000e+01   3.8156785e-16   3.0763208e-07   3.3760876e-04   1.7429894e-03   4.9607633e-03   9.9471715e-03   7.7843526e-03   4.0226394e-03   1.1301129e-02   2.0904894e-02   2.5282523e-02
   8.5950000e+01   1.4910619e-17   1.0573522e-07   1.7886102e-04   5.9819085e-04   3.8083556e-03   9.6480272e-03   7.7205887e-03   3.7986003e-03   1.1094800e-02   2.0815614e-02   2.5250149e-02
   8.6400000e+01   1.3357315e-19   3.0490240e-08   7.6414431e-05  -4.1799685e-04   2.6191227e-03   9.3235847e-03   7.6573178e-03   3.5757111e-03   1.0887729e-02   2.0725879e-02   2.5217605e-02
   8.6850000e+01   3.9802046e-22   6.8193314e-09   1.3268759e-05  -1.3056667e-03   1.3980891e-03   8.9733598e-03   7.5943558e-03   3.3539861e-03   1.0679921e-02   2.0635687e-02   2.5184891e-02
   8.7300000e+01   5.6165671e-25   7.0455875e-10  -2.2975691e-05  -2.0676314e-03   1.5040388e-04   8.5969118e-03   7.5315163e-03   3.1334398e-03   1.0471383e-02   2.0545038e-02   2.5152008e-02
   8.7750000e+01  -3.0941372e-27  -2.8282834e-10  -4.1348370e-05  -2.7089430e-03  -1.1187045e-03   8.1938440e-03   7.4686103e-03   2.9140858e-03   1.0262119e-02   2.0453934e-02   2.5118956e-02
   8.8200000e+01  -4.0593603e-29  -1.8564783e-10  -4.8312402e-05  -3.2364076e-03  -2.4039725e-03   7.7638050e-03   7.4054467e-03   2.6959375e-03   1.0052135e-02   2.0362374e-02   2.5085734e-02
   8.8650000e+01  -3.1524646e-31  -5.9382980e-11  -4.8376640e-05  -3.6581210e-03  -3.7001443e-03   7.3064889e-03   7.3418321e-03   2.4790077e-03   9.8414377e-03   2.0270359e-02   2.5052342e-02
   8.9100000e+01  -2.1040723e-33  -1.4116532e-11  -4.4591159e-05  -3.9830390e-03  -5.0020130e-03   6.8216359e-03   7.2775714e-03   2.2633089e-03   9.6300320e-03   2.0177888e-02   2.5018781e-02
   8.9550000e+01  -1.3119315e-35  -2.8950948e-12  -3.8947267e-05  -4.2205974e-03  -6.3044591e-03   6.3090328e-03   7.2124676e-03   2.0488529e-03   9.4179237e-03   2.0084962e-02   2.4985050e-02
   9.0000000e+01  -7.8885641e-38  -5.5015898e-13  -3.2691296e-05  -4.3803864e-03  -7.6024871e-03   5.7685131e-03   7.1463221e-03   1.8356514e-03   9.2051187e-03   1.9991581e-02   2.4951150e-02
