  -9.0000000e+01   0.0000000e+00 -2.4266012e-206  -3.0367285e-72  -3.5316978e-26  -2.2423493e-10  -3.8376753e-05  -3.3644307e-03  -1.3667649e-02  -3.7478744e-03   1.4617400e-02   2.3035645e-02
  -8.9550000e+01   0.0000000e+00 -1.0762572e-202  -3.7601380e-71  -8.0198460e-26  -2.8195039e-10  -4.0163278e-05  -3.3523721e-03  -1.3386833e-02  -3.3967189e-03   1.4774540e-02   2.3092467e-02
  -8.9100000e+01   0.0000000e+00 -4.4180712e-199  -4.5201610e-70  -1.8079530e-25  -3.5328951e-10  -4.1970755e-05  -3.3376852e-03  -1.3103049e-02  -3.0465013e-03   1.4930926e-02   2.3149006e-02
  -8.8650000e+01   0.0000000e+00 -1.5637116e-195  -5.2486155e-69  -4.0428954e-25  -4.4104186e-10  -4.3791253e-05  -3.3202818e-03  -1.2816311e-02  -2.6972339e-03   1.5086557e-02   2.3205260e-02
  -8.8200000e+01   0.0000000e+00 -4.1207965e-192  -5.8370314e-68  -8.9590429e-25  -5.4841586e-10  -4.5615633e-05  -3.3000728e-03  -1.2526636e-02  -2.3489288e-03   1.5241433e-02   2.3261231e-02
  -8.7750000e+01   0.0000000e+00 -5.4213061e-189  -6.1297088e-67  -1.9651130e-24  -6.7904182e-10  -4.7433440e-05  -3.2769684e-03  -1.2234041e-02  -2.0015983e-03   1.5395552e-02   2.3316919e-02
  -8.7300000e+01   0.0000000e+00  9.7160278e-186  -5.9263099e-66  -4.2603695e-24  -8.3694400e-10  -4.9232780e-05  -3.2508777e-03  -1.1938543e-02  -1.6552544e-03   1.5548916e-02   2.3372323e-02
  -8.6850000e+01   0.0000000e+00  8.1892753e-182  -5.0047469e-65  -9.1129109e-24  -1.0264652e-09  -5.1000196e-05  -3.2217093e-03  -1.1640159e-02  -1.3099093e-03   1.5701522e-02   2.3427443e-02
  -8.6400000e+01   0.0000000e+00  2.9825239e-178  -3.1781311e-64  -1.9186788e-23  -1.2521219e-09  -5.2720533e-05  -3.1893708e-03  -1.1338909e-02  -9.6557499e-04   1.5853371e-02   2.3482279e-02
  -8.5950000e+01   0.0000000e+00  8.0579130e-175  -3.9461144e-64  -3.9638867e-23  -1.5183594e-09  -5.4376799e-05  -3.1537694e-03  -1.1034812e-02  -6.2226344e-04   1.6004461e-02   2.3536832e-02
  -8.5500000e+01   0.0000000e+00  1.6326686e-171   3.1405119e-62  -8.0002807e-23  -1.8291675e-09  -5.5950011e-05  -3.1148118e-03  -1.0727888e-02  -2.7998662e-04   1.6154794e-02   2.3591101e-02
  -8.5050000e+01   0.0000000e+00  1.3401112e-168   6.9268032e-61  -1.5672014e-22  -2.1875044e-09  -5.7419042e-05  -3.0724039e-03  -1.0418158e-02   6.1243587e-05   1.6304367e-02   2.3645086e-02
  -8.4600000e+01   0.0000000e+00 -9.8320396e-165   1.0501764e-59  -2.9489582e-22  -2.5944582e-09  -5.8760453e-05  -3.0264513e-03  -1.0105642e-02   4.0141531e-04   1.6453181e-02   2.3698788e-02
  -8.4150000e+01   0.0000000e+00 -7.8423962e-161   1.4675802e-58  -5.2333990e-22  -3.0480600e-09  -5.9948321e-05  -2.9768594e-03  -9.7903645e-03   7.4051675e-04   1.6601235e-02   2.3752206e-02
  -8.3700000e+01   0.0000000e+00 -3.7815223e-157   2.4159923e-57  -8.4367061e-22  -3.5416315e-09  -6.0954056e-05  -2.9235332e-03  -9.4723468e-03   1.0785362e-03   1.6748528e-02   2.3805340e-02
  -8.3250000e+01   0.0000000e+00 -1.3061938e-153   5.0779924e-56  -1.1179683e-21  -4.0615244e-09  -6.1746210e-05  -2.8663774e-03  -9.1516128e-03   1.4154618e-03   1.6895060e-02   2.3858190e-02
  -8.2800000e+01   0.0000000e+00 -2.2103176e-150   1.1322954e-54  -7.2515046e-22  -4.5840651e-09  -6.2290280e-05  -2.8052968e-03  -8.8281868e-03   1.7512820e-03   1.7040831e-02   2.3910756e-02
  -8.2350000e+01   0.0000000e+00  2.8735716e-147   2.2773219e-53   2.4002041e-21  -5.0714769e-09  -6.2548499e-05  -2.7401960e-03  -8.5020936e-03   2.0859853e-03   1.7185840e-02   2.3963039e-02
  -8.1900000e+01   0.0000000e+00  1.3663292e-143   3.9208021e-52   1.4309011e-20  -5.4664894e-09  -6.2479623e-05  -2.6709797e-03  -8.1733589e-03   2.4195599e-03   1.7330087e-02   2.4015037e-02
  -8.1450000e+01   0.0000000e+00  2.0775079e-140   5.7802140e-51   5.1492879e-20  -5.6852809e-09  -6.2038705e-05  -2.5975527e-03  -7.8420091e-03   2.7519944e-03   1.7473571e-02   2.4066752e-02
  -8.1000000e+01   0.0000000e+00  2.2176855e-137   7.4161423e-50   1.5678862e-19  -5.6083125e-09  -6.1176869e-05  -2.5198203e-03  -7.5080711e-03   3.0832774e-03   1.7616291e-02   2.4118183e-02
  -8.0550000e+01   0.0000000e+00  1.7966785e-134   8.4269307e-49   4.3760935e-19  -5.0685193e-09  -5.9841066e-05  -2.4376876e-03  -7.1715727e-03   3.4133975e-03   1.7758248e-02   2.4169330e-02
  -8.0100000e+01   0.0000000e+00  7.3549169e-132   8.6144451e-48   1.1559556e-18  -3.8362027e-09  -5.7973831e-05  -2.3510607e-03  -6.8325423e-03   3.7423432e-03   1.7899440e-02   2.4220193e-02
  -7.9650000e+01   0.0000000e+00 -1.1424511e-128   8.0965275e-47   2.9365461e-18  -1.5998349e-09  -5.5513031e-05  -2.2598459e-03  -6.4910090e-03   4.0701034e-03   1.8039867e-02   2.4270772e-02
  -7.9200000e+01   0.0000000e+00 -4.0250476e-125   7.3706208e-46   7.2403746e-18   2.0581760e-09  -5.2391603e-05  -2.1639501e-03  -6.1470027e-03   4.3966667e-03   1.8179530e-02   2.4321067e-02
  -7.8750000e+01   0.0000000e+00 -7.7735271e-122   7.2655250e-45   1.7426431e-17   7.6918957e-09  -4.8537292e-05  -2.0632810e-03  -5.8005538e-03   4.7220220e-03   1.8318426e-02   2.4371078e-02
  -7.8300000e+01   0.0000000e+00 -1.0840825e-118   8.6408499e-44   4.1099648e-17   1.6029801e-08  -4.3872378e-05  -1.9577471e-03  -5.4516937e-03   5.0461581e-03   1.8456557e-02   2.4420805e-02
  -7.7850000e+01   0.0000000e+00 -8.1573201e-116   1.1780731e-42   9.5236236e-17   2.8021837e-08  -3.8313401e-05  -1.8472578e-03  -5.1004541e-03   5.3690639e-03   1.8593921e-02   2.4470249e-02
  -7.7400000e+01   0.0000000e+00  2.6092552e-113   1.5854254e-41   2.1723312e-16   4.4897480e-08  -3.1770883e-05  -1.7317235e-03  -4.7468677e-03   5.6907286e-03   1.8730517e-02   2.4519408e-02
  -7.6950000e+01  1.7439467e-313  6.6631027e-110   1.9172150e-40   4.8844232e-16   6.8236981e-08  -2.4149043e-05  -1.6110559e-03  -4.3909677e-03   6.0111409e-03   1.8866347e-02   2.4568283e-02
  -7.6500000e+01  8.0538126e-305  4.0542407e-107   2.0292519e-39   1.0837069e-15   1.0005834e-07  -1.5345514e-05  -1.4851676e-03  -4.0327882e-03   6.3302902e-03   1.9001408e-02   2.4616874e-02
  -7.6050000e+01  1.1463844e-296  1.6917584e-104   1.8901977e-38   2.3744162e-15   1.4292296e-07  -5.2510549e-06  -1.3539728e-03  -3.6723639e-03   6.6481655e-03   1.9135701e-02   2.4665181e-02
  -7.5600000e+01  3.2926701e-289  5.4401096e-102   1.5722364e-37   5.1404389e-15   2.0006328e-07   6.2507347e-06  -1.2173871e-03  -3.3097299e-03   6.9647559e-03   1.9269226e-02   2.4713203e-02
  -7.5150000e+01  4.2319206e-282   1.0206349e-99   1.1867659e-36   1.1000979e-14   2.7553627e-07   1.9283703e-05  -1.0753276e-03  -2.9449225e-03   7.2800509e-03   1.9401981e-02   2.4760942e-02
  -7.4700000e+01 -3.8212408e-274  -3.3846412e-97   8.3093673e-36   2.3280514e-14   3.7440703e-07   3.3979426e-05  -9.2771301e-04  -2.5779782e-03   7.5940397e-03   1.9533966e-02   2.4808397e-02
  -7.4250000e+01 -8.1587167e-266  -5.6404330e-94   5.6416231e-35   4.8729298e-14   5.0296732e-07   5.0477495e-05  -7.7446386e-04  -2.2089344e-03   7.9067118e-03   1.9665181e-02   2.4855567e-02
  -7.3800000e+01 -5.9608052e-258  -4.3952519e-91   4.0441452e-34   1.0090277e-13   6.6899435e-07   6.8925784e-05  -6.1550257e-04  -1.8378293e-03   8.2180564e-03   1.9795626e-02   2.4902453e-02
  -7.3350000e+01 -1.0689719e-250  -2.4793347e-88   3.3360012e-33   2.0672332e-13   8.8205563e-07   8.9480725e-05  -4.5075348e-04  -1.4647014e-03   8.5280633e-03   1.9925300e-02   2.4949056e-02
  -7.2900000e+01 -9.5925143e-244  -8.1810032e-86   3.1002402e-32   4.1907490e-13   1.1538663e-06   1.1230757e-04  -2.8014306e-04  -1.0895903e-03   8.8367219e-03   2.0054202e-02   2.4995373e-02
  -7.2450000e+01  2.0268671e-237   5.3428917e-84   2.8958701e-31   8.4069848e-13   1.4987053e-06   1.3758063e-04  -1.0359994e-04  -7.1253587e-04   9.1440218e-03   2.0182333e-02   2.5041407e-02
  -7.2000000e+01  3.9719257e-229   9.0436595e-81   2.4832822e-30   1.6690040e-12   1.9338983e-06   1.6548353e-04   7.8944948e-05  -3.3357886e-04   9.4499528e-03   2.0309691e-02   2.5087157e-02
  -7.1550000e+01  1.2332105e-221   2.1949656e-78   1.8902340e-29   3.2791321e-12   2.4803741e-06   1.9620943e-04   2.6755829e-04   4.7239398e-05   9.7545046e-03   2.0436277e-02   2.5132622e-02
  -7.1100000e+01  9.9903459e-215   3.5636969e-76   1.2776897e-28   6.3761180e-12   3.1633015e-06   2.2996124e-04   4.6230426e-04   4.2987693e-04   1.0057667e-02   2.0562090e-02   2.5177803e-02
  -7.0650000e+01  1.6079056e-208   4.5236642e-74   7.7693331e-28   1.2270375e-11   4.0128158e-06   2.6695180e-04   6.6324444e-04   8.1429110e-04   1.0359430e-02   2.0687130e-02   2.5222700e-02
  -7.0200000e+01  1.4224862e-202   3.7141529e-72   4.3198682e-27   2.3370551e-11   5.0648398e-06   3.0740405e-04   8.7043770e-04   1.2004387e-03   1.0659783e-02   2.0811395e-02   2.5267312e-02
  -6.9750000e+01 -4.4082058e-196  -2.3166923e-70   2.2436652e-26   4.4054755e-11   6.3620081e-06   3.5155120e-04   1.0839401e-03   1.5882758e-03   1.0958717e-02   2.0934887e-02   2.5311640e-02
  -6.9300000e+01 -7.5558806e-189  -2.1341175e-67   1.1302239e-25   8.2192113e-11   7.9546978e-06   3.9963682e-04   1.3038049e-03   1.9777578e-03   1.1256222e-02   2.1057604e-02   2.5355684e-02
  -6.8850000e+01 -8.5834100e-182  -6.7797716e-65   5.8951571e-25   1.5176774e-10   9.9021727e-06   4.5191497e-04   1.5300823e-03   2.3688398e-03   1.1552287e-02   2.1179546e-02   2.5399443e-02
  -6.8400000e+01 -8.4384247e-175  -1.5490574e-62   3.4092350e-24   2.7735568e-10   1.2273842e-05   5.0865024e-04   1.7628193e-03   2.7614759e-03   1.1846903e-02   2.1300712e-02   2.5442919e-02
  -6.7950000e+01 -6.1768447e-168  -2.2097688e-60   2.1797186e-23   5.0164604e-10   1.5150635e-05   5.7011778e-04   2.0020599e-03   3.1556199e-03   1.2140060e-02   2.1421103e-02   2.5486109e-02
  -6.7500000e+01  4.8487545e-167   9.7744823e-60   1.4174842e-22   8.9795312e-10   1.8626491e-05   6.3660331e-04   2.2478448e-03   3.5512247e-03   1.2431749e-02   2.1540718e-02   2.5529016e-02
  -6.7050000e+01  5.4184095e-156   3.2647064e-56   8.6319622e-22   1.5907380e-09   2.2809958e-05   7.0840304e-04   2.5002114e-03   3.9482429e-03   1.2721959e-02   2.1659556e-02   2.5571638e-02
  -6.6600000e+01  6.4938909e-151   3.1753203e-54   4.7366731e-21   2.7888517e-09   2.7825899e-05   7.8582360e-04   2.7591936e-03   4.3466264e-03   1.3010682e-02   2.1777617e-02   2.5613975e-02
  -6.6150000e+01  5.7994904e-146   2.0160452e-52   2.3323315e-20   4.8386939e-09   3.3817287e-05   8.6918190e-04   3.0248217e-03   4.7463265e-03   1.3297908e-02   2.1894901e-02   2.5656029e-02
  -6.5700000e+01  4.5213644e-141   1.0146764e-50   1.0421587e-19   8.3081166e-09   4.0947079e-05   9.5880494e-04   3.2971227e-03   5.1472939e-03   1.3583627e-02   2.2011407e-02   2.5697797e-02
  -6.5250000e+01  2.6715224e-136   3.5848308e-49   4.2948450e-19   1.4117126e-08   4.9400158e-05   1.0550295e-03   3.5761198e-03   5.5494790e-03   1.3867830e-02   2.2127136e-02   2.5739282e-02
  -6.4800000e+01 -3.4974978e-131  -1.8728173e-48   1.6657265e-18   2.3738795e-08   5.9385309e-05   1.1582021e-03   3.8618323e-03   5.9528313e-03   1.4150509e-02   2.2242086e-02   2.5780482e-02
  -6.4350000e+01 -4.2206534e-125  -2.0716429e-45   6.2654192e-18   3.9503956e-08   7.1137216e-05   1.2686781e-03   4.1542760e-03   6.3572999e-03   1.4431652e-02   2.2356257e-02   2.5821397e-02
  -6.3900000e+01 -2.3263801e-119  -2.7097983e-43   2.3921727e-17   6.5056993e-08   8.4918443e-05   1.3868218e-03   4.4534626e-03   6.7628335e-03   1.4711253e-02   2.2469649e-02   2.5862028e-02
  -6.3450000e+01 -2.5192930e-114  -2.4444688e-41   9.7231562e-17   1.0602822e-07   1.0102138e-04   1.5130058e-03   4.7594003e-03   7.1693801e-03   1.4989301e-02   2.2582261e-02   2.5902375e-02
  -6.3000000e+01 -7.1035883e-110  -1.4037863e-39   4.2395969e-16   1.7101172e-07   1.1977013e-04   1.6476103e-03   5.0720928e-03   7.5768873e-03   1.5265787e-02   2.2694094e-02   2.5942436e-02
  -6.2550000e+01 -3.0782072e-106  -7.2003076e-39   1.8864834e-15   2.7296695e-07   1.4152225e-04   1.7910224e-03   5.3915401e-03   7.9853020e-03   1.5540703e-02   2.2805147e-02   2.5982214e-02
  -6.2100000e+01  1.3275094e-100   2.8221470e-36   8.0257183e-15   4.3119812e-07   1.6667040e-04   1.9436357e-03   5.7177382e-03   8.3945709e-03   1.5814040e-02   2.2915419e-02   2.6021707e-02
  -6.1650000e+01   1.2937142e-95   1.1774600e-34   3.1388876e-14   6.7410717e-07   1.9564382e-04   2.1058492e-03   6.0506788e-03   8.8046401e-03   1.6085788e-02   2.3024910e-02   2.6060915e-02
  -6.1200000e+01   6.3209011e-91   3.0166935e-33   1.1180044e-13   1.0429632e-06   2.2890955e-04   2.2780664e-03   6.3903496e-03   9.2154551e-03   1.6355940e-02   2.3133620e-02   2.6099839e-02
  -6.0750000e+01   7.6362536e-87   6.0969847e-32   3.6544756e-13   1.5969803e-06   2.6697355e-04   2.4606946e-03   6.7367341e-03   9.6269611e-03   1.6624487e-02   2.3241549e-02   2.6138478e-02
  -6.0300000e+01   3.4718627e-83   9.1812511e-31   1.1123067e-12   2.4200439e-06   3.1038146e-04   2.6541436e-03   7.0898114e-03   1.0039103e-02   1.6891419e-02   2.3348695e-02   2.6176833e-02
  -5.9850000e+01  -1.2784065e-79   3.3585559e-30   3.2103244e-12   3.6294630e-06   3.5971918e-04   2.8588245e-03   7.4495567e-03   1.0451824e-02   1.7156729e-02   2.3455060e-02   2.6214903e-02
  -5.9400000e+01  -1.2998944e-74  -4.9453671e-28   8.9995434e-12   5.3871482e-06   4.1561317e-04   3.0751486e-03   7.8159407e-03   1.0865070e-02   1.7420407e-02   2.3560642e-02   2.6252688e-02
  -5.8950000e+01  -4.0434885e-70  -2.7784209e-26   2.5294947e-11   7.9136055e-06   4.7873051e-04   3.3035259e-03   8.1889300e-03   1.1278782e-02   1.7682447e-02   2.3665441e-02   2.6290189e-02
  -5.8500000e+01  -2.4914172e-66  -9.9691821e-25   7.3550580e-11   1.1505082e-05   5.4977871e-04   3.5443640e-03   8.5684868e-03   1.1692904e-02   1.7942839e-02   2.3769456e-02   2.6327405e-02
  -5.8050000e+01  -4.7140045e-63  -2.3041696e-23   2.2302884e-10   1.6554085e-05   6.2950535e-04   3.7980661e-03   8.9545690e-03   1.2107380e-02   1.8201574e-02   2.3872689e-02   2.6364336e-02
  -5.7600000e+01  -2.5063247e-60  -9.6982409e-23   6.8507479e-10   2.3573323e-05   7.1869750e-04   4.0650297e-03   9.3471302e-03   1.2522150e-02   1.8458646e-02   2.3975137e-02   2.6400983e-02
  -5.7150000e+01   3.0523191e-56   6.5601812e-21   2.0351298e-09   3.3222808e-05   8.1818097e-04   4.3456449e-03   9.7461198e-03   1.2937157e-02   1.8714046e-02   2.4076802e-02   2.6437345e-02
  -5.6700000e+01   2.1404616e-52   1.1886131e-19   5.6529956e-09   4.6339537e-05   9.2881961e-04   4.6402923e-03   1.0151483e-02   1.3352342e-02   1.8967765e-02   2.4177681e-02   2.6473423e-02
  -5.6250000e+01   8.3618186e-49   1.2348574e-18   1.4519467e-08   6.3968645e-05   1.0515144e-03   4.9493417e-03   1.0563160e-02   1.3767646e-02   1.9219797e-02   2.4277776e-02   2.6509216e-02
  -5.5800000e+01   9.2618000e-46   1.0075776e-17   3.4650819e-08   8.7394404e-05   1.1872026e-03   5.2731497e-03   1.0981088e-02   1.4183011e-02   1.9470132e-02   2.4377086e-02   2.6544724e-02
  -5.5350000e+01   3.0752637e-43   6.4707515e-17   7.7778057e-08   1.1816878e-04   1.3368573e-03   5.6120577e-03   1.1405199e-02   1.4598376e-02   1.9718763e-02   2.4475611e-02   2.6579947e-02
  -5.4900000e+01  -1.2955857e-41   2.1747000e-16   1.6671932e-07   1.5813460e-04   1.5014864e-03   5.9663904e-03   1.1835420e-02   1.5013682e-02   1.9965683e-02   2.4573350e-02   2.6614885e-02
  -5.4450000e+01  -2.7604475e-37  -2.4821879e-15   3.4740624e-07   2.0943983e-04   1.6821323e-03   6.3364529e-03   1.2271676e-02   1.5428869e-02   2.0210884e-02   2.4670303e-02   2.6649539e-02
  -5.4000000e+01  -5.3685619e-34  -7.0689189e-14   7.1826133e-07   2.7453883e-04   1.8798718e-03   6.7225292e-03   1.2713887e-02   1.5843876e-02   2.0454358e-02   2.4766469e-02   2.6683908e-02
  -5.3550000e+01  -2.1330249e-31  -1.0457802e-12   1.5010270e-06   3.5617647e-04   2.0958157e-03   7.1248799e-03   1.3161967e-02   1.6258643e-02   2.0696098e-02   2.4861849e-02   2.6717993e-02
  -5.3100000e+01  -2.7481336e-29  -9.8695565e-12   3.1892306e-06   4.5735082e-04   2.3311091e-03   7.5437397e-03   1.3615828e-02   1.6673109e-02   2.0936095e-02   2.4956442e-02   2.6751792e-02
  -5.2650000e+01  -1.3442056e-27  -2.3491500e-11   6.7852523e-06   5.8125102e-04   2.5869314e-03   7.9793158e-03   1.4075377e-02   1.7087212e-02   2.1174344e-02   2.5050248e-02   2.6785307e-02
  -5.2200000e+01   6.0866197e-25   4.1021259e-10   1.4044590e-05   7.3116797e-04   2.8644962e-03   8.4317851e-03   1.4540517e-02   1.7500892e-02   2.1410836e-02   2.5143267e-02   2.6818537e-02
  -5.1750000e+01   3.0849208e-22   3.2507238e-09   2.7593263e-05   9.1037726e-04   3.1650519e-03   8.9012927e-03   1.5011148e-02   1.7914086e-02   2.1645564e-02   2.5235497e-02   2.6851482e-02
  -5.1300000e+01   8.7020937e-20   1.3805174e-08   5.0939547e-05   1.1219961e-03   3.4898809e-03   9.3879494e-03   1.5487164e-02   1.8326733e-02   2.1878522e-02   2.5326940e-02   2.6884142e-02
  -5.0850000e+01   7.6364231e-18   4.6107011e-08   8.8598245e-05   1.3688190e-03   3.8402994e-03   9.8918300e-03   1.5968458e-02   1.8738771e-02   2.2109701e-02   2.5417594e-02   2.6916518e-02
  -5.0400000e+01   1.8002400e-16   1.2859828e-07   1.4652256e-04   1.6531397e-03   4.2176556e-03   1.0412971e-02   1.6454916e-02   1.9150137e-02   2.2339095e-02   2.5507460e-02   2.6948608e-02
  -4.9950000e+01   1.2602182e-15   2.6810242e-07   2.3300732e-04   1.9765705e-03   4.6233278e-03   1.0951370e-02   1.6946422e-02   1.9560770e-02   2.2566698e-02   2.5596537e-02   2.6980414e-02
  -4.9500000e+01  -3.2559718e-13   9.3319708e-08   3.6042197e-04   2.3398734e-03   5.0587204e-03   1.1506981e-02   1.7442856e-02   1.9970607e-02   2.2792501e-02   2.5684824e-02   2.7011935e-02
  -4.9050000e+01  -4.3169430e-11  -3.1974947e-06   5.4825898e-04   2.7428199e-03   5.5252596e-03   1.2079716e-02   1.7944095e-02   2.0379585e-02   2.3016499e-02   2.5772323e-02   2.7043171e-02
  -4.8600000e+01  -1.1732896e-09  -2.3053598e-05   8.2714505e-04   3.1840972e-03   6.0243862e-03   1.2669444e-02   1.8450011e-02   2.0787643e-02   2.3238684e-02   2.5859031e-02   2.7074122e-02
  -4.8150000e+01  -1.0435212e-08  -9.2766907e-05   1.2404196e-03   3.6612816e-03   6.5575472e-03   1.3275987e-02   1.8960474e-02   2.1194716e-02   2.3459050e-02   2.5944950e-02   2.7104788e-02
  -4.7700000e+01  -4.1868289e-08  -1.0193991e-04   1.8359377e-03   4.1708951e-03   7.1261844e-03   1.3899119e-02   1.9475349e-02   2.1600743e-02   2.3677591e-02   2.6030079e-02   2.7135170e-02
  -4.7250000e+01   8.1028499e-07   6.6149314e-04   2.6445858e-03   4.7085590e-03   7.7317216e-03   1.4538568e-02   1.9994498e-02   2.2005659e-02   2.3894299e-02   2.6114417e-02   2.7165266e-02
  -4.6800000e+01   3.0621285e-05   2.2629263e-03   3.6593591e-03   5.2692544e-03   8.3755482e-03   1.5194014e-02   2.0517781e-02   2.2409404e-02   2.4109168e-02   2.6197964e-02   2.7195077e-02
  -4.6350000e+01   6.1945700e-04   4.0030990e-03   4.8366610e-03   5.8476880e-03   9.0590006e-03   1.5865089e-02   2.1045053e-02   2.2811912e-02   2.4322192e-02   2.6280720e-02   2.7224604e-02
  -4.5900000e+01   4.1489352e-03   5.6984876e-03   6.1178413e-03   6.4387544e-03   9.7833410e-03   1.6551374e-02   2.1576168e-02   2.3213123e-02   2.4533365e-02   2.6362685e-02   2.7253845e-02
  -4.5450000e+01   7.1904991e-03   7.3584348e-03   7.4483081e-03   7.0380770e-03   1.0549734e-02   1.7252404e-02   2.2110974e-02   2.3612971e-02   2.4742680e-02   2.6443859e-02   2.7282802e-02
  -4.5000000e+01   9.0029199e-03   9.0026666e-03   8.7823027e-03   7.6425960e-03   1.1359219e-02   1.7967667e-02   2.2649318e-02   2.4011395e-02   2.4950131e-02   2.6524241e-02   2.7311474e-02
  -4.4550000e+01   1.0815341e-02   1.0647115e-02   1.0077347e-02   8.2511660e-03   1.2212684e-02   1.8696601e-02   2.3191044e-02   2.4408332e-02   2.5155712e-02   2.6603831e-02   2.7339860e-02
  -4.4100000e+01   1.3856905e-02   1.2309707e-02   1.1284405e-02   8.8651163e-03   1.3110835e-02   1.9438601e-02   2.3735993e-02   2.4803718e-02   2.5359417e-02   2.6682629e-02   2.7367962e-02
  -4.3650000e+01   1.7386384e-02   1.4021592e-02   1.2337074e-02   9.4887228e-03   1.4054166e-02   2.0193016e-02   2.4284003e-02   2.5197491e-02   2.5561239e-02   2.6760635e-02   2.7395779e-02
  -4.3200000e+01   1.7975227e-02   1.5824177e-02   1.3145929e-02   1.0129538e-02   1.5042925e-02   2.0959153e-02   2.4834910e-02   2.5589588e-02   2.5761174e-02   2.6837847e-02   2.7423310e-02
  -4.2750000e+01   1.8005071e-02   1.7465680e-02   1.3611693e-02   1.0798534e-02   1.6077088e-02   2.1736278e-02   2.5388546e-02   2.5979947e-02   2.5959215e-02   2.6914267e-02   2.7450557e-02
  -4.2300000e+01   1.8005369e-02   1.7589813e-02   1.3665997e-02   1.1510007e-02   1.7156324e-02   2.2523617e-02   2.5944742e-02   2.6368504e-02   2.6155357e-02   2.6989894e-02   2.7477519e-02
  -4.1850000e+01   1.7982361e-02   1.6029481e-02   1.3315780e-02   1.2281231e-02   1.8279971e-02   2.3320362e-02   2.6503326e-02   2.6755198e-02   2.6349593e-02   2.7064727e-02   2.7504195e-02
  -4.1400000e+01   1.7483918e-02   1.4216475e-02   1.2646362e-02   1.3131832e-02   1.9447009e-02   2.4125673e-02   2.7064123e-02   2.7139966e-02   2.6541919e-02   2.7138767e-02   2.7530587e-02
  -4.0950000e+01   1.4092065e-02   1.2497260e-02   1.1780655e-02   1.4082903e-02   2.0656037e-02   2.4938677e-02   2.7626958e-02   2.7522745e-02   2.6732327e-02   2.7212013e-02   2.7556693e-02
  -4.0500000e+01   1.0972701e-02   1.0833172e-02   1.0838926e-02   1.5155893e-02   2.1905259e-02   2.5758478e-02   2.8191651e-02   2.7903475e-02   2.6920814e-02   2.7284465e-02   2.7582515e-02
  -4.0050000e+01   9.1538942e-03   9.1896950e-03   9.9274606e-03   1.6371308e-02   2.3192467e-02   2.6584156e-02   2.8758022e-02   2.8282093e-02   2.7107374e-02   2.7356123e-02   2.7608051e-02
  -3.9600000e+01   7.3642349e-03   7.5472899e-03   9.1507863e-03   1.7747312e-02   2.4515039e-02   2.7414773e-02   2.9325890e-02   2.8658538e-02   2.7292001e-02   2.7426987e-02   2.7633302e-02
  -3.9150000e+01   4.4700922e-03   5.8824463e-03   8.6357864e-03   1.9298313e-02   2.5869936e-02   2.8249376e-02   2.9895068e-02   2.9032748e-02   2.7474690e-02   2.7497055e-02   2.7658269e-02
  -3.8700000e+01   7.7645871e-04   4.1315057e-03   8.5609832e-03   2.1033631e-02   2.7253706e-02   2.9087002e-02   3.0465372e-02   2.9404662e-02   2.7655435e-02   2.7566329e-02   2.7682950e-02
  -3.8250000e+01   4.2420094e-05   2.1350750e-03   9.1759716e-03   2.2956348e-02   2.8662500e-02   2.9926684e-02   3.1036614e-02   2.9774220e-02   2.7834232e-02   2.7634808e-02   2.7707346e-02
  -3.7800000e+01   1.1185766e-06   1.8421103e-04   1.0773183e-02   2.5062453e-02   3.0092092e-02   3.0767452e-02   3.1608604e-02   3.0141360e-02   2.8011076e-02   2.7702491e-02   2.7731457e-02
  -3.7350000e+01   1.4539646e-06   1.7879658e-03   1.3579814e-02   2.7340351e-02   3.1537902e-02   3.1608342e-02   3.2181152e-02   3.0506022e-02   2.8185961e-02   2.7769380e-02   2.7755283e-02
  -3.6900000e+01   8.9280352e-05   8.9056212e-03   1.7624910e-02   2.9770817e-02   3.2995031e-02   3.2448398e-02   3.2754066e-02   3.0868147e-02   2.8358883e-02   2.7835472e-02   2.7778823e-02
  -3.6450000e+01   2.1869873e-03   1.7288379e-02   2.2713138e-02   3.2327411e-02   3.4458301e-02   3.3286677e-02   3.3327152e-02   3.1227675e-02   2.8529837e-02   2.7900768e-02   2.7802079e-02
  -3.6000000e+01   1.7868403e-02   2.5407931e-02   2.8534640e-02   3.4977368e-02   3.5922296e-02   3.4122256e-02   3.3900216e-02   3.1584545e-02   2.8698817e-02   2.7965269e-02   2.7825049e-02
  -3.5550000e+01   3.2790641e-02   3.3318444e-02   3.4790868e-02   3.7682920e-02   3.7381414e-02   3.4954236e-02   3.4473063e-02   3.1938700e-02   2.8865820e-02   2.8028973e-02   2.7847734e-02
  -3.5100000e+01   4.1408448e-02   4.1142155e-02   4.1244030e-02   4.0402974e-02   3.8829919e-02   3.5781743e-02   3.5045495e-02   3.2290080e-02   2.9030840e-02   2.8091881e-02   2.7870135e-02
  -3.4650000e+01   4.9756393e-02   4.8953219e-02   4.7701050e-02   4.3095044e-02   4.0261996e-02   3.6603940e-02   3.5617317e-02   3.2638627e-02   2.9193872e-02   2.8153992e-02   2.7892249e-02
  -3.4200000e+01   6.2414763e-02   5.6813036e-02   5.3972066e-02   4.5717320e-02   4.1671810e-02   3.7420023e-02   3.6188329e-02   3.2984283e-02   2.9354913e-02   2.8215306e-02   2.7914079e-02
  -3.3750000e+01   8.0783245e-02   6.4810065e-02   5.9824615e-02   4.8230718e-02   4.3053566e-02   3.8229234e-02   3.6758333e-02   3.3326991e-02   2.9513958e-02   2.8275823e-02   2.7935624e-02
  -3.3300000e+01   8.5527977e-02   7.3093365e-02   6.4950718e-02   5.0600786e-02   4.4401564e-02   3.9030858e-02   3.7327129e-02   3.3666693e-02   2.9671002e-02   2.8335543e-02   2.7956883e-02
  -3.2850000e+01   8.5831102e-02   8.1300724e-02   6.8987239e-02   5.2799318e-02   4.5710265e-02   3.9824229e-02   3.7894517e-02   3.4003333e-02   2.9826042e-02   2.8394466e-02   2.7977857e-02
  -3.2400000e+01   8.5841843e-02   8.5466660e-02   7.1631658e-02   5.4805567e-02   4.6974339e-02   4.0608736e-02   3.8460297e-02   3.4336854e-02   2.9979072e-02   2.8452591e-02   2.7998547e-02
  -3.1950000e+01   8.5811357e-02   8.2965375e-02   7.2802602e-02   5.6606964e-02   4.8188727e-02   4.1383824e-02   3.9024268e-02   3.4667201e-02   3.0130088e-02   2.8509919e-02   2.8018950e-02
  -3.1500000e+01   8.4997601e-02   7.9073982e-02   7.2689538e-02   5.8199298e-02   4.9348692e-02   4.2148994e-02   3.9586230e-02   3.4994317e-02   3.0279087e-02   2.8566448e-02   2.8039069e-02
  -3.1050000e+01   7.8526731e-02   7.5553684e-02   7.1633446e-02   5.9586342e-02   5.0449861e-02   4.2903812e-02   4.0145982e-02   3.5318149e-02   3.0426064e-02   2.8622180e-02   2.8058902e-02
  -3.0600000e+01   7.2419837e-02   7.2223396e-02   6.9970154e-02   6.0778960e-02   5.1488281e-02   4.3647903e-02   4.0703322e-02   3.5638642e-02   3.0571015e-02   2.8677113e-02   2.8078451e-02
  -3.0150000e+01   6.8862629e-02   6.8947433e-02   6.7958300e-02   6.1793769e-02   5.2460448e-02   4.4380961e-02   4.1258049e-02   3.5955741e-02   3.0713937e-02   2.8731248e-02   2.8097713e-02
  -2.9700000e+01   6.5465260e-02   6.5680711e-02   6.5787483e-02   6.2651465e-02   5.3363355e-02   4.5102741e-02   4.1809963e-02   3.6269395e-02   3.0854825e-02   2.8784585e-02   2.8116691e-02
  -2.9250000e+01   6.0915742e-02   6.2400601e-02   6.3616238e-02   6.3374932e-02   5.4194515e-02   4.5813068e-02   4.2358862e-02   3.6579548e-02   3.0993676e-02   2.8837123e-02   2.8135384e-02
  -2.8800000e+01   5.3249406e-02   5.9070013e-02   6.1611442e-02   6.3987286e-02   5.4951995e-02   4.6511829e-02   4.2904548e-02   3.6886151e-02   3.1130485e-02   2.8888862e-02   2.8153791e-02
  -2.8350000e+01   5.0070741e-02   5.5587439e-02   5.9976932e-02   6.4509999e-02   5.5634440e-02   4.7198979e-02   4.3446820e-02   3.7189149e-02   3.1265249e-02   2.8939802e-02   2.8171913e-02
  -2.7900000e+01   4.9812758e-02   5.1953214e-02   5.8949447e-02   6.4961227e-02   5.6241089e-02   4.7874535e-02   4.3985478e-02   3.7488494e-02   3.1397965e-02   2.8989943e-02   2.8189749e-02
  -2.7450000e+01   4.9802334e-02   5.0204742e-02   5.8734439e-02   6.5354474e-02   5.6771796e-02   4.8538579e-02   4.4520324e-02   3.7784133e-02   3.1528629e-02   2.9039284e-02   2.8207301e-02
  -2.7000000e+01   4.9829958e-02   5.2908761e-02   5.9404857e-02   6.5697663e-02   5.7227040e-02   4.9191250e-02   4.5051160e-02   3.8076017e-02   3.1657237e-02   2.9087826e-02   2.8224567e-02
  -2.6550000e+01   5.0718900e-02   5.6821856e-02   6.0858361e-02   6.5992693e-02   5.7607931e-02   4.9832748e-02   4.5577789e-02   3.8364096e-02   3.1783786e-02   2.9135569e-02   2.8241548e-02
  -2.6100000e+01   5.7732259e-02   6.0494516e-02   6.2883163e-02   6.6235482e-02   5.7916216e-02   5.0463324e-02   4.6100014e-02   3.8648322e-02   3.1908272e-02   2.9182512e-02   2.8258243e-02
  -2.5650000e+01   6.3730679e-02   6.4033560e-02   6.5258106e-02   6.6416490e-02   5.8154280e-02   5.1083282e-02   4.6617640e-02   3.8928647e-02   3.2030693e-02   2.9228655e-02   2.8274654e-02
  -2.5200000e+01   6.7449042e-02   6.7535063e-02   6.7803056e-02   6.6521678e-02   5.8325138e-02   5.1692970e-02   4.7130473e-02   3.9205022e-02   3.2151044e-02   2.9273998e-02   2.8290779e-02
  -2.4750000e+01   7.0961380e-02   7.1028157e-02   7.0374739e-02   6.6533803e-02   5.8432430e-02   5.2292781e-02   4.7638319e-02   3.9477402e-02   3.2269323e-02   2.9318541e-02   2.8306618e-02
  -2.4300000e+01   7.4466414e-02   7.4525542e-02   7.2838277e-02   6.6433968e-02   5.8480401e-02   5.2883142e-02   4.8140987e-02   3.9745739e-02   3.2385527e-02   2.9362284e-02   2.8322173e-02
  -2.3850000e+01   7.7975377e-02   7.8059276e-02   7.5032833e-02   6.6203301e-02   5.8473887e-02   5.3464512e-02   4.8638286e-02   4.0009989e-02   3.2499652e-02   2.9405226e-02   2.8337442e-02
  -2.3400000e+01   8.1488014e-02   8.1757998e-02   7.6742212e-02   6.5824637e-02   5.8418288e-02   5.4037376e-02   4.9130026e-02   4.0270106e-02   3.2611695e-02   2.9447368e-02   2.8352426e-02
  -2.2950000e+01   8.5035984e-02   8.5793639e-02   7.7696594e-02   6.5284095e-02   5.8319534e-02   5.4602239e-02   4.9616021e-02   4.0526046e-02   3.2721654e-02   2.9488709e-02   2.8367124e-02
  -2.2500000e+01   8.8519148e-02   8.8077191e-02   7.7643594e-02   6.4572436e-02   5.8184050e-02   5.5159619e-02   5.0096083e-02   4.0777766e-02   3.2829525e-02   2.9529250e-02   2.8381537e-02
  -2.2050000e+01   8.3828449e-02   8.4590588e-02   7.6473567e-02   6.3686120e-02   5.8018714e-02   5.5710041e-02   5.0570029e-02   4.1025222e-02   3.2935306e-02   2.9568989e-02   2.8395665e-02
  -2.1600000e+01   7.9073549e-02   7.9352929e-02   7.4287511e-02   6.2628006e-02   5.7830800e-02   5.6254031e-02   5.1037675e-02   4.1268374e-02   3.3038994e-02   2.9607928e-02   2.8409507e-02
  -2.1150000e+01   7.4354830e-02   7.4453131e-02   7.1328993e-02   6.1407657e-02   5.7627924e-02   5.6792109e-02   5.1498842e-02   4.1507178e-02   3.3140586e-02   2.9646065e-02   2.8423065e-02
  -2.0700000e+01   6.9640953e-02   6.9719137e-02   6.7858100e-02   6.0041269e-02   5.7417978e-02   5.7324781e-02   5.1953348e-02   4.1741596e-02   3.3240080e-02   2.9683402e-02   2.8436336e-02
  -2.0250000e+01   6.4932354e-02   6.5021984e-02   6.4078960e-02   5.8551232e-02   5.7209059e-02   5.7852536e-02   5.2401019e-02   4.1971587e-02   3.3337472e-02   2.9719937e-02   2.8449323e-02
  -1.9800000e+01   6.0213943e-02   6.0328925e-02   6.0135756e-02   5.6965403e-02   5.7009390e-02   5.8375836e-02   5.2841679e-02   4.2197111e-02   3.3432761e-02   2.9755670e-02   2.8462024e-02
  -1.9350000e+01   5.5218761e-02   5.5626981e-02   5.6138261e-02   5.5316139e-02   5.6827240e-02   5.8895112e-02   5.3275155e-02   4.2418131e-02   3.3525944e-02   2.9790603e-02   2.8474440e-02
  -1.8900000e+01   4.7160594e-02   5.0893303e-02   5.2189964e-02   5.3639176e-02   5.6670832e-02   5.9410756e-02   5.3701278e-02   4.2634608e-02   3.3617018e-02   2.9824733e-02   2.8486570e-02
  -1.8450000e+01   3.7738992e-02   4.6070096e-02   4.8409901e-02   5.1972428e-02   5.6548255e-02   5.9923117e-02   5.4119878e-02   4.2846506e-02   3.3705981e-02   2.9858062e-02   2.8498415e-02
  -1.8000000e+01   3.6544916e-02   4.1128908e-02   4.4938788e-02   5.0354783e-02   5.6467367e-02   6.0432496e-02   5.4530791e-02   4.3053789e-02   3.3792832e-02   2.9890589e-02   2.8509974e-02
  -1.7550000e+01   3.6507815e-02   3.7005493e-02   4.1913379e-02   4.8824941e-02   5.6435699e-02   6.0939139e-02   5.4933853e-02   4.3256422e-02   3.3877566e-02   2.9922314e-02   2.8521249e-02
  -1.7100000e+01   3.6504773e-02   3.5448586e-02   3.9411704e-02   4.7420356e-02   5.6460361e-02   6.1443234e-02   5.5328904e-02   4.3454369e-02   3.3960183e-02   2.9953237e-02   2.8532238e-02
  -1.6650000e+01   3.6437469e-02   3.4817933e-02   3.7416442e-02   4.6176304e-02   5.6547948e-02   6.1944906e-02   5.5715787e-02   4.3647598e-02   3.4040680e-02   2.9983358e-02   2.8542941e-02
  -1.6200000e+01   3.5607181e-02   3.4053959e-02   3.5839647e-02   4.5125103e-02   5.6704445e-02   6.2444214e-02   5.6094345e-02   4.3836076e-02   3.4119056e-02   3.0012677e-02   2.8553359e-02
  -1.5750000e+01   3.3604662e-02   3.3214003e-02   3.4582042e-02   4.4295479e-02   5.6935142e-02   6.2941148e-02   5.6464429e-02   4.4019769e-02   3.4195307e-02   3.0041193e-02   2.8563492e-02
  -1.5300000e+01   3.2416285e-02   3.2360995e-02   3.3573682e-02   4.3712080e-02   5.7244554e-02   6.3435629e-02   5.6825887e-02   4.4198648e-02   3.4269432e-02   3.0068907e-02   2.8573339e-02
  -1.4850000e+01   3.1528860e-02   3.1507676e-02   3.2784047e-02   4.3395125e-02   5.7636346e-02   6.3927501e-02   5.7178575e-02   4.4372682e-02   3.4341430e-02   3.0095819e-02   2.8582901e-02
  -1.4400000e+01   3.0599684e-02   3.0650953e-02   3.2220221e-02   4.3360160e-02   5.8113269e-02   6.4416538e-02   5.7522349e-02   4.4541840e-02   3.4411298e-02   3.0121928e-02   2.8592178e-02
  -1.3950000e+01   2.9004506e-02   2.9773199e-02   3.1928964e-02   4.3617929e-02   5.8677103e-02   6.4902439e-02   5.7857069e-02   4.4706094e-02   3.4479035e-02   3.0147235e-02   2.8601169e-02
  -1.3500000e+01   2.7314250e-02   2.8811188e-02   3.2004385e-02   4.4174319e-02   5.9328619e-02   6.5384827e-02   5.8182599e-02   4.4865417e-02   3.4544639e-02   3.0171739e-02   2.8609874e-02
  -1.3050000e+01   2.7101662e-02   2.7665650e-02   3.2586543e-02   4.5030398e-02   6.0067540e-02   6.5863254e-02   5.8498807e-02   4.5019781e-02   3.4608108e-02   3.0195440e-02   2.8618295e-02
  -1.2600000e+01   2.7093666e-02   2.7135988e-02   3.3824559e-02   4.6182523e-02   6.0892528e-02   6.6337203e-02   5.8805562e-02   4.5169160e-02   3.4669440e-02   3.0218339e-02   2.8626430e-02
  -1.2150000e+01   2.7099943e-02   2.9780776e-02   3.5800703e-02   4.7622522e-02   6.1801178e-02   6.6806087e-02   5.9102738e-02   4.5313529e-02   3.4728634e-02   3.0240434e-02   2.8634279e-02
  -1.1700000e+01   2.7273390e-02   3.4427270e-02   3.8473009e-02   4.9337960e-02   6.2790024e-02   6.7269252e-02   5.9390212e-02   4.5452862e-02   3.4785689e-02   3.0261727e-02   2.8641843e-02
  -1.1250000e+01   2.9988619e-02   3.9137111e-02   4.1698888e-02   5.1312464e-02   6.3854561e-02   6.7725986e-02   5.9667867e-02   4.5587136e-02   3.4840603e-02   3.0282217e-02   2.8649122e-02
  -1.0800000e+01   4.0500211e-02   4.3706784e-02   4.5311751e-02   5.3526122e-02   6.4989281e-02   6.8175518e-02   5.9935587e-02   4.5716329e-02   3.4893375e-02   3.0301903e-02   2.8656115e-02
  -1.0350000e+01   4.7744120e-02   4.8204003e-02   4.9176681e-02   5.5955925e-02   6.6187723e-02   6.8617026e-02   6.0193261e-02   4.5840418e-02   3.4944002e-02   3.0320787e-02   2.8662823e-02
  -9.9000000e+00   5.2521336e-02   5.2674396e-02   5.3201703e-02   5.8576258e-02   6.7442528e-02   6.9049642e-02   6.0440781e-02   4.5959383e-02   3.4992485e-02   3.0338867e-02   2.8669245e-02
  -9.4500000e+00   5.7452983e-02   5.7150820e-02   5.7325937e-02   6.1359398e-02   6.8745518e-02   6.9472457e-02   6.0678044e-02   4.6073203e-02   3.5038822e-02   3.0356145e-02   2.8675382e-02
  -9.0000000e+00   6.5992419e-02   6.1665721e-02   6.1505027e-02   6.4276033e-02   7.0087772e-02   6.9884528e-02   6.0904951e-02   4.6181858e-02   3.5083011e-02   3.0372619e-02   2.8681234e-02
  -8.5500000e+00   7.4966299e-02   6.6243273e-02   6.5700727e-02   6.7295751e-02   7.1459722e-02   7.0284886e-02   6.1121407e-02   4.6285331e-02   3.5125052e-02   3.0388289e-02   2.8686800e-02
  -8.1000000e+00   7.6166703e-02   7.0815414e-02   6.9875641e-02   7.0387517e-02   7.2851253e-02   7.0672543e-02   6.1327321e-02   4.6383604e-02   3.5164943e-02   3.0403157e-02   2.8692081e-02
  -7.6500000e+00   7.6216880e-02   7.4978286e-02   7.3994376e-02   7.3520099e-02   7.4251808e-02   7.1046497e-02   6.1522605e-02   4.6476659e-02   3.5202684e-02   3.0417220e-02   2.8697076e-02
  -7.2000000e+00   7.6220974e-02   7.8498664e-02   7.8030980e-02   7.6662468e-02   7.5650503e-02   7.1405744e-02   6.1707179e-02   4.6564482e-02   3.5238273e-02   3.0430481e-02   2.8701786e-02
  -6.7500000e+00   7.6316389e-02   8.2150340e-02   8.1975766e-02   7.9784131e-02   7.7036241e-02   7.1749280e-02   6.1880963e-02   4.6647057e-02   3.5271710e-02   3.0442938e-02   2.8706210e-02
  -6.3000000e+00   7.8020099e-02   8.6018435e-02   8.5832714e-02   8.2855436e-02   7.8397835e-02   7.2076117e-02   6.2043884e-02   4.6724371e-02   3.5302993e-02   3.0454591e-02   2.8710349e-02
  -5.8500000e+00   8.6593467e-02   8.9895918e-02   8.9609094e-02   8.5847819e-02   7.9724124e-02   7.2385283e-02   6.2195873e-02   4.6796410e-02   3.5332122e-02   3.0465441e-02   2.8714203e-02
  -5.4000000e+00   9.3311127e-02   9.3733267e-02   9.3306282e-02   8.8734022e-02   8.1004097e-02   7.2675833e-02   6.2336866e-02   4.6863161e-02   3.5359097e-02   3.0475488e-02   2.8717771e-02
  -4.9500000e+00   9.7465146e-02   9.7545680e-02   9.6915226e-02   9.1488272e-02   8.2227007e-02   7.2946858e-02   6.2466802e-02   4.6924615e-02   3.5383916e-02   3.0484730e-02   2.8721053e-02
  -4.5000000e+00   1.0168682e-01   1.0136178e-01   1.0041329e-01   9.4086437e-02   8.3382488e-02   7.3197490e-02   6.2585626e-02   4.6980759e-02   3.5406579e-02   3.0493170e-02   2.8724051e-02
  -4.0500000e+00   1.0892725e-01   1.0521761e-01   1.0375849e-01   9.6506162e-02   8.4460665e-02   7.3426912e-02   6.2693287e-02   4.7031585e-02   3.5427085e-02   3.0500805e-02   2.8726762e-02
  -3.6000000e+00   1.1680015e-01   1.0916237e-01   1.0688086e-01   9.8726981e-02   8.5452262e-02   7.3634359e-02   6.2789740e-02   4.7077084e-02   3.5445434e-02   3.0507637e-02   2.8729189e-02
  -3.1500000e+00   1.1795708e-01   1.1320887e-01   1.0967857e-01   1.0073042e-01   8.6348694e-02   7.3819133e-02   6.2874943e-02   4.7117249e-02   3.5461626e-02   3.0513665e-02   2.8731329e-02
  -2.7000000e+00   1.1801041e-01   1.1680933e-01   1.1203604e-01   1.0250006e-01   8.7142163e-02   7.3980600e-02   6.2948859e-02   4.7152072e-02   3.5475659e-02   3.0518889e-02   2.8733185e-02
  -2.2500000e+00   1.1801169e-01   1.1829323e-01   1.1387229e-01   1.0402164e-01   8.7825736e-02   7.4118202e-02   6.3011458e-02   4.7181548e-02   3.5487535e-02   3.0523310e-02   2.8734755e-02
  -1.8000000e+00   1.1801162e-01   1.1820022e-01   1.1518820e-01   1.0528306e-01   8.8393423e-02   7.4231456e-02   6.3062711e-02   4.7205671e-02   3.5497251e-02   3.0526927e-02   2.8736039e-02
  -1.3500000e+00   1.1801160e-01   1.1805535e-01   1.1606271e-01   1.0627440e-01   8.8840232e-02   7.4319963e-02   6.3102598e-02   4.7224438e-02   3.5504808e-02   3.0529740e-02   2.8737038e-02
  -9.0000000e-01   1.1801160e-01   1.1801706e-01   1.1660189e-01   1.0698799e-01   8.9162228e-02   7.4383409e-02   6.3131101e-02   4.7237845e-02   3.5510207e-02   3.0531750e-02   2.8737752e-02
  -4.5000000e-01   1.1801160e-01   1.1801092e-01   1.1689214e-01   1.0741833e-01   8.9356570e-02   7.4421568e-02   6.3148207e-02   4.7245890e-02   3.5513446e-02   3.0532955e-02   2.8738180e-02
   0.0000000e+00   1.1801160e-01   1.1801042e-01   1.1698361e-01   1.0756215e-01   8.9421542e-02   7.4434303e-02   6.3153910e-02   4.7248572e-02   3.5514525e-02   3.0533357e-02   2.8738323e-02
   4.5000000e-01   1.1801160e-01   1.1801092e-01   1.1689214e-01   1.0741833e-01   8.9356570e-02   7.4421568e-02   6.3148207e-02   4.7245890e-02   3.5513446e-02   3.0532955e-02   2.8738180e-02
   9.0000000e-01   1.1801160e-01   1.1801706e-01   1.1660189e-01   1.0698799e-01   8.9162228e-02   7.4383409e-02   6.3131101e-02   4.7237845e-02   3.5510207e-02   3.0531750e-02   2.8737752e-02
   1.3500000e+00   1.1801160e-01   1.1805535e-01   1.1606271e-01   1.0627440e-01   8.8840232e-02   7.4319963e-02   6.3102598e-02   4.7224438e-02   3.5504808e-02   3.0529740e-02   2.8737038e-02
   1.8000000e+00   1.1801162e-01   1.1820022e-01   1.1518820e-01   1.0528306e-01   8.8393423e-02   7.4231456e-02   6.3062711e-02   4.7205671e-02   3.5497251e-02   3.0526927e-02   2.8736039e-02
   2.2500000e+00   1.1801169e-01   1.1829323e-01   1.1387229e-01   1.0402164e-01   8.7825736e-02   7.4118202e-02   6.3011458e-02   4.7181548e-02   3.5487535e-02   3.0523310e-02   2.8734755e-02
   2.7000000e+00   1.1801041e-01   1.1680933e-01   1.1203604e-01   1.0250006e-01   8.7142163e-02   7.3980600e-02   6.2948859e-02   4.7152072e-02   3.5475659e-02   3.0518889e-02   2.8733185e-02
   3.1500000e+00   1.1795708e-01   1.1320887e-01   1.0967857e-01   1.0073042e-01   8.6348694e-02   7.3819133e-02   6.2874943e-02   4.7117249e-02   3.5461626e-02   3.0513665e-02   2.8731329e-02
   3.6000000e+00   1.1680015e-01   1.0916237e-01   1.0688086e-01   9.8726981e-02   8.5452262e-02   7.3634359e-02   6.2789740e-02   4.7077084e-02   3.5445434e-02   3.0507637e-02   2.8729189e-02
   4.0500000e+00   1.0892725e-01   1.0521761e-01   1.0375849e-01   9.6506162e-02   8.4460665e-02   7.3426912e-02   6.2693287e-02   4.7031585e-02   3.5427085e-02   3.0500805e-02   2.8726762e-02
   4.5000000e+00   1.0168682e-01   1.0136178e-01   1.0041329e-01   9.4086437e-02   8.3382488e-02   7.3197490e-02   6.2585626e-02   4.6980759e-02   3.5406579e-02   3.0493170e-02   2.8724051e-02
   4.9500000e+00   9.7465146e-02   9.7545680e-02   9.6915226e-02   9.1488272e-02   8.2227007e-02   7.2946858e-02   6.2466802e-02   4.6924615e-02   3.5383916e-02   3.0484730e-02   2.8721053e-02
   5.4000000e+00   9.3311127e-02   9.3733267e-02   9.3306282e-02   8.8734022e-02   8.1004097e-02   7.2675833e-02   6.2336866e-02   4.6863161e-02   3.5359097e-02   3.0475488e-02   2.8717771e-02
   5.8500000e+00   8.6593467e-02   8.9895918e-02   8.9609094e-02   8.5847819e-02   7.9724124e-02   7.2385283e-02   6.2195873e-02   4.6796410e-02   3.5332122e-02   3.0465441e-02   2.8714203e-02
   6.3000000e+00   7.8020099e-02   8.6018435e-02   8.5832714e-02   8.2855436e-02   7.8397835e-02   7.2076117e-02   6.2043884e-02   4.6724371e-02   3.5302993e-02   3.0454591e-02   2.8710349e-02
   6.7500000e+00   7.6316389e-02   8.2150340e-02   8.1975766e-02   7.9784131e-02   7.7036241e-02   7.1749280e-02   6.1880963e-02   4.6647057e-02   3.5271710e-02   3.0442938e-02   2.8706210e-02
   7.2000000e+00   7.6220974e-02   7.8498664e-02   7.8030980e-02   7.6662468e-02   7.5650503e-02   7.1405744e-02   6.1707179e-02   4.6564482e-02   3.5238273e-02   3.0430481e-02   2.8701786e-02
   7.6500000e+00   7.6216880e-02   7.4978286e-02   7.3994376e-02   7.3520099e-02   7.4251808e-02   7.1046497e-02   6.1522605e-02   4.6476659e-02   3.5202684e-02   3.0417220e-02   2.8697076e-02
   8.1000000e+00   7.6166703e-02   7.0815414e-02   6.9875641e-02   7.0387517e-02   7.2851253e-02   7.0672543e-02   6.1327321e-02   4.6383604e-02   3.5164943e-02   3.0403157e-02   2.8692081e-02
   8.5500000e+00   7.4966299e-02   6.6243273e-02   6.5700727e-02   6.7295751e-02   7.1459722e-02   7.0284886e-02   6.1121407e-02   4.6285331e-02   3.5125052e-02   3.0388289e-02   2.8686800e-02
   9.0000000e+00   6.5992419e-02   6.1665721e-02   6.1505027e-02   6.4276033e-02   7.0087772e-02   6.9884528e-02   6.0904951e-02   4.6181858e-02   3.5083011e-02   3.0372619e-02   2.8681234e-02
   9.4500000e+00   5.7452983e-02   5.7150820e-02   5.7325937e-02   6.1359398e-02   6.8745518e-02   6.9472457e-02   6.0678044e-02   4.6073203e-02   3.5038822e-02   3.0356145e-02   2.8675382e-02
   9.9000000e+00   5.2521336e-02   5.2674396e-02   5.3201703e-02   5.8576258e-02   6.7442528e-02   6.9049642e-02   6.0440781e-02   4.5959383e-02   3.4992485e-02   3.0338867e-02   2.8669245e-02
   1.0350000e+01   4.7744120e-02   4.8204003e-02   4.9176681e-02   5.5955925e-02   6.6187723e-02   6.8617026e-02   6.0193261e-02   4.5840418e-02   3.4944002e-02   3.0320787e-02   2.8662823e-02
   1.0800000e+01   4.0500211e-02   4.3706784e-02   4.5311751e-02   5.3526122e-02   6.4989281e-02   6.8175518e-02   5.9935587e-02   4.5716329e-02   3.4893375e-02   3.0301903e-02   2.8656115e-02
   1.1250000e+01   2.9988619e-02   3.9137111e-02   4.1698888e-02   5.1312464e-02   6.3854561e-02   6.7725986e-02   5.9667867e-02   4.5587136e-02   3.4840603e-02   3.0282217e-02   2.8649122e-02
   1.1700000e+01   2.7273390e-02   3.4427270e-02   3.8473009e-02   4.9337960e-02   6.2790024e-02   6.7269252e-02   5.9390212e-02   4.5452862e-02   3.4785689e-02   3.0261727e-02   2.8641843e-02
   1.2150000e+01   2.7099943e-02   2.9780776e-02   3.5800703e-02   4.7622522e-02   6.1801178e-02   6.6806087e-02   5.9102738e-02   4.5313529e-02   3.4728634e-02   3.0240434e-02   2.8634279e-02
   1.2600000e+01   2.7093666e-02   2.7135988e-02   3.3824559e-02   4.6182523e-02   6.0892528e-02   6.6337203e-02   5.8805562e-02   4.5169160e-02   3.4669440e-02   3.0218339e-02   2.8626430e-02
   1.3050000e+01   2.7101662e-02   2.7665650e-02   3.2586543e-02   4.5030398e-02   6.0067540e-02   6.5863254e-02   5.8498807e-02   4.5019781e-02   3.4608108e-02   3.0195440e-02   2.8618295e-02
   1.3500000e+01   2.7314250e-02   2.8811188e-02   3.2004385e-02   4.4174319e-02   5.9328619e-02   6.5384827e-02   5.8182599e-02   4.4865417e-02   3.4544639e-02   3.0171739e-02   2.8609874e-02
   1.3950000e+01   2.9004506e-02   2.9773199e-02   3.1928964e-02   4.3617929e-02   5.8677103e-02   6.4902439e-02   5.7857069e-02   4.4706094e-02   3.4479035e-02   3.0147235e-02   2.8601169e-02
   1.4400000e+01   3.0599684e-02   3.0650953e-02   3.2220221e-02   4.3360160e-02   5.8113269e-02   6.4416538e-02   5.7522349e-02   4.4541840e-02   3.4411298e-02   3.0121928e-02   2.8592178e-02
   1.4850000e+01   3.1528860e-02   3.1507676e-02   3.2784047e-02   4.3395125e-02   5.7636346e-02   6.3927501e-02   5.7178575e-02   4.4372682e-02   3.4341430e-02   3.0095819e-02   2.8582901e-02
   1.5300000e+01   3.2416285e-02   3.2360995e-02   3.3573682e-02   4.3712080e-02   5.7244554e-02   6.3435629e-02   5.6825887e-02   4.4198648e-02   3.4269432e-02   3.0068907e-02   2.8573339e-02
   1.5750000e+01   3.3604662e-02   3.3214003e-02   3.4582042e-02   4.4295479e-02   5.6935142e-02   6.2941148e-02   5.6464429e-02   4.4019769e-02   3.4195307e-02   3.0041193e-02   2.8563492e-02
   1.6200000e+01   3.5607181e-02   3.4053959e-02   3.5839647e-02   4.5125103e-02   5.6704445e-02   6.2444214e-02   5.6094345e-02   4.3836076e-02   3.4119056e-02   3.0012677e-02   2.8553359e-02
   1.6650000e+01   3.6437469e-02   3.4817933e-02   3.7416442e-02   4.6176304e-02   5.6547948e-02   6.1944906e-02   5.5715787e-02   4.3647598e-02   3.4040680e-02   2.9983358e-02   2.8542941e-02
   1.7100000e+01   3.6504773e-02   3.5448586e-02   3.9411704e-02   4.7420356e-02   5.6460361e-02   6.1443234e-02   5.5328904e-02   4.3454369e-02   3.3960183e-02   2.9953237e-02   2.8532238e-02
   1.7550000e+01   3.6507815e-02   3.7005493e-02   4.1913379e-02   4.8824941e-02   5.6435699e-02   6.0939139e-02   5.4933853e-02   4.3256422e-02   3.3877566e-02   2.9922314e-02   2.8521249e-02
   1.8000000e+01   3.6544916e-02   4.1128908e-02   4.4938788e-02   5.0354783e-02   5.6467367e-02   6.0432496e-02   5.4530791e-02   4.3053789e-02   3.3792832e-02   2.9890589e-02   2.8509974e-02
   1.8450000e+01   3.7738992e-02   4.6070096e-02   4.8409901e-02   5.1972428e-02   5.6548255e-02   5.9923117e-02   5.4119878e-02   4.2846506e-02   3.3705981e-02   2.9858062e-02   2.8498415e-02
   1.8900000e+01   4.7160594e-02   5.0893303e-02   5.2189964e-02   5.3639176e-02   5.6670832e-02   5.9410756e-02   5.3701278e-02   4.2634608e-02   3.3617018e-02   2.9824733e-02   2.8486570e-02
   1.9350000e+01   5.5218761e-02   5.5626981e-02   5.6138261e-02   5.5316139e-02   5.6827240e-02   5.8895112e-02   5.3275155e-02   4.2418131e-02   3.3525944e-02   2.9790603e-02   2.8474440e-02
   1.9800000e+01   6.0213943e-02   6.0328925e-02   6.0135756e-02   5.6965403e-02   5.7009390e-02   5.8375836e-02   5.2841679e-02   4.2197111e-02   3.3432761e-02   2.9755670e-02   2.8462024e-02
   2.0250000e+01   6.4932354e-02   6.5021984e-02   6.4078960e-02   5.8551232e-02   5.7209059e-02   5.7852536e-02   5.2401019e-02   4.1971587e-02   3.3337472e-02   2.9719937e-02   2.8449323e-02
   2.0700000e+01   6.9640953e-02   6.9719137e-02   6.7858100e-02   6.0041269e-02   5.7417978e-02   5.7324781e-02   5.1953348e-02   4.1741596e-02   3.3240080e-02   2.9683402e-02   2.8436336e-02
   2.1150000e+01   7.4354830e-02   7.4453131e-02   7.1328993e-02   6.1407657e-02   5.7627924e-02   5.6792109e-02   5.1498842e-02   4.1507178e-02   3.3140586e-02   2.9646065e-02   2.8423065e-02
   2.1600000e+01   7.9073549e-02   7.9352929e-02   7.4287511e-02   6.2628006e-02   5.7830800e-02   5.6254031e-02   5.1037675e-02   4.1268374e-02   3.3038994e-02   2.9607928e-02   2.8409507e-02
   2.2050000e+01   8.3828449e-02   8.4590588e-02   7.6473567e-02   6.3686120e-02   5.8018714e-02   5.5710041e-02   5.0570029e-02   4.1025222e-02   3.2935306e-02   2.9568989e-02   2.8395665e-02
   2.2500000e+01   8.8519148e-02   8.8077191e-02   7.7643594e-02   6.4572436e-02   5.8184050e-02   5.5159619e-02   5.0096083e-02   4.0777766e-02   3.2829525e-02   2.9529250e-02   2.8381537e-02
   2.2950000e+01   8.5035984e-02   8.5793639e-02   7.7696594e-02   6.5284095e-02   5.8319534e-02   5.4602239e-02   4.9616021e-02   4.0526046e-02   3.2721654e-02   2.9488709e-02   2.8367124e-02
   2.3400000e+01   8.1488014e-02   8.1757998e-02   7.6742212e-02   6.5824637e-02   5.8418288e-02   5.4037376e-02   4.9130026e-02   4.0270106e-02   3.2611695e-02   2.9447368e-02   2.8352426e-02
   2.3850000e+01   7.7975377e-02   7.8059276e-02   7.5032833e-02   6.6203301e-02   5.8473887e-02   5.3464512e-02   4.8638286e-02   4.0009989e-02   3.2499652e-02   2.9405226e-02   2.8337442e-02
   2.4300000e+01   7.4466414e-02   7.4525542e-02   7.2838277e-02   6.6433968e-02   5.8480401e-02   5.2883142e-02   4.8140987e-02   3.9745739e-02   3.2385527e-02   2.9362284e-02   2.8322173e-02
   2.4750000e+01   7.0961380e-02   7.1028157e-02   7.0374739e-02   6.6533803e-02   5.8432430e-02   5.2292781e-02   4.7638319e-02   3.9477402e-02   3.2269323e-02   2.9318541e-02   2.8306618e-02
   2.5200000e+01   6.7449042e-02   6.7535063e-02   6.7803056e-02   6.6521678e-02   5.8325138e-02   5.1692970e-02   4.7130473e-02   3.9205022e-02   3.2151044e-02   2.9273998e-02   2.8290779e-02
   2.5650000e+01   6.3730679e-02   6.4033560e-02   6.5258106e-02   6.6416490e-02   5.8154280e-02   5.1083282e-02   4.6617640e-02   3.8928647e-02   3.2030693e-02   2.9228655e-02   2.8274654e-02
   2.6100000e+01   5.7732259e-02   6.0494516e-02   6.2883163e-02   6.6235482e-02   5.7916216e-02   5.0463324e-02   4.6100014e-02   3.8648322e-02   3.1908272e-02   2.9182512e-02   2.8258243e-02
   2.6550000e+01   5.0718900e-02   5.6821856e-02   6.0858361e-02   6.5992693e-02   5.7607931e-02   4.9832748e-02   4.5577789e-02   3.8364096e-02   3.1783786e-02   2.9135569e-02   2.8241548e-02
   2.7000000e+01   4.9829958e-02   5.2908761e-02   5.9404857e-02   6.5697663e-02   5.7227040e-02   4.9191250e-02   4.5051160e-02   3.8076017e-02   3.1657237e-02   2.9087826e-02   2.8224567e-02
   2.7450000e+01   4.9802334e-02   5.0204742e-02   5.8734439e-02   6.5354474e-02   5.6771796e-02   4.8538579e-02   4.4520324e-02   3.7784133e-02   3.1528629e-02   2.9039284e-02   2.8207301e-02
   2.7900000e+01   4.9812758e-02   5.1953214e-02   5.8949447e-02   6.4961227e-02   5.6241089e-02   4.7874535e-02   4.3985478e-02   3.7488494e-02   3.1397965e-02   2.8989943e-02   2.8189749e-02
   2.8350000e+01   5.0070741e-02   5.5587439e-02   5.9976932e-02   6.4509999e-02   5.5634440e-02   4.7198979e-02   4.3446820e-02   3.7189149e-02   3.1265249e-02   2.8939802e-02   2.8171913e-02
   2.8800000e+01   5.3249406e-02   5.9070013e-02   6.1611442e-02   6.3987286e-02   5.4951995e-02   4.6511829e-02   4.2904548e-02   3.6886151e-02   3.1130485e-02   2.8888862e-02   2.8153791e-02
   2.9250000e+01   6.0915742e-02   6.2400601e-02   6.3616238e-02   6.3374932e-02   5.4194515e-02   4.5813068e-02   4.2358862e-02   3.6579548e-02   3.0993676e-02   2.8837123e-02   2.8135384e-02
   2.9700000e+01   6.5465260e-02   6.5680711e-02   6.5787483e-02   6.2651465e-02   5.3363355e-02   4.5102741e-02   4.1809963e-02   3.6269395e-02   3.0854825e-02   2.8784585e-02   2.8116691e-02
   3.0150000e+01   6.8862629e-02   6.8947433e-02   6.7958300e-02   6.1793769e-02   5.2460448e-02   4.4380961e-02   4.1258049e-02   3.5955741e-02   3.0713937e-02   2.8731248e-02   2.8097713e-02
   3.0600000e+01   7.2419837e-02   7.2223396e-02   6.9970154e-02   6.0778960e-02   5.1488281e-02   4.3647903e-02   4.0703322e-02   3.5638642e-02   3.0571015e-02   2.8677113e-02   2.8078451e-02
   3.1050000e+01   7.8526731e-02   7.5553684e-02   7.1633446e-02   5.9586342e-02   5.0449861e-02   4.2903812e-02   4.0145982e-02   3.5318149e-02   3.0426064e-02   2.8622180e-02   2.8058902e-02
   3.1500000e+01   8.4997601e-02   7.9073982e-02   7.2689538e-02   5.8199298e-02   4.9348692e-02   4.2148994e-02   3.9586230e-02   3.4994317e-02   3.0279087e-02   2.8566448e-02   2.8039069e-02
   3.1950000e+01   8.5811357e-02   8.2965375e-02   7.2802602e-02   5.6606964e-02   4.8188727e-02   4.1383824e-02   3.9024268e-02   3.4667201e-02   3.0130088e-02   2.8509919e-02   2.8018950e-02
   3.2400000e+01   8.5841843e-02   8.5466660e-02   7.1631658e-02   5.4805567e-02   4.6974339e-02   4.0608736e-02   3.8460297e-02   3.4336854e-02   2.9979072e-02   2.8452591e-02   2.7998547e-02
   3.2850000e+01   8.5831102e-02   8.1300724e-02   6.8987239e-02   5.2799318e-02   4.5710265e-02   3.9824229e-02   3.7894517e-02   3.4003333e-02   2.9826042e-02   2.8394466e-02   2.7977857e-02
   3.3300000e+01   8.5527977e-02   7.3093365e-02   6.4950718e-02   5.0600786e-02   4.4401564e-02   3.9030858e-02   3.7327129e-02   3.3666693e-02   2.9671002e-02   2.8335543e-02   2.7956883e-02
   3.3750000e+01   8.0783245e-02   6.4810065e-02   5.9824615e-02   4.8230718e-02   4.3053566e-02   3.8229234e-02   3.6758333e-02   3.3326991e-02   2.9513958e-02   2.8275823e-02   2.7935624e-02
   3.4200000e+01   6.2414763e-02   5.6813036e-02   5.3972066e-02   4.5717320e-02   4.1671810e-02   3.7420023e-02   3.6188329e-02   3.2984283e-02   2.9354913e-02   2.8215306e-02   2.7914079e-02
   3.4650000e+01   4.9756393e-02   4.8953219e-02   4.7701050e-02   4.3095044e-02   4.0261996e-02   3.6603940e-02   3.5617317e-02   3.2638627e-02   2.9193872e-02   2.8153992e-02   2.7892249e-02
   3.5100000e+01   4.1408448e-02   4.1142155e-02   4.1244030e-02   4.0402974e-02   3.8829919e-02   3.5781743e-02   3.5045495e-02   3.2290080e-02   2.9030840e-02   2.8091881e-02   2.7870135e-02
   3.5550000e+01   3.2790641e-02   3.3318444e-02   3.4790868e-02   3.7682920e-02   3.7381414e-02   3.4954236e-02   3.4473063e-02   3.1938700e-02   2.8865820e-02   2.8028973e-02   2.7847734e-02
   3.6000000e+01   1.7868403e-02   2.5407931e-02   2.8534640e-02   3.4977368e-02   3.5922296e-02   3.4122256e-02   3.3900216e-02   3.1584545e-02   2.8698817e-02   2.7965269e-02   2.7825049e-02
   3.6450000e+01   2.1869873e-03   1.7288379e-02   2.2713138e-02   3.2327411e-02   3.4458301e-02   3.3286677e-02   3.3327152e-02   3.1227675e-02   2.8529837e-02   2.7900768e-02   2.7802079e-02
   3.6900000e+01   8.9280352e-05   8.9056212e-03   1.7624910e-02   2.9770817e-02   3.2995031e-02   3.2448398e-02   3.2754066e-02   3.0868147e-02   2.8358883e-02   2.7835472e-02   2.7778823e-02
   3.7350000e+01   1.4539646e-06   1.7879658e-03   1.3579814e-02   2.7340351e-02   3.1537902e-02   3.1608342e-02   3.2181152e-02   3.0506022e-02   2.8185961e-02   2.7769380e-02   2.7755283e-02
   3.7800000e+01   1.1185766e-06   1.8421103e-04   1.0773183e-02   2.5062453e-02   3.0092092e-02   3.0767452e-02   3.1608604e-02   3.0141360e-02   2.8011076e-02   2.7702491e-02   2.7731457e-02
   3.8250000e+01   4.2420094e-05   2.1350750e-03   9.1759716e-03   2.2956348e-02   2.8662500e-02   2.9926684e-02   3.1036614e-02   2.9774220e-02   2.7834232e-02   2.7634808e-02   2.7707346e-02
   3.8700000e+01   7.7645871e-04   4.1315057e-03   8.5609832e-03   2.1033631e-02   2.7253706e-02   2.9087002e-02   3.0465372e-02   2.9404662e-02   2.7655435e-02   2.7566329e-02   2.7682950e-02
   3.9150000e+01   4.4700922e-03   5.8824463e-03   8.6357864e-03   1.9298313e-02   2.5869936e-02   2.8249376e-02   2.9895068e-02   2.9032748e-02   2.7474690e-02   2.7497055e-02   2.7658269e-02
   3.9600000e+01   7.3642349e-03   7.5472899e-03   9.1507863e-03   1.7747312e-02   2.4515039e-02   2.7414773e-02   2.9325890e-02   2.8658538e-02   2.7292001e-02   2.7426987e-02   2.7633302e-02
   4.0050000e+01   9.1538942e-03   9.1896950e-03   9.9274606e-03   1.6371308e-02   2.3192467e-02   2.6584156e-02   2.8758022e-02   2.8282093e-02   2.7107374e-02   2.7356123e-02   2.7608051e-02
   4.0500000e+01   1.0972701e-02   1.0833172e-02   1.0838926e-02   1.5155893e-02   2.1905259e-02   2.5758478e-02   2.8191651e-02   2.7903475e-02   2.6920814e-02   2.7284465e-02   2.7582515e-02
   4.0950000e+01   1.4092065e-02   1.2497260e-02   1.1780655e-02   1.4082903e-02   2.0656037e-02   2.4938677e-02   2.7626958e-02   2.7522745e-02   2.6732327e-02   2.7212013e-02   2.7556693e-02
   4.1400000e+01   1.7483918e-02   1.4216475e-02   1.2646362e-02   1.3131832e-02   1.9447009e-02   2.4125673e-02   2.7064123e-02   2.7139966e-02   2.6541919e-02   2.7138767e-02   2.7530587e-02
   4.1850000e+01   1.7982361e-02   1.6029481e-02   1.3315780e-02   1.2281231e-02   1.8279971e-02   2.3320362e-02   2.6503326e-02   2.6755198e-02   2.6349593e-02   2.7064727e-02   2.7504195e-02
   4.2300000e+01   1.8005369e-02   1.7589813e-02   1.3665997e-02   1.1510007e-02   1.7156324e-02   2.2523617e-02   2.5944742e-02   2.6368504e-02   2.6155357e-02   2.6989894e-02   2.7477519e-02
   4.2750000e+01   1.8005071e-02   1.7465680e-02   1.3611693e-02   1.0798534e-02   1.6077088e-02   2.1736278e-02   2.5388546e-02   2.5979947e-02   2.5959215e-02   2.6914267e-02   2.7450557e-02
   4.3200000e+01   1.7975227e-02   1.5824177e-02   1.3145929e-02   1.0129538e-02   1.5042925e-02   2.0959153e-02   2.4834910e-02   2.5589588e-02   2.5761174e-02   2.6837847e-02   2.7423310e-02
   4.3650000e+01   1.7386384e-02   1.4021592e-02   1.2337074e-02   9.4887228e-03   1.4054166e-02   2.0193016e-02   2.4284003e-02   2.5197491e-02   2.5561239e-02   2.6760635e-02   2.7395779e-02
   4.4100000e+01   1.3856905e-02   1.2309707e-02   1.1284405e-02   8.8651163e-03   1.3110835e-02   1.9438601e-02   2.3735993e-02   2.4803718e-02   2.5359417e-02   2.6682629e-02   2.7367962e-02
   4.4550000e+01   1.0815341e-02   1.0647115e-02   1.0077347e-02   8.2511660e-03   1.2212684e-02   1.8696601e-02   2.3191044e-02   2.4408332e-02   2.5155712e-02   2.6603831e-02   2.7339860e-02
   4.5000000e+01   9.0029199e-03   9.0026666e-03   8.7823027e-03   7.6425960e-03   1.1359219e-02   1.7967667e-02   2.2649318e-02   2.4011395e-02   2.4950131e-02   2.6524241e-02   2.7311474e-02
   4.5450000e+01   7.1904991e-03   7.3584348e-03   7.4483081e-03   7.0380770e-03   1.0549734e-02   1.7252404e-02   2.2110974e-02   2.3612971e-02   2.4742680e-02   2.6443859e-02   2.7282802e-02
   4.5900000e+01   4.1489352e-03   5.6984876e-03   6.1178413e-03   6.4387544e-03   9.7833410e-03   1.6551374e-02   2.1576168e-02   2.3213123e-02   2.4533365e-02   2.6362685e-02   2.7253845e-02
   4.6350000e+01   6.1945700e-04   4.0030990e-03   4.8366610e-03   5.8476880e-03   9.0590006e-03   1.5865089e-02   2.1045053e-02   2.2811912e-02   2.4322192e-02   2.6280720e-02   2.7224604e-02
   4.6800000e+01   3.0621285e-05   2.2629263e-03   3.6593591e-03   5.2692544e-03   8.3755482e-03   1.5194014e-02   2.0517781e-02   2.2409404e-02   2.4109168e-02   2.6197964e-02   2.7195077e-02
   4.7250000e+01   8.1028499e-07   6.6149314e-04   2.6445858e-03   4.7085590e-03   7.7317216e-03   1.4538568e-02   1.9994498e-02   2.2005659e-02   2.3894299e-02   2.6114417e-02   2.7165266e-02
   4.7700000e+01  -4.1868289e-08  -1.0193991e-04   1.8359377e-03   4.1708951e-03   7.1261844e-03   1.3899119e-02   1.9475349e-02   2.1600743e-02   2.3677591e-02   2.6030079e-02   2.7135170e-02
   4.8150000e+01  -1.0435212e-08  -9.2766907e-05   1.2404196e-03   3.6612816e-03   6.5575472e-03   1.3275987e-02   1.8960474e-02   2.1194716e-02   2.3459050e-02   2.5944950e-02   2.7104788e-02
   4.8600000e+01  -1.1732896e-09  -2.3053598e-05   8.2714505e-04   3.1840972e-03   6.0243862e-03   1.2669444e-02   1.8450011e-02   2.0787643e-02   2.3238684e-02   2.5859031e-02   2.7074122e-02
   4.9050000e+01  -4.3169430e-11  -3.1974947e-06   5.4825898e-04   2.7428199e-03   5.5252596e-03   1.2079716e-02   1.7944095e-02   2.0379585e-02   2.3016499e-02   2.5772323e-02   2.7043171e-02
   4.9500000e+01  -3.2559718e-13   9.3319708e-08   3.6042197e-04   2.3398734e-03   5.0587204e-03   1.1506981e-02   1.7442856e-02   1.9970607e-02   2.2792501e-02   2.5684824e-02   2.7011935e-02
   4.9950000e+01   1.2602182e-15   2.6810242e-07   2.3300732e-04   1.9765705e-03   4.6233278e-03   1.0951370e-02   1.6946422e-02   1.9560770e-02   2.2566698e-02   2.5596537e-02   2.6980414e-02
   5.0400000e+01   1.8002400e-16   1.2859828e-07   1.4652256e-04   1.6531397e-03   4.2176556e-03   1.0412971e-02   1.6454916e-02   1.9150137e-02   2.2339095e-02   2.5507460e-02   2.6948608e-02
   5.0850000e+01   7.6364231e-18   4.6107011e-08   8.8598245e-05   1.3688190e-03   3.8402994e-03   9.8918300e-03   1.5968458e-02   1.8738771e-02   2.2109701e-02   2.5417594e-02   2.6916518e-02
   5.1300000e+01   8.7020937e-20   1.3805174e-08   5.0939547e-05   1.1219961e-03   3.4898809e-03   9.3879494e-03   1.5487164e-02   1.8326733e-02   2.1878522e-02   2.5326940e-02   2.6884142e-02
   5.1750000e+01   3.0849208e-22   3.2507238e-09   2.7593263e-05   9.1037726e-04   3.1650519e-03   8.9012927e-03   1.5011148e-02   1.7914086e-02   2.1645564e-02   2.5235497e-02   2.6851482e-02
   5.2200000e+01   6.0866197e-25   4.1021259e-10   1.4044590e-05   7.3116797e-04   2.8644962e-03   8.4317851e-03   1.4540517e-02   1.7500892e-02   2.1410836e-02   2.5143267e-02   2.6818537e-02
   5.2650000e+01  -1.3442056e-27  -2.3491500e-11   6.7852523e-06   5.8125102e-04   2.5869314e-03   7.9793158e-03   1.4075377e-02   1.7087212e-02   2.1174344e-02   2.5050248e-02   2.6785307e-02
   5.3100000e+01  -2.7481336e-29  -9.8695565e-12   3.1892306e-06   4.5735082e-04   2.3311091e-03   7.5437397e-03   1.3615828e-02   1.6673109e-02   2.0936095e-02   2.4956442e-02   2.6751792e-02
   5.3550000e+01  -2.1330249e-31  -1.0457802e-12   1.5010270e-06   3.5617647e-04   2.0958157e-03   7.1248799e-03   1.3161967e-02   1.6258643e-02   2.0696098e-02   2.4861849e-02   2.6717993e-02
   5.4000000e+01  -5.3685619e-34  -7.0689189e-14   7.1826133e-07   2.7453883e-04   1.8798718e-03   6.7225292e-03   1.2713887e-02   1.5843876e-02   2.0454358e-02   2.4766469e-02   2.6683908e-02
   5.4450000e+01  -2.7604475e-37  -2.4821879e-15   3.4740624e-07   2.0943983e-04   1.6821323e-03   6.3364529e-03   1.2271676e-02   1.5428869e-02   2.0210884e-02   2.4670303e-02   2.6649539e-02
   5.4900000e+01  -1.2955857e-41   2.1747000e-16   1.6671932e-07   1.5813460e-04   1.5014864e-03   5.9663904e-03   1.1835420e-02   1.5013682e-02   1.9965683e-02   2.4573350e-02   2.6614885e-02
   5.5350000e+01   3.0752637e-43   6.4707515e-17   7.7778057e-08   1.1816878e-04   1.3368573e-03   5.6120577e-03   1.1405199e-02   1.4598376e-02   1.9718763e-02   2.4475611e-02   2.6579947e-02
   5.5800000e+01   9.2618000e-46   1.0075776e-17   3.4650819e-08   8.7394404e-05   1.1872026e-03   5.2731497e-03   1.0981088e-02   1.4183011e-02   1.9470132e-02   2.4377086e-02   2.6544724e-02
   5.6250000e+01   8.3618186e-49   1.2348574e-18   1.4519467e-08   6.3968645e-05   1.0515144e-03   4.9493417e-03   1.0563160e-02   1.3767646e-02   1.9219797e-02   2.4277776e-02   2.6509216e-02
   5.6700000e+01   2.1404616e-52   1.1886131e-19   5.6529956e-09   4.6339537e-05   9.2881961e-04   4.6402923e-03   1.0151483e-02   1.3352342e-02   1.8967765e-02   2.4177681e-02   2.6473423e-02
   5.7150000e+01   3.0523191e-56   6.5601812e-21   2.0351298e-09   3.3222808e-05   8.1818097e-04   4.3456449e-03   9.7461198e-03   1.2937157e-02   1.8714046e-02   2.4076802e-02   2.6437345e-02
   5.7600000e+01  -2.5063247e-60  -9.6982409e-23   6.8507479e-10   2.3573323e-05   7.1869750e-04   4.0650297e-03   9.3471302e-03   1.2522150e-02   1.8458646e-02   2.3975137e-02   2.6400983e-02
   5.8050000e+01  -4.7140045e-63  -2.3041696e-23   2.2302884e-10   1.6554085e-05   6.2950535e-04   3.7980661e-03   8.9545690e-03   1.2107380e-02   1.8201574e-02   2.3872689e-02   2.6364336e-02
   5.8500000e+01  -2.4914172e-66  -9.9691821e-25   7.3550580e-11   1.1505082e-05   5.4977871e-04   3.5443640e-03   8.5684868e-03   1.1692904e-02   1.7942839e-02   2.3769456e-02   2.6327405e-02
   5.8950000e+01  -4.0434885e-70  -2.7784209e-26   2.5294947e-11   7.9136055e-06   4.7873051e-04   3.3035259e-03   8.1889300e-03   1.1278782e-02   1.7682447e-02   2.3665441e-02   2.6290189e-02
   5.9400000e+01  -1.2998944e-74  -4.9453671e-28   8.9995434e-12   5.3871482e-06   4.1561317e-04   3.0751486e-03   7.8159407e-03   1.0865070e-02   1.7420407e-02   2.3560642e-02   2.6252688e-02
   5.9850000e+01  -1.2784065e-79   3.3585559e-30   3.2103244e-12   3.6294630e-06   3.5971918e-04   2.8588245e-03   7.4495567e-03   1.0451824e-02   1.7156729e-02   2.3455060e-02   2.6214903e-02
   6.0300000e+01   3.4718627e-83   9.1812511e-31   1.1123067e-12   2.4200439e-06   3.1038146e-04   2.6541436e-03   7.0898114e-03   1.0039103e-02   1.6891419e-02   2.3348695e-02   2.6176833e-02
   6.0750000e+01   7.6362536e-87   6.0969847e-32   3.6544756e-13   1.5969803e-06   2.6697355e-04   2.4606946e-03   6.7367341e-03   9.6269611e-03   1.6624487e-02   2.3241549e-02   2.6138478e-02
   6.1200000e+01   6.3209011e-91   3.0166935e-33   1.1180044e-13   1.0429632e-06   2.2890955e-04   2.2780664e-03   6.3903496e-03   9.2154551e-03   1.6355940e-02   2.3133620e-02   2.6099839e-02
   6.1650000e+01   1.2937142e-95   1.1774600e-34   3.1388876e-14   6.7410717e-07   1.9564382e-04   2.1058492e-03   6.0506788e-03   8.8046401e-03   1.6085788e-02   2.3024910e-02   2.6060915e-02
   6.2100000e+01  1.3275094e-100   2.8221470e-36   8.0257183e-15   4.3119812e-07   1.6667040e-04   1.9436357e-03   5.7177382e-03   8.3945709e-03   1.5814040e-02   2.2915419e-02   2.6021707e-02
   6.2550000e+01 -3.0782072e-106  -7.2003076e-39   1.8864834e-15   2.7296695e-07   1.4152225e-04   1.7910224e-03   5.3915401e-03   7.9853020e-03   1.5540703e-02   2.2805147e-02   2.5982214e-02
   6.3000000e+01 -7.1035883e-110  -1.4037863e-39   4.2395969e-16   1.7101172e-07   1.1977013e-04   1.6476103e-03   5.0720928e-03   7.5768873e-03   1.5265787e-02   2.2694094e-02   2.5942436e-02
   6.3450000e+01 -2.5192930e-114  -2.4444688e-41   9.7231562e-17   1.0602822e-07   1.0102138e-04   1.5130058e-03   4.7594003e-03   7.1693801e-03   1.4989301e-02   2.2582261e-02   2.5902375e-02
   6.3900000e+01 -2.3263801e-119  -2.7097983e-43   2.3921727e-17   6.5056993e-08   8.4918443e-05   1.3868218e-03   4.4534626e-03   6.7628335e-03   1.4711253e-02   2.2469649e-02   2.5862028e-02
   6.4350000e+01 -4.2206534e-125  -2.0716429e-45   6.2654192e-18   3.9503956e-08   7.1137216e-05   1.2686781e-03   4.1542760e-03   6.3572999e-03   1.4431652e-02   2.2356257e-02   2.5821397e-02
   6.4800000e+01 -3.4974978e-131  -1.8728173e-48   1.6657265e-18   2.3738795e-08   5.9385309e-05   1.1582021e-03   3.8618323e-03   5.9528313e-03   1.4150509e-02   2.2242086e-02   2.5780482e-02
   6.5250000e+01  2.6715224e-136   3.5848308e-49   4.2948450e-19   1.4117126e-08   4.9400158e-05   1.0550295e-03   3.5761198e-03   5.5494790e-03   1.3867830e-02   2.2127136e-02   2.5739282e-02
   6.5700000e+01  4.5213644e-141   1.0146764e-50   1.0421587e-19   8.3081166e-09   4.0947079e-05   9.5880494e-04   3.2971227e-03   5.1472939e-03   1.3583627e-02   2.2011407e-02   2.5697797e-02
   6.6150000e+01  5.7994904e-146   2.0160452e-52   2.3323315e-20   4.8386939e-09   3.3817287e-05   8.6918190e-04   3.0248217e-03   4.7463265e-03   1.3297908e-02   2.1894901e-02   2.5656029e-02
   6.6600000e+01  6.4938909e-151   3.1753203e-54   4.7366731e-21   2.7888517e-09   2.7825899e-05   7.8582360e-04   2.7591936e-03   4.3466264e-03   1.3010682e-02   2.1777617e-02   2.5613975e-02
   6.7050000e+01  5.4184095e-156   3.2647064e-56   8.6319622e-22   1.5907380e-09   2.2809958e-05   7.0840304e-04   2.5002114e-03   3.9482429e-03   1.2721959e-02   2.1659556e-02   2.5571638e-02
   6.7500000e+01  4.8487545e-167   9.7744823e-60   1.4174842e-22   8.9795312e-10   1.8626491e-05   6.3660331e-04   2.2478448e-03   3.5512247e-03   1.2431749e-02   2.1540718e-02   2.5529016e-02
   6.7950000e+01 -6.1768447e-168  -2.2097688e-60   2.1797186e-23   5.0164604e-10   1.5150635e-05   5.7011778e-04   2.0020599e-03   3.1556199e-03   1.2140060e-02   2.1421103e-02   2.5486109e-02
   6.8400000e+01 -8.4384247e-175  -1.5490574e-62   3.4092350e-24   2.7735568e-10   1.2273842e-05   5.0865024e-04   1.7628193e-03   2.7614759e-03   1.1846903e-02   2.1300712e-02   2.5442919e-02
   6.8850000e+01 -8.5834100e-182  -6.7797716e-65   5.8951571e-25   1.5176774e-10   9.9021727e-06   4.5191497e-04   1.5300823e-03   2.3688398e-03   1.1552287e-02   2.1179546e-02   2.5399443e-02
   6.9300000e+01 -7.5558806e-189  -2.1341175e-67   1.1302239e-25   8.2192113e-11   7.9546978e-06   3.9963682e-04   1.3038049e-03   1.9777578e-03   1.1256222e-02   2.1057604e-02   2.5355684e-02
   6.9750000e+01 -4.4082058e-196  -2.3166923e-70   2.2436652e-26   4.4054755e-11   6.3620081e-06   3.5155120e-04   1.0839401e-03   1.5882758e-03   1.0958717e-02   2.0934887e-02   2.5311640e-02
   7.0200000e+01  1.4224862e-202   3.7141529e-72   4.3198682e-27   2.3370551e-11   5.0648398e-06   3.0740405e-04   8.7043770e-04   1.2004387e-03   1.0659783e-02   2.0811395e-02   2.5267312e-02
   7.0650000e+01  1.6079056e-208   4.5236642e-74   7.7693331e-28   1.2270375e-11   4.0128158e-06   2.6695180e-04   6.6324444e-04   8.1429110e-04   1.0359430e-02   2.0687130e-02   2.5222700e-02
   7.1100000e+01  9.9903459e-215   3.5636969e-76   1.2776897e-28   6.3761180e-12   3.1633015e-06   2.2996124e-04   4.6230426e-04   4.2987693e-04   1.0057667e-02   2.0562090e-02   2.5177803e-02
   7.1550000e+01  1.2332105e-221   2.1949656e-78   1.8902340e-29   3.2791321e-12   2.4803741e-06   1.9620943e-04   2.6755829e-04   4.7239398e-05   9.7545046e-03   2.0436277e-02   2.5132622e-02
   7.2000000e+01  3.9719257e-229   9.0436595e-81   2.4832822e-30   1.6690040e-12   1.9338983e-06   1.6548353e-04   7.8944948e-05  -3.3357886e-04   9.4499528e-03   2.0309691e-02   2.5087157e-02
   7.2450000e+01  2.0268671e-237   5.3428917e-84   2.8958701e-31   8.4069848e-13   1.4987053e-06   1.3758063e-04  -1.0359994e-04  -7.1253587e-04   9.1440218e-03   2.0182333e-02   2.5041407e-02
   7.2900000e+01 -9.5925143e-244  -8.1810032e-86   3.1002402e-32   4.1907490e-13   1.1538663e-06   1.1230757e-04  -2.8014306e-04  -1.0895903e-03   8.8367219e-03   2.0054202e-02   2.4995373e-02
   7.3350000e+01 -1.0689719e-250  -2.4793347e-88   3.3360012e-33   2.0672332e-13   8.8205563e-07   8.9480725e-05  -4.5075348e-04  -1.4647014e-03   8.5280633e-03   1.9925300e-02   2.4949056e-02
   7.3800000e+01 -5.9608052e-258  -4.3952519e-91   4.0441452e-34   1.0090277e-13   6.6899435e-07   6.8925784e-05  -6.1550257e-04  -1.8378293e-03   8.2180564e-03   1.9795626e-02   2.4902453e-02
   7.4250000e+01 -8.1587167e-266  -5.6404330e-94   5.6416231e-35   4.8729298e-14   5.0296732e-07   5.0477495e-05  -7.7446386e-04  -2.2089344e-03   7.9067118e-03   1.9665181e-02   2.4855567e-02
   7.4700000e+01 -3.8212408e-274  -3.3846412e-97   8.3093673e-36   2.3280514e-14   3.7440703e-07   3.3979426e-05  -9.2771301e-04  -2.5779782e-03   7.5940397e-03   1.9533966e-02   2.4808397e-02
   7.5150000e+01  4.2319206e-282   1.0206349e-99   1.1867659e-36   1.1000979e-14   2.7553627e-07   1.9283703e-05  -1.0753276e-03  -2.9449225e-03   7.2800509e-03   1.9401981e-02   2.4760942e-02
   7.5600000e+01  3.2926701e-289  5.4401096e-102   1.5722364e-37   5.1404389e-15   2.0006328e-07   6.2507347e-06  -1.2173871e-03  -3.3097299e-03   6.9647559e-03   1.9269226e-02   2.4713203e-02
   7.6050000e+01  1.1463844e-296  1.6917584e-104   1.8901977e-38   2.3744162e-15   1.4292296e-07  -5.2510549e-06  -1.3539728e-03  -3.6723639e-03   6.6481655e-03   1.9135701e-02   2.4665181e-02
   7.6500000e+01  8.0538126e-305  4.0542407e-107   2.0292519e-39   1.0837069e-15   1.0005834e-07  -1.5345514e-05  -1.4851676e-03  -4.0327882e-03   6.3302902e-03   1.9001408e-02   2.4616874e-02
   7.6950000e+01  1.7439467e-313  6.6631027e-110   1.9172150e-40   4.8844232e-16   6.8236981e-08  -2.4149043e-05  -1.6110559e-03  -4.3909677e-03   6.0111409e-03   1.8866347e-02   2.4568283e-02
   7.7400000e+01   0.0000000e+00  2.6092552e-113   1.5854254e-41   2.1723312e-16   4.4897480e-08  -3.1770883e-05  -1.7317235e-03  -4.7468677e-03   5.6907286e-03   1.8730517e-02   2.4519408e-02
   7.7850000e+01   0.0000000e+00 -8.1573201e-116   1.1780731e-42   9.5236236e-17   2.8021837e-08  -3.8313401e-05  -1.8472578e-03  -5.1004541e-03   5.3690639e-03   1.8593921e-02   2.4470249e-02
   7.8300000e+01   0.0000000e+00 -1.0840825e-118   8.6408499e-44   4.1099648e-17   1.6029801e-08  -4.3872378e-05  -1.9577471e-03  -5.4516937e-03   5.0461581e-03   1.8456557e-02   2.4420805e-02
   7.8750000e+01   0.0000000e+00 -7.7735271e-122   7.2655250e-45   1.7426431e-17   7.6918957e-09  -4.8537292e-05  -2.0632810e-03  -5.8005538e-03   4.7220220e-03   1.8318426e-02   2.4371078e-02
   7.9200000e+01   0.0000000e+00 -4.0250476e-125   7.3706208e-46   7.2403746e-18   2.0581760e-09  -5.2391603e-05  -2.1639501e-03  -6.1470027e-03   4.3966667e-03   1.8179530e-02   2.4321067e-02
   7.9650000e+01   0.0000000e+00 -1.1424511e-128   8.0965275e-47   2.9365461e-18  -1.5998349e-09  -5.5513031e-05  -2.2598459e-03  -6.4910090e-03   4.0701034e-03   1.8039867e-02   2.4270772e-02
   8.0100000e+01   0.0000000e+00  7.3549169e-132   8.6144451e-48   1.1559556e-18  -3.8362027e-09  -5.7973831e-05  -2.3510607e-03  -6.8325423e-03   3.7423432e-03   1.7899440e-02   2.4220193e-02
   8.0550000e+01   0.0000000e+00  1.7966785e-134   8.4269307e-49   4.3760935e-19  -5.0685193e-09  -5.9841066e-05  -2.4376876e-03  -7.1715727e-03   3.4133975e-03   1.7758248e-02   2.4169330e-02
   8.1000000e+01   0.0000000e+00  2.2176855e-137   7.4161423e-50   1.5678862e-19  -5.6083125e-09  -6.1176869e-05  -2.5198203e-03  -7.5080711e-03   3.0832774e-03   1.7616291e-02   2.4118183e-02
   8.1450000e+01   0.0000000e+00  2.0775079e-140   5.7802140e-51   5.1492879e-20  -5.6852809e-09  -6.2038705e-05  -2.5975527e-03  -7.8420091e-03   2.7519944e-03   1.7473571e-02   2.4066752e-02
   8.1900000e+01   0.0000000e+00  1.3663292e-143   3.9208021e-52   1.4309011e-20  -5.4664894e-09  -6.2479623e-05  -2.6709797e-03  -8.1733589e-03   2.4195599e-03   1.7330087e-02   2.4015037e-02
   8.2350000e+01   0.0000000e+00  2.8735716e-147   2.2773219e-53   2.4002041e-21  -5.0714769e-09  -6.2548499e-05  -2.7401960e-03  -8.5020936e-03   2.0859853e-03   1.7185840e-02   2.3963039e-02
   8.2800000e+01   0.0000000e+00 -2.2103176e-150   1.1322954e-54  -7.2515046e-22  -4.5840651e-09  -6.2290280e-05  -2.8052968e-03  -8.8281868e-03   1.7512820e-03   1.7040831e-02   2.3910756e-02
   8.3250000e+01   0.0000000e+00 -1.3061938e-153   5.0779924e-56  -1.1179683e-21  -4.0615244e-09  -6.1746210e-05  -2.8663774e-03  -9.1516128e-03   1.4154618e-03   1.6895060e-02   2.3858190e-02
   8.3700000e+01   0.0000000e+00 -3.7815223e-157   2.4159923e-57  -8.4367061e-22  -3.5416315e-09  -6.0954056e-05  -2.9235332e-03  -9.4723468e-03   1.0785362e-03   1.6748528e-02   2.3805340e-02
   8.4150000e+01   0.0000000e+00 -7.8423962e-161   1.4675802e-58  -5.2333990e-22  -3.0480600e-09  -5.9948321e-05  -2.9768594e-03  -9.7903645e-03   7.4051675e-04   1.6601235e-02   2.3752206e-02
   8.4600000e+01   0.0000000e+00 -9.8320396e-165   1.0501764e-59  -2.9489582e-22  -2.5944582e-09  -5.8760453e-05  -3.0264513e-03  -1.0105642e-02   4.0141531e-04   1.6453181e-02   2.3698788e-02
   8.5050000e+01   0.0000000e+00  1.3401112e-168   6.9268032e-61  -1.5672014e-22  -2.1875044e-09  -5.7419042e-05  -3.0724039e-03  -1.0418158e-02   6.1243587e-05   1.6304367e-02   2.3645086e-02
   8.5500000e+01   0.0000000e+00  1.6326686e-171   3.1405119e-62  -8.0002807e-23  -1.8291675e-09  -5.5950011e-05  -3.1148118e-03  -1.0727888e-02  -2.7998662e-04   1.6154794e-02   2.3591101e-02
   8.5950000e+01   0.0000000e+00  8.0579130e-175  -3.9461144e-64  -3.9638867e-23  -1.5183594e-09  -5.4376799e-05  -3.1537694e-03  -1.1034812e-02  -6.2226344e-04   1.6004461e-02   2.3536832e-02
   8.6400000e+01   0.0000000e+00  2.9825239e-178  -3.1781311e-64  -1.9186788e-23  -1.2521219e-09  -5.2720533e-05  -3.1893708e-03  -1.1338909e-02  -9.6557499e-04   1.5853371e-02   2.3482279e-02
   8.6850000e+01   0.0000000e+00  8.1892753e-182  -5.0047469e-65  -9.1129109e-24  -1.0264652e-09  -5.1000196e-05  -3.2217093e-03  -1.1640159e-02  -1.3099093e-03   1.5701522e-02   2.3427443e-02
   8.7300000e+01   0.0000000e+00  9.7160278e-186  -5.9263099e-66  -4.2603695e-24  -8.3694400e-10  -4.9232780e-05  -3.2508777e-03  -1.1938543e-02  -1.6552544e-03   1.5548916e-02   2.3372323e-02
   8.7750000e+01   0.0000000e+00 -5.4213061e-189  -6.1297088e-67  -1.9651130e-24  -6.7904182e-10  -4.7433440e-05  -3.2769684e-03  -1.2234041e-02  -2.0015983e-03   1.5395552e-02   2.3316919e-02
   8.8200000e+01   0.0000000e+00 -4.1207965e-192  -5.8370314e-68  -8.9590429e-25  -5.4841586e-10  -4.5615633e-05  -3.3000728e-03  -1.2526636e-02  -2.3489288e-03   1.5241433e-02   2.3261231e-02
   8.8650000e+01   0.0000000e+00 -1.5637116e-195  -5.2486155e-69  -4.0428954e-25  -4.4104186e-10  -4.3791253e-05  -3.3202818e-03  -1.2816311e-02  -2.6972339e-03   1.5086557e-02   2.3205260e-02
   8.9100000e+01   0.0000000e+00 -4.4180712e-199  -4.5201610e-70  -1.8079530e-25  -3.5328951e-10  -4.1970755e-05  -3.3376852e-03  -1.3103049e-02  -3.0465013e-03   1.4930926e-02   2.3149006e-02
   8.9550000e+01   0.0000000e+00 -1.0762572e-202  -3.7601380e-71  -8.0198460e-26  -2.8195039e-10  -4.0163278e-05  -3.3523721e-03  -1.3386833e-02  -3.3967189e-03   1.4774540e-02   2.3092467e-02
   9.0000000e+01   0.0000000e+00 -2.4266012e-206  -3.0367285e-72  -3.5316978e-26  -2.2423493e-10  -3.8376753e-05  -3.3644307e-03  -1.3667649e-02  -3.7478744e-03   1.4617400e-02   2.3035645e-02
