  -9.0000000e+01 -1.2249535e-133  -4.2728850e-46  -7.8792701e-17  -3.0025457e-07  -3.1855776e-04  -1.2004142e-03  -3.1017415e-03  -1.1055974e-02  -1.2391161e-03   1.5645271e-02   2.3395002e-02
  -8.9550000e+01 -6.4031772e-129  -1.6139045e-44  -1.8576227e-16  -3.7786734e-07  -3.2059607e-04  -1.1197826e-03  -3.0173034e-03  -1.0771020e-02  -9.1296030e-04   1.5790351e-02   2.3447534e-02
  -8.9100000e+01 -3.2277629e-124  -5.6413246e-43  -4.2370544e-16  -4.7055928e-07  -3.2051622e-04  -1.0375127e-03  -2.9313377e-03  -1.0483757e-02  -5.8774118e-04   1.5934731e-02   2.3499804e-02
  -8.8650000e+01 -1.5200797e-119  -1.6996165e-41  -9.2766657e-16  -5.7882159e-07  -3.1803936e-04  -9.5368493e-04  -2.8437780e-03  -1.0194197e-02  -2.6346924e-04   1.6078411e-02   2.3551811e-02
  -8.8200000e+01 -6.1554901e-115  -3.8080627e-40  -1.9219413e-15  -7.0165314e-07  -3.1287457e-04  -8.6838212e-04  -2.7545566e-03  -9.9023530e-03   5.9845090e-05   1.6221391e-02   2.3603556e-02
  -8.7750000e+01 -1.4832189e-110  -4.2221867e-39  -3.6642333e-15  -8.3556863e-07  -3.0472066e-04  -7.8168967e-04  -2.6636044e-03  -9.6082390e-03   3.8219142e-04   1.6363669e-02   2.3655039e-02
  -8.7300000e+01  8.2279197e-106   6.7974652e-38  -6.0216495e-15  -9.7318070e-07  -2.9326854e-04  -6.9369497e-04  -2.5708511e-03  -9.3118694e-03   7.0355939e-04   1.6505245e-02   2.3706259e-02
  -8.6850000e+01  1.8438727e-100   4.8037981e-36  -6.7640944e-15  -1.1012226e-06  -2.7820379e-04  -6.0448715e-04  -2.4762249e-03  -9.0132592e-03   1.0239387e-03   1.6646119e-02   2.3757217e-02
  -8.6400000e+01   1.9382233e-95   1.5023243e-34   4.0520006e-15  -1.1978517e-06  -2.5920978e-04  -5.1415664e-04  -2.3796529e-03  -8.7124240e-03   1.3433190e-03   1.6786291e-02   2.3807912e-02
  -8.5950000e+01   6.7457760e-91   3.5426048e-33   6.0662863e-14  -1.2290499e-06  -2.3597102e-04  -4.2279488e-04  -2.2810611e-03  -8.4093798e-03   1.6616901e-03   1.6925760e-02   2.3858345e-02
  -8.5500000e+01   5.2735423e-87   6.5636450e-32   2.6751148e-13  -1.1439137e-06  -2.0817703e-04  -3.3049382e-04  -2.1803742e-03  -8.1041435e-03   1.9790418e-03   1.7064526e-02   2.3908516e-02
  -8.5050000e+01   1.3136256e-83   7.1411717e-31   9.2400607e-13  -8.6861403e-07  -1.7552637e-04  -2.3734558e-04  -2.0775158e-03  -7.7967324e-03   2.2953640e-03   1.7202588e-02   2.3958424e-02
  -8.4600000e+01  -7.7740118e-79  -1.3398648e-29   2.8779494e-12  -2.9880095e-07  -1.3773116e-04  -1.4344196e-04  -1.9724088e-03  -7.4871646e-03   2.6106465e-03   1.7339946e-02   2.4008070e-02
  -8.4150000e+01  -3.4471564e-74  -1.2855522e-27   8.6276603e-12   7.0975912e-07  -9.4521677e-05  -4.8873997e-05  -1.8649748e-03  -7.1754587e-03   2.9248792e-03   1.7476599e-02   2.4057453e-02
  -8.3700000e+01  -3.7024566e-70  -5.6218980e-26   2.6063586e-11   2.3524907e-06  -4.5651280e-05   4.6268489e-05  -1.7551347e-03  -6.8616338e-03   3.2380521e-03   1.7612548e-02   2.4106574e-02
  -8.3250000e+01  -1.2224381e-66  -1.6849864e-24   8.1152604e-11   4.8893780e-06   9.0986027e-06   1.4189739e-04  -1.6428083e-03  -6.5457098e-03   3.5501552e-03   1.7747791e-02   2.4155432e-02
  -8.2800000e+01  -2.2177562e-63  -2.3892179e-23   2.5673985e-10   8.6604147e-06   6.9913418e-05   2.3792679e-04  -1.5279150e-03  -6.2277072e-03   3.8611786e-03   1.7882328e-02   2.4204028e-02
  -8.2350000e+01   4.9582045e-60   3.0577499e-22   7.9261157e-10   1.4103016e-05   1.3694047e-04   3.3427349e-04  -1.4103732e-03  -5.9076470e-03   4.1711124e-03   1.8016159e-02   2.4252361e-02
  -8.1900000e+01   9.0823616e-56   1.1763191e-20   2.3002512e-09   2.1771087e-05   2.1028401e-04   4.3085749e-04  -1.2901009e-03  -5.5855509e-03   4.4799466e-03   1.8149284e-02   2.4300431e-02
  -8.1450000e+01   6.5507606e-52   1.5357010e-19   6.1673402e-09   3.2355179e-05   2.9000059e-04   5.2760250e-04  -1.1670154e-03  -5.2614411e-03   4.7876715e-03   1.8281702e-02   2.4348240e-02
  -8.1000000e+01   1.5443960e-48   1.4408267e-18   1.5288877e-08   4.6702875e-05   3.7609471e-04   6.2443651e-04  -1.0410335e-03  -4.9353406e-03   5.0942773e-03   1.8413412e-02   2.4395785e-02
  -8.0550000e+01   7.7767330e-46   1.0852703e-17   3.5414155e-08   6.5838123e-05   4.6851491e-04   7.2129225e-04  -9.1207183e-04  -4.6072728e-03   5.3997543e-03   1.8544415e-02   2.4443068e-02
  -8.0100000e+01   1.7072118e-43   5.7017707e-17   7.7760783e-08   9.0977814e-05   5.6715041e-04   8.1810773e-04  -7.8004652e-04  -4.2772620e-03   5.7040929e-03   1.8674710e-02   2.4490088e-02
  -7.9650000e+01  -2.7596727e-40  -5.8943215e-17   1.6459936e-07   1.2354341e-04   6.7182836e-04   9.1482678e-04  -6.4487356e-04  -3.9453328e-03   6.0072832e-03   1.8804296e-02   2.4536846e-02
  -7.9200000e+01  -9.0287663e-37  -7.6277038e-15   3.4256259e-07   1.6516495e-04   7.8231184e-04   1.0113996e-03  -5.0646881e-04  -3.6115106e-03   6.3093159e-03   1.8933173e-02   2.4583341e-02
  -7.8750000e+01  -7.6898594e-34  -1.4373623e-13   7.1561838e-07   2.1767439e-04   8.9829871e-04   1.1077830e-03  -3.6474807e-04  -3.2758215e-03   6.6101814e-03   1.9061341e-02   2.4629573e-02
  -7.8300000e+01  -1.8337957e-31  -1.7755351e-12   1.5202969e-06   2.8308499e-04   1.0194213e-03   1.2039415e-03  -2.1962722e-04  -2.9382918e-03   6.9098701e-03   1.9188800e-02   2.4675543e-02
  -7.7850000e+01  -2.4181340e-29  -1.1212332e-11   3.2646278e-06   3.6355356e-04   1.1452471e-03   1.2998472e-03  -7.1022280e-05  -2.5989490e-03   7.2083726e-03   1.9315548e-02   2.4721250e-02
  -7.7400000e+01   2.0052688e-27   4.0355115e-11   6.9082120e-06   4.6132281e-04   1.2752805e-03   1.3954804e-03   8.1150469e-05  -2.2578206e-03   7.5056795e-03   1.9441586e-02   2.4766694e-02
  -7.6950000e+01   3.3473646e-24   7.6799076e-10   1.3994282e-05   5.7864188e-04   1.4089655e-03   1.4908306e-03   2.3697440e-04  -1.9149353e-03   7.8017816e-03   1.9566914e-02   2.4811876e-02
  -7.6500000e+01   1.6457488e-21   4.0193030e-09   2.6682069e-05   7.1766448e-04   1.5456897e-03   1.5858960e-03   3.9653245e-04  -1.5703219e-03   8.0966695e-03   1.9691530e-02   2.4856795e-02
  -7.6050000e+01   2.5007586e-19   1.4956703e-08   4.7782354e-05   8.8032586e-04   1.6847891e-03   1.6806850e-03   5.5990698e-04  -1.2240101e-03   8.3903339e-03   1.9815435e-02   2.4901451e-02
  -7.5600000e+01   7.7719535e-18   4.6234976e-08   8.0955710e-05   1.0682017e-03   1.8255543e-03   1.7752157e-03   7.2717970e-04  -8.7603003e-04   8.6827657e-03   1.9938629e-02   2.4945845e-02
  -7.5150000e+01   1.3177190e-16   1.1523088e-07   1.3118437e-04   1.2823547e-03   1.9672373e-03   1.8695169e-03   8.9843156e-04  -5.2641260e-04   8.9739557e-03   2.0061110e-02   2.4989975e-02
  -7.4700000e+01  -4.6028992e-15   1.5772187e-07   2.0570251e-04   1.5231762e-03   2.1090599e-03   1.9636282e-03   1.0737426e-03  -1.7518918e-04   9.2638949e-03   2.0182878e-02   2.5033843e-02
  -7.4250000e+01  -1.3358141e-12  -5.9287538e-07   3.1574286e-04   1.7902337e-03   2.2502228e-03   2.0576005e-03   1.2531921e-03   1.7760826e-04   9.5525743e-03   2.0303934e-02   2.5077448e-02
  -7.3800000e+01  -1.0549324e-10  -6.7556687e-06   4.7928403e-04   2.0821344e-03   2.3899152e-03   2.1514963e-03   1.4368578e-03   5.3194711e-04   9.8399847e-03   2.0424276e-02   2.5120791e-02
  -7.3350000e+01  -2.0153365e-09  -3.6715508e-05   7.2356870e-04   2.3964188e-03   2.5273256e-03   2.2453900e-03   1.6248167e-03   8.8779423e-04   1.0126117e-02   2.0543905e-02   2.5163870e-02
  -7.2900000e+01  -1.9191458e-08  -1.0224090e-04   1.0831122e-03   2.7294965e-03   2.6616530e-03   2.3393679e-03   1.8171442e-03   1.2451159e-03   1.0410963e-02   2.0662821e-02   2.5206687e-02
  -7.2450000e+01   4.6530860e-08   1.2400687e-04   1.5880247e-03   3.0766341e-03   2.7921190e-03   2.4335292e-03   2.0139145e-03   1.6038777e-03   1.0694514e-02   2.0781021e-02   2.5249241e-02
  -7.2000000e+01   9.1599670e-06   1.1172118e-03   2.2464120e-03   3.4320070e-03   2.9179793e-03   2.5279855e-03   2.2152001e-03   1.9640448e-03   1.0976760e-02   2.0898508e-02   2.5291532e-02
  -7.1550000e+01   3.0246516e-04   2.3435335e-03   3.0369919e-03   3.7888170e-03   3.0385362e-03   2.6228612e-03   2.4210720e-03   2.3255817e-03   1.1257694e-02   2.1015279e-02   2.5333561e-02
  -7.1100000e+01   2.6166917e-03   3.5326766e-03   3.9201821e-03   4.1394794e-03   3.1531504e-03   2.7182940e-03   2.6315992e-03   2.6884525e-03   1.1537305e-02   2.1131335e-02   2.5375326e-02
  -7.0650000e+01   4.5960178e-03   4.6962283e-03   4.8547808e-03   4.4758735e-03   3.2612528e-03   2.8144346e-03   2.8468490e-03   3.0526205e-03   1.1815587e-02   2.1246676e-02   2.5416828e-02
  -7.0200000e+01   5.8229832e-03   5.8512310e-03   5.8059524e-03   4.7896483e-03   3.3623555e-03   2.9114471e-03   3.0668869e-03   3.4180486e-03   1.2092529e-02   2.1361301e-02   2.5458068e-02
  -6.9750000e+01   6.9819655e-03   7.0039566e-03   6.7436547e-03   5.0725690e-03   3.4560618e-03   3.0095091e-03   3.2917761e-03   3.7846991e-03   1.2368125e-02   2.1475209e-02   2.5499045e-02
  -6.9300000e+01   8.1385376e-03   8.1578600e-03   7.6363781e-03   5.3168855e-03   3.5420754e-03   3.1088113e-03   3.5215775e-03   4.1525337e-03   1.2642365e-02   2.1588401e-02   2.5539759e-02
  -6.8850000e+01   9.2964062e-03   9.3220581e-03   8.4430800e-03   5.5157033e-03   3.6202080e-03   3.2095582e-03   3.7563500e-03   4.5215138e-03   1.2915240e-02   2.1700876e-02   2.5580209e-02
  -6.8400000e+01   1.0455474e-02   1.0532830e-02   9.1058736e-03   5.6633321e-03   3.6903854e-03   3.3119677e-03   3.9961498e-03   4.8916000e-03   1.3186743e-02   2.1812634e-02   2.5620397e-02
  -6.7950000e+01   1.1624612e-02   1.1838616e-02   9.5510265e-03   5.7555919e-03   3.7526512e-03   3.4162710e-03   4.2410308e-03   5.2627524e-03   1.3456866e-02   2.1923674e-02   2.5660322e-02
  -6.7500000e+01   1.2775584e-02   1.2651119e-02   9.7092380e-03   5.7900530e-03   3.8071695e-03   3.5227126e-03   4.4910441e-03   5.6349309e-03   1.3725600e-02   2.2033997e-02   2.5699984e-02
  -6.7050000e+01   1.1624612e-02   1.1838616e-02   9.5510279e-03   5.7661955e-03   3.8542247e-03   3.6315502e-03   4.7462383e-03   6.0080945e-03   1.3992936e-02   2.2143601e-02   2.5739384e-02
  -6.6600000e+01   1.0455474e-02   1.0532830e-02   9.1058776e-03   5.6854764e-03   3.8942192e-03   3.7430546e-03   5.0066590e-03   6.3822018e-03   1.4258868e-02   2.2252487e-02   2.5778520e-02
  -6.6150000e+01   9.2964062e-03   9.3220581e-03   8.4430904e-03   5.5512986e-03   3.9276687e-03   3.8575091e-03   5.2723488e-03   6.7572110e-03   1.4523386e-02   2.2360655e-02   2.5817393e-02
  -6.5700000e+01   8.1385376e-03   8.1578600e-03   7.6364026e-03   5.3688868e-03   3.9551960e-03   3.9752100e-03   5.5433475e-03   7.1330798e-03   1.4786483e-02   2.2468103e-02   2.5856003e-02
  -6.5250000e+01   6.9819655e-03   7.0039566e-03   6.7437090e-03   5.1450770e-03   3.9775220e-03   4.0964654e-03   5.8196916e-03   7.5097654e-03   1.5048151e-02   2.2574832e-02   2.5894350e-02
  -6.4800000e+01   5.8229832e-03   5.8512310e-03   5.8060678e-03   4.8880371e-03   3.9954550e-03   4.2215956e-03   6.1014145e-03   7.8872244e-03   1.5308382e-02   2.2680841e-02   2.5932434e-02
  -6.4350000e+01   4.5960178e-03   4.6962283e-03   4.8550202e-03   4.6069343e-03   4.0098786e-03   4.3509322e-03   6.3885463e-03   8.2654130e-03   1.5567169e-02   2.2786130e-02   2.5970255e-02
  -6.3900000e+01   2.6166917e-03   3.5326766e-03   3.9206772e-03   4.3115718e-03   4.0217383e-03   4.4848181e-03   6.6811136e-03   8.6442872e-03   1.5824502e-02   2.2890699e-02   2.6007813e-02
  -6.3450000e+01   3.0246516e-04   2.3435335e-03   3.0380304e-03   4.0120140e-03   4.0320266e-03   4.6236065e-03   6.9791397e-03   9.0238021e-03   1.6080376e-02   2.2994548e-02   2.6045108e-02
  -6.3000000e+01   9.1599670e-06   1.1172118e-03   2.2486264e-03   3.7182184e-03   4.0417686e-03   4.7676607e-03   7.2826442e-03   9.4039127e-03   1.6334782e-02   2.3097676e-02   2.6082140e-02
  -6.2550000e+01   4.6530860e-08   1.2400686e-04   1.5927300e-03   3.4396926e-03   4.0520060e-03   4.9173537e-03   7.5916431e-03   9.7845733e-03   1.6587712e-02   2.3200082e-02   2.6118908e-02
  -6.2100000e+01  -1.9191458e-08  -1.0224047e-04   1.0927790e-03   3.1851860e-03   4.0637827e-03   5.0730668e-03   7.9061487e-03   1.0165738e-02   1.6839160e-02   2.3301767e-02   2.6155414e-02
  -6.1650000e+01  -2.0153365e-09  -3.6712858e-05   7.4234365e-04   2.9624281e-03   4.0781307e-03   5.2351896e-03   8.2261696e-03   1.0547361e-02   1.7089117e-02   2.3402731e-02   2.6191657e-02
  -6.1200000e+01  -1.0549324e-10  -6.7452950e-06   5.1351428e-04   2.7779170e-03   4.0960564e-03   5.4041188e-03   8.5517106e-03   1.0929394e-02   1.7337576e-02   2.3502973e-02   2.6227636e-02
  -6.0750000e+01  -1.3358077e-12  -5.5965308e-07   3.7460545e-04   2.6367604e-03   4.1185293e-03   5.5802574e-03   8.8827723e-03   1.1311791e-02   1.7584531e-02   2.3602492e-02   2.6263352e-02
  -6.0300000e+01  -4.4774975e-15   2.4627704e-07   3.0214051e-04   2.5425689e-03   4.1464720e-03   5.7640141e-03   9.2193517e-03   1.1694505e-02   1.7829973e-02   2.3701289e-02   2.6298806e-02
  -5.9850000e+01  -1.7695015e-16   2.7840108e-07   2.8346291e-04   2.4973979e-03   4.1807520e-03   5.9558016e-03   9.5614417e-03   1.2077487e-02   1.8073895e-02   2.3799363e-02   2.6333996e-02
  -5.9400000e+01  -4.7745170e-13  -6.0907154e-08   3.1540061e-04   2.5017372e-03   4.2221763e-03   6.1560364e-03   9.9090308e-03   1.2460688e-02   1.8316291e-02   2.3896714e-02   2.6368923e-02
  -5.8950000e+01  -6.2536049e-11  -3.1754690e-06   4.0353131e-04   2.5545428e-03   4.2714879e-03   6.3651367e-03   1.0262104e-02   1.2844061e-02   1.8557152e-02   2.3993341e-02   2.6403586e-02
  -5.8500000e+01  -1.5805652e-09  -2.0175146e-05   5.6281672e-04   2.6533117e-03   4.3293647e-03   6.5835221e-03   1.0620641e-02   1.3227556e-02   1.8796473e-02   2.4089246e-02   2.6437987e-02
  -5.8050000e+01  -1.2215926e-08  -7.1859488e-05   8.1681266e-04   2.7941979e-03   4.3964209e-03   6.8116117e-03   1.0984620e-02   1.3611123e-02   1.9034247e-02   2.4184426e-02   2.6472124e-02
  -5.7600000e+01  -2.5492882e-08  -2.2322898e-05   1.1904806e-03   2.9721692e-03   4.4732110e-03   7.0498228e-03   1.1354010e-02   1.3994714e-02   1.9270465e-02   2.4278882e-02   2.6505998e-02
  -5.7150000e+01   1.3644855e-06   6.0103625e-04   1.6959778e-03   3.1812060e-03   4.5602354e-03   7.2985699e-03   1.1728782e-02   1.4378278e-02   1.9505122e-02   2.4372614e-02   2.6539609e-02
  -5.6700000e+01   3.9115345e-05   1.6032467e-03   2.3220346e-03   3.4145401e-03   4.6579484e-03   7.5582626e-03   1.2108897e-02   1.4761765e-02   1.9738211e-02   2.4465621e-02   2.6572957e-02
  -5.6250000e+01   6.3013989e-04   2.6228673e-03   3.0382252e-03   3.6649319e-03   4.7667679e-03   7.8293042e-03   1.2494316e-02   1.5145124e-02   1.9969724e-02   2.4557903e-02   2.6606042e-02
  -5.5800000e+01   2.9182026e-03   3.6162628e-03   3.8087449e-03   3.9249781e-03   4.8870862e-03   8.1120904e-03   1.2884993e-02   1.5528304e-02   2.0199656e-02   2.4649460e-02   2.6638863e-02
  -5.5350000e+01   4.4949876e-03   4.5949101e-03   4.6019907e-03   4.1874434e-03   5.0192829e-03   8.4070071e-03   1.3280879e-02   1.5911254e-02   2.0427999e-02   2.4740292e-02   2.6671421e-02
  -5.4900000e+01   5.5348462e-03   5.5678376e-03   5.3914935e-03   4.4456006e-03   5.1637374e-03   8.7144291e-03   1.3681920e-02   1.6293923e-02   2.0654747e-02   2.4830398e-02   2.6703716e-02
  -5.4450000e+01   6.6083200e-03   6.5425645e-03   6.1516586e-03   4.6935659e-03   5.3208427e-03   9.0347178e-03   1.4088058e-02   1.6676260e-02   2.0879894e-02   2.4919778e-02   2.6735747e-02
  -5.4000000e+01   8.4671029e-03   7.5298984e-03   6.8515111e-03   4.9266084e-03   5.4910192e-03   9.3682197e-03   1.4499231e-02   1.7058211e-02   2.1103433e-02   2.5008432e-02   2.6767516e-02
  -5.3550000e+01   1.0420453e-02   8.5524999e-03   7.4483151e-03   5.1414145e-03   5.6747279e-03   9.7152644e-03   1.4915371e-02   1.7439726e-02   2.1325358e-02   2.5096360e-02   2.6799021e-02
  -5.3100000e+01   1.0681759e-02   9.6331902e-03   7.8855608e-03   5.3362869e-03   5.8724839e-03   1.0076163e-02   1.5336408e-02   1.7820751e-02   2.1545663e-02   2.5183561e-02   2.6830263e-02
  -5.2650000e+01   1.0692712e-02   1.0505249e-02   8.1039918e-03   5.5112590e-03   6.0848680e-03   1.0451205e-02   1.5762266e-02   1.8201235e-02   2.1764340e-02   2.5270035e-02   2.6861241e-02
  -5.2200000e+01   1.0692121e-02   1.0282892e-02   8.0680868e-03   5.6681099e-03   6.3125380e-03   1.0840658e-02   1.6192866e-02   1.8581124e-02   2.1981385e-02   2.5355782e-02   2.6891956e-02
  -5.1750000e+01   1.0667667e-02   9.2665286e-03   7.7889632e-03   5.8102707e-03   6.5562376e-03   1.1244765e-02   1.6628124e-02   1.8960366e-02   2.2196791e-02   2.5440802e-02   2.6922408e-02
  -5.1300000e+01   1.0231768e-02   8.2051656e-03   7.3191184e-03   5.9426207e-03   6.8168051e-03   1.1663742e-02   1.7067952e-02   1.9338907e-02   2.2410552e-02   2.5525094e-02   2.6952596e-02
  -5.0850000e+01   8.0382830e-03   7.1956652e-03   6.7253927e-03   6.0711800e-03   7.0951783e-03   1.2097776e-02   1.7512257e-02   1.9716695e-02   2.2622661e-02   2.5608658e-02   2.6982522e-02
  -5.0400000e+01   6.3195794e-03   6.2114366e-03   6.0674531e-03   6.2027137e-03   7.3923985e-03   1.2547026e-02   1.7960943e-02   2.0093677e-02   2.2833114e-02   2.5691495e-02   2.7012183e-02
  -4.9950000e+01   5.2567798e-03   5.2361832e-03   5.3932959e-03   6.3442740e-03   7.7096119e-03   1.3011617e-02   1.8413910e-02   2.0469797e-02   2.3041903e-02   2.5773603e-02   2.7041582e-02
  -4.9500000e+01   4.1766706e-03   4.2598086e-03   4.7456218e-03   6.5027083e-03   8.0480679e-03   1.3491640e-02   1.8871052e-02   2.0845004e-02   2.3249024e-02   2.5854983e-02   2.7070717e-02
  -4.9050000e+01   2.3242180e-03   3.2696248e-03   4.1719590e-03   6.6841734e-03   8.4091156e-03   1.3987151e-02   1.9332262e-02   2.1219244e-02   2.3454470e-02   2.5935634e-02   2.7099589e-02
  -4.8600000e+01   3.0994595e-04   2.2377051e-03   3.7349883e-03   6.8936924e-03   8.7941966e-03   1.4498171e-02   1.9797427e-02   2.1592463e-02   2.3658236e-02   2.6015556e-02   2.7128197e-02
  -4.8150000e+01   1.3937201e-05   1.1227585e-03   3.5172068e-03   7.1347963e-03   9.2048354e-03   1.5024681e-02   2.0266431e-02   2.1964606e-02   2.3860317e-02   2.6094750e-02   2.7156542e-02
  -4.7700000e+01   2.5649656e-07   1.9110691e-04   3.6078142e-03   7.4092832e-03   9.6426266e-03   1.5566621e-02   2.0739153e-02   2.2335621e-02   2.4060706e-02   2.6173214e-02   2.7184624e-02
  -4.7250000e+01   9.0163610e-07   6.8386284e-04   4.0660900e-03   7.7171281e-03   1.0109220e-02   1.6123893e-02   2.1215469e-02   2.2705452e-02   2.4259398e-02   2.6250948e-02   2.7212442e-02
  -4.6800000e+01   3.4987383e-05   2.5376855e-03   4.8854186e-03   8.0565589e-03   1.0606299e-02   1.6696357e-02   2.1695252e-02   2.3074048e-02   2.4456387e-02   2.6327952e-02   2.7239997e-02
  -4.6350000e+01   7.0788043e-04   4.5633166e-03   5.9957667e-03   8.4243088e-03   1.1135564e-02   1.7283828e-02   2.2178371e-02   2.3441352e-02   2.4651669e-02   2.6404227e-02   2.7267288e-02
  -4.5900000e+01   4.7411719e-03   6.5104915e-03   7.3014666e-03   8.8160356e-03   1.1698704e-02   1.7886081e-02   2.2664691e-02   2.3807313e-02   2.4845238e-02   2.6479772e-02   2.7294316e-02
  -4.5450000e+01   8.2169016e-03   8.4089125e-03   8.7151173e-03   9.2268881e-03   1.2297370e-02   1.8502846e-02   2.3154075e-02   2.4171874e-02   2.5037088e-02   2.6554586e-02   2.7321081e-02
  -4.5000000e+01   1.0288035e-02   1.0287896e-02   1.0167041e-02   9.6521814e-03   1.2933146e-02   1.9133811e-02   2.3646379e-02   2.4534984e-02   2.5227215e-02   2.6628670e-02   2.7347582e-02
  -4.4550000e+01   1.2359169e-02   1.2166999e-02   1.1597641e-02   1.0088136e-02   1.3607519e-02   1.9778618e-02   2.4141461e-02   2.4896587e-02   2.5415613e-02   2.6702022e-02   2.7373820e-02
  -4.4100000e+01   1.5834898e-02   1.4066871e-02   1.2943752e-02   1.0532621e-02   1.4321844e-02   2.0436867e-02   2.4639172e-02   2.5256630e-02   2.5602277e-02   2.6774644e-02   2.7399794e-02
  -4.3650000e+01   1.9868190e-02   1.6023101e-02   1.4124484e-02   1.0985843e-02   1.5077310e-02   2.1108117e-02   2.5139361e-02   2.5615059e-02   2.5787202e-02   2.6846535e-02   2.7425505e-02
  -4.3200000e+01   2.0541087e-02   1.8082990e-02   1.5033605e-02   1.1450911e-02   1.5874905e-02   2.1791882e-02   2.5641875e-02   2.5971821e-02   2.5970384e-02   2.6917695e-02   2.7450952e-02
  -4.2750000e+01   2.0575191e-02   1.9958806e-02   1.5553762e-02   1.1934230e-02   1.6715383e-02   2.2487637e-02   2.6146557e-02   2.6326862e-02   2.6151816e-02   2.6988123e-02   2.7476136e-02
  -4.2300000e+01   2.0575533e-02   2.0100658e-02   1.5602447e-02   1.2445657e-02   1.7599226e-02   2.3194816e-02   2.6653247e-02   2.6680128e-02   2.6331496e-02   2.7057819e-02   2.7501056e-02
  -4.1850000e+01   2.0549240e-02   1.8317594e-02   1.5182435e-02   1.2998404e-02   1.8526617e-02   2.3912816e-02   2.7161785e-02   2.7031566e-02   2.6509416e-02   2.7126784e-02   2.7525713e-02
  -4.1400000e+01   1.9979647e-02   1.6245780e-02   1.4385258e-02   1.3608652e-02   1.9497403e-02   2.4640996e-02   2.7672004e-02   2.7381124e-02   2.6685574e-02   2.7195016e-02   2.7550106e-02
  -4.0950000e+01   1.6103627e-02   1.4281120e-02   1.3344379e-02   1.4294892e-02   2.0511071e-02   2.5378681e-02   2.8183739e-02   2.7728747e-02   2.6859963e-02   2.7262516e-02   2.7574236e-02
  -4.0500000e+01   1.2538992e-02   1.2379391e-02   1.2188541e-02   1.5077016e-02   2.1566726e-02   2.6125164e-02   2.8696821e-02   2.8074383e-02   2.7032580e-02   2.7329284e-02   2.7598103e-02
  -4.0050000e+01   1.0460560e-02   1.0501121e-02   1.1027487e-02   1.5975200e-02   2.2663068e-02   2.6879707e-02   2.9211077e-02   2.8417979e-02   2.7203420e-02   2.7395319e-02   2.7621705e-02
  -3.9600000e+01   8.4154373e-03   8.6242868e-03   9.9635727e-03   1.7008657e-02   2.3798380e-02   2.7641545e-02   2.9726336e-02   2.8759482e-02   2.7372479e-02   2.7460621e-02   2.7645045e-02
  -3.9150000e+01   5.1081722e-03   6.7247809e-03   9.1151264e-03   1.8194322e-02   2.4970520e-02   2.8409890e-02   3.0242422e-02   2.9098841e-02   2.7539751e-02   2.7525191e-02   2.7668121e-02
  -3.8700000e+01   8.8729468e-04   4.7444328e-03   8.6439011e-03   1.9545577e-02   2.6176921e-02   2.9183929e-02   3.0759158e-02   2.9436003e-02   2.7705234e-02   2.7589027e-02   2.7690933e-02
  -3.8250000e+01   4.8485436e-05   2.5472212e-03   8.7732492e-03   2.1071097e-02   2.7414592e-02   2.9962833e-02   3.1276365e-02   2.9770916e-02   2.7868921e-02   2.7652130e-02   2.7713481e-02
  -3.7800000e+01   1.3379845e-06   4.1424327e-04   9.7640423e-03   2.2773915e-02   2.8680135e-02   3.0745757e-02   3.1793864e-02   3.0103529e-02   2.8030809e-02   2.7714500e-02   2.7735767e-02
  -3.7350000e+01   1.1855122e-06   1.4506783e-03   1.1820183e-02   2.4650767e-02   2.9969762e-02   3.1531844e-02   3.2311474e-02   3.0433789e-02   2.8190895e-02   2.7776136e-02   2.7757788e-02
  -3.6900000e+01   7.3621533e-05   7.3104647e-03   1.4972011e-02   2.6691796e-02   3.1279323e-02   3.2320229e-02   3.2829011e-02   3.0761646e-02   2.8349173e-02   2.7837038e-02   2.7779546e-02
  -3.6450000e+01   1.8035206e-03   1.4248133e-02   1.9053355e-02   2.8880631e-02   3.2604339e-02   3.3110041e-02   3.3346292e-02   3.1087050e-02   2.8505639e-02   2.7897206e-02   2.7801041e-02
  -3.6000000e+01   1.4735358e-02   2.0951610e-02   2.3798395e-02   3.1194855e-02   3.3940044e-02   3.3900411e-02   3.3863133e-02   3.1409948e-02   2.8660290e-02   2.7956640e-02   2.7822272e-02
  -3.5550000e+01   2.7041132e-02   2.7476481e-02   2.8952982e-02   3.3606828e-02   3.5281429e-02   3.4690468e-02   3.4379349e-02   3.1730291e-02   2.8813121e-02   2.8015340e-02   2.7843239e-02
  -3.5100000e+01   3.4147894e-02   3.3928614e-02   3.4319337e-02   3.6084824e-02   3.6623298e-02   3.5479350e-02   3.4894752e-02   3.2048030e-02   2.8964129e-02   2.8073305e-02   2.7863943e-02
  -3.4650000e+01   4.1032111e-02   4.0370085e-02   3.9744163e-02   3.8594394e-02   3.7960321e-02   3.6266206e-02   3.5409157e-02   3.2363113e-02   2.9113310e-02   2.8130536e-02   2.7884383e-02
  -3.4200000e+01   5.1470963e-02   4.6850026e-02   4.5086163e-02   4.1099878e-02   3.9287096e-02   3.7050195e-02   3.5922376e-02   3.2675493e-02   2.9260659e-02   2.8187032e-02   2.7904560e-02
  -3.3750000e+01   6.6618716e-02   5.3432090e-02   5.0181789e-02   4.3565951e-02   4.0598212e-02   3.7830494e-02   3.6434222e-02   3.2985119e-02   2.9406174e-02   2.8242794e-02   2.7924472e-02
  -3.3300000e+01   7.0531502e-02   6.0206181e-02   5.4821147e-02   4.5959111e-02   4.1888313e-02   3.8606302e-02   3.6944509e-02   3.3291944e-02   2.9549850e-02   2.8297820e-02   2.7944122e-02
  -3.2850000e+01   7.0781440e-02   6.6880547e-02   5.8759735e-02   4.8249008e-02   4.3152167e-02   3.9376839e-02   3.7453048e-02   3.3595919e-02   2.9691683e-02   2.8352111e-02   2.7963508e-02
  -3.2400000e+01   7.0790541e-02   7.0803132e-02   6.1793045e-02   5.0409539e-02   4.4384722e-02   4.0141352e-02   3.7959652e-02   3.3896996e-02   2.9831671e-02   2.8405667e-02   2.7982630e-02
  -3.1950000e+01   7.0783051e-02   7.0424764e-02   6.3860807e-02   5.2419644e-02   4.5581179e-02   4.0899119e-02   3.8464135e-02   3.4195127e-02   2.9969809e-02   2.8458488e-02   2.8001488e-02
  -3.1500000e+01   7.0584733e-02   6.9235582e-02   6.5079183e-02   5.4263759e-02   4.6737044e-02   4.1649448e-02   3.8966311e-02   3.4490267e-02   3.0106095e-02   2.8510573e-02   2.8020083e-02
  -3.1050000e+01   6.9008124e-02   6.8298633e-02   6.5662489e-02   5.5931930e-02   4.7848189e-02   4.2391683e-02   3.9465992e-02   3.4782367e-02   3.0240524e-02   2.8561922e-02   2.8038414e-02
  -3.0600000e+01   6.7520204e-02   6.7472836e-02   6.5820084e-02   5.7419592e-02   4.8910901e-02   4.3125203e-02   3.9962995e-02   3.5071382e-02   3.0373094e-02   2.8612535e-02   2.8056482e-02
  -3.0150000e+01   6.6653504e-02   6.6673392e-02   6.5707900e-02   5.8727062e-02   4.9921930e-02   4.3849428e-02   4.0457134e-02   3.5357266e-02   3.0503800e-02   2.8662412e-02   2.8074286e-02
  -2.9700000e+01   6.5825749e-02   6.5877812e-02   6.5431263e-02   5.9858794e-02   5.0878526e-02   4.4563817e-02   4.0948227e-02   3.5639974e-02   3.0632640e-02   2.8711554e-02   2.8091826e-02
  -2.9250000e+01   6.4717277e-02   6.5078968e-02   6.5065196e-02   6.0822483e-02   5.1778475e-02   4.5267870e-02   4.1436092e-02   3.5919460e-02   3.0759611e-02   2.8759959e-02   2.8109103e-02
  -2.8800000e+01   6.2849404e-02   6.4268274e-02   6.4673125e-02   6.1628087e-02   5.2620123e-02   4.5961132e-02   4.1920546e-02   3.6195681e-02   3.0884709e-02   2.8807628e-02   2.8126116e-02
  -2.8350000e+01   6.2074936e-02   6.3423122e-02   6.4319037e-02   6.2286843e-02   5.3402395e-02   4.6643190e-02   4.2401412e-02   3.6468592e-02   3.1007931e-02   2.8854560e-02   2.8142865e-02
  -2.7900000e+01   6.2012081e-02   6.2544944e-02   6.4069468e-02   6.2810352e-02   5.4124805e-02   4.7313676e-02   4.2878510e-02   3.6738150e-02   3.1129274e-02   2.8900756e-02   2.8159351e-02
  -2.7450000e+01   6.2009534e-02   6.2093813e-02   6.3980398e-02   6.3209790e-02   5.4787460e-02   4.7972266e-02   4.3351664e-02   3.7004312e-02   3.1248735e-02   2.8946214e-02   2.8175573e-02
  -2.7000000e+01   6.2015252e-02   6.2642337e-02   6.4074885e-02   6.3495300e-02   5.5391054e-02   4.8618679e-02   4.3820699e-02   3.7267036e-02   3.1366312e-02   2.8990937e-02   2.8191531e-02
  -2.6550000e+01   6.2199267e-02   6.3459557e-02   6.4333446e-02   6.3675574e-02   5.5936853e-02   4.9252679e-02   4.4285442e-02   3.7526280e-02   3.1482001e-02   2.9034922e-02   2.8207226e-02
  -2.6100000e+01   6.3651042e-02   6.4222317e-02   6.4709061e-02   6.3757664e-02   5.6426679e-02   4.9874075e-02   4.4745723e-02   3.7782002e-02   3.1595799e-02   2.9078170e-02   2.8222656e-02
  -2.5650000e+01   6.4892724e-02   6.4955341e-02   6.5150154e-02   6.3746998e-02   5.6862882e-02   5.0482713e-02   4.5201371e-02   3.8034161e-02   3.1707705e-02   2.9120681e-02   2.8237824e-02
  -2.5200000e+01   6.5662430e-02   6.5680126e-02   6.5612197e-02   6.3647590e-02   5.7248302e-02   5.1078484e-02   4.5652220e-02   3.8282718e-02   3.1817714e-02   2.9162454e-02   2.8252727e-02
  -2.4750000e+01   6.6389489e-02   6.6403124e-02   6.6056395e-02   6.3462412e-02   5.7586234e-02   5.1661315e-02   4.6098106e-02   3.8527633e-02   3.1925824e-02   2.9203491e-02   2.8267367e-02
  -2.4300000e+01   6.7115036e-02   6.7127770e-02   6.6441860e-02   6.3193887e-02   5.7880376e-02   5.2231174e-02   4.6538866e-02   3.8768866e-02   3.2032033e-02   2.9243790e-02   2.8281743e-02
  -2.3850000e+01   6.7841396e-02   6.7865442e-02   6.6715264e-02   6.2844454e-02   5.8134783e-02   5.2788061e-02   4.6974340e-02   3.9006379e-02   3.2136338e-02   2.9283351e-02   2.8295855e-02
  -2.3400000e+01   6.8568560e-02   6.8663218e-02   6.6801426e-02   6.2417149e-02   5.8353810e-02   5.3332009e-02   4.7404370e-02   3.9240133e-02   3.2238736e-02   2.9322174e-02   2.8309704e-02
  -2.2950000e+01   6.9308291e-02   6.9584134e-02   6.6604788e-02   6.1916166e-02   5.8542047e-02   5.3863085e-02   4.7828802e-02   3.9470092e-02   3.2339225e-02   2.9360260e-02   2.8323289e-02
  -2.2500000e+01   7.0023967e-02   6.9861843e-02   6.6036030e-02   6.1347342e-02   5.8704263e-02   5.4381380e-02   4.8247484e-02   3.9696219e-02   3.2437803e-02   2.9397608e-02   2.8336610e-02
  -2.2050000e+01   6.7741209e-02   6.8022875e-02   6.5058323e-02   6.0718530e-02   5.8845337e-02   5.4887012e-02   4.8660266e-02   3.9918477e-02   3.2534468e-02   2.9434217e-02   2.8349668e-02
  -2.1600000e+01   6.5435180e-02   6.5542047e-02   6.3712270e-02   6.0039841e-02   5.8970192e-02   5.5380123e-02   4.9067001e-02   4.0136831e-02   3.2629216e-02   2.9470089e-02   2.8362462e-02
  -2.1150000e+01   6.3142819e-02   6.3185613e-02   6.2090952e-02   5.9323732e-02   5.9083725e-02   5.5860873e-02   4.9467546e-02   4.0351245e-02   3.2722045e-02   2.9505223e-02   2.8374992e-02
  -2.0700000e+01   6.0852778e-02   6.0890425e-02   6.0293977e-02   5.8584940e-02   5.9190744e-02   5.6329439e-02   4.9861760e-02   4.0561686e-02   3.2812954e-02   2.9539618e-02   2.8387258e-02
  -2.0250000e+01   5.8565300e-02   5.8609069e-02   5.8401499e-02   5.7840273e-02   5.9295899e-02   5.6786011e-02   5.0249504e-02   4.0768120e-02   3.2901941e-02   2.9573275e-02   2.8399261e-02
  -1.9800000e+01   5.6273056e-02   5.6329143e-02   5.6473758e-02   5.7108269e-02   5.9403621e-02   5.7230793e-02   5.0630644e-02   4.0970513e-02   3.2989002e-02   2.9606193e-02   2.8411000e-02
  -1.9350000e+01   5.3846354e-02   5.4044521e-02   5.4562198e-02   5.6408746e-02   5.9518057e-02   5.7663993e-02   5.1005049e-02   4.1168834e-02   3.3074136e-02   2.9638373e-02   2.8422475e-02
  -1.8900000e+01   4.9931628e-02   5.1741662e-02   5.2722677e-02   5.5762281e-02   5.9643019e-02   5.8085827e-02   5.1372589e-02   4.1363050e-02   3.3157341e-02   2.9669814e-02   2.8433686e-02
  -1.8450000e+01   4.5354532e-02   4.9381535e-02   5.1026801e-02   5.5189623e-02   5.9781930e-02   5.8496512e-02   5.1733138e-02   4.1553130e-02   3.3238615e-02   2.9700517e-02   2.8444634e-02
  -1.8000000e+01   4.4774422e-02   4.6932656e-02   4.9564240e-02   5.4711085e-02   5.9937780e-02   5.8896265e-02   5.2086575e-02   4.1739044e-02   3.3317957e-02   2.9730481e-02   2.8455317e-02
  -1.7550000e+01   4.4756397e-02   4.5004754e-02   4.8424005e-02   5.4345930e-02   6.0113088e-02   5.9285300e-02   5.2432779e-02   4.1920762e-02   3.3395363e-02   2.9759705e-02   2.8465738e-02
  -1.7100000e+01   4.4757533e-02   4.4847440e-02   4.7656046e-02   5.4111764e-02   6.0309872e-02   5.9663826e-02   5.2771636e-02   4.2098254e-02   3.3470833e-02   2.9788191e-02   2.8475894e-02
  -1.6650000e+01   4.4788314e-02   4.5386594e-02   4.7245715e-02   5.4023961e-02   6.0529628e-02   6.0032044e-02   5.3103032e-02   4.2271493e-02   3.3544364e-02   2.9815938e-02   2.8485786e-02
  -1.6200000e+01   4.5167228e-02   4.5850207e-02   4.7130779e-02   5.4095126e-02   6.0773317e-02   6.0390145e-02   5.3426857e-02   4.2440451e-02   3.3615955e-02   2.9842946e-02   2.8495415e-02
  -1.5750000e+01   4.6081089e-02   4.6257318e-02   4.7242311e-02   5.4334600e-02   6.1041363e-02   6.0738312e-02   5.3743006e-02   4.2605100e-02   3.3685604e-02   2.9869215e-02   2.8504780e-02
  -1.5300000e+01   4.6623412e-02   4.6649844e-02   4.7532674e-02   5.4748028e-02   6.1333656e-02   6.1076710e-02   5.4051374e-02   4.2765414e-02   3.3753310e-02   2.9894745e-02   2.8513881e-02
  -1.4850000e+01   4.7028394e-02   4.7039599e-02   4.7982485e-02   5.5336979e-02   6.1649572e-02   6.1405492e-02   5.4351863e-02   4.2921367e-02   3.3819070e-02   2.9919535e-02   2.8522719e-02
  -1.4400000e+01   4.7452429e-02   4.7428489e-02   4.8599647e-02   5.6098652e-02   6.1987993e-02   6.1724797e-02   5.4644376e-02   4.3072935e-02   3.3882884e-02   2.9943586e-02   2.8531293e-02
  -1.3950000e+01   4.8180397e-02   4.7808223e-02   4.9421426e-02   5.7025664e-02   6.2347348e-02   6.2034743e-02   5.4928818e-02   4.3220093e-02   3.3944750e-02   2.9966898e-02   2.8539602e-02
  -1.3500000e+01   4.8951745e-02   4.8133065e-02   5.0520450e-02   5.8105953e-02   6.2725648e-02   6.2335434e-02   5.5205101e-02   4.3362818e-02   3.4004666e-02   2.9989470e-02   2.8547649e-02
  -1.3050000e+01   4.9048689e-02   4.8308618e-02   5.2003185e-02   5.9322808e-02   6.3120540e-02   6.2626956e-02   5.5473138e-02   4.3501086e-02   3.4062631e-02   3.0011303e-02   2.8555431e-02
  -1.2600000e+01   4.9052249e-02   4.8883135e-02   5.3980558e-02   6.0655063e-02   6.3529358e-02   6.2909375e-02   5.5732844e-02   4.3634876e-02   3.4118644e-02   3.0032396e-02   2.8562950e-02
  -1.2150000e+01   4.9058723e-02   5.1864075e-02   5.6508399e-02   6.2077459e-02   6.3949191e-02   6.3182740e-02   5.5984139e-02   4.3764166e-02   3.4172703e-02   3.0052749e-02   2.8570204e-02
  -1.1700000e+01   4.9233190e-02   5.6476762e-02   5.9542656e-02   6.3561199e-02   6.4376941e-02   6.3447081e-02   5.6226945e-02   4.3888936e-02   3.4224807e-02   3.0072363e-02   2.8577195e-02
  -1.1250000e+01   5.1964749e-02   6.1177532e-02   6.2957427e-02   6.5074691e-02   6.4809390e-02   6.3702410e-02   5.6461190e-02   4.4009164e-02   3.4274955e-02   3.0091237e-02   2.8583922e-02
  -1.0800000e+01   6.2539573e-02   6.5766151e-02   6.6603364e-02   6.6584474e-02   6.5243273e-02   6.3948724e-02   5.6686801e-02   4.4124833e-02   3.4323146e-02   3.0109371e-02   2.8590386e-02
  -1.0350000e+01   6.9827058e-02   7.0288908e-02   7.0348543e-02   6.8056296e-02   6.5675336e-02   6.4186000e-02   5.6903710e-02   4.4235924e-02   3.4369378e-02   3.0126765e-02   2.8596585e-02
  -9.9000000e+00   7.4633011e-02   7.4785621e-02   7.4082831e-02   6.9456305e-02   6.6102405e-02   6.4414202e-02   5.7111853e-02   4.4342419e-02   3.4413651e-02   3.0143420e-02   2.8602521e-02
  -9.4500000e+00   7.9594324e-02   7.9290384e-02   7.7700338e-02   7.0752306e-02   6.6521443e-02   6.4633278e-02   5.7311168e-02   4.4444300e-02   3.4455963e-02   3.0159335e-02   2.8608193e-02
  -9.0000000e+00   8.8185130e-02   8.3850872e-02   8.1073512e-02   7.1915017e-02   6.6929605e-02   6.4843165e-02   5.7501596e-02   4.4541552e-02   3.4496314e-02   3.0174509e-02   2.8613601e-02
  -8.5500000e+00   9.7212999e-02   8.8561451e-02   8.4026614e-02   7.2919255e-02   6.7324284e-02   6.5043784e-02   5.7683081e-02   4.4634159e-02   3.4534702e-02   3.0188944e-02   2.8618746e-02
  -8.1000000e+00   9.8420678e-02   9.3505165e-02   8.6326698e-02   7.3744986e-02   6.7703148e-02   6.5235050e-02   5.7855571e-02   4.4722107e-02   3.4571127e-02   3.0202639e-02   2.8623626e-02
  -7.6500000e+00   9.8471283e-02   9.7555907e-02   8.7727286e-02   7.4378179e-02   6.8064174e-02   6.5416865e-02   5.8019015e-02   4.4805380e-02   3.4605588e-02   3.0215594e-02   2.8628243e-02
  -7.2000000e+00   9.8469434e-02   9.7117626e-02   8.8074918e-02   7.4811395e-02   6.8405663e-02   6.5589127e-02   5.8173366e-02   4.4883966e-02   3.4638084e-02   3.0227808e-02   2.8632596e-02
  -6.7500000e+00   9.8383375e-02   9.3500052e-02   8.7401718e-02   7.5044097e-02   6.8726254e-02   6.5751724e-02   5.8318581e-02   4.4957853e-02   3.4668614e-02   3.0239283e-02   2.8636685e-02
  -6.3000000e+00   9.6849722e-02   8.9729376e-02   8.5903850e-02   7.5082630e-02   6.9024924e-02   6.5904545e-02   5.8454618e-02   4.5027028e-02   3.4697178e-02   3.0250017e-02   2.8640510e-02
  -5.8500000e+00   8.9132264e-02   8.6168594e-02   8.3830813e-02   7.4939902e-02   6.9300976e-02   6.6047473e-02   5.8581437e-02   4.5091480e-02   3.4723775e-02   3.0260011e-02   2.8644072e-02
  -5.4000000e+00   8.3085254e-02   8.2704108e-02   8.1395732e-02   7.4634773e-02   6.9554025e-02   6.6180391e-02   5.8699005e-02   4.5151200e-02   3.4748404e-02   3.0269265e-02   2.8647370e-02
  -4.9500000e+00   7.9345948e-02   7.9272252e-02   7.8752589e-02   7.4191197e-02   6.9783966e-02   6.6303184e-02   5.8807287e-02   4.5206177e-02   3.4771065e-02   3.0277779e-02   2.8650404e-02
  -4.5000000e+00   7.5545740e-02   7.5837807e-02   7.6013561e-02   7.3637169e-02   6.9990947e-02   6.6415737e-02   5.8906254e-02   4.5256403e-02   3.4791757e-02   3.0285552e-02   2.8653174e-02
  -4.0500000e+00   6.9028154e-02   7.2367264e-02   7.3275086e-02   7.3003546e-02   7.0175320e-02   6.6517943e-02   5.8995877e-02   4.5301870e-02   3.4810480e-02   3.0292585e-02   2.8655680e-02
  -3.6000000e+00   6.1941234e-02   6.8816453e-02   7.0640009e-02   7.2322794e-02   7.0337604e-02   6.6609696e-02   5.9076133e-02   4.5342570e-02   3.4827233e-02   3.0298878e-02   2.8657922e-02
  -3.1500000e+00   6.0899808e-02   6.5173968e-02   6.8228929e-02   7.1627736e-02   7.0478437e-02   6.6690902e-02   5.9146999e-02   4.5378497e-02   3.4842016e-02   3.0304431e-02   2.8659901e-02
  -2.7000000e+00   6.0851801e-02   6.1932969e-02   6.6168007e-02   7.0950340e-02   7.0598523e-02   6.6761470e-02   5.9208455e-02   4.5409646e-02   3.4854829e-02   3.0309243e-02   2.8661616e-02
  -2.2500000e+00   6.0850644e-02   6.0597216e-02   6.4547249e-02   7.0320610e-02   7.0698589e-02   6.6821321e-02   5.9260485e-02   4.5436011e-02   3.4865671e-02   3.0313315e-02   2.8663067e-02
  -1.8000000e+00   6.0850712e-02   6.0680938e-02   6.3378395e-02   6.9765593e-02   7.0779338e-02   6.6870388e-02   5.9303074e-02   4.5457588e-02   3.4874542e-02   3.0316646e-02   2.8664254e-02
  -1.3500000e+00   6.0850728e-02   6.0811343e-02   6.2598466e-02   6.9308542e-02   7.0841408e-02   6.6908612e-02   5.9336211e-02   4.5474374e-02   3.4881442e-02   3.0319238e-02   2.8665177e-02
  -9.0000000e-01   6.0850730e-02   6.0845810e-02   6.2116420e-02   6.8968231e-02   7.0885335e-02   6.6935948e-02   5.9359887e-02   4.5486365e-02   3.4886370e-02   3.0321089e-02   2.8665837e-02
  -4.5000000e-01   6.0850730e-02   6.0851335e-02   6.1856585e-02   6.8758435e-02   7.0911523e-02   6.6952363e-02   5.9374095e-02   4.5493561e-02   3.4889328e-02   3.0322199e-02   2.8666233e-02
   0.0000000e+00   6.0850730e-02   6.0851789e-02   6.1774644e-02   6.8687560e-02   7.0920223e-02   6.6957837e-02   5.9378832e-02   4.5495960e-02   3.4890313e-02   3.0322569e-02   2.8666365e-02
   4.5000000e-01   6.0850730e-02   6.0851335e-02   6.1856585e-02   6.8758435e-02   7.0911523e-02   6.6952363e-02   5.9374095e-02   4.5493561e-02   3.4889328e-02   3.0322199e-02   2.8666233e-02
   9.0000000e-01   6.0850730e-02   6.0845810e-02   6.2116420e-02   6.8968231e-02   7.0885335e-02   6.6935948e-02   5.9359887e-02   4.5486365e-02   3.4886370e-02   3.0321089e-02   2.8665837e-02
   1.3500000e+00   6.0850728e-02   6.0811343e-02   6.2598466e-02   6.9308542e-02   7.0841408e-02   6.6908612e-02   5.9336211e-02   4.5474374e-02   3.4881442e-02   3.0319238e-02   2.8665177e-02
   1.8000000e+00   6.0850712e-02   6.0680938e-02   6.3378395e-02   6.9765593e-02   7.0779338e-02   6.6870388e-02   5.9303074e-02   4.5457588e-02   3.4874542e-02   3.0316646e-02   2.8664254e-02
   2.2500000e+00   6.0850644e-02   6.0597216e-02   6.4547249e-02   7.0320610e-02   7.0698589e-02   6.6821321e-02   5.9260485e-02   4.5436011e-02   3.4865671e-02   3.0313315e-02   2.8663067e-02
   2.7000000e+00   6.0851801e-02   6.1932969e-02   6.6168007e-02   7.0950340e-02   7.0598523e-02   6.6761470e-02   5.9208455e-02   4.5409646e-02   3.4854829e-02   3.0309243e-02   2.8661616e-02
   3.1500000e+00   6.0899808e-02   6.5173968e-02   6.8228929e-02   7.1627736e-02   7.0478437e-02   6.6690902e-02   5.9146999e-02   4.5378497e-02   3.4842016e-02   3.0304431e-02   2.8659901e-02
   3.6000000e+00   6.1941234e-02   6.8816453e-02   7.0640009e-02   7.2322794e-02   7.0337604e-02   6.6609696e-02   5.9076133e-02   4.5342570e-02   3.4827233e-02   3.0298878e-02   2.8657922e-02
   4.0500000e+00   6.9028154e-02   7.2367264e-02   7.3275086e-02   7.3003546e-02   7.0175320e-02   6.6517943e-02   5.8995877e-02   4.5301870e-02   3.4810480e-02   3.0292585e-02   2.8655680e-02
   4.5000000e+00   7.5545740e-02   7.5837807e-02   7.6013561e-02   7.3637169e-02   6.9990947e-02   6.6415737e-02   5.8906254e-02   4.5256403e-02   3.4791757e-02   3.0285552e-02   2.8653174e-02
   4.9500000e+00   7.9345948e-02   7.9272252e-02   7.8752589e-02   7.4191197e-02   6.9783966e-02   6.6303184e-02   5.8807287e-02   4.5206177e-02   3.4771065e-02   3.0277779e-02   2.8650404e-02
   5.4000000e+00   8.3085254e-02   8.2704108e-02   8.1395732e-02   7.4634773e-02   6.9554025e-02   6.6180391e-02   5.8699005e-02   4.5151200e-02   3.4748404e-02   3.0269265e-02   2.8647370e-02
   5.8500000e+00   8.9132264e-02   8.6168594e-02   8.3830813e-02   7.4939902e-02   6.9300976e-02   6.6047473e-02   5.8581437e-02   4.5091480e-02   3.4723775e-02   3.0260011e-02   2.8644072e-02
   6.3000000e+00   9.6849722e-02   8.9729376e-02   8.5903850e-02   7.5082630e-02   6.9024924e-02   6.5904545e-02   5.8454618e-02   4.5027028e-02   3.4697178e-02   3.0250017e-02   2.8640510e-02
   6.7500000e+00   9.8383375e-02   9.3500052e-02   8.7401718e-02   7.5044097e-02   6.8726254e-02   6.5751724e-02   5.8318581e-02   4.4957853e-02   3.4668614e-02   3.0239283e-02   2.8636685e-02
   7.2000000e+00   9.8469434e-02   9.7117626e-02   8.8074918e-02   7.4811395e-02   6.8405663e-02   6.5589127e-02   5.8173366e-02   4.4883966e-02   3.4638084e-02   3.0227808e-02   2.8632596e-02
   7.6500000e+00   9.8471283e-02   9.7555907e-02   8.7727286e-02   7.4378179e-02   6.8064174e-02   6.5416865e-02   5.8019015e-02   4.4805380e-02   3.4605588e-02   3.0215594e-02   2.8628243e-02
   8.1000000e+00   9.8420678e-02   9.3505165e-02   8.6326698e-02   7.3744986e-02   6.7703148e-02   6.5235050e-02   5.7855571e-02   4.4722107e-02   3.4571127e-02   3.0202639e-02   2.8623626e-02
   8.5500000e+00   9.7212999e-02   8.8561451e-02   8.4026614e-02   7.2919255e-02   6.7324284e-02   6.5043784e-02   5.7683081e-02   4.4634159e-02   3.4534702e-02   3.0188944e-02   2.8618746e-02
   9.0000000e+00   8.8185130e-02   8.3850872e-02   8.1073512e-02   7.1915017e-02   6.6929605e-02   6.4843165e-02   5.7501596e-02   4.4541552e-02   3.4496314e-02   3.0174509e-02   2.8613601e-02
   9.4500000e+00   7.9594324e-02   7.9290384e-02   7.7700338e-02   7.0752306e-02   6.6521443e-02   6.4633278e-02   5.7311168e-02   4.4444300e-02   3.4455963e-02   3.0159335e-02   2.8608193e-02
   9.9000000e+00   7.4633011e-02   7.4785621e-02   7.4082831e-02   6.9456305e-02   6.6102405e-02   6.4414202e-02   5.7111853e-02   4.4342419e-02   3.4413651e-02   3.0143420e-02   2.8602521e-02
   1.0350000e+01   6.9827058e-02   7.0288908e-02   7.0348543e-02   6.8056296e-02   6.5675336e-02   6.4186000e-02   5.6903710e-02   4.4235924e-02   3.4369378e-02   3.0126765e-02   2.8596585e-02
   1.0800000e+01   6.2539573e-02   6.5766151e-02   6.6603364e-02   6.6584474e-02   6.5243273e-02   6.3948724e-02   5.6686801e-02   4.4124833e-02   3.4323146e-02   3.0109371e-02   2.8590386e-02
   1.1250000e+01   5.1964749e-02   6.1177532e-02   6.2957427e-02   6.5074691e-02   6.4809390e-02   6.3702410e-02   5.6461190e-02   4.4009164e-02   3.4274955e-02   3.0091237e-02   2.8583922e-02
   1.1700000e+01   4.9233190e-02   5.6476762e-02   5.9542656e-02   6.3561199e-02   6.4376941e-02   6.3447081e-02   5.6226945e-02   4.3888936e-02   3.4224807e-02   3.0072363e-02   2.8577195e-02
   1.2150000e+01   4.9058723e-02   5.1864075e-02   5.6508399e-02   6.2077459e-02   6.3949191e-02   6.3182740e-02   5.5984139e-02   4.3764166e-02   3.4172703e-02   3.0052749e-02   2.8570204e-02
   1.2600000e+01   4.9052249e-02   4.8883135e-02   5.3980558e-02   6.0655063e-02   6.3529358e-02   6.2909375e-02   5.5732844e-02   4.3634876e-02   3.4118644e-02   3.0032396e-02   2.8562950e-02
   1.3050000e+01   4.9048689e-02   4.8308618e-02   5.2003185e-02   5.9322808e-02   6.3120540e-02   6.2626956e-02   5.5473138e-02   4.3501086e-02   3.4062631e-02   3.0011303e-02   2.8555431e-02
   1.3500000e+01   4.8951745e-02   4.8133065e-02   5.0520450e-02   5.8105953e-02   6.2725648e-02   6.2335434e-02   5.5205101e-02   4.3362818e-02   3.4004666e-02   2.9989470e-02   2.8547649e-02
   1.3950000e+01   4.8180397e-02   4.7808223e-02   4.9421426e-02   5.7025664e-02   6.2347348e-02   6.2034743e-02   5.4928818e-02   4.3220093e-02   3.3944750e-02   2.9966898e-02   2.8539602e-02
   1.4400000e+01   4.7452429e-02   4.7428489e-02   4.8599647e-02   5.6098652e-02   6.1987993e-02   6.1724797e-02   5.4644376e-02   4.3072935e-02   3.3882884e-02   2.9943586e-02   2.8531293e-02
   1.4850000e+01   4.7028394e-02   4.7039599e-02   4.7982485e-02   5.5336979e-02   6.1649572e-02   6.1405492e-02   5.4351863e-02   4.2921367e-02   3.3819070e-02   2.9919535e-02   2.8522719e-02
   1.5300000e+01   4.6623412e-02   4.6649844e-02   4.7532674e-02   5.4748028e-02   6.1333656e-02   6.1076710e-02   5.4051374e-02   4.2765414e-02   3.3753310e-02   2.9894745e-02   2.8513881e-02
   1.5750000e+01   4.6081089e-02   4.6257318e-02   4.7242311e-02   5.4334600e-02   6.1041363e-02   6.0738312e-02   5.3743006e-02   4.2605100e-02   3.3685604e-02   2.9869215e-02   2.8504780e-02
   1.6200000e+01   4.5167228e-02   4.5850207e-02   4.7130779e-02   5.4095126e-02   6.0773317e-02   6.0390145e-02   5.3426857e-02   4.2440451e-02   3.3615955e-02   2.9842946e-02   2.8495415e-02
   1.6650000e+01   4.4788314e-02   4.5386594e-02   4.7245715e-02   5.4023961e-02   6.0529628e-02   6.0032044e-02   5.3103032e-02   4.2271493e-02   3.3544364e-02   2.9815938e-02   2.8485786e-02
   1.7100000e+01   4.4757533e-02   4.4847440e-02   4.7656046e-02   5.4111764e-02   6.0309872e-02   5.9663826e-02   5.2771636e-02   4.2098254e-02   3.3470833e-02   2.9788191e-02   2.8475894e-02
   1.7550000e+01   4.4756397e-02   4.5004754e-02   4.8424005e-02   5.4345930e-02   6.0113088e-02   5.9285300e-02   5.2432779e-02   4.1920762e-02   3.3395363e-02   2.9759705e-02   2.8465738e-02
   1.8000000e+01   4.4774422e-02   4.6932656e-02   4.9564240e-02   5.4711085e-02   5.9937780e-02   5.8896265e-02   5.2086575e-02   4.1739044e-02   3.3317957e-02   2.9730481e-02   2.8455317e-02
   1.8450000e+01   4.5354532e-02   4.9381535e-02   5.1026801e-02   5.5189623e-02   5.9781930e-02   5.8496512e-02   5.1733138e-02   4.1553130e-02   3.3238615e-02   2.9700517e-02   2.8444634e-02
   1.8900000e+01   4.9931628e-02   5.1741662e-02   5.2722677e-02   5.5762281e-02   5.9643019e-02   5.8085827e-02   5.1372589e-02   4.1363050e-02   3.3157341e-02   2.9669814e-02   2.8433686e-02
   1.9350000e+01   5.3846354e-02   5.4044521e-02   5.4562198e-02   5.6408746e-02   5.9518057e-02   5.7663993e-02   5.1005049e-02   4.1168834e-02   3.3074136e-02   2.9638373e-02   2.8422475e-02
   1.9800000e+01   5.6273056e-02   5.6329143e-02   5.6473758e-02   5.7108269e-02   5.9403621e-02   5.7230793e-02   5.0630644e-02   4.0970513e-02   3.2989002e-02   2.9606193e-02   2.8411000e-02
   2.0250000e+01   5.8565300e-02   5.8609069e-02   5.8401499e-02   5.7840273e-02   5.9295899e-02   5.6786011e-02   5.0249504e-02   4.0768120e-02   3.2901941e-02   2.9573275e-02   2.8399261e-02
   2.0700000e+01   6.0852778e-02   6.0890425e-02   6.0293977e-02   5.8584940e-02   5.9190744e-02   5.6329439e-02   4.9861760e-02   4.0561686e-02   3.2812954e-02   2.9539618e-02   2.8387258e-02
   2.1150000e+01   6.3142819e-02   6.3185613e-02   6.2090952e-02   5.9323732e-02   5.9083725e-02   5.5860873e-02   4.9467546e-02   4.0351245e-02   3.2722045e-02   2.9505223e-02   2.8374992e-02
   2.1600000e+01   6.5435180e-02   6.5542047e-02   6.3712270e-02   6.0039841e-02   5.8970192e-02   5.5380123e-02   4.9067001e-02   4.0136831e-02   3.2629216e-02   2.9470089e-02   2.8362462e-02
   2.2050000e+01   6.7741209e-02   6.8022875e-02   6.5058323e-02   6.0718530e-02   5.8845337e-02   5.4887012e-02   4.8660266e-02   3.9918477e-02   3.2534468e-02   2.9434217e-02   2.8349668e-02
   2.2500000e+01   7.0023967e-02   6.9861843e-02   6.6036030e-02   6.1347342e-02   5.8704263e-02   5.4381380e-02   4.8247484e-02   3.9696219e-02   3.2437803e-02   2.9397608e-02   2.8336610e-02
   2.2950000e+01   6.9308291e-02   6.9584134e-02   6.6604788e-02   6.1916166e-02   5.8542047e-02   5.3863085e-02   4.7828802e-02   3.9470092e-02   3.2339225e-02   2.9360260e-02   2.8323289e-02
   2.3400000e+01   6.8568560e-02   6.8663218e-02   6.6801426e-02   6.2417149e-02   5.8353810e-02   5.3332009e-02   4.7404370e-02   3.9240133e-02   3.2238736e-02   2.9322174e-02   2.8309704e-02
   2.3850000e+01   6.7841396e-02   6.7865442e-02   6.6715264e-02   6.2844454e-02   5.8134783e-02   5.2788061e-02   4.6974340e-02   3.9006379e-02   3.2136338e-02   2.9283351e-02   2.8295855e-02
   2.4300000e+01   6.7115036e-02   6.7127770e-02   6.6441860e-02   6.3193887e-02   5.7880376e-02   5.2231174e-02   4.6538866e-02   3.8768866e-02   3.2032033e-02   2.9243790e-02   2.8281743e-02
   2.4750000e+01   6.6389489e-02   6.6403124e-02   6.6056395e-02   6.3462412e-02   5.7586234e-02   5.1661315e-02   4.6098106e-02   3.8527633e-02   3.1925824e-02   2.9203491e-02   2.8267367e-02
   2.5200000e+01   6.5662430e-02   6.5680126e-02   6.5612197e-02   6.3647590e-02   5.7248302e-02   5.1078484e-02   4.5652220e-02   3.8282718e-02   3.1817714e-02   2.9162454e-02   2.8252727e-02
   2.5650000e+01   6.4892724e-02   6.4955341e-02   6.5150154e-02   6.3746998e-02   5.6862882e-02   5.0482713e-02   4.5201371e-02   3.8034161e-02   3.1707705e-02   2.9120681e-02   2.8237824e-02
   2.6100000e+01   6.3651042e-02   6.4222317e-02   6.4709061e-02   6.3757664e-02   5.6426679e-02   4.9874075e-02   4.4745723e-02   3.7782002e-02   3.1595799e-02   2.9078170e-02   2.8222656e-02
   2.6550000e+01   6.2199267e-02   6.3459557e-02   6.4333446e-02   6.3675574e-02   5.5936853e-02   4.9252679e-02   4.4285442e-02   3.7526280e-02   3.1482001e-02   2.9034922e-02   2.8207226e-02
   2.7000000e+01   6.2015252e-02   6.2642337e-02   6.4074885e-02   6.3495300e-02   5.5391054e-02   4.8618679e-02   4.3820699e-02   3.7267036e-02   3.1366312e-02   2.8990937e-02   2.8191531e-02
   2.7450000e+01   6.2009534e-02   6.2093813e-02   6.3980398e-02   6.3209790e-02   5.4787460e-02   4.7972266e-02   4.3351664e-02   3.7004312e-02   3.1248735e-02   2.8946214e-02   2.8175573e-02
   2.7900000e+01   6.2012081e-02   6.2544944e-02   6.4069468e-02   6.2810352e-02   5.4124805e-02   4.7313676e-02   4.2878510e-02   3.6738150e-02   3.1129274e-02   2.8900756e-02   2.8159351e-02
   2.8350000e+01   6.2074936e-02   6.3423122e-02   6.4319037e-02   6.2286843e-02   5.3402395e-02   4.6643190e-02   4.2401412e-02   3.6468592e-02   3.1007931e-02   2.8854560e-02   2.8142865e-02
   2.8800000e+01   6.2849404e-02   6.4268274e-02   6.4673125e-02   6.1628087e-02   5.2620123e-02   4.5961132e-02   4.1920546e-02   3.6195681e-02   3.0884709e-02   2.8807628e-02   2.8126116e-02
   2.9250000e+01   6.4717277e-02   6.5078968e-02   6.5065196e-02   6.0822483e-02   5.1778475e-02   4.5267870e-02   4.1436092e-02   3.5919460e-02   3.0759611e-02   2.8759959e-02   2.8109103e-02
   2.9700000e+01   6.5825749e-02   6.5877812e-02   6.5431263e-02   5.9858794e-02   5.0878526e-02   4.4563817e-02   4.0948227e-02   3.5639974e-02   3.0632640e-02   2.8711554e-02   2.8091826e-02
   3.0150000e+01   6.6653504e-02   6.6673392e-02   6.5707900e-02   5.8727062e-02   4.9921930e-02   4.3849428e-02   4.0457134e-02   3.5357266e-02   3.0503800e-02   2.8662412e-02   2.8074286e-02
   3.0600000e+01   6.7520204e-02   6.7472836e-02   6.5820084e-02   5.7419592e-02   4.8910901e-02   4.3125203e-02   3.9962995e-02   3.5071382e-02   3.0373094e-02   2.8612535e-02   2.8056482e-02
   3.1050000e+01   6.9008124e-02   6.8298633e-02   6.5662489e-02   5.5931930e-02   4.7848189e-02   4.2391683e-02   3.9465992e-02   3.4782367e-02   3.0240524e-02   2.8561922e-02   2.8038414e-02
   3.1500000e+01   7.0584733e-02   6.9235582e-02   6.5079183e-02   5.4263759e-02   4.6737044e-02   4.1649448e-02   3.8966311e-02   3.4490267e-02   3.0106095e-02   2.8510573e-02   2.8020083e-02
   3.1950000e+01   7.0783051e-02   7.0424764e-02   6.3860807e-02   5.2419644e-02   4.5581179e-02   4.0899119e-02   3.8464135e-02   3.4195127e-02   2.9969809e-02   2.8458488e-02   2.8001488e-02
   3.2400000e+01   7.0790541e-02   7.0803132e-02   6.1793045e-02   5.0409539e-02   4.4384722e-02   4.0141352e-02   3.7959652e-02   3.3896996e-02   2.9831671e-02   2.8405667e-02   2.7982630e-02
   3.2850000e+01   7.0781440e-02   6.6880547e-02   5.8759735e-02   4.8249008e-02   4.3152167e-02   3.9376839e-02   3.7453048e-02   3.3595919e-02   2.9691683e-02   2.8352111e-02   2.7963508e-02
   3.3300000e+01   7.0531502e-02   6.0206181e-02   5.4821147e-02   4.5959111e-02   4.1888313e-02   3.8606302e-02   3.6944509e-02   3.3291944e-02   2.9549850e-02   2.8297820e-02   2.7944122e-02
   3.3750000e+01   6.6618716e-02   5.3432090e-02   5.0181789e-02   4.3565951e-02   4.0598212e-02   3.7830494e-02   3.6434222e-02   3.2985119e-02   2.9406174e-02   2.8242794e-02   2.7924472e-02
   3.4200000e+01   5.1470963e-02   4.6850026e-02   4.5086163e-02   4.1099878e-02   3.9287096e-02   3.7050195e-02   3.5922376e-02   3.2675493e-02   2.9260659e-02   2.8187032e-02   2.7904560e-02
   3.4650000e+01   4.1032111e-02   4.0370085e-02   3.9744163e-02   3.8594394e-02   3.7960321e-02   3.6266206e-02   3.5409157e-02   3.2363113e-02   2.9113310e-02   2.8130536e-02   2.7884383e-02
   3.5100000e+01   3.4147894e-02   3.3928614e-02   3.4319337e-02   3.6084824e-02   3.6623298e-02   3.5479350e-02   3.4894752e-02   3.2048030e-02   2.8964129e-02   2.8073305e-02   2.7863943e-02
   3.5550000e+01   2.7041132e-02   2.7476481e-02   2.8952982e-02   3.3606828e-02   3.5281429e-02   3.4690468e-02   3.4379349e-02   3.1730291e-02   2.8813121e-02   2.8015340e-02   2.7843239e-02
   3.6000000e+01   1.4735358e-02   2.0951610e-02   2.3798395e-02   3.1194855e-02   3.3940044e-02   3.3900411e-02   3.3863133e-02   3.1409948e-02   2.8660290e-02   2.7956640e-02   2.7822272e-02
   3.6450000e+01   1.8035206e-03   1.4248133e-02   1.9053355e-02   2.8880631e-02   3.2604339e-02   3.3110041e-02   3.3346292e-02   3.1087050e-02   2.8505639e-02   2.7897206e-02   2.7801041e-02
   3.6900000e+01   7.3621533e-05   7.3104647e-03   1.4972011e-02   2.6691796e-02   3.1279323e-02   3.2320229e-02   3.2829011e-02   3.0761646e-02   2.8349173e-02   2.7837038e-02   2.7779546e-02
   3.7350000e+01   1.1855122e-06   1.4506783e-03   1.1820183e-02   2.4650767e-02   2.9969762e-02   3.1531844e-02   3.2311474e-02   3.0433789e-02   2.8190895e-02   2.7776136e-02   2.7757788e-02
   3.7800000e+01   1.3379845e-06   4.1424327e-04   9.7640423e-03   2.2773915e-02   2.8680135e-02   3.0745757e-02   3.1793864e-02   3.0103529e-02   2.8030809e-02   2.7714500e-02   2.7735767e-02
   3.8250000e+01   4.8485436e-05   2.5472212e-03   8.7732492e-03   2.1071097e-02   2.7414592e-02   2.9962833e-02   3.1276365e-02   2.9770916e-02   2.7868921e-02   2.7652130e-02   2.7713481e-02
   3.8700000e+01   8.8729468e-04   4.7444328e-03   8.6439011e-03   1.9545577e-02   2.6176921e-02   2.9183929e-02   3.0759158e-02   2.9436003e-02   2.7705234e-02   2.7589027e-02   2.7690933e-02
   3.9150000e+01   5.1081722e-03   6.7247809e-03   9.1151264e-03   1.8194322e-02   2.4970520e-02   2.8409890e-02   3.0242422e-02   2.9098841e-02   2.7539751e-02   2.7525191e-02   2.7668121e-02
   3.9600000e+01   8.4154373e-03   8.6242868e-03   9.9635727e-03   1.7008657e-02   2.3798380e-02   2.7641545e-02   2.9726336e-02   2.8759482e-02   2.7372479e-02   2.7460621e-02   2.7645045e-02
   4.0050000e+01   1.0460560e-02   1.0501121e-02   1.1027487e-02   1.5975200e-02   2.2663068e-02   2.6879707e-02   2.9211077e-02   2.8417979e-02   2.7203420e-02   2.7395319e-02   2.7621705e-02
   4.0500000e+01   1.2538992e-02   1.2379391e-02   1.2188541e-02   1.5077016e-02   2.1566726e-02   2.6125164e-02   2.8696821e-02   2.8074383e-02   2.7032580e-02   2.7329284e-02   2.7598103e-02
   4.0950000e+01   1.6103627e-02   1.4281120e-02   1.3344379e-02   1.4294892e-02   2.0511071e-02   2.5378681e-02   2.8183739e-02   2.7728747e-02   2.6859963e-02   2.7262516e-02   2.7574236e-02
   4.1400000e+01   1.9979647e-02   1.6245780e-02   1.4385258e-02   1.3608652e-02   1.9497403e-02   2.4640996e-02   2.7672004e-02   2.7381124e-02   2.6685574e-02   2.7195016e-02   2.7550106e-02
   4.1850000e+01   2.0549240e-02   1.8317594e-02   1.5182435e-02   1.2998404e-02   1.8526617e-02   2.3912816e-02   2.7161785e-02   2.7031566e-02   2.6509416e-02   2.7126784e-02   2.7525713e-02
   4.2300000e+01   2.0575533e-02   2.0100658e-02   1.5602447e-02   1.2445657e-02   1.7599226e-02   2.3194816e-02   2.6653247e-02   2.6680128e-02   2.6331496e-02   2.7057819e-02   2.7501056e-02
   4.2750000e+01   2.0575191e-02   1.9958806e-02   1.5553762e-02   1.1934230e-02   1.6715383e-02   2.2487637e-02   2.6146557e-02   2.6326862e-02   2.6151816e-02   2.6988123e-02   2.7476136e-02
   4.3200000e+01   2.0541087e-02   1.8082990e-02   1.5033605e-02   1.1450911e-02   1.5874905e-02   2.1791882e-02   2.5641875e-02   2.5971821e-02   2.5970384e-02   2.6917695e-02   2.7450952e-02
   4.3650000e+01   1.9868190e-02   1.6023101e-02   1.4124484e-02   1.0985843e-02   1.5077310e-02   2.1108117e-02   2.5139361e-02   2.5615059e-02   2.5787202e-02   2.6846535e-02   2.7425505e-02
   4.4100000e+01   1.5834898e-02   1.4066871e-02   1.2943752e-02   1.0532621e-02   1.4321844e-02   2.0436867e-02   2.4639172e-02   2.5256630e-02   2.5602277e-02   2.6774644e-02   2.7399794e-02
   4.4550000e+01   1.2359169e-02   1.2166999e-02   1.1597641e-02   1.0088136e-02   1.3607519e-02   1.9778618e-02   2.4141461e-02   2.4896587e-02   2.5415613e-02   2.6702022e-02   2.7373820e-02
   4.5000000e+01   1.0288035e-02   1.0287896e-02   1.0167041e-02   9.6521814e-03   1.2933146e-02   1.9133811e-02   2.3646379e-02   2.4534984e-02   2.5227215e-02   2.6628670e-02   2.7347582e-02
   4.5450000e+01   8.2169016e-03   8.4089125e-03   8.7151173e-03   9.2268881e-03   1.2297370e-02   1.8502846e-02   2.3154075e-02   2.4171874e-02   2.5037088e-02   2.6554586e-02   2.7321081e-02
   4.5900000e+01   4.7411719e-03   6.5104915e-03   7.3014666e-03   8.8160356e-03   1.1698704e-02   1.7886081e-02   2.2664691e-02   2.3807313e-02   2.4845238e-02   2.6479772e-02   2.7294316e-02
   4.6350000e+01   7.0788043e-04   4.5633166e-03   5.9957667e-03   8.4243088e-03   1.1135564e-02   1.7283828e-02   2.2178371e-02   2.3441352e-02   2.4651669e-02   2.6404227e-02   2.7267288e-02
   4.6800000e+01   3.4987383e-05   2.5376855e-03   4.8854186e-03   8.0565589e-03   1.0606299e-02   1.6696357e-02   2.1695252e-02   2.3074048e-02   2.4456387e-02   2.6327952e-02   2.7239997e-02
   4.7250000e+01   9.0163610e-07   6.8386284e-04   4.0660900e-03   7.7171281e-03   1.0109220e-02   1.6123893e-02   2.1215469e-02   2.2705452e-02   2.4259398e-02   2.6250948e-02   2.7212442e-02
   4.7700000e+01   2.5649656e-07   1.9110691e-04   3.6078142e-03   7.4092832e-03   9.6426266e-03   1.5566621e-02   2.0739153e-02   2.2335621e-02   2.4060706e-02   2.6173214e-02   2.7184624e-02
   4.8150000e+01   1.3937201e-05   1.1227585e-03   3.5172068e-03   7.1347963e-03   9.2048354e-03   1.5024681e-02   2.0266431e-02   2.1964606e-02   2.3860317e-02   2.6094750e-02   2.7156542e-02
   4.8600000e+01   3.0994595e-04   2.2377051e-03   3.7349883e-03   6.8936924e-03   8.7941966e-03   1.4498171e-02   1.9797427e-02   2.1592463e-02   2.3658236e-02   2.6015556e-02   2.7128197e-02
   4.9050000e+01   2.3242180e-03   3.2696248e-03   4.1719590e-03   6.6841734e-03   8.4091156e-03   1.3987151e-02   1.9332262e-02   2.1219244e-02   2.3454470e-02   2.5935634e-02   2.7099589e-02
   4.9500000e+01   4.1766706e-03   4.2598086e-03   4.7456218e-03   6.5027083e-03   8.0480679e-03   1.3491640e-02   1.8871052e-02   2.0845004e-02   2.3249024e-02   2.5854983e-02   2.7070717e-02
   4.9950000e+01   5.2567798e-03   5.2361832e-03   5.3932959e-03   6.3442740e-03   7.7096119e-03   1.3011617e-02   1.8413910e-02   2.0469797e-02   2.3041903e-02   2.5773603e-02   2.7041582e-02
   5.0400000e+01   6.3195794e-03   6.2114366e-03   6.0674531e-03   6.2027137e-03   7.3923985e-03   1.2547026e-02   1.7960943e-02   2.0093677e-02   2.2833114e-02   2.5691495e-02   2.7012183e-02
   5.0850000e+01   8.0382830e-03   7.1956652e-03   6.7253927e-03   6.0711800e-03   7.0951783e-03   1.2097776e-02   1.7512257e-02   1.9716695e-02   2.2622661e-02   2.5608658e-02   2.6982522e-02
   5.1300000e+01   1.0231768e-02   8.2051656e-03   7.3191184e-03   5.9426207e-03   6.8168051e-03   1.1663742e-02   1.7067952e-02   1.9338907e-02   2.2410552e-02   2.5525094e-02   2.6952596e-02
   5.1750000e+01   1.0667667e-02   9.2665286e-03   7.7889632e-03   5.8102707e-03   6.5562376e-03   1.1244765e-02   1.6628124e-02   1.8960366e-02   2.2196791e-02   2.5440802e-02   2.6922408e-02
   5.2200000e+01   1.0692121e-02   1.0282892e-02   8.0680868e-03   5.6681099e-03   6.3125380e-03   1.0840658e-02   1.6192866e-02   1.8581124e-02   2.1981385e-02   2.5355782e-02   2.6891956e-02
   5.2650000e+01   1.0692712e-02   1.0505249e-02   8.1039918e-03   5.5112590e-03   6.0848680e-03   1.0451205e-02   1.5762266e-02   1.8201235e-02   2.1764340e-02   2.5270035e-02   2.6861241e-02
   5.3100000e+01   1.0681759e-02   9.6331902e-03   7.8855608e-03   5.3362869e-03   5.8724839e-03   1.0076163e-02   1.5336408e-02   1.7820751e-02   2.1545663e-02   2.5183561e-02   2.6830263e-02
   5.3550000e+01   1.0420453e-02   8.5524999e-03   7.4483151e-03   5.1414145e-03   5.6747279e-03   9.7152644e-03   1.4915371e-02   1.7439726e-02   2.1325358e-02   2.5096360e-02   2.6799021e-02
   5.4000000e+01   8.4671029e-03   7.5298984e-03   6.8515111e-03   4.9266084e-03   5.4910192e-03   9.3682197e-03   1.4499231e-02   1.7058211e-02   2.1103433e-02   2.5008432e-02   2.6767516e-02
   5.4450000e+01   6.6083200e-03   6.5425645e-03   6.1516586e-03   4.6935659e-03   5.3208427e-03   9.0347178e-03   1.4088058e-02   1.6676260e-02   2.0879894e-02   2.4919778e-02   2.6735747e-02
   5.4900000e+01   5.5348462e-03   5.5678376e-03   5.3914935e-03   4.4456006e-03   5.1637374e-03   8.7144291e-03   1.3681920e-02   1.6293923e-02   2.0654747e-02   2.4830398e-02   2.6703716e-02
   5.5350000e+01   4.4949876e-03   4.5949101e-03   4.6019907e-03   4.1874434e-03   5.0192829e-03   8.4070071e-03   1.3280879e-02   1.5911254e-02   2.0427999e-02   2.4740292e-02   2.6671421e-02
   5.5800000e+01   2.9182026e-03   3.6162628e-03   3.8087449e-03   3.9249781e-03   4.8870862e-03   8.1120904e-03   1.2884993e-02   1.5528304e-02   2.0199656e-02   2.4649460e-02   2.6638863e-02
   5.6250000e+01   6.3013989e-04   2.6228673e-03   3.0382252e-03   3.6649319e-03   4.7667679e-03   7.8293042e-03   1.2494316e-02   1.5145124e-02   1.9969724e-02   2.4557903e-02   2.6606042e-02
   5.6700000e+01   3.9115345e-05   1.6032467e-03   2.3220346e-03   3.4145401e-03   4.6579484e-03   7.5582626e-03   1.2108897e-02   1.4761765e-02   1.9738211e-02   2.4465621e-02   2.6572957e-02
   5.7150000e+01   1.3644855e-06   6.0103625e-04   1.6959778e-03   3.1812060e-03   4.5602354e-03   7.2985699e-03   1.1728782e-02   1.4378278e-02   1.9505122e-02   2.4372614e-02   2.6539609e-02
   5.7600000e+01  -2.5492882e-08  -2.2322898e-05   1.1904806e-03   2.9721692e-03   4.4732110e-03   7.0498228e-03   1.1354010e-02   1.3994714e-02   1.9270465e-02   2.4278882e-02   2.6505998e-02
   5.8050000e+01  -1.2215926e-08  -7.1859488e-05   8.1681266e-04   2.7941979e-03   4.3964209e-03   6.8116117e-03   1.0984620e-02   1.3611123e-02   1.9034247e-02   2.4184426e-02   2.6472124e-02
   5.8500000e+01  -1.5805652e-09  -2.0175146e-05   5.6281672e-04   2.6533117e-03   4.3293647e-03   6.5835221e-03   1.0620641e-02   1.3227556e-02   1.8796473e-02   2.4089246e-02   2.6437987e-02
   5.8950000e+01  -6.2536049e-11  -3.1754690e-06   4.0353131e-04   2.5545428e-03   4.2714879e-03   6.3651367e-03   1.0262104e-02   1.2844061e-02   1.8557152e-02   2.3993341e-02   2.6403586e-02
   5.9400000e+01  -4.7745170e-13  -6.0907154e-08   3.1540061e-04   2.5017372e-03   4.2221763e-03   6.1560364e-03   9.9090308e-03   1.2460688e-02   1.8316291e-02   2.3896714e-02   2.6368923e-02
   5.9850000e+01  -1.7695015e-16   2.7840108e-07   2.8346291e-04   2.4973979e-03   4.1807520e-03   5.9558016e-03   9.5614417e-03   1.2077487e-02   1.8073895e-02   2.3799363e-02   2.6333996e-02
   6.0300000e+01  -4.4774975e-15   2.4627704e-07   3.0214051e-04   2.5425689e-03   4.1464720e-03   5.7640141e-03   9.2193517e-03   1.1694505e-02   1.7829973e-02   2.3701289e-02   2.6298806e-02
   6.0750000e+01  -1.3358077e-12  -5.5965308e-07   3.7460545e-04   2.6367604e-03   4.1185293e-03   5.5802574e-03   8.8827723e-03   1.1311791e-02   1.7584531e-02   2.3602492e-02   2.6263352e-02
   6.1200000e+01  -1.0549324e-10  -6.7452950e-06   5.1351428e-04   2.7779170e-03   4.0960564e-03   5.4041188e-03   8.5517106e-03   1.0929394e-02   1.7337576e-02   2.3502973e-02   2.6227636e-02
   6.1650000e+01  -2.0153365e-09  -3.6712858e-05   7.4234365e-04   2.9624281e-03   4.0781307e-03   5.2351896e-03   8.2261696e-03   1.0547361e-02   1.7089117e-02   2.3402731e-02   2.6191657e-02
   6.2100000e+01  -1.9191458e-08  -1.0224047e-04   1.0927790e-03   3.1851860e-03   4.0637827e-03   5.0730668e-03   7.9061487e-03   1.0165738e-02   1.6839160e-02   2.3301767e-02   2.6155414e-02
   6.2550000e+01   4.6530860e-08   1.2400686e-04   1.5927300e-03   3.4396926e-03   4.0520060e-03   4.9173537e-03   7.5916431e-03   9.7845733e-03   1.6587712e-02   2.3200082e-02   2.6118908e-02
   6.3000000e+01   9.1599670e-06   1.1172118e-03   2.2486264e-03   3.7182184e-03   4.0417686e-03   4.7676607e-03   7.2826442e-03   9.4039127e-03   1.6334782e-02   2.3097676e-02   2.6082140e-02
   6.3450000e+01   3.0246516e-04   2.3435335e-03   3.0380304e-03   4.0120140e-03   4.0320266e-03   4.6236065e-03   6.9791397e-03   9.0238021e-03   1.6080376e-02   2.2994548e-02   2.6045108e-02
   6.3900000e+01   2.6166917e-03   3.5326766e-03   3.9206772e-03   4.3115718e-03   4.0217383e-03   4.4848181e-03   6.6811136e-03   8.6442872e-03   1.5824502e-02   2.2890699e-02   2.6007813e-02
   6.4350000e+01   4.5960178e-03   4.6962283e-03   4.8550202e-03   4.6069343e-03   4.0098786e-03   4.3509322e-03   6.3885463e-03   8.2654130e-03   1.5567169e-02   2.2786130e-02   2.5970255e-02
   6.4800000e+01   5.8229832e-03   5.8512310e-03   5.8060678e-03   4.8880371e-03   3.9954550e-03   4.2215956e-03   6.1014145e-03   7.8872244e-03   1.5308382e-02   2.2680841e-02   2.5932434e-02
   6.5250000e+01   6.9819655e-03   7.0039566e-03   6.7437090e-03   5.1450770e-03   3.9775220e-03   4.0964654e-03   5.8196916e-03   7.5097654e-03   1.5048151e-02   2.2574832e-02   2.5894350e-02
   6.5700000e+01   8.1385376e-03   8.1578600e-03   7.6364026e-03   5.3688868e-03   3.9551960e-03   3.9752100e-03   5.5433475e-03   7.1330798e-03   1.4786483e-02   2.2468103e-02   2.5856003e-02
   6.6150000e+01   9.2964062e-03   9.3220581e-03   8.4430904e-03   5.5512986e-03   3.9276687e-03   3.8575091e-03   5.2723488e-03   6.7572110e-03   1.4523386e-02   2.2360655e-02   2.5817393e-02
   6.6600000e+01   1.0455474e-02   1.0532830e-02   9.1058776e-03   5.6854764e-03   3.8942192e-03   3.7430546e-03   5.0066590e-03   6.3822018e-03   1.4258868e-02   2.2252487e-02   2.5778520e-02
   6.7050000e+01   1.1624612e-02   1.1838616e-02   9.5510279e-03   5.7661955e-03   3.8542247e-03   3.6315502e-03   4.7462383e-03   6.0080945e-03   1.3992936e-02   2.2143601e-02   2.5739384e-02
   6.7500000e+01   1.2775584e-02   1.2651119e-02   9.7092380e-03   5.7900530e-03   3.8071695e-03   3.5227126e-03   4.4910441e-03   5.6349309e-03   1.3725600e-02   2.2033997e-02   2.5699984e-02
   6.7950000e+01   1.1624612e-02   1.1838616e-02   9.5510265e-03   5.7555919e-03   3.7526512e-03   3.4162710e-03   4.2410308e-03   5.2627524e-03   1.3456866e-02   2.1923674e-02   2.5660322e-02
   6.8400000e+01   1.0455474e-02   1.0532830e-02   9.1058736e-03   5.6633321e-03   3.6903854e-03   3.3119677e-03   3.9961498e-03   4.8916000e-03   1.3186743e-02   2.1812634e-02   2.5620397e-02
   6.8850000e+01   9.2964062e-03   9.3220581e-03   8.4430800e-03   5.5157033e-03   3.6202080e-03   3.2095582e-03   3.7563500e-03   4.5215138e-03   1.2915240e-02   2.1700876e-02   2.5580209e-02
   6.9300000e+01   8.1385376e-03   8.1578600e-03   7.6363781e-03   5.3168855e-03   3.5420754e-03   3.1088113e-03   3.5215775e-03   4.1525337e-03   1.2642365e-02   2.1588401e-02   2.5539759e-02
   6.9750000e+01   6.9819655e-03   7.0039566e-03   6.7436547e-03   5.0725690e-03   3.4560618e-03   3.0095091e-03   3.2917761e-03   3.7846991e-03   1.2368125e-02   2.1475209e-02   2.5499045e-02
   7.0200000e+01   5.8229832e-03   5.8512310e-03   5.8059524e-03   4.7896483e-03   3.3623555e-03   2.9114471e-03   3.0668869e-03   3.4180486e-03   1.2092529e-02   2.1361301e-02   2.5458068e-02
   7.0650000e+01   4.5960178e-03   4.6962283e-03   4.8547808e-03   4.4758735e-03   3.2612528e-03   2.8144346e-03   2.8468490e-03   3.0526205e-03   1.1815587e-02   2.1246676e-02   2.5416828e-02
   7.1100000e+01   2.6166917e-03   3.5326766e-03   3.9201821e-03   4.1394794e-03   3.1531504e-03   2.7182940e-03   2.6315992e-03   2.6884525e-03   1.1537305e-02   2.1131335e-02   2.5375326e-02
   7.1550000e+01   3.0246516e-04   2.3435335e-03   3.0369919e-03   3.7888170e-03   3.0385362e-03   2.6228612e-03   2.4210720e-03   2.3255817e-03   1.1257694e-02   2.1015279e-02   2.5333561e-02
   7.2000000e+01   9.1599670e-06   1.1172118e-03   2.2464120e-03   3.4320070e-03   2.9179793e-03   2.5279855e-03   2.2152001e-03   1.9640448e-03   1.0976760e-02   2.0898508e-02   2.5291532e-02
   7.2450000e+01   4.6530860e-08   1.2400687e-04   1.5880247e-03   3.0766341e-03   2.7921190e-03   2.4335292e-03   2.0139145e-03   1.6038777e-03   1.0694514e-02   2.0781021e-02   2.5249241e-02
   7.2900000e+01  -1.9191458e-08  -1.0224090e-04   1.0831122e-03   2.7294965e-03   2.6616530e-03   2.3393679e-03   1.8171442e-03   1.2451159e-03   1.0410963e-02   2.0662821e-02   2.5206687e-02
   7.3350000e+01  -2.0153365e-09  -3.6715508e-05   7.2356870e-04   2.3964188e-03   2.5273256e-03   2.2453900e-03   1.6248167e-03   8.8779423e-04   1.0126117e-02   2.0543905e-02   2.5163870e-02
   7.3800000e+01  -1.0549324e-10  -6.7556687e-06   4.7928403e-04   2.0821344e-03   2.3899152e-03   2.1514963e-03   1.4368578e-03   5.3194711e-04   9.8399847e-03   2.0424276e-02   2.5120791e-02
   7.4250000e+01  -1.3358141e-12  -5.9287538e-07   3.1574286e-04   1.7902337e-03   2.2502228e-03   2.0576005e-03   1.2531921e-03   1.7760826e-04   9.5525743e-03   2.0303934e-02   2.5077448e-02
   7.4700000e+01  -4.6028992e-15   1.5772187e-07   2.0570251e-04   1.5231762e-03   2.1090599e-03   1.9636282e-03   1.0737426e-03  -1.7518918e-04   9.2638949e-03   2.0182878e-02   2.5033843e-02
   7.5150000e+01   1.3177190e-16   1.1523088e-07   1.3118437e-04   1.2823547e-03   1.9672373e-03   1.8695169e-03   8.9843156e-04  -5.2641260e-04   8.9739557e-03   2.0061110e-02   2.4989975e-02
   7.5600000e+01   7.7719535e-18   4.6234976e-08   8.0955710e-05   1.0682017e-03   1.8255543e-03   1.7752157e-03   7.2717970e-04  -8.7603003e-04   8.6827657e-03   1.9938629e-02   2.4945845e-02
   7.6050000e+01   2.5007586e-19   1.4956703e-08   4.7782354e-05   8.8032586e-04   1.6847891e-03   1.6806850e-03   5.5990698e-04  -1.2240101e-03   8.3903339e-03   1.9815435e-02   2.4901451e-02
   7.6500000e+01   1.6457488e-21   4.0193030e-09   2.6682069e-05   7.1766448e-04   1.5456897e-03   1.5858960e-03   3.9653245e-04  -1.5703219e-03   8.0966695e-03   1.9691530e-02   2.4856795e-02
   7.6950000e+01   3.3473646e-24   7.6799076e-10   1.3994282e-05   5.7864188e-04   1.4089655e-03   1.4908306e-03   2.3697440e-04  -1.9149353e-03   7.8017816e-03   1.9566914e-02   2.4811876e-02
   7.7400000e+01   2.0052688e-27   4.0355115e-11   6.9082120e-06   4.6132281e-04   1.2752805e-03   1.3954804e-03   8.1150469e-05  -2.2578206e-03   7.5056795e-03   1.9441586e-02   2.4766694e-02
   7.7850000e+01  -2.4181340e-29  -1.1212332e-11   3.2646278e-06   3.6355356e-04   1.1452471e-03   1.2998472e-03  -7.1022280e-05  -2.5989490e-03   7.2083726e-03   1.9315548e-02   2.4721250e-02
   7.8300000e+01  -1.8337957e-31  -1.7755351e-12   1.5202969e-06   2.8308499e-04   1.0194213e-03   1.2039415e-03  -2.1962722e-04  -2.9382918e-03   6.9098701e-03   1.9188800e-02   2.4675543e-02
   7.8750000e+01  -7.6898594e-34  -1.4373623e-13   7.1561838e-07   2.1767439e-04   8.9829871e-04   1.1077830e-03  -3.6474807e-04  -3.2758215e-03   6.6101814e-03   1.9061341e-02   2.4629573e-02
   7.9200000e+01  -9.0287663e-37  -7.6277038e-15   3.4256259e-07   1.6516495e-04   7.8231184e-04   1.0113996e-03  -5.0646881e-04  -3.6115106e-03   6.3093159e-03   1.8933173e-02   2.4583341e-02
   7.9650000e+01  -2.7596727e-40  -5.8943215e-17   1.6459936e-07   1.2354341e-04   6.7182836e-04   9.1482678e-04  -6.4487356e-04  -3.9453328e-03   6.0072832e-03   1.8804296e-02   2.4536846e-02
   8.0100000e+01   1.7072118e-43   5.7017707e-17   7.7760783e-08   9.0977814e-05   5.6715041e-04   8.1810773e-04  -7.8004652e-04  -4.2772620e-03   5.7040929e-03   1.8674710e-02   2.4490088e-02
   8.0550000e+01   7.7767330e-46   1.0852703e-17   3.5414155e-08   6.5838123e-05   4.6851491e-04   7.2129225e-04  -9.1207183e-04  -4.6072728e-03   5.3997543e-03   1.8544415e-02   2.4443068e-02
   8.1000000e+01   1.5443960e-48   1.4408267e-18   1.5288877e-08   4.6702875e-05   3.7609471e-04   6.2443651e-04  -1.0410335e-03  -4.9353406e-03   5.0942773e-03   1.8413412e-02   2.4395785e-02
   8.1450000e+01   6.5507606e-52   1.5357010e-19   6.1673402e-09   3.2355179e-05   2.9000059e-04   5.2760250e-04  -1.1670154e-03  -5.2614411e-03   4.7876715e-03   1.8281702e-02   2.4348240e-02
   8.1900000e+01   9.0823616e-56   1.1763191e-20   2.3002512e-09   2.1771087e-05   2.1028401e-04   4.3085749e-04  -1.2901009e-03  -5.5855509e-03   4.4799466e-03   1.8149284e-02   2.4300431e-02
   8.2350000e+01   4.9582045e-60   3.0577499e-22   7.9261157e-10   1.4103016e-05   1.3694047e-04   3.3427349e-04  -1.4103732e-03  -5.9076470e-03   4.1711124e-03   1.8016159e-02   2.4252361e-02
   8.2800000e+01  -2.2177562e-63  -2.3892179e-23   2.5673985e-10   8.6604147e-06   6.9913418e-05   2.3792679e-04  -1.5279150e-03  -6.2277072e-03   3.8611786e-03   1.7882328e-02   2.4204028e-02
   8.3250000e+01  -1.2224381e-66  -1.6849864e-24   8.1152604e-11   4.8893780e-06   9.0986027e-06   1.4189739e-04  -1.6428083e-03  -6.5457098e-03   3.5501552e-03   1.7747791e-02   2.4155432e-02
   8.3700000e+01  -3.7024566e-70  -5.6218980e-26   2.6063586e-11   2.3524907e-06  -4.5651280e-05   4.6268489e-05  -1.7551347e-03  -6.8616338e-03   3.2380521e-03   1.7612548e-02   2.4106574e-02
   8.4150000e+01  -3.4471564e-74  -1.2855522e-27   8.6276603e-12   7.0975912e-07  -9.4521677e-05  -4.8873997e-05  -1.8649748e-03  -7.1754587e-03   2.9248792e-03   1.7476599e-02   2.4057453e-02
   8.4600000e+01  -7.7740118e-79  -1.3398648e-29   2.8779494e-12  -2.9880095e-07  -1.3773116e-04  -1.4344196e-04  -1.9724088e-03  -7.4871646e-03   2.6106465e-03   1.7339946e-02   2.4008070e-02
   8.5050000e+01   1.3136256e-83   7.1411717e-31   9.2400607e-13  -8.6861403e-07  -1.7552637e-04  -2.3734558e-04  -2.0775158e-03  -7.7967324e-03   2.2953640e-03   1.7202588e-02   2.3958424e-02
   8.5500000e+01   5.2735423e-87   6.5636450e-32   2.6751148e-13  -1.1439137e-06  -2.0817703e-04  -3.3049382e-04  -2.1803742e-03  -8.1041435e-03   1.9790418e-03   1.7064526e-02   2.3908516e-02
   8.5950000e+01   6.7457760e-91   3.5426048e-33   6.0662863e-14  -1.2290499e-06  -2.3597102e-04  -4.2279488e-04  -2.2810611e-03  -8.4093798e-03   1.6616901e-03   1.6925760e-02   2.3858345e-02
   8.6400000e+01   1.9382233e-95   1.5023243e-34   4.0520006e-15  -1.1978517e-06  -2.5920978e-04  -5.1415664e-04  -2.3796529e-03  -8.7124240e-03   1.3433190e-03   1.6786291e-02   2.3807912e-02
   8.6850000e+01  1.8438727e-100   4.8037981e-36  -6.7640944e-15  -1.1012226e-06  -2.7820379e-04  -6.0448715e-04  -2.4762249e-03  -9.0132592e-03   1.0239387e-03   1.6646119e-02   2.3757217e-02
   8.7300000e+01  8.2279197e-106   6.7974652e-38  -6.0216495e-15  -9.7318070e-07  -2.9326854e-04  -6.9369497e-04  -2.5708511e-03  -9.3118694e-03   7.0355939e-04   1.6505245e-02   2.3706259e-02
   8.7750000e+01 -1.4832189e-110  -4.2221867e-39  -3.6642333e-15  -8.3556863e-07  -3.0472066e-04  -7.8168967e-04  -2.6636044e-03  -9.6082390e-03   3.8219142e-04   1.6363669e-02   2.3655039e-02
   8.8200000e+01 -6.1554901e-115  -3.8080627e-40  -1.9219413e-15  -7.0165314e-07  -3.1287457e-04  -8.6838212e-04  -2.7545566e-03  -9.9023530e-03   5.9845090e-05   1.6221391e-02   2.3603556e-02
   8.8650000e+01 -1.5200797e-119  -1.6996165e-41  -9.2766657e-16  -5.7882159e-07  -3.1803936e-04  -9.5368493e-04  -2.8437780e-03  -1.0194197e-02  -2.6346924e-04   1.6078411e-02   2.3551811e-02
   8.9100000e+01 -3.2277629e-124  -5.6413246e-43  -4.2370544e-16  -4.7055928e-07  -3.2051622e-04  -1.0375127e-03  -2.9313377e-03  -1.0483757e-02  -5.8774118e-04   1.5934731e-02   2.3499804e-02
   8.9550000e+01 -6.4031772e-129  -1.6139045e-44  -1.8576227e-16  -3.7786734e-07  -3.2059607e-04  -1.1197826e-03  -3.0173034e-03  -1.0771020e-02  -9.1296030e-04   1.5790351e-02   2.3447534e-02
   9.0000000e+01 -1.2249535e-133  -4.2728850e-46  -7.8792701e-17  -3.0025457e-07  -3.1855776e-04  -1.2004142e-03  -3.1017415e-03  -1.1055974e-02  -1.2391161e-03   1.5645271e-02   2.3395002e-02
