  -9.0000000e+01   2.0165363e-02   2.0111705e-02   1.6479269e-02   1.7884961e-02   2.0954930e-02   1.5803236e-02   2.0395787e-02   3.3859195e-02   3.5155176e-02   3.0738497e-02   2.8781200e-02
  -8.9550000e+01   2.0165363e-02   2.0055787e-02   1.7084436e-02   1.8549946e-02   2.1075751e-02   1.6123731e-02   2.0850856e-02   3.3952312e-02   3.5089339e-02   3.0704364e-02   2.8769270e-02
  -8.9100000e+01   2.0165363e-02   1.9958059e-02   1.7731486e-02   1.9187122e-02   2.1182048e-02   1.6455615e-02   2.1302137e-02   3.4041804e-02   3.5023308e-02   3.0670375e-02   2.8757399e-02
  -8.8650000e+01   2.0165363e-02   1.9827340e-02   1.8406723e-02   1.9792246e-02   2.1275676e-02   1.6798852e-02   2.1749460e-02   3.4127688e-02   3.4957090e-02   3.0636530e-02   2.8745586e-02
  -8.8200000e+01   2.0165360e-02   1.9757501e-02   1.9099849e-02   2.0360994e-02   2.1358637e-02   1.7153374e-02   2.2192661e-02   3.4209981e-02   3.4890692e-02   3.0602831e-02   2.8733832e-02
  -8.7750000e+01   2.0165345e-02   1.9933845e-02   1.9803051e-02   2.0889049e-02   2.1433074e-02   1.7519085e-02   2.2631574e-02   3.4288702e-02   3.4824122e-02   3.0569277e-02   2.8722137e-02
  -8.7300000e+01   2.0165593e-02   2.0433632e-02   2.0510108e-02   2.1372205e-02   2.1501260e-02   1.7895857e-02   2.3066033e-02   3.4363870e-02   3.4757389e-02   3.0535869e-02   2.8710500e-02
  -8.6850000e+01   2.0175886e-02   2.1129970e-02   2.1215599e-02   2.1806487e-02   2.1565585e-02   1.8283529e-02   2.3495876e-02   3.4435504e-02   3.4690498e-02   3.0502607e-02   2.8698922e-02
  -8.6400000e+01   2.0399172e-02   2.1883159e-02   2.1914207e-02   2.2188292e-02   2.1628544e-02   1.8681914e-02   2.3920942e-02   3.4503623e-02   3.4623458e-02   3.0469492e-02   2.8687403e-02
  -8.5950000e+01   2.1918632e-02   2.2635954e-02   2.2600071e-02   2.2514537e-02   2.1692717e-02   1.9090789e-02   2.4341070e-02   3.4568249e-02   3.4556277e-02   3.0436523e-02   2.8675943e-02
  -8.5500000e+01   2.3316026e-02   2.3378596e-02   2.3266083e-02   2.2782817e-02   2.1760752e-02   1.9509905e-02   2.4756100e-02   3.4629402e-02   3.4488961e-02   3.0403703e-02   2.8664541e-02
  -8.5050000e+01   2.4130804e-02   2.4114863e-02   2.3902873e-02   2.2991562e-02   2.1835347e-02   1.9938978e-02   2.5165878e-02   3.4687104e-02   3.4421519e-02   3.0371030e-02   2.8653198e-02
  -8.4600000e+01   2.4932524e-02   2.4850728e-02   2.4497024e-02   2.3140190e-02   2.1919223e-02   2.0377699e-02   2.5570247e-02   3.4741377e-02   3.4353958e-02   3.0338505e-02   2.8641914e-02
  -8.4150000e+01   2.6229024e-02   2.5593746e-02   2.5027920e-02   2.3229247e-02   2.2015102e-02   2.0825725e-02   2.5969054e-02   3.4792244e-02   3.4286284e-02   3.0306129e-02   2.8630689e-02
  -8.3700000e+01   2.7883675e-02   2.6358467e-02   2.5463290e-02   2.3260517e-02   2.2125683e-02   2.1282687e-02   2.6362149e-02   3.4839727e-02   3.4218507e-02   3.0273902e-02   2.8619522e-02
  -8.3250000e+01   2.8212496e-02   2.7172095e-02   2.5756299e-02   2.3237122e-02   2.2253613e-02   2.1748186e-02   2.6749383e-02   3.4883851e-02   3.4150632e-02   3.0241824e-02   2.8608415e-02
  -8.2800000e+01   2.8230950e-02   2.7953641e-02   2.5851602e-02   2.3163576e-02   2.2401461e-02   2.2221797e-02   2.7130611e-02   3.4924640e-02   3.4082667e-02   3.0209896e-02   2.8597366e-02
  -8.2350000e+01   2.8231314e-02   2.7998653e-02   2.5706433e-02   2.3045816e-02   2.2571690e-02   2.2703065e-02   2.7505688e-02   3.4962118e-02   3.4014620e-02   3.0178119e-02   2.8586376e-02
  -8.1900000e+01   2.8218747e-02   2.6990353e-02   2.5315996e-02   2.2891190e-02   2.2766628e-02   2.3191514e-02   2.7874474e-02   3.4996310e-02   3.3946498e-02   3.0146492e-02   2.8575445e-02
  -8.1450000e+01   2.7918791e-02   2.5767983e-02   2.4718119e-02   2.2708419e-02   2.2988441e-02   2.3686638e-02   2.8236830e-02   3.5027243e-02   3.3878308e-02   3.0115016e-02   2.8564573e-02
  -8.1000000e+01   2.5676501e-02   2.4599694e-02   2.3971905e-02   2.2507524e-02   2.3239107e-02   2.4187909e-02   2.8592622e-02   3.5054942e-02   3.3810057e-02   3.0083691e-02   2.8553760e-02
  -8.0550000e+01   2.3542766e-02   2.3467297e-02   2.3133410e-02   2.2299717e-02   2.3520387e-02   2.4694778e-02   2.8941717e-02   3.5079435e-02   3.3741752e-02   3.0052518e-02   2.8543006e-02
  -8.0100000e+01   2.2310503e-02   2.2348482e-02   2.2245922e-02   2.2097272e-02   2.3833805e-02   2.5206671e-02   2.9283986e-02   3.5100748e-02   3.3673401e-02   3.0021497e-02   2.8532311e-02
  -7.9650000e+01   2.1116828e-02   2.1231615e-02   2.1342598e-02   2.1913352e-02   2.4180620e-02   2.5722997e-02   2.9619304e-02   3.5118909e-02   3.3605010e-02   2.9990628e-02   2.8521675e-02
  -7.9200000e+01   1.9306805e-02   2.0107868e-02   2.0453516e-02   2.1761818e-02   2.4561813e-02   2.6243144e-02   2.9947548e-02   3.5133946e-02   3.3536588e-02   2.9959912e-02   2.8511097e-02
  -7.8750000e+01   1.6680290e-02   1.8965157e-02   1.9613059e-02   2.1656992e-02   2.4978061e-02   2.6766482e-02   3.0268600e-02   3.5145888e-02   3.3468140e-02   2.9929350e-02   2.8500579e-02
  -7.8300000e+01   1.6001840e-02   1.7784180e-02   1.8865263e-02   2.1613398e-02   2.5429730e-02   2.7292367e-02   3.0582345e-02   3.5154764e-02   3.3399674e-02   2.9898940e-02   2.8490120e-02
  -7.7850000e+01   1.5958498e-02   1.6616313e-02   1.8262036e-02   2.1645455e-02   2.5916859e-02   2.7820137e-02   3.0888670e-02   3.5160603e-02   3.3331196e-02   2.9868685e-02   2.8479720e-02
  -7.7400000e+01   1.5956948e-02   1.5991037e-02   1.7848716e-02   2.1767148e-02   2.6439154e-02   2.8349120e-02   3.1187469e-02   3.5163436e-02   3.3262715e-02   2.9838584e-02   2.8469379e-02
  -7.6950000e+01   1.5960235e-02   1.6246389e-02   1.7643383e-02   2.1991655e-02   2.6995985e-02   2.8878631e-02   3.1478638e-02   3.5163292e-02   3.3194236e-02   2.9808638e-02   2.8459097e-02
  -7.6500000e+01   1.6047878e-02   1.6680141e-02   1.7630425e-02   2.2330959e-02   2.7586383e-02   2.9407974e-02   3.1762078e-02   3.5160203e-02   3.3125766e-02   2.9778846e-02   2.8448874e-02
  -7.6050000e+01   1.6744781e-02   1.7064128e-02   1.7776537e-02   2.2795431e-02   2.8209047e-02   2.9936446e-02   3.2037692e-02   3.5154200e-02   3.3057313e-02   2.9749210e-02   2.8438710e-02
  -7.5600000e+01   1.7402483e-02   1.7423792e-02   1.8052400e-02   2.3393415e-02   2.8862348e-02   3.0463336e-02   3.2305391e-02   3.5145314e-02   3.2988883e-02   2.9719730e-02   2.8428606e-02
  -7.5150000e+01   1.7785589e-02   1.7776957e-02   1.8444245e-02   2.4130804e-02   2.9544345e-02   3.0987928e-02   3.2565086e-02   3.5133578e-02   3.2920483e-02   2.9690405e-02   2.8418560e-02
  -7.4700000e+01   1.8151480e-02   1.8128924e-02   1.8956650e-02   2.5010648e-02   3.0252798e-02   3.1509503e-02   3.2816697e-02   3.5119024e-02   3.2852119e-02   2.9661237e-02   2.8408574e-02
  -7.4250000e+01   1.8641456e-02   1.8479207e-02   1.9614712e-02   2.6032796e-02   3.0985189e-02   3.2027339e-02   3.3060145e-02   3.5101685e-02   3.2783799e-02   2.9632225e-02   2.8398646e-02
  -7.3800000e+01   1.9467107e-02   1.8813565e-02   2.0470153e-02   2.7193600e-02   3.1738744e-02   3.2540714e-02   3.3295358e-02   3.5081595e-02   3.2715529e-02   2.9603371e-02   2.8388778e-02
  -7.3350000e+01   1.9809437e-02   1.9070332e-02   2.1607993e-02   2.8485715e-02   3.2510463e-02   3.3048908e-02   3.3522266e-02   3.5058786e-02   3.2647316e-02   2.9574674e-02   2.8378970e-02
  -7.2900000e+01   1.9837153e-02   1.9203000e-02   2.3139242e-02   2.9898000e-02   3.3297145e-02   3.3551201e-02   3.3740806e-02   3.5033292e-02   3.2579166e-02   2.9546134e-02   2.8369220e-02
  -7.2450000e+01   1.9838535e-02   2.0284664e-02   2.5161998e-02   3.1415574e-02   3.4095428e-02   3.4046880e-02   3.3950920e-02   3.5005150e-02   3.2511086e-02   2.9517753e-02   2.8359530e-02
  -7.2000000e+01   1.9871545e-02   2.3915192e-02   2.7703122e-02   3.3020009e-02   3.4901817e-02   3.4535238e-02   3.4152553e-02   3.4974392e-02   3.2443082e-02   2.9489530e-02   2.8349898e-02
  -7.1550000e+01   2.0933946e-02   2.8335989e-02   3.0693765e-02   3.4689709e-02   3.5712729e-02   3.5015572e-02   3.4345656e-02   3.4941053e-02   3.2375161e-02   2.9461465e-02   2.8340326e-02
  -7.1100000e+01   2.9316518e-02   3.2635894e-02   3.4006088e-02   3.6400447e-02   3.6524530e-02   3.5487191e-02   3.4530186e-02   3.4905171e-02   3.2307330e-02   2.9433560e-02   2.8330814e-02
  -7.0650000e+01   3.6486017e-02   3.6849182e-02   3.7508679e-02   3.8126058e-02   3.7333573e-02   3.5949413e-02   3.4706104e-02   3.4866779e-02   3.2239594e-02   2.9405814e-02   2.8321360e-02
  -7.0200000e+01   4.0930322e-02   4.1032841e-02   4.1093550e-02   3.9839268e-02   3.8136244e-02   3.6401567e-02   3.4873376e-02   3.4825915e-02   3.2171961e-02   2.9378228e-02   2.8311966e-02
  -6.9750000e+01   4.5128378e-02   4.5208395e-02   4.4672199e-02   4.1512619e-02   3.8929000e-02   3.6842996e-02   3.5031975e-02   3.4782614e-02   3.2104435e-02   2.9350801e-02   2.8302632e-02
  -6.9300000e+01   4.9317705e-02   4.9386710e-02   4.8157487e-02   4.3119451e-02   3.9708409e-02   3.7273057e-02   3.5181875e-02   3.4736913e-02   3.2037025e-02   2.9323535e-02   2.8293356e-02
  -6.8850000e+01   5.3511727e-02   5.3591409e-02   5.1441309e-02   4.4634878e-02   4.0471187e-02   3.7691121e-02   3.5323061e-02   3.4688849e-02   3.1969735e-02   2.9296430e-02   2.8284140e-02
  -6.8400000e+01   5.7710007e-02   5.7913384e-02   5.4374956e-02   4.6036723e-02   4.1214237e-02   3.8096576e-02   3.5455519e-02   3.4638459e-02   3.1902573e-02   2.9269485e-02   2.8274983e-02
  -6.7950000e+01   6.1934355e-02   6.2473722e-02   5.6770746e-02   4.7306329e-02   4.1934676e-02   3.8488831e-02   3.5579241e-02   3.4585781e-02   3.1835544e-02   2.9242702e-02   2.8265886e-02
  -6.7500000e+01   6.6113984e-02   6.5803107e-02   5.8452067e-02   4.8429232e-02   4.2629868e-02   3.8867308e-02   3.5694226e-02   3.4530853e-02   3.1768655e-02   2.9216080e-02   2.8256848e-02
  -6.7050000e+01   6.4544036e-02   6.5073706e-02   5.9341453e-02   4.9395624e-02   4.3297441e-02   3.9231454e-02   3.5800477e-02   3.4473712e-02   3.1701912e-02   2.9189620e-02   2.8247869e-02
  -6.6600000e+01   6.2928062e-02   6.3111106e-02   5.9508394e-02   5.0200601e-02   4.3935309e-02   3.9580735e-02   3.5898004e-02   3.4414397e-02   3.1635320e-02   2.9163323e-02   2.8238950e-02
  -6.6150000e+01   6.1336324e-02   6.1384777e-02   5.9121535e-02   5.0844173e-02   4.4541681e-02   3.9914638e-02   3.5986819e-02   3.4352946e-02   3.1568886e-02   2.9137187e-02   2.8230090e-02
  -6.5700000e+01   5.9746319e-02   5.9773815e-02   5.8359981e-02   5.1331055e-02   4.5115068e-02   4.0232674e-02   3.6066943e-02   3.4289398e-02   3.1502616e-02   2.9111215e-02   2.8221290e-02
  -6.5250000e+01   5.8158094e-02   5.8187874e-02   5.7361940e-02   5.1670252e-02   4.5654279e-02   4.0534377e-02   3.6138400e-02   3.4223792e-02   3.1436515e-02   2.9085406e-02   2.8212549e-02
  -6.4800000e+01   5.6566559e-02   5.6605053e-02   5.6221029e-02   5.1874479e-02   4.6158417e-02   4.0819305e-02   3.6201221e-02   3.4156167e-02   3.1370590e-02   2.9059760e-02   2.8203867e-02
  -6.4350000e+01   5.4881669e-02   5.5019235e-02   5.5002439e-02   5.1959454e-02   4.6626865e-02   4.1087043e-02   3.6255441e-02   3.4086563e-02   3.1304847e-02   2.9034277e-02   2.8195245e-02
  -6.3900000e+01   5.2163624e-02   5.3422444e-02   5.3759648e-02   5.1943121e-02   4.7059265e-02   4.1337200e-02   3.6301102e-02   3.4015018e-02   3.1239291e-02   2.9008959e-02   2.8186683e-02
  -6.3450000e+01   4.8985689e-02   5.1794595e-02   5.2546226e-02   5.1844840e-02   4.7455497e-02   4.1569413e-02   3.6338248e-02   3.3941573e-02   3.1173928e-02   2.8983804e-02   2.8178180e-02
  -6.3000000e+01   4.8582922e-02   5.0125088e-02   5.1420130e-02   5.1684588e-02   4.7815648e-02   4.1783345e-02   3.6366933e-02   3.3866267e-02   3.1108763e-02   2.8958815e-02   2.8169736e-02
  -6.2550000e+01   4.8570408e-02   4.8738662e-02   5.0435795e-02   5.1482211e-02   4.8139987e-02   4.1978687e-02   3.6387212e-02   3.3789141e-02   3.1043804e-02   2.8933990e-02   2.8161352e-02
  -6.2100000e+01   4.8569535e-02   4.8248623e-02   4.9625372e-02   5.1256750e-02   4.8428923e-02   4.2155159e-02   3.6399147e-02   3.3710234e-02   3.0979055e-02   2.8909330e-02   2.8153028e-02
  -6.1650000e+01   4.8550554e-02   4.8085459e-02   4.8985964e-02   5.1025854e-02   4.8682978e-02   4.2312510e-02   3.6402806e-02   3.3629587e-02   3.0914521e-02   2.8884836e-02   2.8144763e-02
  -6.1200000e+01   4.8316345e-02   4.7876692e-02   4.8488339e-02   5.0805307e-02   4.8902749e-02   4.2450517e-02   3.6398260e-02   3.3547241e-02   3.0850209e-02   2.8860507e-02   2.8136557e-02
  -6.0750000e+01   4.7751472e-02   4.7641142e-02   4.8097973e-02   5.0608648e-02   4.9088876e-02   4.2568989e-02   3.6385587e-02   3.3463235e-02   3.0786124e-02   2.8836344e-02   2.8128411e-02
  -6.0300000e+01   4.7416253e-02   4.7400694e-02   4.7789596e-02   5.0446900e-02   4.9242006e-02   4.2667762e-02   3.6364869e-02   3.3377611e-02   3.0722271e-02   2.8812347e-02   2.8120325e-02
  -5.9850000e+01   4.7165927e-02   4.7159980e-02   4.7550831e-02   5.0328388e-02   4.9362773e-02   4.2746706e-02   3.6336192e-02   3.3290409e-02   3.0658656e-02   2.8788517e-02   2.8112298e-02
  -5.9400000e+01   4.6903824e-02   4.6918295e-02   4.7381287e-02   5.0258648e-02   4.9451763e-02   4.2805718e-02   3.6299649e-02   3.3201671e-02   3.0595285e-02   2.8764854e-02   2.8104331e-02
  -5.8950000e+01   4.6453854e-02   4.6670654e-02   4.7292580e-02   5.0240401e-02   4.9509500e-02   4.2844728e-02   3.6255336e-02   3.3111437e-02   3.0532162e-02   2.8741358e-02   2.8096424e-02
  -5.8500000e+01   4.5977064e-02   4.6399087e-02   4.7310058e-02   5.0273601e-02   4.9536429e-02   4.2863698e-02   3.6203354e-02   3.3019747e-02   3.0469294e-02   2.8718028e-02   2.8088576e-02
  -5.8050000e+01   4.5917097e-02   4.6075345e-02   4.7471988e-02   5.0355540e-02   4.9532907e-02   4.2862618e-02   3.6143810e-02   3.2926644e-02   3.0406684e-02   2.8694867e-02   2.8080788e-02
  -5.7600000e+01   4.5914841e-02   4.5926518e-02   4.7818622e-02   5.0481011e-02   4.9499192e-02   4.2841513e-02   3.6076813e-02   3.2832168e-02   3.0344340e-02   2.8671873e-02   2.8073059e-02
  -5.7150000e+01   4.5916628e-02   4.6679876e-02   4.8370255e-02   5.0642524e-02   4.9435453e-02   4.2800437e-02   3.6002479e-02   3.2736361e-02   3.0282265e-02   2.8649047e-02   2.8065391e-02
  -5.6700000e+01   4.5965997e-02   4.8002318e-02   4.9110759e-02   5.0830575e-02   4.9341769e-02   4.2739475e-02   3.5920926e-02   3.2639263e-02   3.0220465e-02   2.8626390e-02   2.8057781e-02
  -5.6250000e+01   4.6738847e-02   4.9342822e-02   4.9994277e-02   5.1033961e-02   4.9218142e-02   4.2658745e-02   3.5832278e-02   3.2540916e-02   3.0158945e-02   2.8603901e-02   2.8050232e-02
  -5.5800000e+01   4.9730814e-02   5.0643446e-02   5.0966758e-02   5.1240146e-02   4.9064512e-02   4.2558394e-02   3.5736661e-02   3.2441361e-02   3.0097710e-02   2.8581581e-02   2.8042742e-02
  -5.5350000e+01   5.1792684e-02   5.1923384e-02   5.1981062e-02   5.1435655e-02   4.8880777e-02   4.2438600e-02   3.5634208e-02   3.2340640e-02   3.0036765e-02   2.8559430e-02   2.8035312e-02
  -5.4900000e+01   5.3152447e-02   5.3195623e-02   5.2998742e-02   5.1606500e-02   4.8666813e-02   4.2299573e-02   3.5525053e-02   3.2238792e-02   2.9976116e-02   2.8537449e-02   2.8027942e-02
  -5.4450000e+01   5.4556166e-02   5.4470193e-02   5.3983997e-02   5.1738624e-02   4.8422501e-02   4.2141551e-02   3.5409335e-02   3.2135861e-02   2.9915767e-02   2.8515637e-02   2.8020631e-02
  -5.4000000e+01   5.6986788e-02   5.5761177e-02   5.4894882e-02   5.1818340e-02   4.8147747e-02   4.1964803e-02   3.5287197e-02   3.2031886e-02   2.9855722e-02   2.8493995e-02   2.8013380e-02
  -5.3550000e+01   5.9541071e-02   5.7097870e-02   5.5674465e-02   5.1832761e-02   4.7842514e-02   4.1769626e-02   3.5158785e-02   3.1926909e-02   2.9795988e-02   2.8472523e-02   2.8006189e-02
  -5.3100000e+01   5.9882765e-02   5.8509390e-02   5.6247573e-02   5.1770198e-02   4.7506844e-02   4.1556347e-02   3.5024248e-02   3.1820971e-02   2.9736568e-02   2.8451221e-02   2.7999058e-02
  -5.2650000e+01   5.9897088e-02   5.9650383e-02   5.6534217e-02   5.1620523e-02   4.7140880e-02   4.1325320e-02   3.4883739e-02   3.1714113e-02   2.9677468e-02   2.8430090e-02   2.7991986e-02
  -5.2200000e+01   5.9896343e-02   5.9378521e-02   5.6482995e-02   5.1375464e-02   4.6744892e-02   4.1076925e-02   3.4737413e-02   3.1606377e-02   2.9618692e-02   2.8409129e-02   2.7984974e-02
  -5.1750000e+01   5.9865231e-02   5.8084107e-02   5.6100283e-02   5.1028852e-02   4.6319289e-02   4.0811570e-02   3.4585429e-02   3.1497802e-02   2.9560245e-02   2.8388340e-02   2.7978022e-02
  -5.1300000e+01   5.9310656e-02   5.6732587e-02   5.5443411e-02   5.0576793e-02   4.5864640e-02   4.0529689e-02   3.4427949e-02   3.1388429e-02   2.9502132e-02   2.8367722e-02   2.7971130e-02
  -5.0850000e+01   5.6519989e-02   5.5447870e-02   5.4585395e-02   5.0017768e-02   4.5381683e-02   4.0231739e-02   3.4265136e-02   3.1278301e-02   2.9444357e-02   2.8347275e-02   2.7964297e-02
  -5.0400000e+01   5.4333363e-02   5.4195405e-02   5.3585893e-02   4.9352674e-02   4.4871326e-02   3.9918201e-02   3.4097158e-02   3.1167456e-02   2.9386924e-02   2.8327000e-02   2.7957525e-02
  -4.9950000e+01   5.2981213e-02   5.2954235e-02   5.2482748e-02   4.8584800e-02   4.4334656e-02   3.9589580e-02   3.3924182e-02   3.1055936e-02   2.9329839e-02   2.8306897e-02   2.7950812e-02
  -4.9500000e+01   5.1607040e-02   5.1712543e-02   5.1295171e-02   4.7719749e-02   4.3772930e-02   3.9246402e-02   3.3746381e-02   3.0943781e-02   2.9273106e-02   2.8286966e-02   2.7944159e-02
  -4.9050000e+01   4.9250252e-02   5.0462210e-02   5.0027940e-02   4.6765308e-02   4.3187569e-02   3.8889212e-02   3.3563928e-02   3.0831031e-02   2.9216728e-02   2.8267208e-02   2.7937566e-02
  -4.8600000e+01   4.6687591e-02   4.9206242e-02   4.8673045e-02   4.5731276e-02   4.2580146e-02   3.8518577e-02   3.3376998e-02   3.0717726e-02   2.9160712e-02   2.8247622e-02   2.7931033e-02
  -4.8150000e+01   4.6311020e-02   4.7987502e-02   4.7211029e-02   4.4629242e-02   4.1952369e-02   3.8135081e-02   3.3185767e-02   3.0603907e-02   2.9105060e-02   2.8228209e-02   2.7924559e-02
  -4.7700000e+01   4.6293705e-02   4.6828489e-02   4.5617621e-02   4.3472325e-02   4.1306056e-02   3.7739323e-02   3.2990415e-02   3.0489613e-02   2.9049777e-02   2.8208969e-02   2.7918146e-02
  -4.7250000e+01   4.6292084e-02   4.5267889e-02   4.3878530e-02   4.2274869e-02   4.0643121e-02   3.7331921e-02   3.2791120e-02   3.0374883e-02   2.8994868e-02   2.8189902e-02   2.7911792e-02
  -4.6800000e+01   4.6250030e-02   4.3037739e-02   4.2003515e-02   4.1052085e-02   3.9965538e-02   3.6913505e-02   3.2588065e-02   3.0259758e-02   2.8940337e-02   2.8171008e-02   2.7905498e-02
  -4.6350000e+01   4.5418895e-02   4.0628628e-02   4.0025812e-02   3.9819667e-02   3.9275323e-02   3.6484719e-02   3.2381432e-02   3.0144277e-02   2.8886187e-02   2.8152289e-02   2.7899265e-02
  -4.5900000e+01   4.0437041e-02   3.8248008e-02   3.7988420e-02   3.8593354e-02   3.8574498e-02   3.6046219e-02   3.2171403e-02   3.0028479e-02   2.8832423e-02   2.8133743e-02   2.7893091e-02
  -4.5450000e+01   3.6143877e-02   3.5906877e-02   3.5932189e-02   3.7388466e-02   3.7865067e-02   3.5598671e-02   3.1958162e-02   2.9912403e-02   2.8779050e-02   2.8115371e-02   2.7886977e-02
  -4.5000000e+01   3.3585647e-02   3.3585999e-02   3.3893552e-02   3.6219435e-02   3.7148990e-02   3.5142750e-02   3.1741895e-02   2.9796087e-02   2.8726070e-02   2.8097174e-02   2.7880923e-02
  -4.4550000e+01   3.1027417e-02   3.1264819e-02   3.1909539e-02   3.5099317e-02   3.6428151e-02   3.4679139e-02   3.1522785e-02   2.9679570e-02   2.8673489e-02   2.8079151e-02   2.7874929e-02
  -4.4100000e+01   2.6734252e-02   2.8920006e-02   3.0026523e-02   3.4039341e-02   3.5704341e-02   3.4208528e-02   3.1301019e-02   2.9562891e-02   2.8621310e-02   2.8061302e-02   2.7868995e-02
  -4.3650000e+01   2.1752397e-02   2.6516415e-02   2.8310498e-02   3.3048493e-02   3.4979235e-02   3.3731610e-02   3.1076781e-02   2.9446087e-02   2.8569537e-02   2.8043629e-02   2.7863121e-02
  -4.3200000e+01   2.0921252e-02   2.4020391e-02   2.6852807e-02   3.2133184e-02   3.4254371e-02   3.3249086e-02   3.0850257e-02   2.9329197e-02   2.8518174e-02   2.8026131e-02   2.7857306e-02
  -4.2750000e+01   2.0879153e-02   2.1734442e-02   2.5757251e-02   3.1296996e-02   3.3531141e-02   3.2761654e-02   3.0621631e-02   2.9212258e-02   2.8467224e-02   2.8008808e-02   2.7851552e-02
  -4.2300000e+01   2.0878302e-02   2.1064096e-02   2.5099266e-02   3.0540559e-02   3.2810780e-02   3.2270019e-02   3.0391087e-02   2.9095308e-02   2.8416692e-02   2.7991660e-02   2.7845858e-02
  -4.1850000e+01   2.0892983e-02   2.2065146e-02   2.4881141e-02   2.9861558e-02   3.2094359e-02   3.1774881e-02   3.0158811e-02   2.8978384e-02   2.8366581e-02   2.7974688e-02   2.7840224e-02
  -4.1400000e+01   2.1210502e-02   2.3274052e-02   2.5029076e-02   2.9254872e-02   3.1382784e-02   3.1276943e-02   2.9924984e-02   2.8861522e-02   2.8316895e-02   2.7957892e-02   2.7834650e-02
  -4.0950000e+01   2.3371136e-02   2.4384635e-02   2.5435338e-02   2.8712857e-02   3.0676802e-02   3.0776902e-02   2.9689789e-02   2.8744759e-02   2.8267638e-02   2.7941272e-02   2.7829135e-02
  -4.0500000e+01   2.5358192e-02   2.5447361e-02   2.6000906e-02   2.8225754e-02   2.9977004e-02   3.0275454e-02   2.9453406e-02   2.8628132e-02   2.8218812e-02   2.7924828e-02   2.7823681e-02
  -4.0050000e+01   2.6516784e-02   2.6494678e-02   2.6650346e-02   2.7782196e-02   2.9283838e-02   2.9773289e-02   2.9216016e-02   2.8511677e-02   2.8170423e-02   2.7908560e-02   2.7818287e-02
  -3.9600000e+01   2.7656809e-02   2.7540772e-02   2.7325811e-02   2.7369787e-02   2.8597623e-02   2.9271093e-02   2.8977797e-02   2.8395430e-02   2.8122473e-02   2.7892469e-02   2.7812953e-02
  -3.9150000e+01   2.9500397e-02   2.8597033e-02   2.7974328e-02   2.6975727e-02   2.7918565e-02   2.8769542e-02   2.8738925e-02   2.8279425e-02   2.8074966e-02   2.7876555e-02   2.7807679e-02
  -3.8700000e+01   3.1853265e-02   2.9683531e-02   2.8535223e-02   2.6587430e-02   2.7246776e-02   2.8269306e-02   2.8499575e-02   2.8163700e-02   2.8027905e-02   2.7860818e-02   2.7802465e-02
  -3.8250000e+01   3.2320840e-02   3.0836989e-02   2.8932152e-02   2.6193110e-02   2.6582296e-02   2.7771048e-02   2.8259921e-02   2.8048287e-02   2.7981293e-02   2.7845258e-02   2.7797311e-02
  -3.7800000e+01   3.2347080e-02   3.1944341e-02   2.9079086e-02   2.5782294e-02   2.5925114e-02   2.7275417e-02   2.8020132e-02   2.7933222e-02   2.7935135e-02   2.7829875e-02   2.7792217e-02
  -3.7350000e+01   3.2347618e-02   3.2041234e-02   2.8908327e-02   2.5346232e-02   2.5275191e-02   2.6783054e-02   2.7780378e-02   2.7818540e-02   2.7889433e-02   2.7814669e-02   2.7787183e-02
  -3.6900000e+01   3.2330902e-02   3.0701374e-02   2.8405661e-02   2.4878196e-02   2.4632480e-02   2.6294586e-02   2.7540824e-02   2.7704274e-02   2.7844190e-02   2.7799641e-02   2.7782210e-02
  -3.6450000e+01   3.1931932e-02   2.9072302e-02   2.7617223e-02   2.4373628e-02   2.3996949e-02   2.5810631e-02   2.7301634e-02   2.7590458e-02   2.7799410e-02   2.7784791e-02   2.7777296e-02
  -3.6000000e+01   2.8949473e-02   2.7517374e-02   2.6619774e-02   2.3830169e-02   2.3368604e-02   2.5331789e-02   2.7062970e-02   2.7477125e-02   2.7755097e-02   2.7770118e-02   2.7772442e-02
  -3.5550000e+01   2.6111402e-02   2.6010977e-02   2.5486289e-02   2.3247555e-02   2.2747500e-02   2.4858648e-02   2.6824989e-02   2.7364309e-02   2.7711252e-02   2.7755624e-02   2.7767649e-02
  -3.5100000e+01   2.4472376e-02   2.4522774e-02   2.4271574e-02   2.2627395e-02   2.2133764e-02   2.4391781e-02   2.6587845e-02   2.7252042e-02   2.7667880e-02   2.7741308e-02   2.7762916e-02
  -3.4650000e+01   2.2884675e-02   2.3037221e-02   2.3014741e-02   2.1972875e-02   2.1527603e-02   2.3931743e-02   2.6351692e-02   2.7140356e-02   2.7624983e-02   2.7727170e-02   2.7758242e-02
  -3.4200000e+01   2.0477171e-02   2.1543312e-02   2.1747207e-02   2.1288399e-02   2.0929319e-02   2.3479074e-02   2.6116677e-02   2.7029284e-02   2.7582564e-02   2.7713211e-02   2.7753629e-02
  -3.3750000e+01   1.6983657e-02   2.0029198e-02   2.0500335e-02   2.0579198e-02   2.0339314e-02   2.3034295e-02   2.5882946e-02   2.6918857e-02   2.7540627e-02   2.7699431e-02   2.7749076e-02
  -3.3300000e+01   1.6081257e-02   1.8484222e-02   1.9310463e-02   1.9850953e-02   1.9758093e-02   2.2597910e-02   2.5650641e-02   2.6809106e-02   2.7499174e-02   2.7685829e-02   2.7744584e-02
  -3.2850000e+01   1.6023625e-02   1.6973555e-02   1.8217822e-02   1.9109443e-02   1.9186267e-02   2.2170402e-02   2.5419899e-02   2.6700063e-02   2.7458208e-02   2.7672407e-02   2.7740151e-02
  -3.2400000e+01   1.6021452e-02   1.5920370e-02   1.7255576e-02   1.8360250e-02   1.8624551e-02   2.1752236e-02   2.5190855e-02   2.6591757e-02   2.7417732e-02   2.7659163e-02   2.7735779e-02
  -3.1950000e+01   1.6017797e-02   1.5494062e-02   1.6434229e-02   1.7608534e-02   1.8073759e-02   2.1343854e-02   2.4963639e-02   2.6484220e-02   2.7377749e-02   2.7646099e-02   2.7731466e-02
  -3.1500000e+01   1.5919388e-02   1.5152434e-02   1.5736831e-02   1.6858895e-02   1.7534791e-02   2.0945680e-02   2.4738378e-02   2.6377481e-02   2.7338261e-02   2.7633214e-02   2.7727214e-02
  -3.1050000e+01   1.5136648e-02   1.4769027e-02   1.5130881e-02   1.6115317e-02   1.7008631e-02   2.0558113e-02   2.4515194e-02   2.6271569e-02   2.7299272e-02   2.7620509e-02   2.7723022e-02
  -3.0600000e+01   1.4397931e-02   1.4373842e-02   1.4583947e-02   1.5381197e-02   1.6496326e-02   2.0181531e-02   2.4294205e-02   2.6166514e-02   2.7260784e-02   2.7607984e-02   2.7718890e-02
  -3.0150000e+01   1.3967636e-02   1.3978155e-02   1.4070950e-02   1.4659442e-02   1.5998978e-02   1.9816289e-02   2.4075526e-02   2.6062344e-02   2.7222799e-02   2.7595638e-02   2.7714819e-02
  -2.9700000e+01   1.3556676e-02   1.3582757e-02   1.3573499e-02   1.3952624e-02   1.5517722e-02   1.9462716e-02   2.3859266e-02   2.5959088e-02   2.7185321e-02   2.7583472e-02   2.7710807e-02
  -2.9250000e+01   1.3006346e-02   1.3186803e-02   1.3076246e-02   1.3263163e-02   1.5053711e-02   1.9121121e-02   2.3645530e-02   2.5856774e-02   2.7148351e-02   2.7571487e-02   2.7706856e-02
  -2.8800000e+01   1.2078993e-02   1.2791748e-02   1.2563107e-02   1.2593536e-02   1.4608099e-02   1.8791782e-02   2.3434420e-02   2.5755429e-02   2.7111893e-02   2.7559681e-02   2.7702965e-02
  -2.8350000e+01   1.1694491e-02   1.2408793e-02   1.2014563e-02   1.1946459e-02   1.4182021e-02   1.8474958e-02   2.3226032e-02   2.5655080e-02   2.7075949e-02   2.7548056e-02   2.7699134e-02
  -2.7900000e+01   1.1663306e-02   1.2053010e-02   1.1408228e-02   1.1325051e-02   1.3776577e-02   1.8170876e-02   2.3020458e-02   2.5555755e-02   2.7040521e-02   2.7536612e-02   2.7695363e-02
  -2.7450000e+01   1.1661961e-02   1.1552040e-02   1.0725334e-02   1.0732936e-02   1.3392809e-02   1.7879740e-02   2.2817784e-02   2.5457479e-02   2.7005611e-02   2.7525348e-02   2.7691653e-02
  -2.7000000e+01   1.1653642e-02   1.0608402e-02   9.9608006e-03   1.0174292e-02   1.3031691e-02   1.7601726e-02   2.2618095e-02   2.5360279e-02   2.6971223e-02   2.7514264e-02   2.7688003e-02
  -2.6550000e+01   1.1385911e-02   9.5127645e-03   9.1275141e-03   9.6538155e-03   1.2694112e-02   1.7336984e-02   2.2421467e-02   2.5264179e-02   2.6937358e-02   2.7503362e-02   2.7684413e-02
  -2.6100000e+01   9.2734042e-03   8.4356136e-03   8.2499922e-03   9.1766140e-03   1.2380857e-02   1.7085634e-02   2.2227975e-02   2.5169206e-02   2.6904019e-02   2.7492641e-02   2.7680883e-02
  -2.5650000e+01   7.4666049e-03   7.3750511e-03   7.3548892e-03   8.7480241e-03   1.2092605e-02   1.6847769e-02   2.2037686e-02   2.5075385e-02   2.6871207e-02   2.7482100e-02   2.7677413e-02
  -2.5200000e+01   6.3465872e-03   6.3209019e-03   6.4666900e-03   8.3733652e-03   1.1829910e-02   1.6623454e-02   2.1850666e-02   2.4982738e-02   2.6838926e-02   2.7471741e-02   2.7674004e-02
  -2.4750000e+01   5.2886269e-03   5.2686457e-03   5.6093478e-03   8.0576445e-03   1.1593200e-02   1.6412724e-02   2.1666974e-02   2.4891291e-02   2.6807177e-02   2.7461563e-02   2.7670655e-02
  -2.4300000e+01   4.2328666e-03   4.2151077e-03   4.8114516e-03   7.8052342e-03   1.1382772e-02   1.6215588e-02   2.1486665e-02   2.4801068e-02   2.6775962e-02   2.7451567e-02   2.7667366e-02
  -2.3850000e+01   3.1759228e-03   3.1506674e-03   4.1135257e-03   7.6195448e-03   1.1198787e-02   1.6032024e-02   2.1309789e-02   2.4712090e-02   2.6745283e-02   2.7441752e-02   2.7664138e-02
  -2.3400000e+01   2.1178725e-03   2.0365527e-03   3.5750372e-03   7.5027205e-03   1.1041273e-02   1.5861981e-02   2.1136392e-02   2.4624381e-02   2.6715143e-02   2.7432119e-02   2.7660970e-02
  -2.2950000e+01   1.0491790e-03   8.2096042e-04   3.2728439e-03   7.4553833e-03   1.0910127e-02   1.5705379e-02   2.0966515e-02   2.4537963e-02   2.6685544e-02   2.7422667e-02   2.7657862e-02
  -2.2500000e+01   6.6041990e-09   1.3313223e-04   3.2791944e-03   7.4764489e-03   1.0805121e-02   1.5562110e-02   2.0800196e-02   2.4452858e-02   2.6656487e-02   2.7413398e-02   2.7654814e-02
  -2.2050000e+01   1.4129518e-03   1.1833810e-03   3.6237146e-03   7.5630347e-03   1.0725911e-02   1.5432038e-02   2.0637467e-02   2.4369088e-02   2.6627974e-02   2.7404310e-02   2.7651827e-02
  -2.1600000e+01   2.8452357e-03   2.7610789e-03   4.2729141e-03   7.7104718e-03   1.0672042e-02   1.5314996e-02   2.0478356e-02   2.4286673e-02   2.6600007e-02   2.7395404e-02   2.7648899e-02
  -2.1150000e+01   4.2666214e-03   4.2370020e-03   5.1506414e-03   7.9124260e-03   1.0642962e-02   1.5210791e-02   2.0322888e-02   2.4205635e-02   2.6572589e-02   2.7386681e-02   2.7646033e-02
  -2.0700000e+01   5.6865482e-03   5.6629696e-03   6.1757756e-03   8.1611224e-03   1.0638038e-02   1.5119201e-02   2.0171082e-02   2.4125993e-02   2.6545720e-02   2.7378139e-02   2.7643226e-02
  -2.0250000e+01   7.1048853e-03   7.0778143e-03   7.2835854e-03   8.4476634e-03   1.0656559e-02   1.5039977e-02   2.0022955e-02   2.4047767e-02   2.6519403e-02   2.7369780e-02   2.7640480e-02
  -1.9800000e+01   8.5261780e-03   8.4914202e-03   8.4262639e-03   8.7624172e-03   1.0697759e-02   1.4972842e-02   1.9878518e-02   2.3970976e-02   2.6493639e-02   2.7361603e-02   2.7637794e-02
  -1.9350000e+01   1.0030840e-02   9.9080510e-03   9.5641854e-03   9.0954555e-03   1.0760827e-02   1.4917496e-02   1.9737781e-02   2.3895641e-02   2.6468431e-02   2.7353609e-02   2.7635168e-02
  -1.8900000e+01   1.2458144e-02   1.1336911e-02   1.0655772e-02   9.4370087e-03   1.0844920e-02   1.4873608e-02   1.9600747e-02   2.3821778e-02   2.6443779e-02   2.7345798e-02   2.7632603e-02
  -1.8450000e+01   1.5296147e-02   1.2805642e-02   1.1649115e-02   9.7779134e-03   1.0949175e-02   1.4840828e-02   1.9467419e-02   2.3749406e-02   2.6419685e-02   2.7338169e-02   2.7630098e-02
  -1.8000000e+01   1.5655846e-02   1.4339330e-02   1.2480455e-02   1.0110022e-02   1.1072720e-02   1.4818777e-02   1.9337793e-02   2.3678543e-02   2.6396151e-02   2.7330723e-02   2.7627653e-02
  -1.7550000e+01   1.5667023e-02   1.5510953e-02   1.3088026e-02   1.0426550e-02   1.1214685e-02   1.4807057e-02   1.9211865e-02   2.3609206e-02   2.6373178e-02   2.7323459e-02   2.7625269e-02
  -1.7100000e+01   1.5665493e-02   1.5419442e-02   1.3439976e-02   1.0722349e-02   1.1374212e-02   1.4805246e-02   1.9089625e-02   2.3541411e-02   2.6350768e-02   2.7316379e-02   2.7622945e-02
  -1.6650000e+01   1.5626375e-02   1.4818308e-02   1.3552822e-02   1.0994076e-02   1.1550453e-02   1.4812901e-02   1.8971063e-02   2.3475176e-02   2.6328923e-02   2.7309481e-02   2.7620681e-02
  -1.6200000e+01   1.5144551e-02   1.4267434e-02   1.3479317e-02   1.1240277e-02   1.1742583e-02   1.4829561e-02   1.8856164e-02   2.3410516e-02   2.6307643e-02   2.7302767e-02   2.7618477e-02
  -1.5750000e+01   1.3982486e-02   1.3757836e-02   1.3279579e-02   1.1461358e-02   1.1949795e-02   1.4854744e-02   1.8744912e-02   2.3347447e-02   2.6286931e-02   2.7296235e-02   2.7616334e-02
  -1.5300000e+01   1.3292868e-02   1.3260012e-02   1.3002230e-02   1.1659478e-02   1.2171302e-02   1.4887955e-02   1.8637286e-02   2.3285983e-02   2.6266786e-02   2.7289887e-02   2.7614251e-02
  -1.4850000e+01   1.2777894e-02   1.2764809e-02   1.2681776e-02   1.1838355e-02   1.2406335e-02   1.4928678e-02   1.8533267e-02   2.3226140e-02   2.6247212e-02   2.7283722e-02   2.7612229e-02
  -1.4400000e+01   1.2238692e-02   1.2268526e-02   1.2343882e-02   1.2003015e-02   1.2654131e-02   1.4976389e-02   1.8432829e-02   2.3167931e-02   2.6228208e-02   2.7277741e-02   2.7610267e-02
  -1.3950000e+01   1.1313007e-02   1.1766430e-02   1.2011735e-02   1.2159499e-02   1.2913937e-02   1.5030547e-02   1.8335948e-02   2.3111371e-02   2.6209777e-02   2.7271943e-02   2.7608365e-02
  -1.3500000e+01   1.0332153e-02   1.1247627e-02   1.1711101e-02   1.2314543e-02   1.3184990e-02   1.5090602e-02   1.8242596e-02   2.3056473e-02   2.6191919e-02   2.7266328e-02   2.7606524e-02
  -1.3050000e+01   1.0208813e-02   1.0702784e-02   1.1472223e-02   1.2475252e-02   1.3466514e-02   1.5155995e-02   1.8152744e-02   2.3003249e-02   2.6174635e-02   2.7260897e-02   2.7604743e-02
  -1.2600000e+01   1.0204203e-02   1.0280494e-02   1.1325227e-02   1.2648789e-02   1.3757707e-02   1.5226160e-02   1.8066363e-02   2.2951713e-02   2.6157928e-02   2.7255649e-02   2.7603022e-02
  -1.2150000e+01   1.0204621e-02   1.0369047e-02   1.1288826e-02   1.2842076e-02   1.4057730e-02   1.5300525e-02   1.7983421e-02   2.2901877e-02   2.6141796e-02   2.7250585e-02   2.7601362e-02
  -1.1700000e+01   1.0217689e-02   1.0740238e-02   1.1361531e-02   1.3061538e-02   1.4365695e-02   1.5378513e-02   1.7903886e-02   2.2853751e-02   2.6126243e-02   2.7245705e-02   2.7599762e-02
  -1.1250000e+01   1.0422139e-02   1.1107781e-02   1.1525463e-02   1.3312875e-02   1.4680655e-02   1.5459549e-02   1.7827724e-02   2.2807348e-02   2.6111268e-02   2.7241008e-02   2.7598222e-02
  -1.0800000e+01   1.1213629e-02   1.1454781e-02   1.1758740e-02   1.3600871e-02   1.5001593e-02   1.5543054e-02   1.7754903e-02   2.2762679e-02   2.6096873e-02   2.7236495e-02   2.7596743e-02
  -1.0350000e+01   1.1759073e-02   1.1793851e-02   1.2044874e-02   1.3929251e-02   1.5327413e-02   1.5628454e-02   1.7685388e-02   2.2719752e-02   2.6083058e-02   2.7232166e-02   2.7595324e-02
  -9.9000000e+00   1.2118783e-02   1.2130533e-02   1.2375460e-02   1.4300567e-02   1.5656935e-02   1.5715178e-02   1.7619144e-02   2.2678580e-02   2.6069825e-02   2.7228021e-02   2.7593965e-02
  -9.4500000e+00   1.2490121e-02   1.2467376e-02   1.2749712e-02   1.4716120e-02   1.5988888e-02   1.5802661e-02   1.7556138e-02   2.2639170e-02   2.6057174e-02   2.7224060e-02   2.7592667e-02
  -9.0000000e+00   1.3133114e-02   1.2804716e-02   1.3174406e-02   1.5175909e-02   1.6321910e-02   1.5890346e-02   1.7496335e-02   2.2601533e-02   2.6045106e-02   2.7220282e-02   2.7591429e-02
  -8.5500000e+00   1.3808818e-02   1.3134446e-02   1.3664982e-02   1.5678618e-02   1.6654546e-02   1.5977687e-02   1.7439702e-02   2.2565677e-02   2.6033622e-02   2.7216689e-02   2.7590252e-02
  -8.1000000e+00   1.3899198e-02   1.3429977e-02   1.4245464e-02   1.6221625e-02   1.6985252e-02   1.6064150e-02   1.7386204e-02   2.2531609e-02   2.6022723e-02   2.7213280e-02   2.7589135e-02
  -7.6500000e+00   1.3902958e-02   1.3762858e-02   1.4942422e-02   1.6801036e-02   1.7312401e-02   1.6149212e-02   1.7335809e-02   2.2499339e-02   2.6012409e-02   2.7210055e-02   2.7588078e-02
  -7.2000000e+00   1.3904111e-02   1.4591655e-02   1.5771449e-02   1.7411755e-02   1.7634292e-02   1.6232371e-02   1.7288486e-02   2.2468874e-02   2.6002680e-02   2.7207014e-02   2.7587082e-02
  -6.7500000e+00   1.3937082e-02   1.5899378e-02   1.6725528e-02   1.8047582e-02   1.7949164e-02   1.6313137e-02   1.7244202e-02   2.2440219e-02   2.5993539e-02   2.7204157e-02   2.7586146e-02
  -6.3000000e+00   1.4525374e-02   1.7275922e-02   1.7777515e-02   1.8701334e-02   1.8255205e-02   1.6391044e-02   1.7202928e-02   2.2413383e-02   2.5984984e-02   2.7201484e-02   2.7585270e-02
  -5.8500000e+00   1.7485738e-02   1.8624780e-02   1.8893531e-02   1.9364999e-02   1.8550574e-02   1.6465644e-02   1.7164635e-02   2.2388371e-02   2.5977017e-02   2.7198996e-02   2.7584455e-02
  -5.4000000e+00   1.9805331e-02   1.9951258e-02   2.0043628e-02   2.0029914e-02   1.8833420e-02   1.6536514e-02   1.7129296e-02   2.2365189e-02   2.5969638e-02   2.7196691e-02   2.7583700e-02
  -4.9500000e+00   2.1239704e-02   2.1267682e-02   2.1204000e-02   2.0686958e-02   1.9101899e-02   1.6603255e-02   1.7096885e-02   2.2343842e-02   2.5962848e-02   2.7194571e-02   2.7583006e-02
  -4.5000000e+00   2.2697438e-02   2.2585276e-02   2.2353815e-02   2.1326764e-02   1.9354199e-02   1.6665493e-02   1.7067377e-02   2.2324334e-02   2.5956646e-02   2.7192636e-02   2.7582372e-02
  -4.0500000e+00   2.5197540e-02   2.3916637e-02   2.3470266e-02   2.1939937e-02   1.9588564e-02   1.6722883e-02   1.7040750e-02   2.2306672e-02   2.5951035e-02   2.7190884e-02   2.7581798e-02
  -3.6000000e+00   2.7916036e-02   2.5278735e-02   2.4523540e-02   2.2517263e-02   1.9803315e-02   1.6775107e-02   1.7016983e-02   2.2290857e-02   2.5946013e-02   2.7189317e-02   2.7581285e-02
  -3.1500000e+00   2.8315520e-02   2.6675978e-02   2.5474381e-02   2.3049926e-02   1.9996875e-02   1.6821878e-02   1.6996058e-02   2.2276895e-02   2.5941581e-02   2.7187934e-02   2.7580832e-02
  -2.7000000e+00   2.8333935e-02   2.7919206e-02   2.6279743e-02   2.3529697e-02   2.0167791e-02   1.6862940e-02   1.6977958e-02   2.2264788e-02   2.5937739e-02   2.7186736e-02   2.7580439e-02
  -2.2500000e+00   2.8334379e-02   2.8431592e-02   2.6909238e-02   2.3949108e-02   2.0314754e-02   1.6898070e-02   1.6962667e-02   2.2254539e-02   2.5934488e-02   2.7185722e-02   2.7580107e-02
  -1.8000000e+00   2.8334353e-02   2.8399477e-02   2.7361396e-02   2.4301602e-02   2.0436623e-02   1.6927075e-02   1.6950174e-02   2.2246150e-02   2.5931828e-02   2.7184892e-02   2.7579835e-02
  -1.3500000e+00   2.8334347e-02   2.8349454e-02   2.7662332e-02   2.4581660e-02   2.0532435e-02   1.6949799e-02   1.6940468e-02   2.2239624e-02   2.5929759e-02   2.7184246e-02   2.7579624e-02
  -9.0000000e-01   2.8334346e-02   2.8336233e-02   2.7848043e-02   2.4784893e-02   2.0601428e-02   1.6966119e-02   1.6933541e-02   2.2234961e-02   2.5928280e-02   2.7183785e-02   2.7579473e-02
  -4.5000000e-01   2.8334346e-02   2.8334114e-02   2.7948060e-02   2.4908119e-02   2.0643048e-02   1.6975946e-02   1.6929388e-02   2.2232163e-02   2.5927394e-02   2.7183509e-02   2.7579382e-02
   0.0000000e+00   2.8334346e-02   2.8333940e-02   2.7979590e-02   2.4949410e-02   2.0656959e-02   1.6979228e-02   1.6928003e-02   2.2231230e-02   2.5927098e-02   2.7183417e-02   2.7579352e-02
   4.5000000e-01   2.8334346e-02   2.8334114e-02   2.7948060e-02   2.4908119e-02   2.0643048e-02   1.6975946e-02   1.6929388e-02   2.2232163e-02   2.5927394e-02   2.7183509e-02   2.7579382e-02
   9.0000000e-01   2.8334346e-02   2.8336233e-02   2.7848043e-02   2.4784893e-02   2.0601428e-02   1.6966119e-02   1.6933541e-02   2.2234961e-02   2.5928280e-02   2.7183785e-02   2.7579473e-02
   1.3500000e+00   2.8334347e-02   2.8349454e-02   2.7662332e-02   2.4581660e-02   2.0532435e-02   1.6949799e-02   1.6940468e-02   2.2239624e-02   2.5929759e-02   2.7184246e-02   2.7579624e-02
   1.8000000e+00   2.8334353e-02   2.8399477e-02   2.7361396e-02   2.4301602e-02   2.0436623e-02   1.6927075e-02   1.6950174e-02   2.2246150e-02   2.5931828e-02   2.7184892e-02   2.7579835e-02
   2.2500000e+00   2.8334379e-02   2.8431592e-02   2.6909238e-02   2.3949108e-02   2.0314754e-02   1.6898070e-02   1.6962667e-02   2.2254539e-02   2.5934488e-02   2.7185722e-02   2.7580107e-02
   2.7000000e+00   2.8333935e-02   2.7919206e-02   2.6279743e-02   2.3529697e-02   2.0167791e-02   1.6862940e-02   1.6977958e-02   2.2264788e-02   2.5937739e-02   2.7186736e-02   2.7580439e-02
   3.1500000e+00   2.8315520e-02   2.6675978e-02   2.5474381e-02   2.3049926e-02   1.9996875e-02   1.6821878e-02   1.6996058e-02   2.2276895e-02   2.5941581e-02   2.7187934e-02   2.7580832e-02
   3.6000000e+00   2.7916036e-02   2.5278735e-02   2.4523540e-02   2.2517263e-02   1.9803315e-02   1.6775107e-02   1.7016983e-02   2.2290857e-02   2.5946013e-02   2.7189317e-02   2.7581285e-02
   4.0500000e+00   2.5197540e-02   2.3916637e-02   2.3470266e-02   2.1939937e-02   1.9588564e-02   1.6722883e-02   1.7040750e-02   2.2306672e-02   2.5951035e-02   2.7190884e-02   2.7581798e-02
   4.5000000e+00   2.2697438e-02   2.2585276e-02   2.2353815e-02   2.1326764e-02   1.9354199e-02   1.6665493e-02   1.7067377e-02   2.2324334e-02   2.5956646e-02   2.7192636e-02   2.7582372e-02
   4.9500000e+00   2.1239704e-02   2.1267682e-02   2.1204000e-02   2.0686958e-02   1.9101899e-02   1.6603255e-02   1.7096885e-02   2.2343842e-02   2.5962848e-02   2.7194571e-02   2.7583006e-02
   5.4000000e+00   1.9805331e-02   1.9951258e-02   2.0043628e-02   2.0029914e-02   1.8833420e-02   1.6536514e-02   1.7129296e-02   2.2365189e-02   2.5969638e-02   2.7196691e-02   2.7583700e-02
   5.8500000e+00   1.7485738e-02   1.8624780e-02   1.8893531e-02   1.9364999e-02   1.8550574e-02   1.6465644e-02   1.7164635e-02   2.2388371e-02   2.5977017e-02   2.7198996e-02   2.7584455e-02
   6.3000000e+00   1.4525374e-02   1.7275922e-02   1.7777515e-02   1.8701334e-02   1.8255205e-02   1.6391044e-02   1.7202928e-02   2.2413383e-02   2.5984984e-02   2.7201484e-02   2.7585270e-02
   6.7500000e+00   1.3937082e-02   1.5899378e-02   1.6725528e-02   1.8047582e-02   1.7949164e-02   1.6313137e-02   1.7244202e-02   2.2440219e-02   2.5993539e-02   2.7204157e-02   2.7586146e-02
   7.2000000e+00   1.3904111e-02   1.4591655e-02   1.5771449e-02   1.7411755e-02   1.7634292e-02   1.6232371e-02   1.7288486e-02   2.2468874e-02   2.6002680e-02   2.7207014e-02   2.7587082e-02
   7.6500000e+00   1.3902958e-02   1.3762858e-02   1.4942422e-02   1.6801036e-02   1.7312401e-02   1.6149212e-02   1.7335809e-02   2.2499339e-02   2.6012409e-02   2.7210055e-02   2.7588078e-02
   8.1000000e+00   1.3899198e-02   1.3429977e-02   1.4245464e-02   1.6221625e-02   1.6985252e-02   1.6064150e-02   1.7386204e-02   2.2531609e-02   2.6022723e-02   2.7213280e-02   2.7589135e-02
   8.5500000e+00   1.3808818e-02   1.3134446e-02   1.3664982e-02   1.5678618e-02   1.6654546e-02   1.5977687e-02   1.7439702e-02   2.2565677e-02   2.6033622e-02   2.7216689e-02   2.7590252e-02
   9.0000000e+00   1.3133114e-02   1.2804716e-02   1.3174406e-02   1.5175909e-02   1.6321910e-02   1.5890346e-02   1.7496335e-02   2.2601533e-02   2.6045106e-02   2.7220282e-02   2.7591429e-02
   9.4500000e+00   1.2490121e-02   1.2467376e-02   1.2749712e-02   1.4716120e-02   1.5988888e-02   1.5802661e-02   1.7556138e-02   2.2639170e-02   2.6057174e-02   2.7224060e-02   2.7592667e-02
   9.9000000e+00   1.2118783e-02   1.2130533e-02   1.2375460e-02   1.4300567e-02   1.5656935e-02   1.5715178e-02   1.7619144e-02   2.2678580e-02   2.6069825e-02   2.7228021e-02   2.7593965e-02
   1.0350000e+01   1.1759073e-02   1.1793851e-02   1.2044874e-02   1.3929251e-02   1.5327413e-02   1.5628454e-02   1.7685388e-02   2.2719752e-02   2.6083058e-02   2.7232166e-02   2.7595324e-02
   1.0800000e+01   1.1213629e-02   1.1454781e-02   1.1758740e-02   1.3600871e-02   1.5001593e-02   1.5543054e-02   1.7754903e-02   2.2762679e-02   2.6096873e-02   2.7236495e-02   2.7596743e-02
   1.1250000e+01   1.0422139e-02   1.1107781e-02   1.1525463e-02   1.3312875e-02   1.4680655e-02   1.5459549e-02   1.7827724e-02   2.2807348e-02   2.6111268e-02   2.7241008e-02   2.7598222e-02
   1.1700000e+01   1.0217689e-02   1.0740238e-02   1.1361531e-02   1.3061538e-02   1.4365695e-02   1.5378513e-02   1.7903886e-02   2.2853751e-02   2.6126243e-02   2.7245705e-02   2.7599762e-02
   1.2150000e+01   1.0204621e-02   1.0369047e-02   1.1288826e-02   1.2842076e-02   1.4057730e-02   1.5300525e-02   1.7983421e-02   2.2901877e-02   2.6141796e-02   2.7250585e-02   2.7601362e-02
   1.2600000e+01   1.0204203e-02   1.0280494e-02   1.1325227e-02   1.2648789e-02   1.3757707e-02   1.5226160e-02   1.8066363e-02   2.2951713e-02   2.6157928e-02   2.7255649e-02   2.7603022e-02
   1.3050000e+01   1.0208813e-02   1.0702784e-02   1.1472223e-02   1.2475252e-02   1.3466514e-02   1.5155995e-02   1.8152744e-02   2.3003249e-02   2.6174635e-02   2.7260897e-02   2.7604743e-02
   1.3500000e+01   1.0332153e-02   1.1247627e-02   1.1711101e-02   1.2314543e-02   1.3184990e-02   1.5090602e-02   1.8242596e-02   2.3056473e-02   2.6191919e-02   2.7266328e-02   2.7606524e-02
   1.3950000e+01   1.1313007e-02   1.1766430e-02   1.2011735e-02   1.2159499e-02   1.2913937e-02   1.5030547e-02   1.8335948e-02   2.3111371e-02   2.6209777e-02   2.7271943e-02   2.7608365e-02
   1.4400000e+01   1.2238692e-02   1.2268526e-02   1.2343882e-02   1.2003015e-02   1.2654131e-02   1.4976389e-02   1.8432829e-02   2.3167931e-02   2.6228208e-02   2.7277741e-02   2.7610267e-02
   1.4850000e+01   1.2777894e-02   1.2764809e-02   1.2681776e-02   1.1838355e-02   1.2406335e-02   1.4928678e-02   1.8533267e-02   2.3226140e-02   2.6247212e-02   2.7283722e-02   2.7612229e-02
   1.5300000e+01   1.3292868e-02   1.3260012e-02   1.3002230e-02   1.1659478e-02   1.2171302e-02   1.4887955e-02   1.8637286e-02   2.3285983e-02   2.6266786e-02   2.7289887e-02   2.7614251e-02
   1.5750000e+01   1.3982486e-02   1.3757836e-02   1.3279579e-02   1.1461358e-02   1.1949795e-02   1.4854744e-02   1.8744912e-02   2.3347447e-02   2.6286931e-02   2.7296235e-02   2.7616334e-02
   1.6200000e+01   1.5144551e-02   1.4267434e-02   1.3479317e-02   1.1240277e-02   1.1742583e-02   1.4829561e-02   1.8856164e-02   2.3410516e-02   2.6307643e-02   2.7302767e-02   2.7618477e-02
   1.6650000e+01   1.5626375e-02   1.4818308e-02   1.3552822e-02   1.0994076e-02   1.1550453e-02   1.4812901e-02   1.8971063e-02   2.3475176e-02   2.6328923e-02   2.7309481e-02   2.7620681e-02
   1.7100000e+01   1.5665493e-02   1.5419442e-02   1.3439976e-02   1.0722349e-02   1.1374212e-02   1.4805246e-02   1.9089625e-02   2.3541411e-02   2.6350768e-02   2.7316379e-02   2.7622945e-02
   1.7550000e+01   1.5667023e-02   1.5510953e-02   1.3088026e-02   1.0426550e-02   1.1214685e-02   1.4807057e-02   1.9211865e-02   2.3609206e-02   2.6373178e-02   2.7323459e-02   2.7625269e-02
   1.8000000e+01   1.5655846e-02   1.4339330e-02   1.2480455e-02   1.0110022e-02   1.1072720e-02   1.4818777e-02   1.9337793e-02   2.3678543e-02   2.6396151e-02   2.7330723e-02   2.7627653e-02
   1.8450000e+01   1.5296147e-02   1.2805642e-02   1.1649115e-02   9.7779134e-03   1.0949175e-02   1.4840828e-02   1.9467419e-02   2.3749406e-02   2.6419685e-02   2.7338169e-02   2.7630098e-02
   1.8900000e+01   1.2458144e-02   1.1336911e-02   1.0655772e-02   9.4370087e-03   1.0844920e-02   1.4873608e-02   1.9600747e-02   2.3821778e-02   2.6443779e-02   2.7345798e-02   2.7632603e-02
   1.9350000e+01   1.0030840e-02   9.9080510e-03   9.5641854e-03   9.0954555e-03   1.0760827e-02   1.4917496e-02   1.9737781e-02   2.3895641e-02   2.6468431e-02   2.7353609e-02   2.7635168e-02
   1.9800000e+01   8.5261780e-03   8.4914202e-03   8.4262639e-03   8.7624172e-03   1.0697759e-02   1.4972842e-02   1.9878518e-02   2.3970976e-02   2.6493639e-02   2.7361603e-02   2.7637794e-02
   2.0250000e+01   7.1048853e-03   7.0778143e-03   7.2835854e-03   8.4476634e-03   1.0656559e-02   1.5039977e-02   2.0022955e-02   2.4047767e-02   2.6519403e-02   2.7369780e-02   2.7640480e-02
   2.0700000e+01   5.6865482e-03   5.6629696e-03   6.1757756e-03   8.1611224e-03   1.0638038e-02   1.5119201e-02   2.0171082e-02   2.4125993e-02   2.6545720e-02   2.7378139e-02   2.7643226e-02
   2.1150000e+01   4.2666214e-03   4.2370020e-03   5.1506414e-03   7.9124260e-03   1.0642962e-02   1.5210791e-02   2.0322888e-02   2.4205635e-02   2.6572589e-02   2.7386681e-02   2.7646033e-02
   2.1600000e+01   2.8452357e-03   2.7610789e-03   4.2729141e-03   7.7104718e-03   1.0672042e-02   1.5314996e-02   2.0478356e-02   2.4286673e-02   2.6600007e-02   2.7395404e-02   2.7648899e-02
   2.2050000e+01   1.4129518e-03   1.1833810e-03   3.6237146e-03   7.5630347e-03   1.0725911e-02   1.5432038e-02   2.0637467e-02   2.4369088e-02   2.6627974e-02   2.7404310e-02   2.7651827e-02
   2.2500000e+01   6.6041990e-09   1.3313223e-04   3.2791944e-03   7.4764489e-03   1.0805121e-02   1.5562110e-02   2.0800196e-02   2.4452858e-02   2.6656487e-02   2.7413398e-02   2.7654814e-02
   2.2950000e+01   1.0491790e-03   8.2096042e-04   3.2728439e-03   7.4553833e-03   1.0910127e-02   1.5705379e-02   2.0966515e-02   2.4537963e-02   2.6685544e-02   2.7422667e-02   2.7657862e-02
   2.3400000e+01   2.1178725e-03   2.0365527e-03   3.5750372e-03   7.5027205e-03   1.1041273e-02   1.5861981e-02   2.1136392e-02   2.4624381e-02   2.6715143e-02   2.7432119e-02   2.7660970e-02
   2.3850000e+01   3.1759228e-03   3.1506674e-03   4.1135257e-03   7.6195448e-03   1.1198787e-02   1.6032024e-02   2.1309789e-02   2.4712090e-02   2.6745283e-02   2.7441752e-02   2.7664138e-02
   2.4300000e+01   4.2328666e-03   4.2151077e-03   4.8114516e-03   7.8052342e-03   1.1382772e-02   1.6215588e-02   2.1486665e-02   2.4801068e-02   2.6775962e-02   2.7451567e-02   2.7667366e-02
   2.4750000e+01   5.2886269e-03   5.2686457e-03   5.6093478e-03   8.0576445e-03   1.1593200e-02   1.6412724e-02   2.1666974e-02   2.4891291e-02   2.6807177e-02   2.7461563e-02   2.7670655e-02
   2.5200000e+01   6.3465872e-03   6.3209019e-03   6.4666900e-03   8.3733652e-03   1.1829910e-02   1.6623454e-02   2.1850666e-02   2.4982738e-02   2.6838926e-02   2.7471741e-02   2.7674004e-02
   2.5650000e+01   7.4666049e-03   7.3750511e-03   7.3548892e-03   8.7480241e-03   1.2092605e-02   1.6847769e-02   2.2037686e-02   2.5075385e-02   2.6871207e-02   2.7482100e-02   2.7677413e-02
   2.6100000e+01   9.2734042e-03   8.4356136e-03   8.2499922e-03   9.1766140e-03   1.2380857e-02   1.7085634e-02   2.2227975e-02   2.5169206e-02   2.6904019e-02   2.7492641e-02   2.7680883e-02
   2.6550000e+01   1.1385911e-02   9.5127645e-03   9.1275141e-03   9.6538155e-03   1.2694112e-02   1.7336984e-02   2.2421467e-02   2.5264179e-02   2.6937358e-02   2.7503362e-02   2.7684413e-02
   2.7000000e+01   1.1653642e-02   1.0608402e-02   9.9608006e-03   1.0174292e-02   1.3031691e-02   1.7601726e-02   2.2618095e-02   2.5360279e-02   2.6971223e-02   2.7514264e-02   2.7688003e-02
   2.7450000e+01   1.1661961e-02   1.1552040e-02   1.0725334e-02   1.0732936e-02   1.3392809e-02   1.7879740e-02   2.2817784e-02   2.5457479e-02   2.7005611e-02   2.7525348e-02   2.7691653e-02
   2.7900000e+01   1.1663306e-02   1.2053010e-02   1.1408228e-02   1.1325051e-02   1.3776577e-02   1.8170876e-02   2.3020458e-02   2.5555755e-02   2.7040521e-02   2.7536612e-02   2.7695363e-02
   2.8350000e+01   1.1694491e-02   1.2408793e-02   1.2014563e-02   1.1946459e-02   1.4182021e-02   1.8474958e-02   2.3226032e-02   2.5655080e-02   2.7075949e-02   2.7548056e-02   2.7699134e-02
   2.8800000e+01   1.2078993e-02   1.2791748e-02   1.2563107e-02   1.2593536e-02   1.4608099e-02   1.8791782e-02   2.3434420e-02   2.5755429e-02   2.7111893e-02   2.7559681e-02   2.7702965e-02
   2.9250000e+01   1.3006346e-02   1.3186803e-02   1.3076246e-02   1.3263163e-02   1.5053711e-02   1.9121121e-02   2.3645530e-02   2.5856774e-02   2.7148351e-02   2.7571487e-02   2.7706856e-02
   2.9700000e+01   1.3556676e-02   1.3582757e-02   1.3573499e-02   1.3952624e-02   1.5517722e-02   1.9462716e-02   2.3859266e-02   2.5959088e-02   2.7185321e-02   2.7583472e-02   2.7710807e-02
   3.0150000e+01   1.3967636e-02   1.3978155e-02   1.4070950e-02   1.4659442e-02   1.5998978e-02   1.9816289e-02   2.4075526e-02   2.6062344e-02   2.7222799e-02   2.7595638e-02   2.7714819e-02
   3.0600000e+01   1.4397931e-02   1.4373842e-02   1.4583947e-02   1.5381197e-02   1.6496326e-02   2.0181531e-02   2.4294205e-02   2.6166514e-02   2.7260784e-02   2.7607984e-02   2.7718890e-02
   3.1050000e+01   1.5136648e-02   1.4769027e-02   1.5130881e-02   1.6115317e-02   1.7008631e-02   2.0558113e-02   2.4515194e-02   2.6271569e-02   2.7299272e-02   2.7620509e-02   2.7723022e-02
   3.1500000e+01   1.5919388e-02   1.5152434e-02   1.5736831e-02   1.6858895e-02   1.7534791e-02   2.0945680e-02   2.4738378e-02   2.6377481e-02   2.7338261e-02   2.7633214e-02   2.7727214e-02
   3.1950000e+01   1.6017797e-02   1.5494062e-02   1.6434229e-02   1.7608534e-02   1.8073759e-02   2.1343854e-02   2.4963639e-02   2.6484220e-02   2.7377749e-02   2.7646099e-02   2.7731466e-02
   3.2400000e+01   1.6021452e-02   1.5920370e-02   1.7255576e-02   1.8360250e-02   1.8624551e-02   2.1752236e-02   2.5190855e-02   2.6591757e-02   2.7417732e-02   2.7659163e-02   2.7735779e-02
   3.2850000e+01   1.6023625e-02   1.6973555e-02   1.8217822e-02   1.9109443e-02   1.9186267e-02   2.2170402e-02   2.5419899e-02   2.6700063e-02   2.7458208e-02   2.7672407e-02   2.7740151e-02
   3.3300000e+01   1.6081257e-02   1.8484222e-02   1.9310463e-02   1.9850953e-02   1.9758093e-02   2.2597910e-02   2.5650641e-02   2.6809106e-02   2.7499174e-02   2.7685829e-02   2.7744584e-02
   3.3750000e+01   1.6983657e-02   2.0029198e-02   2.0500335e-02   2.0579198e-02   2.0339314e-02   2.3034295e-02   2.5882946e-02   2.6918857e-02   2.7540627e-02   2.7699431e-02   2.7749076e-02
   3.4200000e+01   2.0477171e-02   2.1543312e-02   2.1747207e-02   2.1288399e-02   2.0929319e-02   2.3479074e-02   2.6116677e-02   2.7029284e-02   2.7582564e-02   2.7713211e-02   2.7753629e-02
   3.4650000e+01   2.2884675e-02   2.3037221e-02   2.3014741e-02   2.1972875e-02   2.1527603e-02   2.3931743e-02   2.6351692e-02   2.7140356e-02   2.7624983e-02   2.7727170e-02   2.7758242e-02
   3.5100000e+01   2.4472376e-02   2.4522774e-02   2.4271574e-02   2.2627395e-02   2.2133764e-02   2.4391781e-02   2.6587845e-02   2.7252042e-02   2.7667880e-02   2.7741308e-02   2.7762916e-02
   3.5550000e+01   2.6111402e-02   2.6010977e-02   2.5486289e-02   2.3247555e-02   2.2747500e-02   2.4858648e-02   2.6824989e-02   2.7364309e-02   2.7711252e-02   2.7755624e-02   2.7767649e-02
   3.6000000e+01   2.8949473e-02   2.7517374e-02   2.6619774e-02   2.3830169e-02   2.3368604e-02   2.5331789e-02   2.7062970e-02   2.7477125e-02   2.7755097e-02   2.7770118e-02   2.7772442e-02
   3.6450000e+01   3.1931932e-02   2.9072302e-02   2.7617223e-02   2.4373628e-02   2.3996949e-02   2.5810631e-02   2.7301634e-02   2.7590458e-02   2.7799410e-02   2.7784791e-02   2.7777296e-02
   3.6900000e+01   3.2330902e-02   3.0701374e-02   2.8405661e-02   2.4878196e-02   2.4632480e-02   2.6294586e-02   2.7540824e-02   2.7704274e-02   2.7844190e-02   2.7799641e-02   2.7782210e-02
   3.7350000e+01   3.2347618e-02   3.2041234e-02   2.8908327e-02   2.5346232e-02   2.5275191e-02   2.6783054e-02   2.7780378e-02   2.7818540e-02   2.7889433e-02   2.7814669e-02   2.7787183e-02
   3.7800000e+01   3.2347080e-02   3.1944341e-02   2.9079086e-02   2.5782294e-02   2.5925114e-02   2.7275417e-02   2.8020132e-02   2.7933222e-02   2.7935135e-02   2.7829875e-02   2.7792217e-02
   3.8250000e+01   3.2320840e-02   3.0836989e-02   2.8932152e-02   2.6193110e-02   2.6582296e-02   2.7771048e-02   2.8259921e-02   2.8048287e-02   2.7981293e-02   2.7845258e-02   2.7797311e-02
   3.8700000e+01   3.1853265e-02   2.9683531e-02   2.8535223e-02   2.6587430e-02   2.7246776e-02   2.8269306e-02   2.8499575e-02   2.8163700e-02   2.8027905e-02   2.7860818e-02   2.7802465e-02
   3.9150000e+01   2.9500397e-02   2.8597033e-02   2.7974328e-02   2.6975727e-02   2.7918565e-02   2.8769542e-02   2.8738925e-02   2.8279425e-02   2.8074966e-02   2.7876555e-02   2.7807679e-02
   3.9600000e+01   2.7656809e-02   2.7540772e-02   2.7325811e-02   2.7369787e-02   2.8597623e-02   2.9271093e-02   2.8977797e-02   2.8395430e-02   2.8122473e-02   2.7892469e-02   2.7812953e-02
   4.0050000e+01   2.6516784e-02   2.6494678e-02   2.6650346e-02   2.7782196e-02   2.9283838e-02   2.9773289e-02   2.9216016e-02   2.8511677e-02   2.8170423e-02   2.7908560e-02   2.7818287e-02
   4.0500000e+01   2.5358192e-02   2.5447361e-02   2.6000906e-02   2.8225754e-02   2.9977004e-02   3.0275454e-02   2.9453406e-02   2.8628132e-02   2.8218812e-02   2.7924828e-02   2.7823681e-02
   4.0950000e+01   2.3371136e-02   2.4384635e-02   2.5435338e-02   2.8712857e-02   3.0676802e-02   3.0776902e-02   2.9689789e-02   2.8744759e-02   2.8267638e-02   2.7941272e-02   2.7829135e-02
   4.1400000e+01   2.1210502e-02   2.3274052e-02   2.5029076e-02   2.9254872e-02   3.1382784e-02   3.1276943e-02   2.9924984e-02   2.8861522e-02   2.8316895e-02   2.7957892e-02   2.7834650e-02
   4.1850000e+01   2.0892983e-02   2.2065146e-02   2.4881141e-02   2.9861558e-02   3.2094359e-02   3.1774881e-02   3.0158811e-02   2.8978384e-02   2.8366581e-02   2.7974688e-02   2.7840224e-02
   4.2300000e+01   2.0878302e-02   2.1064096e-02   2.5099266e-02   3.0540559e-02   3.2810780e-02   3.2270019e-02   3.0391087e-02   2.9095308e-02   2.8416692e-02   2.7991660e-02   2.7845858e-02
   4.2750000e+01   2.0879153e-02   2.1734442e-02   2.5757251e-02   3.1296996e-02   3.3531141e-02   3.2761654e-02   3.0621631e-02   2.9212258e-02   2.8467224e-02   2.8008808e-02   2.7851552e-02
   4.3200000e+01   2.0921252e-02   2.4020391e-02   2.6852807e-02   3.2133184e-02   3.4254371e-02   3.3249086e-02   3.0850257e-02   2.9329197e-02   2.8518174e-02   2.8026131e-02   2.7857306e-02
   4.3650000e+01   2.1752397e-02   2.6516415e-02   2.8310498e-02   3.3048493e-02   3.4979235e-02   3.3731610e-02   3.1076781e-02   2.9446087e-02   2.8569537e-02   2.8043629e-02   2.7863121e-02
   4.4100000e+01   2.6734252e-02   2.8920006e-02   3.0026523e-02   3.4039341e-02   3.5704341e-02   3.4208528e-02   3.1301019e-02   2.9562891e-02   2.8621310e-02   2.8061302e-02   2.7868995e-02
   4.4550000e+01   3.1027417e-02   3.1264819e-02   3.1909539e-02   3.5099317e-02   3.6428151e-02   3.4679139e-02   3.1522785e-02   2.9679570e-02   2.8673489e-02   2.8079151e-02   2.7874929e-02
   4.5000000e+01   3.3585647e-02   3.3585999e-02   3.3893552e-02   3.6219435e-02   3.7148990e-02   3.5142750e-02   3.1741895e-02   2.9796087e-02   2.8726070e-02   2.8097174e-02   2.7880923e-02
   4.5450000e+01   3.6143877e-02   3.5906877e-02   3.5932189e-02   3.7388466e-02   3.7865067e-02   3.5598671e-02   3.1958162e-02   2.9912403e-02   2.8779050e-02   2.8115371e-02   2.7886977e-02
   4.5900000e+01   4.0437041e-02   3.8248008e-02   3.7988420e-02   3.8593354e-02   3.8574498e-02   3.6046219e-02   3.2171403e-02   3.0028479e-02   2.8832423e-02   2.8133743e-02   2.7893091e-02
   4.6350000e+01   4.5418895e-02   4.0628628e-02   4.0025812e-02   3.9819667e-02   3.9275323e-02   3.6484719e-02   3.2381432e-02   3.0144277e-02   2.8886187e-02   2.8152289e-02   2.7899265e-02
   4.6800000e+01   4.6250030e-02   4.3037739e-02   4.2003515e-02   4.1052085e-02   3.9965538e-02   3.6913505e-02   3.2588065e-02   3.0259758e-02   2.8940337e-02   2.8171008e-02   2.7905498e-02
   4.7250000e+01   4.6292084e-02   4.5267889e-02   4.3878530e-02   4.2274869e-02   4.0643121e-02   3.7331921e-02   3.2791120e-02   3.0374883e-02   2.8994868e-02   2.8189902e-02   2.7911792e-02
   4.7700000e+01   4.6293705e-02   4.6828489e-02   4.5617621e-02   4.3472325e-02   4.1306056e-02   3.7739323e-02   3.2990415e-02   3.0489613e-02   2.9049777e-02   2.8208969e-02   2.7918146e-02
   4.8150000e+01   4.6311020e-02   4.7987502e-02   4.7211029e-02   4.4629242e-02   4.1952369e-02   3.8135081e-02   3.3185767e-02   3.0603907e-02   2.9105060e-02   2.8228209e-02   2.7924559e-02
   4.8600000e+01   4.6687591e-02   4.9206242e-02   4.8673045e-02   4.5731276e-02   4.2580146e-02   3.8518577e-02   3.3376998e-02   3.0717726e-02   2.9160712e-02   2.8247622e-02   2.7931033e-02
   4.9050000e+01   4.9250252e-02   5.0462210e-02   5.0027940e-02   4.6765308e-02   4.3187569e-02   3.8889212e-02   3.3563928e-02   3.0831031e-02   2.9216728e-02   2.8267208e-02   2.7937566e-02
   4.9500000e+01   5.1607040e-02   5.1712543e-02   5.1295171e-02   4.7719749e-02   4.3772930e-02   3.9246402e-02   3.3746381e-02   3.0943781e-02   2.9273106e-02   2.8286966e-02   2.7944159e-02
   4.9950000e+01   5.2981213e-02   5.2954235e-02   5.2482748e-02   4.8584800e-02   4.4334656e-02   3.9589580e-02   3.3924182e-02   3.1055936e-02   2.9329839e-02   2.8306897e-02   2.7950812e-02
   5.0400000e+01   5.4333363e-02   5.4195405e-02   5.3585893e-02   4.9352674e-02   4.4871326e-02   3.9918201e-02   3.4097158e-02   3.1167456e-02   2.9386924e-02   2.8327000e-02   2.7957525e-02
   5.0850000e+01   5.6519989e-02   5.5447870e-02   5.4585395e-02   5.0017768e-02   4.5381683e-02   4.0231739e-02   3.4265136e-02   3.1278301e-02   2.9444357e-02   2.8347275e-02   2.7964297e-02
   5.1300000e+01   5.9310656e-02   5.6732587e-02   5.5443411e-02   5.0576793e-02   4.5864640e-02   4.0529689e-02   3.4427949e-02   3.1388429e-02   2.9502132e-02   2.8367722e-02   2.7971130e-02
   5.1750000e+01   5.9865231e-02   5.8084107e-02   5.6100283e-02   5.1028852e-02   4.6319289e-02   4.0811570e-02   3.4585429e-02   3.1497802e-02   2.9560245e-02   2.8388340e-02   2.7978022e-02
   5.2200000e+01   5.9896343e-02   5.9378521e-02   5.6482995e-02   5.1375464e-02   4.6744892e-02   4.1076925e-02   3.4737413e-02   3.1606377e-02   2.9618692e-02   2.8409129e-02   2.7984974e-02
   5.2650000e+01   5.9897088e-02   5.9650383e-02   5.6534217e-02   5.1620523e-02   4.7140880e-02   4.1325320e-02   3.4883739e-02   3.1714113e-02   2.9677468e-02   2.8430090e-02   2.7991986e-02
   5.3100000e+01   5.9882765e-02   5.8509390e-02   5.6247573e-02   5.1770198e-02   4.7506844e-02   4.1556347e-02   3.5024248e-02   3.1820971e-02   2.9736568e-02   2.8451221e-02   2.7999058e-02
   5.3550000e+01   5.9541071e-02   5.7097870e-02   5.5674465e-02   5.1832761e-02   4.7842514e-02   4.1769626e-02   3.5158785e-02   3.1926909e-02   2.9795988e-02   2.8472523e-02   2.8006189e-02
   5.4000000e+01   5.6986788e-02   5.5761177e-02   5.4894882e-02   5.1818340e-02   4.8147747e-02   4.1964803e-02   3.5287197e-02   3.2031886e-02   2.9855722e-02   2.8493995e-02   2.8013380e-02
   5.4450000e+01   5.4556166e-02   5.4470193e-02   5.3983997e-02   5.1738624e-02   4.8422501e-02   4.2141551e-02   3.5409335e-02   3.2135861e-02   2.9915767e-02   2.8515637e-02   2.8020631e-02
   5.4900000e+01   5.3152447e-02   5.3195623e-02   5.2998742e-02   5.1606500e-02   4.8666813e-02   4.2299573e-02   3.5525053e-02   3.2238792e-02   2.9976116e-02   2.8537449e-02   2.8027942e-02
   5.5350000e+01   5.1792684e-02   5.1923384e-02   5.1981062e-02   5.1435655e-02   4.8880777e-02   4.2438600e-02   3.5634208e-02   3.2340640e-02   3.0036765e-02   2.8559430e-02   2.8035312e-02
   5.5800000e+01   4.9730814e-02   5.0643446e-02   5.0966758e-02   5.1240146e-02   4.9064512e-02   4.2558394e-02   3.5736661e-02   3.2441361e-02   3.0097710e-02   2.8581581e-02   2.8042742e-02
   5.6250000e+01   4.6738847e-02   4.9342822e-02   4.9994277e-02   5.1033961e-02   4.9218142e-02   4.2658745e-02   3.5832278e-02   3.2540916e-02   3.0158945e-02   2.8603901e-02   2.8050232e-02
   5.6700000e+01   4.5965997e-02   4.8002318e-02   4.9110759e-02   5.0830575e-02   4.9341769e-02   4.2739475e-02   3.5920926e-02   3.2639263e-02   3.0220465e-02   2.8626390e-02   2.8057781e-02
   5.7150000e+01   4.5916628e-02   4.6679876e-02   4.8370255e-02   5.0642524e-02   4.9435453e-02   4.2800437e-02   3.6002479e-02   3.2736361e-02   3.0282265e-02   2.8649047e-02   2.8065391e-02
   5.7600000e+01   4.5914841e-02   4.5926518e-02   4.7818622e-02   5.0481011e-02   4.9499192e-02   4.2841513e-02   3.6076813e-02   3.2832168e-02   3.0344340e-02   2.8671873e-02   2.8073059e-02
   5.8050000e+01   4.5917097e-02   4.6075345e-02   4.7471988e-02   5.0355540e-02   4.9532907e-02   4.2862618e-02   3.6143810e-02   3.2926644e-02   3.0406684e-02   2.8694867e-02   2.8080788e-02
   5.8500000e+01   4.5977064e-02   4.6399087e-02   4.7310058e-02   5.0273601e-02   4.9536429e-02   4.2863698e-02   3.6203354e-02   3.3019747e-02   3.0469294e-02   2.8718028e-02   2.8088576e-02
   5.8950000e+01   4.6453854e-02   4.6670654e-02   4.7292580e-02   5.0240401e-02   4.9509500e-02   4.2844728e-02   3.6255336e-02   3.3111437e-02   3.0532162e-02   2.8741358e-02   2.8096424e-02
   5.9400000e+01   4.6903824e-02   4.6918295e-02   4.7381287e-02   5.0258648e-02   4.9451763e-02   4.2805718e-02   3.6299649e-02   3.3201671e-02   3.0595285e-02   2.8764854e-02   2.8104331e-02
   5.9850000e+01   4.7165927e-02   4.7159980e-02   4.7550831e-02   5.0328388e-02   4.9362773e-02   4.2746706e-02   3.6336192e-02   3.3290409e-02   3.0658656e-02   2.8788517e-02   2.8112298e-02
   6.0300000e+01   4.7416253e-02   4.7400694e-02   4.7789596e-02   5.0446900e-02   4.9242006e-02   4.2667762e-02   3.6364869e-02   3.3377611e-02   3.0722271e-02   2.8812347e-02   2.8120325e-02
   6.0750000e+01   4.7751472e-02   4.7641142e-02   4.8097973e-02   5.0608648e-02   4.9088876e-02   4.2568989e-02   3.6385587e-02   3.3463235e-02   3.0786124e-02   2.8836344e-02   2.8128411e-02
   6.1200000e+01   4.8316345e-02   4.7876692e-02   4.8488339e-02   5.0805307e-02   4.8902749e-02   4.2450517e-02   3.6398260e-02   3.3547241e-02   3.0850209e-02   2.8860507e-02   2.8136557e-02
   6.1650000e+01   4.8550554e-02   4.8085459e-02   4.8985964e-02   5.1025854e-02   4.8682978e-02   4.2312510e-02   3.6402806e-02   3.3629587e-02   3.0914521e-02   2.8884836e-02   2.8144763e-02
   6.2100000e+01   4.8569535e-02   4.8248623e-02   4.9625372e-02   5.1256750e-02   4.8428923e-02   4.2155159e-02   3.6399147e-02   3.3710234e-02   3.0979055e-02   2.8909330e-02   2.8153028e-02
   6.2550000e+01   4.8570408e-02   4.8738662e-02   5.0435795e-02   5.1482211e-02   4.8139987e-02   4.1978687e-02   3.6387212e-02   3.3789141e-02   3.1043804e-02   2.8933990e-02   2.8161352e-02
   6.3000000e+01   4.8582922e-02   5.0125088e-02   5.1420130e-02   5.1684588e-02   4.7815648e-02   4.1783345e-02   3.6366933e-02   3.3866267e-02   3.1108763e-02   2.8958815e-02   2.8169736e-02
   6.3450000e+01   4.8985689e-02   5.1794595e-02   5.2546226e-02   5.1844840e-02   4.7455497e-02   4.1569413e-02   3.6338248e-02   3.3941573e-02   3.1173928e-02   2.8983804e-02   2.8178180e-02
   6.3900000e+01   5.2163624e-02   5.3422444e-02   5.3759648e-02   5.1943121e-02   4.7059265e-02   4.1337200e-02   3.6301102e-02   3.4015018e-02   3.1239291e-02   2.9008959e-02   2.8186683e-02
   6.4350000e+01   5.4881669e-02   5.5019235e-02   5.5002439e-02   5.1959454e-02   4.6626865e-02   4.1087043e-02   3.6255441e-02   3.4086563e-02   3.1304847e-02   2.9034277e-02   2.8195245e-02
   6.4800000e+01   5.6566559e-02   5.6605053e-02   5.6221029e-02   5.1874479e-02   4.6158417e-02   4.0819305e-02   3.6201221e-02   3.4156167e-02   3.1370590e-02   2.9059760e-02   2.8203867e-02
   6.5250000e+01   5.8158094e-02   5.8187874e-02   5.7361940e-02   5.1670252e-02   4.5654279e-02   4.0534377e-02   3.6138400e-02   3.4223792e-02   3.1436515e-02   2.9085406e-02   2.8212549e-02
   6.5700000e+01   5.9746319e-02   5.9773815e-02   5.8359981e-02   5.1331055e-02   4.5115068e-02   4.0232674e-02   3.6066943e-02   3.4289398e-02   3.1502616e-02   2.9111215e-02   2.8221290e-02
   6.6150000e+01   6.1336324e-02   6.1384777e-02   5.9121535e-02   5.0844173e-02   4.4541681e-02   3.9914638e-02   3.5986819e-02   3.4352946e-02   3.1568886e-02   2.9137187e-02   2.8230090e-02
   6.6600000e+01   6.2928062e-02   6.3111106e-02   5.9508394e-02   5.0200601e-02   4.3935309e-02   3.9580735e-02   3.5898004e-02   3.4414397e-02   3.1635320e-02   2.9163323e-02   2.8238950e-02
   6.7050000e+01   6.4544036e-02   6.5073706e-02   5.9341453e-02   4.9395624e-02   4.3297441e-02   3.9231454e-02   3.5800477e-02   3.4473712e-02   3.1701912e-02   2.9189620e-02   2.8247869e-02
   6.7500000e+01   6.6113984e-02   6.5803107e-02   5.8452067e-02   4.8429232e-02   4.2629868e-02   3.8867308e-02   3.5694226e-02   3.4530853e-02   3.1768655e-02   2.9216080e-02   2.8256848e-02
   6.7950000e+01   6.1934355e-02   6.2473722e-02   5.6770746e-02   4.7306329e-02   4.1934676e-02   3.8488831e-02   3.5579241e-02   3.4585781e-02   3.1835544e-02   2.9242702e-02   2.8265886e-02
   6.8400000e+01   5.7710007e-02   5.7913384e-02   5.4374956e-02   4.6036723e-02   4.1214237e-02   3.8096576e-02   3.5455519e-02   3.4638459e-02   3.1902573e-02   2.9269485e-02   2.8274983e-02
   6.8850000e+01   5.3511727e-02   5.3591409e-02   5.1441309e-02   4.4634878e-02   4.0471187e-02   3.7691121e-02   3.5323061e-02   3.4688849e-02   3.1969735e-02   2.9296430e-02   2.8284140e-02
   6.9300000e+01   4.9317705e-02   4.9386710e-02   4.8157487e-02   4.3119451e-02   3.9708409e-02   3.7273057e-02   3.5181875e-02   3.4736913e-02   3.2037025e-02   2.9323535e-02   2.8293356e-02
   6.9750000e+01   4.5128378e-02   4.5208395e-02   4.4672199e-02   4.1512619e-02   3.8929000e-02   3.6842996e-02   3.5031975e-02   3.4782614e-02   3.2104435e-02   2.9350801e-02   2.8302632e-02
   7.0200000e+01   4.0930322e-02   4.1032841e-02   4.1093550e-02   3.9839268e-02   3.8136244e-02   3.6401567e-02   3.4873376e-02   3.4825915e-02   3.2171961e-02   2.9378228e-02   2.8311966e-02
   7.0650000e+01   3.6486017e-02   3.6849182e-02   3.7508679e-02   3.8126058e-02   3.7333573e-02   3.5949413e-02   3.4706104e-02   3.4866779e-02   3.2239594e-02   2.9405814e-02   2.8321360e-02
   7.1100000e+01   2.9316518e-02   3.2635894e-02   3.4006088e-02   3.6400447e-02   3.6524530e-02   3.5487191e-02   3.4530186e-02   3.4905171e-02   3.2307330e-02   2.9433560e-02   2.8330814e-02
   7.1550000e+01   2.0933946e-02   2.8335989e-02   3.0693765e-02   3.4689709e-02   3.5712729e-02   3.5015572e-02   3.4345656e-02   3.4941053e-02   3.2375161e-02   2.9461465e-02   2.8340326e-02
   7.2000000e+01   1.9871545e-02   2.3915192e-02   2.7703122e-02   3.3020009e-02   3.4901817e-02   3.4535238e-02   3.4152553e-02   3.4974392e-02   3.2443082e-02   2.9489530e-02   2.8349898e-02
   7.2450000e+01   1.9838535e-02   2.0284664e-02   2.5161998e-02   3.1415574e-02   3.4095428e-02   3.4046880e-02   3.3950920e-02   3.5005150e-02   3.2511086e-02   2.9517753e-02   2.8359530e-02
   7.2900000e+01   1.9837153e-02   1.9203000e-02   2.3139242e-02   2.9898000e-02   3.3297145e-02   3.3551201e-02   3.3740806e-02   3.5033292e-02   3.2579166e-02   2.9546134e-02   2.8369220e-02
   7.3350000e+01   1.9809437e-02   1.9070332e-02   2.1607993e-02   2.8485715e-02   3.2510463e-02   3.3048908e-02   3.3522266e-02   3.5058786e-02   3.2647316e-02   2.9574674e-02   2.8378970e-02
   7.3800000e+01   1.9467107e-02   1.8813565e-02   2.0470153e-02   2.7193600e-02   3.1738744e-02   3.2540714e-02   3.3295358e-02   3.5081595e-02   3.2715529e-02   2.9603371e-02   2.8388778e-02
   7.4250000e+01   1.8641456e-02   1.8479207e-02   1.9614712e-02   2.6032796e-02   3.0985189e-02   3.2027339e-02   3.3060145e-02   3.5101685e-02   3.2783799e-02   2.9632225e-02   2.8398646e-02
   7.4700000e+01   1.8151480e-02   1.8128924e-02   1.8956650e-02   2.5010648e-02   3.0252798e-02   3.1509503e-02   3.2816697e-02   3.5119024e-02   3.2852119e-02   2.9661237e-02   2.8408574e-02
   7.5150000e+01   1.7785589e-02   1.7776957e-02   1.8444245e-02   2.4130804e-02   2.9544345e-02   3.0987928e-02   3.2565086e-02   3.5133578e-02   3.2920483e-02   2.9690405e-02   2.8418560e-02
   7.5600000e+01   1.7402483e-02   1.7423792e-02   1.8052400e-02   2.3393415e-02   2.8862348e-02   3.0463336e-02   3.2305391e-02   3.5145314e-02   3.2988883e-02   2.9719730e-02   2.8428606e-02
   7.6050000e+01   1.6744781e-02   1.7064128e-02   1.7776537e-02   2.2795431e-02   2.8209047e-02   2.9936446e-02   3.2037692e-02   3.5154200e-02   3.3057313e-02   2.9749210e-02   2.8438710e-02
   7.6500000e+01   1.6047878e-02   1.6680141e-02   1.7630425e-02   2.2330959e-02   2.7586383e-02   2.9407974e-02   3.1762078e-02   3.5160203e-02   3.3125766e-02   2.9778846e-02   2.8448874e-02
   7.6950000e+01   1.5960235e-02   1.6246389e-02   1.7643383e-02   2.1991655e-02   2.6995985e-02   2.8878631e-02   3.1478638e-02   3.5163292e-02   3.3194236e-02   2.9808638e-02   2.8459097e-02
   7.7400000e+01   1.5956948e-02   1.5991037e-02   1.7848716e-02   2.1767148e-02   2.6439154e-02   2.8349120e-02   3.1187469e-02   3.5163436e-02   3.3262715e-02   2.9838584e-02   2.8469379e-02
   7.7850000e+01   1.5958498e-02   1.6616313e-02   1.8262036e-02   2.1645455e-02   2.5916859e-02   2.7820137e-02   3.0888670e-02   3.5160603e-02   3.3331196e-02   2.9868685e-02   2.8479720e-02
   7.8300000e+01   1.6001840e-02   1.7784180e-02   1.8865263e-02   2.1613398e-02   2.5429730e-02   2.7292367e-02   3.0582345e-02   3.5154764e-02   3.3399674e-02   2.9898940e-02   2.8490120e-02
   7.8750000e+01   1.6680290e-02   1.8965157e-02   1.9613059e-02   2.1656992e-02   2.4978061e-02   2.6766482e-02   3.0268600e-02   3.5145888e-02   3.3468140e-02   2.9929350e-02   2.8500579e-02
   7.9200000e+01   1.9306805e-02   2.0107868e-02   2.0453516e-02   2.1761818e-02   2.4561813e-02   2.6243144e-02   2.9947548e-02   3.5133946e-02   3.3536588e-02   2.9959912e-02   2.8511097e-02
   7.9650000e+01   2.1116828e-02   2.1231615e-02   2.1342598e-02   2.1913352e-02   2.4180620e-02   2.5722997e-02   2.9619304e-02   3.5118909e-02   3.3605010e-02   2.9990628e-02   2.8521675e-02
   8.0100000e+01   2.2310503e-02   2.2348482e-02   2.2245922e-02   2.2097272e-02   2.3833805e-02   2.5206671e-02   2.9283986e-02   3.5100748e-02   3.3673401e-02   3.0021497e-02   2.8532311e-02
   8.0550000e+01   2.3542766e-02   2.3467297e-02   2.3133410e-02   2.2299717e-02   2.3520387e-02   2.4694778e-02   2.8941717e-02   3.5079435e-02   3.3741752e-02   3.0052518e-02   2.8543006e-02
   8.1000000e+01   2.5676501e-02   2.4599694e-02   2.3971905e-02   2.2507524e-02   2.3239107e-02   2.4187909e-02   2.8592622e-02   3.5054942e-02   3.3810057e-02   3.0083691e-02   2.8553760e-02
   8.1450000e+01   2.7918791e-02   2.5767983e-02   2.4718119e-02   2.2708419e-02   2.2988441e-02   2.3686638e-02   2.8236830e-02   3.5027243e-02   3.3878308e-02   3.0115016e-02   2.8564573e-02
   8.1900000e+01   2.8218747e-02   2.6990353e-02   2.5315996e-02   2.2891190e-02   2.2766628e-02   2.3191514e-02   2.7874474e-02   3.4996310e-02   3.3946498e-02   3.0146492e-02   2.8575445e-02
   8.2350000e+01   2.8231314e-02   2.7998653e-02   2.5706433e-02   2.3045816e-02   2.2571690e-02   2.2703065e-02   2.7505688e-02   3.4962118e-02   3.4014620e-02   3.0178119e-02   2.8586376e-02
   8.2800000e+01   2.8230950e-02   2.7953641e-02   2.5851602e-02   2.3163576e-02   2.2401461e-02   2.2221797e-02   2.7130611e-02   3.4924640e-02   3.4082667e-02   3.0209896e-02   2.8597366e-02
   8.3250000e+01   2.8212496e-02   2.7172095e-02   2.5756299e-02   2.3237122e-02   2.2253613e-02   2.1748186e-02   2.6749383e-02   3.4883851e-02   3.4150632e-02   3.0241824e-02   2.8608415e-02
   8.3700000e+01   2.7883675e-02   2.6358467e-02   2.5463290e-02   2.3260517e-02   2.2125683e-02   2.1282687e-02   2.6362149e-02   3.4839727e-02   3.4218507e-02   3.0273902e-02   2.8619522e-02
   8.4150000e+01   2.6229024e-02   2.5593746e-02   2.5027920e-02   2.3229247e-02   2.2015102e-02   2.0825725e-02   2.5969054e-02   3.4792244e-02   3.4286284e-02   3.0306129e-02   2.8630689e-02
   8.4600000e+01   2.4932524e-02   2.4850728e-02   2.4497024e-02   2.3140190e-02   2.1919223e-02   2.0377699e-02   2.5570247e-02   3.4741377e-02   3.4353958e-02   3.0338505e-02   2.8641914e-02
   8.5050000e+01   2.4130804e-02   2.4114863e-02   2.3902873e-02   2.2991562e-02   2.1835347e-02   1.9938978e-02   2.5165878e-02   3.4687104e-02   3.4421519e-02   3.0371030e-02   2.8653198e-02
   8.5500000e+01   2.3316026e-02   2.3378596e-02   2.3266083e-02   2.2782817e-02   2.1760752e-02   1.9509905e-02   2.4756100e-02   3.4629402e-02   3.4488961e-02   3.0403703e-02   2.8664541e-02
   8.5950000e+01   2.1918632e-02   2.2635954e-02   2.2600071e-02   2.2514537e-02   2.1692717e-02   1.9090789e-02   2.4341070e-02   3.4568249e-02   3.4556277e-02   3.0436523e-02   2.8675943e-02
   8.6400000e+01   2.0399172e-02   2.1883159e-02   2.1914207e-02   2.2188292e-02   2.1628544e-02   1.8681914e-02   2.3920942e-02   3.4503623e-02   3.4623458e-02   3.0469492e-02   2.8687403e-02
   8.6850000e+01   2.0175886e-02   2.1129970e-02   2.1215599e-02   2.1806487e-02   2.1565585e-02   1.8283529e-02   2.3495876e-02   3.4435504e-02   3.4690498e-02   3.0502607e-02   2.8698922e-02
   8.7300000e+01   2.0165593e-02   2.0433632e-02   2.0510108e-02   2.1372205e-02   2.1501260e-02   1.7895857e-02   2.3066033e-02   3.4363870e-02   3.4757389e-02   3.0535869e-02   2.8710500e-02
   8.7750000e+01   2.0165345e-02   1.9933845e-02   1.9803051e-02   2.0889049e-02   2.1433074e-02   1.7519085e-02   2.2631574e-02   3.4288702e-02   3.4824122e-02   3.0569277e-02   2.8722137e-02
   8.8200000e+01   2.0165360e-02   1.9757501e-02   1.9099849e-02   2.0360994e-02   2.1358637e-02   1.7153374e-02   2.2192661e-02   3.4209981e-02   3.4890692e-02   3.0602831e-02   2.8733832e-02
   8.8650000e+01   2.0165363e-02   1.9827340e-02   1.8406723e-02   1.9792246e-02   2.1275676e-02   1.6798852e-02   2.1749460e-02   3.4127688e-02   3.4957090e-02   3.0636530e-02   2.8745586e-02
   8.9100000e+01   2.0165363e-02   1.9958059e-02   1.7731486e-02   1.9187122e-02   2.1182048e-02   1.6455615e-02   2.1302137e-02   3.4041804e-02   3.5023308e-02   3.0670375e-02   2.8757399e-02
   8.9550000e+01   2.0165363e-02   2.0055787e-02   1.7084436e-02   1.8549946e-02   2.1075751e-02   1.6123731e-02   2.0850856e-02   3.3952312e-02   3.5089339e-02   3.0704364e-02   2.8769270e-02
   9.0000000e+01   2.0165363e-02   2.0111705e-02   1.6479269e-02   1.7884961e-02   2.0954930e-02   1.5803236e-02   2.0395787e-02   3.3859195e-02   3.5155176e-02   3.0738497e-02   2.8781200e-02
