  -9.0000000e+01  -6.3056535e-04
  -8.9550000e+01  -6.3258375e-04
  -8.9100000e+01  -6.3332771e-04
  -8.8650000e+01  -6.3269754e-04
  -8.8200000e+01  -6.3058963e-04
  -8.7750000e+01  -6.2689642e-04
  -8.7300000e+01  -6.2150642e-04
  -8.6850000e+01  -6.1430419e-04
  -8.6400000e+01  -6.0517042e-04
  -8.5950000e+01  -5.9398190e-04
  -8.5500000e+01  -5.8061162e-04
  -8.5050000e+01  -5.6492878e-04
  -8.4600000e+01  -5.4679889e-04
  -8.4150000e+01  -5.2608382e-04
  -8.3700000e+01  -5.0264195e-04
  -8.3250000e+01  -4.7632823e-04
  -8.2800000e+01  -4.4699431e-04
  -8.2350000e+01  -4.1448869e-04
  -8.1900000e+01  -3.7865687e-04
  -8.1450000e+01  -3.3934152e-04
  -8.1000000e+01  -2.9638264e-04
  -8.0550000e+01  -2.4961778e-04
  -8.0100000e+01  -1.9888226e-04
  -7.9650000e+01  -1.4400936e-04
  -7.9200000e+01  -8.4830620e-05
  -7.8750000e+01  -2.1176053e-05
  -7.8300000e+01   4.7125545e-05
  -7.7850000e+01   1.2024631e-04
  -7.7400000e+01   1.9835901e-04
  -7.6950000e+01   2.8163670e-04
  -7.6500000e+01   3.7025238e-04
  -7.6050000e+01   4.6437863e-04
  -7.5600000e+01   5.6418728e-04
  -7.5150000e+01   6.6984893e-04
  -7.4700000e+01   7.8153263e-04
  -7.4250000e+01   8.9940541e-04
  -7.3800000e+01   1.0236318e-03
  -7.3350000e+01   1.1543736e-03
  -7.2900000e+01   1.2917890e-03
  -7.2450000e+01   1.4360325e-03
  -7.2000000e+01   1.5872543e-03
  -7.1550000e+01   1.7455996e-03
  -7.1100000e+01   1.9112085e-03
  -7.0650000e+01   2.0842150e-03
  -7.0200000e+01   2.2647470e-03
  -6.9750000e+01   2.4529251e-03
  -6.9300000e+01   2.6488629e-03
  -6.8850000e+01   2.8526657e-03
  -6.8400000e+01   3.0644304e-03
  -6.7950000e+01   3.2842449e-03
  -6.7500000e+01   3.5121874e-03
  -6.7050000e+01   3.7483262e-03
  -6.6600000e+01   3.9927187e-03
  -6.6150000e+01   4.2454116e-03
  -6.5700000e+01   4.5064396e-03
  -6.5250000e+01   4.7758258e-03
  -6.4800000e+01   5.0535806e-03
  -6.4350000e+01   5.3397014e-03
  -6.3900000e+01   5.6341726e-03
  -6.3450000e+01   5.9369648e-03
  -6.3000000e+01   6.2480351e-03
  -6.2550000e+01   6.5673259e-03
  -6.2100000e+01   6.8947658e-03
  -6.1650000e+01   7.2302686e-03
  -6.1200000e+01   7.5737335e-03
  -6.0750000e+01   7.9250455e-03
  -6.0300000e+01   8.2840745e-03
  -5.9850000e+01   8.6506764e-03
  -5.9400000e+01   9.0246928e-03
  -5.8950000e+01   9.4059513e-03
  -5.8500000e+01   9.7942659e-03
  -5.8050000e+01   1.0189438e-02
  -5.7600000e+01   1.0591255e-02
  -5.7150000e+01   1.0999494e-02
  -5.6700000e+01   1.1413921e-02
  -5.6250000e+01   1.1834290e-02
  -5.5800000e+01   1.2260348e-02
  -5.5350000e+01   1.2691831e-02
  -5.4900000e+01   1.3128470e-02
  -5.4450000e+01   1.3569990e-02
  -5.4000000e+01   1.4016109e-02
  -5.3550000e+01   1.4466546e-02
  -5.3100000e+01   1.4921013e-02
  -5.2650000e+01   1.5379226e-02
  -5.2200000e+01   1.5840900e-02
  -5.1750000e+01   1.6305755e-02
  -5.1300000e+01   1.6773513e-02
  -5.0850000e+01   1.7243904e-02
  -5.0400000e+01   1.7716667e-02
  -4.9950000e+01   1.8191548e-02
  -4.9500000e+01   1.8668306e-02
  -4.9050000e+01   1.9146713e-02
  -4.8600000e+01   1.9626554e-02
  -4.8150000e+01   2.0107633e-02
  -4.7700000e+01   2.0589769e-02
  -4.7250000e+01   2.1072799e-02
  -4.6800000e+01   2.1556580e-02
  -4.6350000e+01   2.2040992e-02
  -4.5900000e+01   2.2525934e-02
  -4.5450000e+01   2.3011327e-02
  -4.5000000e+01   2.3497118e-02
  -4.4550000e+01   2.3983271e-02
  -4.4100000e+01   2.4469779e-02
  -4.3650000e+01   2.4956655e-02
  -4.3200000e+01   2.5443933e-02
  -4.2750000e+01   2.5931671e-02
  -4.2300000e+01   2.6419948e-02
  -4.1850000e+01   2.6908863e-02
  -4.1400000e+01   2.7398531e-02
  -4.0950000e+01   2.7889089e-02
  -4.0500000e+01   2.8380685e-02
  -4.0050000e+01   2.8873485e-02
  -3.9600000e+01   2.9367664e-02
  -3.9150000e+01   2.9863408e-02
  -3.8700000e+01   3.0360910e-02
  -3.8250000e+01   3.0860367e-02
  -3.7800000e+01   3.1361981e-02
  -3.7350000e+01   3.1865951e-02
  -3.6900000e+01   3.2372476e-02
  -3.6450000e+01   3.2881747e-02
  -3.6000000e+01   3.3393950e-02
  -3.5550000e+01   3.3909258e-02
  -3.5100000e+01   3.4427831e-02
  -3.4650000e+01   3.4949814e-02
  -3.4200000e+01   3.5475335e-02
  -3.3750000e+01   3.6004499e-02
  -3.3300000e+01   3.6537392e-02
  -3.2850000e+01   3.7074073e-02
  -3.2400000e+01   3.7614577e-02
  -3.1950000e+01   3.8158909e-02
  -3.1500000e+01   3.8707049e-02
  -3.1050000e+01   3.9258943e-02
  -3.0600000e+01   3.9814510e-02
  -3.0150000e+01   4.0373635e-02
  -2.9700000e+01   4.0936175e-02
  -2.9250000e+01   4.1501951e-02
  -2.8800000e+01   4.2070758e-02
  -2.8350000e+01   4.2642355e-02
  -2.7900000e+01   4.3216475e-02
  -2.7450000e+01   4.3792820e-02
  -2.7000000e+01   4.4371065e-02
  -2.6550000e+01   4.4950858e-02
  -2.6100000e+01   4.5531823e-02
  -2.5650000e+01   4.6113560e-02
  -2.5200000e+01   4.6695648e-02
  -2.4750000e+01   4.7277648e-02
  -2.4300000e+01   4.7859102e-02
  -2.3850000e+01   4.8439540e-02
  -2.3400000e+01   4.9018476e-02
  -2.2950000e+01   4.9595417e-02
  -2.2500000e+01   5.0169860e-02
  -2.2050000e+01   5.0741299e-02
  -2.1600000e+01   5.1309222e-02
  -2.1150000e+01   5.1873119e-02
  -2.0700000e+01   5.2432479e-02
  -2.0250000e+01   5.2986794e-02
  -1.9800000e+01   5.3535563e-02
  -1.9350000e+01   5.4078292e-02
  -1.8900000e+01   5.4614493e-02
  -1.8450000e+01   5.5143691e-02
  -1.8000000e+01   5.5665422e-02
  -1.7550000e+01   5.6179235e-02
  -1.7100000e+01   5.6684692e-02
  -1.6650000e+01   5.7181370e-02
  -1.6200000e+01   5.7668862e-02
  -1.5750000e+01   5.8146777e-02
  -1.5300000e+01   5.8614741e-02
  -1.4850000e+01   5.9072395e-02
  -1.4400000e+01   5.9519399e-02
  -1.3950000e+01   5.9955428e-02
  -1.3500000e+01   6.0380175e-02
  -1.3050000e+01   6.0793350e-02
  -1.2600000e+01   6.1194677e-02
  -1.2150000e+01   6.1583898e-02
  -1.1700000e+01   6.1960769e-02
  -1.1250000e+01   6.2325060e-02
  -1.0800000e+01   6.2676559e-02
  -1.0350000e+01   6.3015062e-02
  -9.9000000e+00   6.3340383e-02
  -9.4500000e+00   6.3652346e-02
  -9.0000000e+00   6.3950787e-02
  -8.5500000e+00   6.4235553e-02
  -8.1000000e+00   6.4506502e-02
  -7.6500000e+00   6.4763502e-02
  -7.2000000e+00   6.5006430e-02
  -6.7500000e+00   6.5235173e-02
  -6.3000000e+00   6.5449627e-02
  -5.8500000e+00   6.5649694e-02
  -5.4000000e+00   6.5835286e-02
  -4.9500000e+00   6.6006322e-02
  -4.5000000e+00   6.6162726e-02
  -4.0500000e+00   6.6304434e-02
  -3.6000000e+00   6.6431384e-02
  -3.1500000e+00   6.6543523e-02
  -2.7000000e+00   6.6640804e-02
  -2.2500000e+00   6.6723187e-02
  -1.8000000e+00   6.6790637e-02
  -1.3500000e+00   6.6843128e-02
  -9.0000000e-01   6.6880636e-02
  -4.5000000e-01   6.6903147e-02
   0.0000000e+00   6.6910652e-02
   4.5000000e-01   6.6903147e-02
   9.0000000e-01   6.6880636e-02
   1.3500000e+00   6.6843128e-02
   1.8000000e+00   6.6790637e-02
   2.2500000e+00   6.6723187e-02
   2.7000000e+00   6.6640804e-02
   3.1500000e+00   6.6543523e-02
   3.6000000e+00   6.6431384e-02
   4.0500000e+00   6.6304434e-02
   4.5000000e+00   6.6162726e-02
   4.9500000e+00   6.6006322e-02
   5.4000000e+00   6.5835286e-02
   5.8500000e+00   6.5649694e-02
   6.3000000e+00   6.5449627e-02
   6.7500000e+00   6.5235173e-02
   7.2000000e+00   6.5006430e-02
   7.6500000e+00   6.4763502e-02
   8.1000000e+00   6.4506502e-02
   8.5500000e+00   6.4235553e-02
   9.0000000e+00   6.3950787e-02
   9.4500000e+00   6.3652346e-02
   9.9000000e+00   6.3340383e-02
   1.0350000e+01   6.3015062e-02
   1.0800000e+01   6.2676559e-02
   1.1250000e+01   6.2325060e-02
   1.1700000e+01   6.1960769e-02
   1.2150000e+01   6.1583898e-02
   1.2600000e+01   6.1194677e-02
   1.3050000e+01   6.0793350e-02
   1.3500000e+01   6.0380175e-02
   1.3950000e+01   5.9955428e-02
   1.4400000e+01   5.9519399e-02
   1.4850000e+01   5.9072395e-02
   1.5300000e+01   5.8614741e-02
   1.5750000e+01   5.8146777e-02
   1.6200000e+01   5.7668862e-02
   1.6650000e+01   5.7181370e-02
   1.7100000e+01   5.6684692e-02
   1.7550000e+01   5.6179235e-02
   1.8000000e+01   5.5665422e-02
   1.8450000e+01   5.5143691e-02
   1.8900000e+01   5.4614493e-02
   1.9350000e+01   5.4078292e-02
   1.9800000e+01   5.3535563e-02
   2.0250000e+01   5.2986794e-02
   2.0700000e+01   5.2432479e-02
   2.1150000e+01   5.1873119e-02
   2.1600000e+01   5.1309222e-02
   2.2050000e+01   5.0741299e-02
   2.2500000e+01   5.0169860e-02
   2.2950000e+01   4.9595417e-02
   2.3400000e+01   4.9018476e-02
   2.3850000e+01   4.8439540e-02
   2.4300000e+01   4.7859102e-02
   2.4750000e+01   4.7277648e-02
   2.5200000e+01   4.6695648e-02
   2.5650000e+01   4.6113560e-02
   2.6100000e+01   4.5531823e-02
   2.6550000e+01   4.4950858e-02
   2.7000000e+01   4.4371065e-02
   2.7450000e+01   4.3792820e-02
   2.7900000e+01   4.3216475e-02
   2.8350000e+01   4.2642355e-02
   2.8800000e+01   4.2070758e-02
   2.9250000e+01   4.1501951e-02
   2.9700000e+01   4.0936175e-02
   3.0150000e+01   4.0373635e-02
   3.0600000e+01   3.9814510e-02
   3.1050000e+01   3.9258943e-02
   3.1500000e+01   3.8707049e-02
   3.1950000e+01   3.8158909e-02
   3.2400000e+01   3.7614577e-02
   3.2850000e+01   3.7074073e-02
   3.3300000e+01   3.6537392e-02
   3.3750000e+01   3.6004499e-02
   3.4200000e+01   3.5475335e-02
   3.4650000e+01   3.4949814e-02
   3.5100000e+01   3.4427831e-02
   3.5550000e+01   3.3909258e-02
   3.6000000e+01   3.3393950e-02
   3.6450000e+01   3.2881747e-02
   3.6900000e+01   3.2372476e-02
   3.7350000e+01   3.1865951e-02
   3.7800000e+01   3.1361981e-02
   3.8250000e+01   3.0860367e-02
   3.8700000e+01   3.0360910e-02
   3.9150000e+01   2.9863408e-02
   3.9600000e+01   2.9367664e-02
   4.0050000e+01   2.8873485e-02
   4.0500000e+01   2.8380685e-02
   4.0950000e+01   2.7889089e-02
   4.1400000e+01   2.7398531e-02
   4.1850000e+01   2.6908863e-02
   4.2300000e+01   2.6419948e-02
   4.2750000e+01   2.5931671e-02
   4.3200000e+01   2.5443933e-02
   4.3650000e+01   2.4956655e-02
   4.4100000e+01   2.4469779e-02
   4.4550000e+01   2.3983271e-02
   4.5000000e+01   2.3497118e-02
   4.5450000e+01   2.3011327e-02
   4.5900000e+01   2.2525934e-02
   4.6350000e+01   2.2040992e-02
   4.6800000e+01   2.1556580e-02
   4.7250000e+01   2.1072799e-02
   4.7700000e+01   2.0589769e-02
   4.8150000e+01   2.0107633e-02
   4.8600000e+01   1.9626554e-02
   4.9050000e+01   1.9146713e-02
   4.9500000e+01   1.8668306e-02
   4.9950000e+01   1.8191548e-02
   5.0400000e+01   1.7716667e-02
   5.0850000e+01   1.7243904e-02
   5.1300000e+01   1.6773513e-02
   5.1750000e+01   1.6305755e-02
   5.2200000e+01   1.5840900e-02
   5.2650000e+01   1.5379226e-02
   5.3100000e+01   1.4921013e-02
   5.3550000e+01   1.4466546e-02
   5.4000000e+01   1.4016109e-02
   5.4450000e+01   1.3569990e-02
   5.4900000e+01   1.3128470e-02
   5.5350000e+01   1.2691831e-02
   5.5800000e+01   1.2260348e-02
   5.6250000e+01   1.1834290e-02
   5.6700000e+01   1.1413921e-02
   5.7150000e+01   1.0999494e-02
   5.7600000e+01   1.0591255e-02
   5.8050000e+01   1.0189438e-02
   5.8500000e+01   9.7942659e-03
   5.8950000e+01   9.4059513e-03
   5.9400000e+01   9.0246928e-03
   5.9850000e+01   8.6506764e-03
   6.0300000e+01   8.2840745e-03
   6.0750000e+01   7.9250455e-03
   6.1200000e+01   7.5737335e-03
   6.1650000e+01   7.2302686e-03
   6.2100000e+01   6.8947658e-03
   6.2550000e+01   6.5673259e-03
   6.3000000e+01   6.2480351e-03
   6.3450000e+01   5.9369648e-03
   6.3900000e+01   5.6341726e-03
   6.4350000e+01   5.3397014e-03
   6.4800000e+01   5.0535806e-03
   6.5250000e+01   4.7758258e-03
   6.5700000e+01   4.5064396e-03
   6.6150000e+01   4.2454116e-03
   6.6600000e+01   3.9927187e-03
   6.7050000e+01   3.7483262e-03
   6.7500000e+01   3.5121874e-03
   6.7950000e+01   3.2842449e-03
   6.8400000e+01   3.0644304e-03
   6.8850000e+01   2.8526657e-03
   6.9300000e+01   2.6488629e-03
   6.9750000e+01   2.4529251e-03
   7.0200000e+01   2.2647470e-03
   7.0650000e+01   2.0842150e-03
   7.1100000e+01   1.9112085e-03
   7.1550000e+01   1.7455996e-03
   7.2000000e+01   1.5872543e-03
   7.2450000e+01   1.4360325e-03
   7.2900000e+01   1.2917890e-03
   7.3350000e+01   1.1543736e-03
   7.3800000e+01   1.0236318e-03
   7.4250000e+01   8.9940541e-04
   7.4700000e+01   7.8153263e-04
   7.5150000e+01   6.6984893e-04
   7.5600000e+01   5.6418728e-04
   7.6050000e+01   4.6437863e-04
   7.6500000e+01   3.7025238e-04
   7.6950000e+01   2.8163670e-04
   7.7400000e+01   1.9835901e-04
   7.7850000e+01   1.2024631e-04
   7.8300000e+01   4.7125545e-05
   7.8750000e+01  -2.1176053e-05
   7.9200000e+01  -8.4830620e-05
   7.9650000e+01  -1.4400936e-04
   8.0100000e+01  -1.9888226e-04
   8.0550000e+01  -2.4961778e-04
   8.1000000e+01  -2.9638264e-04
   8.1450000e+01  -3.3934152e-04
   8.1900000e+01  -3.7865687e-04
   8.2350000e+01  -4.1448869e-04
   8.2800000e+01  -4.4699431e-04
   8.3250000e+01  -4.7632823e-04
   8.3700000e+01  -5.0264195e-04
   8.4150000e+01  -5.2608382e-04
   8.4600000e+01  -5.4679889e-04
   8.5050000e+01  -5.6492878e-04
   8.5500000e+01  -5.8061162e-04
   8.5950000e+01  -5.9398190e-04
   8.6400000e+01  -6.0517042e-04
   8.6850000e+01  -6.1430419e-04
   8.7300000e+01  -6.2150642e-04
   8.7750000e+01  -6.2689642e-04
   8.8200000e+01  -6.3058963e-04
   8.8650000e+01  -6.3269754e-04
   8.9100000e+01  -6.3332771e-04
   8.9550000e+01  -6.3258375e-04
   9.0000000e+01  -6.3056535e-04
