  -9.0000000e+01 -1.1358345e-279  -6.4122210e-97  -1.2187487e-34  -1.4580495e-13  -1.8724882e-06  -4.3295274e-04  -3.6346106e-03  -1.2126848e-02  -3.7801751e-03   1.4612492e-02   2.3046309e-02
  -8.9550000e+01 -1.4534764e-272  -1.6297640e-94  -5.5867034e-34  -2.3312781e-13  -2.0808124e-06  -4.3393728e-04  -3.5620322e-03  -1.1874003e-02  -3.4332885e-03   1.4769431e-02   2.3102987e-02
  -8.9100000e+01 -1.7937819e-265  -3.8337219e-92  -2.4828653e-33  -3.6961532e-13  -2.3026354e-06  -4.3404234e-04  -3.4870143e-03  -1.1618520e-02  -3.0872377e-03   1.4925621e-02   2.3159381e-02
  -8.8650000e+01 -2.0684602e-258  -7.7744404e-90  -1.0632464e-32  -5.8043099e-13  -2.5365143e-06  -4.3320113e-04  -3.4095309e-03  -1.1360401e-02  -2.7420356e-03   1.5081062e-02   2.3215493e-02
  -8.8200000e+01 -2.0515769e-251  -1.1733106e-87  -4.3408237e-32  -9.0155323e-13  -2.7802496e-06  -4.3134428e-04  -3.3295564e-03  -1.1099645e-02  -2.3976951e-03   1.5235752e-02   2.3271323e-02
  -8.7750000e+01 -1.2129759e-244  -8.8091500e-86  -1.6575968e-31  -1.3826368e-12  -3.0307135e-06  -4.2839988e-04  -3.2470651e-03  -1.0836252e-02  -2.0542290e-03   1.5389691e-02   2.3326869e-02
  -8.7300000e+01  1.6342792e-237   9.2449072e-84  -5.6973996e-31  -2.0888520e-12  -3.2836515e-06  -4.2429341e-04  -3.1620318e-03  -1.0570225e-02  -1.7116502e-03   1.5542879e-02   2.3382133e-02
  -8.6850000e+01  8.9930291e-230   4.4371691e-81  -1.5969787e-30  -3.0992367e-12  -3.5334556e-06  -4.1894781e-04  -3.0744311e-03  -1.0301566e-02  -1.3699715e-03   1.5695314e-02   2.3437114e-02
  -8.6400000e+01  2.3152453e-222   9.2923572e-79  -2.2561123e-30  -4.4965103e-12  -3.7729053e-06  -4.1228347e-04  -2.9842382e-03  -1.0030276e-02  -1.0292057e-03   1.5846997e-02   2.3491812e-02
  -8.5950000e+01  1.9717205e-215   1.4533738e-76   1.3160672e-29  -6.3386214e-12  -3.9928758e-06  -4.0421825e-04  -2.8914281e-03  -9.7563600e-03  -6.8936532e-04   1.5997927e-02   2.3546227e-02
  -8.5500000e+01  3.7501413e-209   1.7392092e-74   1.6077947e-28  -8.5940640e-12  -4.1820093e-06  -3.9466750e-04  -2.7959762e-03  -9.4798209e-03  -3.5046319e-04   1.6148103e-02   2.3600360e-02
  -8.5050000e+01  1.9559250e-203   1.0147110e-72   1.1321636e-27  -1.1008877e-11  -4.3263499e-06  -3.8354413e-04  -2.6978577e-03  -9.2006633e-03  -1.2511919e-05   1.6297524e-02   2.3654209e-02
  -8.4600000e+01 -3.7608064e-196  -2.6488709e-70   6.7089960e-27  -1.2849554e-11  -4.4089384e-06  -3.7075861e-04  -2.5970482e-03  -8.9188924e-03   3.2447588e-04   1.6446191e-02   2.3707776e-02
  -8.4150000e+01 -4.0100262e-189  -1.3417946e-67   3.7908258e-26  -1.2427118e-11  -4.4093666e-06  -3.5621908e-04  -2.4935233e-03  -8.6345139e-03   6.6048765e-04   1.6594102e-02   2.3761060e-02
  -8.3700000e+01 -1.0533109e-182  -3.7885345e-65   2.2424501e-25  -6.2446458e-12  -4.3032917e-06  -3.3983134e-04  -2.3872587e-03  -8.3475342e-03   9.9551087e-04   1.6741257e-02   2.3814061e-02
  -8.3250000e+01 -8.5200812e-177  -7.5493556e-63   1.4496492e-24   1.2489608e-11  -4.0619092e-06  -3.2149898e-04  -2.2782302e-03  -8.0579603e-03   1.3295330e-03   1.6887655e-02   2.3866778e-02
  -8.2800000e+01 -3.7943432e-171  -7.2803338e-61   9.8006347e-24   5.6398035e-11  -3.6513860e-06  -3.0112344e-04  -2.1664135e-03  -7.7658000e-03   1.6625417e-03   1.7033297e-02   2.3919213e-02
  -8.2350000e+01  2.0512694e-165   5.7194319e-59   6.3849875e-23   1.4817480e-10  -3.0322554e-06  -2.7860407e-04  -2.0517845e-03  -7.4710616e-03   1.9945245e-03   1.7178180e-02   2.3971365e-02
  -8.1900000e+01  9.2582592e-159   1.5289325e-56   3.7919987e-22   3.2755618e-10  -2.1587762e-06  -2.5383829e-04  -1.9343190e-03  -7.1737543e-03   2.3254690e-03   1.7322306e-02   2.4023234e-02
  -8.1450000e+01  1.6361804e-152   1.3364884e-54   2.0165184e-21   6.6259511e-10  -9.7826025e-07  -2.2672162e-04  -1.8139928e-03  -6.8738879e-03   2.6553630e-03   1.7465673e-02   2.4074820e-02
  -8.1000000e+01  9.4395681e-147   8.2745667e-53   9.6492858e-21   1.2676287e-09   5.6962798e-07  -1.9714787e-04  -1.6907817e-03  -6.5714729e-03   2.9841941e-03   1.7608281e-02   2.4126123e-02
  -8.0550000e+01  1.1551990e-141   3.9759201e-51   4.2133708e-20   2.3315106e-09   2.5535927e-06  -1.6500922e-04  -1.5646614e-03  -6.2665205e-03   3.3119502e-03   1.7750128e-02   2.4177143e-02
  -8.0100000e+01  5.4543772e-137   1.1219185e-49   1.7083714e-19   4.1613747e-09   5.0514424e-06  -1.3019637e-04  -1.4356075e-03  -5.9590427e-03   3.6386190e-03   1.7891216e-02   2.4227879e-02
  -7.9650000e+01 -3.1066233e-131  -5.3786582e-48   6.5817271e-19   7.2495729e-09   8.1508319e-06  -9.2598690e-05  -1.3035955e-03  -5.6490522e-03   3.9641884e-03   1.8031543e-02   2.4278333e-02
  -7.9200000e+01 -2.3742341e-125  -1.3477827e-45   2.4963657e-18   1.2374716e-08   1.1950000e-05  -5.2104395e-05  -1.1686008e-03  -5.3365624e-03   4.2886464e-03   1.8171108e-02   2.4328503e-02
  -7.8750000e+01 -4.9377084e-120  -1.5470577e-43   9.7901836e-18   2.0752176e-08   1.6558491e-05  -8.6006878e-06  -1.0305985e-03  -5.0215876e-03   4.6119808e-03   1.8309912e-02   2.4378391e-02
  -7.8300000e+01 -2.8859261e-115  -1.2506589e-41   4.1211613e-17   3.4255258e-08   2.2097855e-05   3.8026045e-05  -8.8956373e-04  -4.7041426e-03   4.9341798e-03   1.8447953e-02   2.4427995e-02
  -7.7850000e+01 -9.3476807e-111  -5.3725361e-40   1.8343466e-16   5.5735817e-08   2.8702298e-05   8.7890042e-05  -7.4547114e-04  -4.3842432e-03   5.2552313e-03   1.8585231e-02   2.4477316e-02
  -7.7400000e+01  1.8555048e-106   1.0750371e-38   8.1217156e-16   8.9482528e-08   3.6519286e-05   1.4110597e-04  -5.9829528e-04  -4.0619059e-03   5.5751235e-03   1.8721746e-02   2.4526354e-02
  -7.6950000e+01  7.6983523e-101   1.5063668e-36   3.3766338e-15   1.4186662e-07   4.5710070e-05   1.9778869e-04  -4.4801038e-04  -3.7371480e-03   5.8938445e-03   1.8857497e-02   2.4575108e-02
  -7.6500000e+01   9.2802072e-96   5.2715763e-35   1.2828001e-14   2.2223835e-07   5.6450131e-05   2.5805308e-04  -2.9459035e-04  -3.4099876e-03   6.2113826e-03   1.8992484e-02   2.4623579e-02
  -7.6050000e+01   3.4509313e-91   1.2800622e-33   4.4450652e-14   3.4415302e-07   6.8929513e-05   3.2201372e-04  -1.3800877e-04  -3.0804435e-03   6.5277260e-03   1.9126706e-02   2.4671767e-02
  -7.5600000e+01   2.6000295e-87   2.4593784e-32   1.4200981e-13   5.2702130e-07   8.3353032e-05   3.8978472e-04   2.1761166e-05  -2.7485354e-03   6.8428631e-03   1.9260163e-02   2.4719672e-02
  -7.5150000e+01   9.3557897e-84   3.1690434e-31   4.2493403e-13   7.9829538e-07   9.9940344e-05   4.6147943e-04   1.8474667e-04  -2.4142838e-03   7.1567821e-03   1.9392853e-02   2.4767293e-02
  -7.4700000e+01  -1.7136547e-79  -1.9114916e-30   1.2148740e-12   1.1963161e-06   1.1892585e-04   5.3721016e-04   3.5097538e-04  -2.0777100e-03   7.4694716e-03   1.9524778e-02   2.4814632e-02
  -7.4250000e+01  -9.9860506e-75  -3.4509077e-28   3.4093987e-12   1.7739563e-06   1.4055842e-04   6.1708791e-04   5.2047540e-04  -1.7388361e-03   7.7809200e-03   1.9655936e-02   2.4861686e-02
  -7.3800000e+01  -1.9108265e-70  -1.6513128e-26   9.7149521e-12   2.6031976e-06   1.6510092e-04   7.0122208e-04   6.9327532e-04  -1.3976851e-03   8.0911159e-03   1.9786326e-02   2.4908458e-02
  -7.3350000e+01  -8.9486621e-67  -5.4538907e-25   2.8856551e-11   3.7807678e-06   1.9282951e-04   7.8972019e-04   8.6940428e-04  -1.0542808e-03   8.4000478e-03   1.9915949e-02   2.4954946e-02
  -7.2900000e+01  -2.0954015e-63  -1.0307026e-23   8.8861341e-11   5.4349417e-06   2.2403276e-04   8.8268752e-04   1.0488919e-03  -7.0864766e-04   8.7077044e-03   2.0044803e-02   2.5001151e-02
  -7.2450000e+01   1.1740261e-60   4.6537453e-23   2.7265282e-10   7.7335621e-06   2.5901044e-04   9.8022685e-04   1.2317685e-03  -3.6081130e-04   9.0140745e-03   2.0172889e-02   2.5047072e-02
  -7.2000000e+01   5.9355257e-56   3.9867560e-21   7.9672710e-10   1.0893270e-05   2.9807218e-04   1.0824381e-03   1.4180649e-03  -1.0797985e-05   9.3191467e-03   2.0300205e-02   2.5092710e-02
  -7.1550000e+01   4.8109734e-52   5.5705703e-20   2.1606169e-09   1.5189838e-05   3.4153578e-04   1.1894179e-03   1.6078126e-03   3.4136513e-04   9.6229099e-03   2.0426752e-02   2.5138064e-02
  -7.1100000e+01   1.0183036e-48   5.2956334e-19   5.4145592e-09   2.0969371e-05   3.8972535e-04   1.3012596e-03   1.8010437e-03   6.9565004e-04   9.9253530e-03   2.0552529e-02   2.5183135e-02
  -7.0650000e+01   4.3010360e-46   4.0713212e-18   1.2645452e-08   2.8660002e-05   4.4296922e-04   1.4180524e-03   1.9977911e-03   1.0520279e-03   1.0226465e-02   2.0677536e-02   2.5227923e-02
  -7.0200000e+01   1.0636128e-43   2.3394168e-17   2.7901432e-08   3.8783516e-05   5.0159760e-04   1.5398814e-03   2.1980882e-03   1.4104689e-03   1.0526235e-02   2.0801772e-02   2.5272427e-02
  -6.9750000e+01  -5.6007502e-41   2.7908240e-17   5.9117212e-08   5.1966174e-05   5.6594011e-04   1.6668272e-03   2.4019694e-03   1.7709425e-03   1.0824652e-02   2.0925236e-02   2.5316647e-02
  -6.9300000e+01  -2.8441409e-37  -2.0077993e-15   1.2262937e-07   6.8947811e-05   6.3632320e-04   1.7989651e-03   2.6094695e-03   2.1334173e-03   1.1121704e-02   2.1047928e-02   2.5360584e-02
  -6.8850000e+01  -8.5034240e-34  -4.3030777e-14   2.5446490e-07   9.0588149e-05   7.1306746e-04   1.9363656e-03   2.8206243e-03   2.4978609e-03   1.1417382e-02   2.1169848e-02   2.5404238e-02
  -6.8400000e+01  -2.1858465e-30  -5.9046024e-13   5.3704139e-07   1.1786916e-04   7.9648493e-04   2.0790931e-03   3.0354704e-03   2.8642402e-03   1.1711675e-02   2.1290995e-02   2.5447608e-02
  -6.7950000e+01  -4.1812477e-27  -4.8606561e-12   1.1515656e-06   1.5189232e-04   8.8687645e-04   2.2272062e-03   3.2540449e-03   3.2325210e-03   1.2004571e-02   2.1411369e-02   2.5490694e-02
  -6.7500000e+01   2.1442128e-29   3.2551562e-12   2.4521122e-06   1.9386971e-04   9.8452915e-04   2.3807571e-03   3.4763861e-03   3.6026685e-03   1.2296060e-02   2.1530970e-02   2.5533497e-02
  -6.7050000e+01   2.5049431e-22   2.6266124e-10   5.0270540e-06   2.4510801e-04   1.0897142e-03   2.5397913e-03   3.7025327e-03   3.9746469e-03   1.2586132e-02   2.1649796e-02   2.5576016e-02
  -6.6600000e+01   7.8469642e-21   1.4736978e-09   9.7159772e-06   3.0698504e-04   1.2026847e-03   2.7043472e-03   3.9325245e-03   4.3484195e-03   1.2874777e-02   2.1767848e-02   2.5618251e-02
  -6.6150000e+01   1.8330148e-19   5.5523480e-09   1.7613390e-05   3.8091859e-04   1.3236742e-03   2.8744558e-03   4.1664018e-03   4.7239487e-03   1.3161982e-02   2.1885126e-02   2.5660203e-02
  -6.5700000e+01   3.7625421e-18   1.7408515e-08   3.0128936e-05   4.6832792e-04   1.4528952e-03   3.0501404e-03   4.4042061e-03   5.1011963e-03   1.3447740e-02   2.2001628e-02   2.5701871e-02
  -6.5250000e+01   6.3858091e-17   4.5252893e-08   4.9150587e-05   5.7058895e-04   1.5905392e-03   3.2314165e-03   4.6459794e-03   5.4801229e-03   1.3732038e-02   2.2117354e-02   2.5743256e-02
  -6.4800000e+01  -7.1181405e-16   7.6760388e-08   7.7369903e-05   6.8898442e-04   1.7367755e-03   3.4182911e-03   4.8917645e-03   5.8606883e-03   1.4014867e-02   2.2232304e-02   2.5784357e-02
  -6.4350000e+01  -3.7922444e-13  -1.0977371e-07   1.1890365e-04   8.2465109e-04   1.8917529e-03   3.6107627e-03   5.1416051e-03   6.2428517e-03   1.4296216e-02   2.2346478e-02   2.5825174e-02
  -6.3900000e+01  -5.5856660e-11  -1.9644937e-06   1.8034174e-04   9.7852614e-04   2.0556000e-03   3.8088214e-03   5.3955457e-03   6.6265711e-03   1.4576077e-02   2.2459874e-02   2.5865707e-02
  -6.3450000e+01  -1.5842887e-09  -1.1882015e-05   2.7194243e-04   1.1512956e-03   2.2284274e-03   4.0124479e-03   5.6536312e-03   7.0118038e-03   1.4854437e-02   2.2572494e-02   2.5905957e-02
  -6.3000000e+01  -1.1663512e-08  -4.0181162e-05   4.0757304e-04   1.3433474e-03   2.4103300e-03   4.2216142e-03   5.9159077e-03   7.3985064e-03   1.5131289e-02   2.2684335e-02   2.5945923e-02
  -6.2550000e+01  -1.2456635e-08   3.8351714e-06   6.0111312e-04   1.5547321e-03   2.6013901e-03   4.4362829e-03   6.1824217e-03   7.7866343e-03   1.5406621e-02   2.2795399e-02   2.5985605e-02
  -6.2100000e+01   1.5160495e-06   3.5405734e-04   8.5951433e-04   1.7851335e-03   2.8016805e-03   4.6564073e-03   6.4532203e-03   8.1761424e-03   1.5680423e-02   2.2905684e-02   2.6025004e-02
  -6.1650000e+01   3.8627109e-05   8.4838169e-04   1.1782339e-03   2.0338510e-03   3.0112687e-03   4.8819315e-03   6.7283514e-03   8.5669846e-03   1.5952687e-02   2.3015190e-02   2.6064119e-02
  -6.1200000e+01   4.9597234e-04   1.3364028e-03   1.5441732e-03   2.2997951e-03   3.2302207e-03   5.1127903e-03   7.0078634e-03   8.9591138e-03   1.6223402e-02   2.3123917e-02   2.6102949e-02
  -6.0750000e+01   1.5990041e-03   1.8129565e-03   1.9427122e-03   2.5814972e-03   3.4586050e-03   5.3489093e-03   7.2918053e-03   9.3524825e-03   1.6492559e-02   2.3231864e-02   2.6141496e-02
  -6.0300000e+01   2.2535885e-03   2.2846583e-03   2.3623108e-03   2.8771332e-03   3.6964969e-03   5.5902049e-03   7.5802264e-03   9.7470420e-03   1.6760149e-02   2.3339031e-02   2.6179760e-02
  -5.9850000e+01   2.7424017e-03   2.7548103e-03   2.7951845e-03   3.1845603e-03   3.9439817e-03   5.8365848e-03   7.8731766e-03   1.0142743e-02   1.7026161e-02   2.3445418e-02   2.6217739e-02
  -5.9400000e+01   3.2542125e-03   3.2257597e-03   3.2361456e-03   3.5013668e-03   4.2011582e-03   6.0879480e-03   8.1707062e-03   1.0539535e-02   1.7290586e-02   2.3551024e-02   2.6255435e-02
  -5.8950000e+01   4.1328720e-03   3.7000757e-03   3.6813165e-03   3.8249350e-03   4.4681411e-03   6.3441852e-03   8.4728656e-03   1.0937368e-02   1.7553415e-02   2.3655848e-02   2.6292846e-02
  -5.8500000e+01   5.0638979e-03   4.1798069e-03   4.1272214e-03   4.1525142e-03   4.7450621e-03   6.6051796e-03   8.7797057e-03   1.1336189e-02   1.7814639e-02   2.3759892e-02   2.6329974e-02
  -5.8050000e+01   5.1809642e-03   4.6582536e-03   4.5703270e-03   4.4813064e-03   5.0320702e-03   6.8708066e-03   9.0912772e-03   1.1735945e-02   1.8074249e-02   2.3863153e-02   2.6366818e-02
  -5.7600000e+01   5.1853297e-03   5.0962082e-03   5.0071657e-03   4.8085617e-03   5.3293309e-03   7.1409354e-03   9.4076312e-03   1.2136585e-02   1.8332235e-02   2.3965632e-02   2.6403378e-02
  -5.7150000e+01   5.1859747e-03   5.4792112e-03   5.4350114e-03   5.1316849e-03   5.6370231e-03   7.4154287e-03   9.7288187e-03   1.2538053e-02   1.8588588e-02   2.4067328e-02   2.6439654e-02
  -5.6700000e+01   5.2018555e-03   5.8777955e-03   5.8524338e-03   5.4483501e-03   5.9553352e-03   7.6941443e-03   1.0054891e-02   1.2940294e-02   1.8843300e-02   2.4168242e-02   2.6475646e-02
  -5.6250000e+01   5.4506226e-03   6.2928961e-03   6.2589493e-03   5.7566244e-03   6.2844584e-03   7.9769352e-03   1.0385897e-02   1.3343254e-02   1.9096361e-02   2.4268372e-02   2.6511354e-02
  -5.5800000e+01   6.4136920e-03   6.7078684e-03   6.6539862e-03   6.0550953e-03   6.6245797e-03   8.2636514e-03   1.0721889e-02   1.3746876e-02   1.9347763e-02   2.4367718e-02   2.6546778e-02
  -5.5350000e+01   7.0773773e-03   7.1193696e-03   7.0359519e-03   6.3429999e-03   6.9758714e-03   8.5541401e-03   1.1062917e-02   1.4151102e-02   1.9597497e-02   2.4466281e-02   2.6581918e-02
  -5.4900000e+01   7.5150647e-03   7.5288973e-03   7.4015942e-03   6.6203497e-03   7.3384803e-03   8.8482474e-03   1.1409029e-02   1.4555875e-02   1.9845554e-02   2.4564059e-02   2.6616774e-02
  -5.4450000e+01   7.9669011e-03   7.9391992e-03   7.7452135e-03   6.8880443e-03   7.7125147e-03   9.1458193e-03   1.1760274e-02   1.4961136e-02   2.0091926e-02   2.4661052e-02   2.6651346e-02
  -5.4000000e+01   8.7492822e-03   8.3547345e-03   8.0572604e-03   7.1479650e-03   8.0980302e-03   9.4467032e-03   1.2116701e-02   1.5366827e-02   2.0336604e-02   2.4757260e-02   2.6685634e-02
  -5.3550000e+01   9.5714678e-03   8.7848195e-03   8.3225316e-03   7.4030404e-03   8.4950143e-03   9.7507490e-03   1.2478357e-02   1.5772888e-02   2.0579579e-02   2.4852683e-02   2.6719638e-02
  -5.3100000e+01   9.6814539e-03   9.2385710e-03   8.5198804e-03   7.6572719e-03   8.9033705e-03   1.0057811e-02   1.2845287e-02   1.6179257e-02   2.0820843e-02   2.4947320e-02   2.6753358e-02
  -5.2650000e+01   9.6860640e-03   9.6060783e-03   8.6271411e-03   7.9157110e-03   9.3229021e-03   1.0367749e-02   1.3217536e-02   1.6585875e-02   2.1060389e-02   2.5041171e-02   2.6786794e-02
  -5.2200000e+01   9.6858346e-03   9.5254886e-03   8.6322625e-03   8.1843803e-03   9.7532959e-03   1.0680429e-02   1.3595149e-02   1.6992679e-02   2.1298207e-02   2.5134236e-02   2.6819946e-02
  -5.1750000e+01   9.6761364e-03   9.1215144e-03   8.5427923e-03   8.4701315e-03   1.0194107e-02   1.0995729e-02   1.3978167e-02   1.7399607e-02   2.1534289e-02   2.5226514e-02   2.6852814e-02
  -5.1300000e+01   9.5032720e-03   8.6998176e-03   8.3837474e-03   8.7804403e-03   1.0644744e-02   1.1313536e-02   1.4366630e-02   1.7806595e-02   2.1768628e-02   2.5318005e-02   2.6885397e-02
  -5.0850000e+01   8.6334035e-03   8.2993147e-03   8.1867238e-03   9.1231392e-03   1.1104456e-02   1.1633747e-02   1.4760578e-02   1.8213582e-02   2.2001215e-02   2.5408709e-02   2.6917697e-02
  -5.0400000e+01   7.9518185e-03   7.9090471e-03   7.9815654e-03   9.5060965e-03   1.1572325e-02   1.1956278e-02   1.5160048e-02   1.8620502e-02   2.2232042e-02   2.5498625e-02   2.6949712e-02
  -4.9950000e+01   7.5303448e-03   7.5224194e-03   7.7954025e-03   9.9368518e-03   1.2047254e-02   1.2281057e-02   1.5565073e-02   1.9027290e-02   2.2461102e-02   2.5587753e-02   2.6981444e-02
  -4.9500000e+01   7.1020067e-03   7.1350608e-03   7.6568614e-03   1.0422227e-02   1.2527966e-02   1.2608033e-02   1.5975686e-02   1.9433882e-02   2.2688387e-02   2.5676093e-02   2.7012891e-02
  -4.9050000e+01   6.3673809e-03   6.7393668e-03   7.6029922e-03   1.0967928e-02   1.3013004e-02   1.2937172e-02   1.6391917e-02   1.9840212e-02   2.2913889e-02   2.5763644e-02   2.7044054e-02
  -4.8600000e+01   5.5685815e-03   6.3119265e-03   7.6871961e-03   1.1578167e-02   1.3500731e-02   1.3268463e-02   1.6813793e-02   2.0246214e-02   2.3137600e-02   2.5850406e-02   2.7074932e-02
  -4.8150000e+01   5.4511851e-03   5.8058281e-03   7.9827747e-03   1.2255313e-02   1.3989342e-02   1.3601917e-02   1.7241339e-02   2.0651821e-02   2.3359513e-02   2.5936379e-02   2.7105527e-02
  -4.7700000e+01   5.4457309e-03   5.4279498e-03   8.5706025e-03   1.2999617e-02   1.4476877e-02   1.3937572e-02   1.7674576e-02   2.1056967e-02   2.3579620e-02   2.6021563e-02   2.7135837e-02
  -4.7250000e+01   5.4467684e-03   6.3236249e-03   9.5053152e-03   1.3808998e-02   1.4961233e-02   1.4275488e-02   1.8113523e-02   2.1461582e-02   2.3797913e-02   2.6105957e-02   2.7165864e-02
  -4.6800000e+01   5.4876300e-03   8.5277203e-03   1.0782077e-02   1.4678942e-02   1.5440196e-02   1.4615758e-02   1.8558193e-02   2.1865600e-02   2.4014387e-02   2.6189561e-02   2.7195606e-02
  -4.6350000e+01   6.2945912e-03   1.0927221e-02   1.2338779e-02   1.5602485e-02   1.5911460e-02   1.4958499e-02   1.9008598e-02   2.2268953e-02   2.4229032e-02   2.6272375e-02   2.7225063e-02
  -4.5900000e+01   1.1131502e-02   1.3254562e-02   1.4090944e-02   1.6570309e-02   1.6372662e-02   1.5303861e-02   1.9464746e-02   2.2671571e-02   2.4441843e-02   2.6354398e-02   2.7254237e-02
  -4.5450000e+01   1.5299759e-02   1.5530136e-02   1.5963339e-02   1.7570932e-02   1.6821418e-02   1.5652025e-02   1.9926640e-02   2.3073385e-02   2.4652811e-02   2.6435630e-02   2.7283126e-02
  -4.5000000e+01   1.7783559e-02   1.7783692e-02   1.7899476e-02   1.8590990e-02   1.7255360e-02   1.6003204e-02   2.0394278e-02   2.3474326e-02   2.4861930e-02   2.6516071e-02   2.7311731e-02
  -4.4550000e+01   2.0267358e-02   2.0037133e-02   1.9856112e-02   1.9615578e-02   1.7672181e-02   1.6357641e-02   2.0867656e-02   2.3874324e-02   2.5069193e-02   2.6595721e-02   2.7340052e-02
  -4.4100000e+01   2.4435615e-02   2.2311319e-02   2.1793476e-02   2.0628657e-02   1.8069677e-02   1.6715618e-02   2.1346764e-02   2.4273309e-02   2.5274594e-02   2.6674578e-02   2.7368088e-02
  -4.3650000e+01   2.9272525e-02   2.4629999e-02   2.3666024e-02   2.1613490e-02   1.8445794e-02   1.7077444e-02   2.1831587e-02   2.4671211e-02   2.5478124e-02   2.6752644e-02   2.7395841e-02
  -4.3200000e+01   3.0079483e-02   2.6996732e-02   2.5417068e-02   2.2553089e-02   1.8798673e-02   1.7443466e-02   2.2322105e-02   2.5067960e-02   2.5679777e-02   2.6829918e-02   2.7423308e-02
  -4.2750000e+01   3.0120327e-02   2.9179790e-02   2.6984009e-02   2.3430670e-02   1.9126693e-02   1.7814063e-02   2.2818293e-02   2.5463483e-02   2.5879547e-02   2.6906399e-02   2.7450492e-02
  -4.2300000e+01   3.0121655e-02   3.0411110e-02   2.8318746e-02   2.4230085e-02   1.9428520e-02   1.8189647e-02   2.3320121e-02   2.5857711e-02   2.6077428e-02   2.6982087e-02   2.7477391e-02
  -4.1850000e+01   3.0128264e-02   3.0847620e-02   2.9410671e-02   2.4936241e-02   1.9703146e-02   1.8570661e-02   2.3827553e-02   2.6250572e-02   2.6273412e-02   2.7056982e-02   2.7504006e-02
  -4.1400000e+01   3.0272555e-02   3.1256788e-02   3.0287956e-02   2.5535474e-02   1.9949925e-02   1.8957580e-02   2.4340546e-02   2.6641994e-02   2.6467493e-02   2.7131084e-02   2.7530336e-02
  -4.0950000e+01   3.1254541e-02   3.1721559e-02   3.0994799e-02   2.6015900e-02   2.0168607e-02   1.9350910e-02   2.4859052e-02   2.7031907e-02   2.6659664e-02   2.7204393e-02   2.7556383e-02
  -4.0500000e+01   3.2157640e-02   3.2197858e-02   3.1567683e-02   2.6367725e-02   2.0359370e-02   1.9751184e-02   2.5383018e-02   2.7420239e-02   2.6849921e-02   2.7276907e-02   2.7582144e-02
  -4.0050000e+01   3.2684210e-02   3.2673347e-02   3.2025198e-02   2.6583520e-02   2.0522836e-02   2.0158962e-02   2.5912383e-02   2.7806917e-02   2.7038255e-02   2.7348628e-02   2.7607622e-02
  -3.9600000e+01   3.3202341e-02   3.3149080e-02   3.2366961e-02   2.6658456e-02   2.0660092e-02   2.0574830e-02   2.6447079e-02   2.8191870e-02   2.7224662e-02   2.7419554e-02   2.7632815e-02
  -3.9150000e+01   3.4040236e-02   3.3631664e-02   3.2572744e-02   2.6590499e-02   2.0772691e-02   2.0999394e-02   2.6987032e-02   2.8575026e-02   2.7409134e-02   2.7489686e-02   2.7657724e-02
  -3.8700000e+01   3.5109594e-02   3.4141743e-02   3.2598146e-02   2.6380564e-02   2.0862660e-02   2.1433282e-02   2.7532162e-02   2.8956314e-02   2.7591666e-02   2.7559023e-02   2.7682348e-02
  -3.8250000e+01   3.5322109e-02   3.4732487e-02   3.2371155e-02   2.6032604e-02   2.0932487e-02   2.1877139e-02   2.8082378e-02   2.9335660e-02   2.7772253e-02   2.7627565e-02   2.7706688e-02
  -3.7800000e+01   3.5334074e-02   3.5311866e-02   3.1802911e-02   2.5553651e-02   2.0985107e-02   2.2331622e-02   2.8637587e-02   2.9712995e-02   2.7950888e-02   2.7695312e-02   2.7730743e-02
  -3.7350000e+01   3.5333896e-02   3.4727149e-02   3.0823896e-02   2.4953770e-02   2.1023880e-02   2.2797402e-02   2.9197684e-02   3.0088245e-02   2.8127565e-02   2.7762263e-02   2.7754514e-02
  -3.6900000e+01   3.5304246e-02   3.2322634e-02   2.9427832e-02   2.4245938e-02   2.1052555e-02   2.3275156e-02   2.9762559e-02   3.0461338e-02   2.8302279e-02   2.7828419e-02   2.7778001e-02
  -3.6450000e+01   3.4596031e-02   2.9496232e-02   2.7680331e-02   2.3445838e-02   2.1075239e-02   2.3765564e-02   3.0332094e-02   3.0832204e-02   2.8475024e-02   2.7893778e-02   2.7801203e-02
  -3.6000000e+01   2.9301760e-02   2.6756089e-02   2.5682900e-02   2.2571560e-02   2.1096348e-02   2.4269308e-02   3.0906160e-02   3.1200771e-02   2.8645794e-02   2.7958342e-02   2.7824120e-02
  -3.5550000e+01   2.4263798e-02   2.4085552e-02   2.3531763e-02   2.1643235e-02   2.1120555e-02   2.4787065e-02   3.1484625e-02   3.1566967e-02   2.8814585e-02   2.8022109e-02   2.7846753e-02
  -3.5100000e+01   2.1354303e-02   2.1444098e-02   2.1301598e-02   2.0682586e-02   2.1152740e-02   2.5319506e-02   3.2067344e-02   3.1930721e-02   2.8981390e-02   2.8085080e-02   2.7869102e-02
  -3.4650000e+01   1.8535917e-02   1.8806943e-02   1.9050311e-02   1.9712435e-02   2.1197928e-02   2.5867289e-02   3.2654166e-02   3.2291962e-02   2.9146205e-02   2.8147254e-02   2.7891166e-02
  -3.4200000e+01   1.4262270e-02   1.6154246e-02   1.6831435e-02   1.8756176e-02   2.1261227e-02   2.6431054e-02   3.3244933e-02   3.2650619e-02   2.9309023e-02   2.8208631e-02   2.7912946e-02
  -3.3750000e+01   8.0608074e-03   1.3461007e-02   1.4707189e-02   1.7837234e-02   2.1347764e-02   2.7011425e-02   3.3839475e-02   3.3006622e-02   2.9469841e-02   2.8269211e-02   2.7934441e-02
  -3.3300000e+01   6.4589207e-03   1.0694175e-02   1.2757829e-02   1.6978535e-02   2.1462627e-02   2.7608999e-02   3.4437616e-02   3.3359900e-02   2.9628652e-02   2.8328993e-02   2.7955652e-02
  -3.2850000e+01   6.3566004e-03   7.9723967e-03   1.1077597e-02   1.6202002e-02   2.1610793e-02   2.8224343e-02   3.5039171e-02   3.3710383e-02   2.9785452e-02   2.8387978e-02   2.7976578e-02
  -3.2400000e+01   6.3528470e-03   6.3110206e-03   9.7469478e-03   1.5528098e-02   2.1797074e-02   2.8857995e-02   3.5643945e-02   3.4058001e-02   2.9940236e-02   2.8446165e-02   2.7997220e-02
  -3.1950000e+01   6.3539031e-03   6.2740954e-03   8.7934126e-03   1.4975426e-02   2.2026058e-02   2.9510453e-02   3.6251736e-02   3.4402685e-02   3.0092998e-02   2.8503554e-02   2.8017577e-02
  -3.1500000e+01   6.3812519e-03   6.5309062e-03   8.1795053e-03   1.4560395e-02   2.2302051e-02   3.0182173e-02   3.6862333e-02   3.4744367e-02   3.0243735e-02   2.8560145e-02   2.8037650e-02
  -3.1050000e+01   6.5985229e-03   6.6906013e-03   7.8325586e-03   1.4296954e-02   2.2629034e-02   3.0873569e-02   3.7475514e-02   3.5082977e-02   3.0392440e-02   2.8615937e-02   2.8057438e-02
  -3.0600000e+01   6.8035695e-03   6.8100327e-03   7.6844591e-03   1.4196398e-02   2.3010613e-02   3.1585004e-02   3.8091051e-02   3.5418446e-02   3.0539111e-02   2.8670931e-02   2.8076941e-02
  -3.0150000e+01   6.9230071e-03   6.9208794e-03   7.6914940e-03   1.4267229e-02   2.3449988e-02   3.2316789e-02   3.8708707e-02   3.5750708e-02   3.0683741e-02   2.8725126e-02   2.8096160e-02
  -2.9700000e+01   7.0370779e-03   7.0305000e-03   7.8361596e-03   1.4515078e-02   2.3949921e-02   3.3069178e-02   3.9328234e-02   3.6079695e-02   3.0826327e-02   2.8778522e-02   2.8115095e-02
  -2.9250000e+01   7.1898336e-03   7.1384049e-03   8.1249023e-03   1.4942685e-02   2.4512712e-02   3.3842368e-02   3.9949379e-02   3.6405339e-02   3.0966864e-02   2.8831119e-02   2.8133744e-02
  -2.8800000e+01   7.4472399e-03   7.2329865e-03   8.5896267e-03   1.5549913e-02   2.5140188e-02   3.4636491e-02   4.0571877e-02   3.6727575e-02   3.1105347e-02   2.8882917e-02   2.8152110e-02
  -2.8350000e+01   7.5539621e-03   7.2663261e-03   9.2911311e-03   1.6333828e-02   2.5833688e-02   3.5451615e-02   4.1195458e-02   3.7046336e-02   3.1241773e-02   2.8933916e-02   2.8170190e-02
  -2.7900000e+01   7.5625763e-03   7.2055607e-03   1.0312689e-02   1.7288809e-02   2.6594072e-02   3.6287742e-02   4.1819840e-02   3.7361558e-02   3.1376136e-02   2.8984114e-02   2.8187986e-02
  -2.7450000e+01   7.5631096e-03   7.8953865e-03   1.1729578e-02   1.8406725e-02   2.7421721e-02   3.7144800e-02   4.2444736e-02   3.7673174e-02   3.1508434e-02   2.9033513e-02   2.8205498e-02
  -2.7000000e+01   7.5876041e-03   1.0575150e-02   1.3563670e-02   1.9677161e-02   2.8316551e-02   3.8022650e-02   4.3069850e-02   3.7981122e-02   3.1638661e-02   2.9082112e-02   2.8222725e-02
  -2.6550000e+01   8.3759336e-03   1.3864609e-02   1.5764388e-02   2.1087704e-02   2.9278037e-02   3.8921075e-02   4.3694876e-02   3.8285337e-02   3.1766814e-02   2.9129911e-02   2.8239667e-02
  -2.6100000e+01   1.4596002e-02   1.7058459e-02   1.8237397e-02   2.2624284e-02   3.0305230e-02   3.9839786e-02   4.4319504e-02   3.8585757e-02   3.1892888e-02   2.9176910e-02   2.8256324e-02
  -2.5650000e+01   1.9915941e-02   2.0185485e-02   2.0888113e-02   2.4271570e-02   3.1396793e-02   4.0778418e-02   4.4943415e-02   3.8882319e-02   3.2016881e-02   2.9223108e-02   2.8272697e-02
  -2.5200000e+01   2.3213721e-02   2.3290076e-02   2.3643627e-02   2.6013403e-02   3.2551029e-02   4.1736528e-02   4.5566282e-02   3.9174961e-02   3.2138788e-02   2.9268506e-02   2.8288786e-02
  -2.4750000e+01   2.6328779e-02   2.6388564e-02   2.6451596e-02   2.7833262e-02   3.3765917e-02   4.2713596e-02   4.6187772e-02   3.9463623e-02   3.2258604e-02   2.9313103e-02   2.8304589e-02
  -2.4300000e+01   2.9437359e-02   2.9487595e-02   2.9270092e-02   2.9714735e-02   3.5039149e-02   4.3709028e-02   4.6807545e-02   3.9748243e-02   3.2376328e-02   2.9356899e-02   2.8320108e-02
  -2.3850000e+01   3.2549423e-02   3.2595280e-02   3.2056853e-02   3.1641986e-02   3.6368170e-02   4.4722149e-02   4.7425255e-02   4.0028764e-02   3.2491954e-02   2.9399894e-02   2.8335343e-02
  -2.3400000e+01   3.5664561e-02   3.5738414e-02   3.4761040e-02   3.3600197e-02   3.7750209e-02   4.5752213e-02   4.8040549e-02   4.0305125e-02   3.2605480e-02   2.9442088e-02   2.8350293e-02
  -2.2950000e+01   3.8788601e-02   3.8952294e-02   3.7322337e-02   3.5575952e-02   3.9182325e-02   4.6798394e-02   4.8653069e-02   4.0577269e-02   3.2716902e-02   2.9483480e-02   2.8364958e-02
  -2.2500000e+01   4.1900605e-02   4.1810322e-02   3.9684771e-02   3.7557567e-02   4.0661432e-02   4.7859795e-02   4.9262453e-02   4.0845138e-02   3.2826216e-02   2.9524071e-02   2.8379338e-02
  -2.2050000e+01   4.3342854e-02   4.3489626e-02   4.1822046e-02   3.9535337e-02   4.2184337e-02   4.8935448e-02   4.9868331e-02   4.1108676e-02   3.2933420e-02   2.9563861e-02   2.8393434e-02
  -2.1600000e+01   4.4770786e-02   4.4809160e-02   4.3751498e-02   4.1501696e-02   4.3747768e-02   5.0024313e-02   5.0470330e-02   4.1367828e-02   3.3038509e-02   2.9602848e-02   2.8407245e-02
  -2.1150000e+01   4.6204424e-02   4.6195800e-02   4.5520233e-02   4.3451286e-02   4.5348401e-02   5.1125281e-02   5.1068073e-02   4.1622538e-02   3.3141482e-02   2.9641034e-02   2.8420771e-02
  -2.0700000e+01   4.7636727e-02   4.7614583e-02   4.7179124e-02   4.5380937e-02   4.6982881e-02   5.2237180e-02   5.1661179e-02   4.1872753e-02   3.3242334e-02   2.9678418e-02   2.8434013e-02
  -2.0250000e+01   4.9067428e-02   4.9039701e-02   4.8767525e-02   4.7289565e-02   4.8647838e-02   5.3358774e-02   5.2249263e-02   4.2118419e-02   3.3341062e-02   2.9715000e-02   2.8446970e-02
  -1.9800000e+01   5.0501110e-02   5.0465999e-02   5.0311878e-02   4.9178003e-02   5.0339908e-02   5.4488766e-02   5.2831938e-02   4.2359485e-02   3.3437665e-02   2.9750780e-02   2.8459642e-02
  -1.9350000e+01   5.2018889e-02   5.1894349e-02   5.1830143e-02   5.1048766e-02   5.2055736e-02   5.5625805e-02   5.3408813e-02   4.2595899e-02   3.3532137e-02   2.9785757e-02   2.8472030e-02
  -1.8900000e+01   5.4467351e-02   5.3327023e-02   5.3336406e-02   5.2905780e-02   5.3791988e-02   5.6768484e-02   5.3979497e-02   4.2827611e-02   3.3624478e-02   2.9819932e-02   2.8484133e-02
  -1.8450000e+01   5.7330085e-02   5.4761807e-02   5.4844115e-02   5.4754075e-02   5.5545356e-02   5.7915349e-02   5.4543596e-02   4.3054572e-02   3.3714684e-02   2.9853304e-02   2.8495951e-02
  -1.8000000e+01   5.7692872e-02   5.6175364e-02   5.6367519e-02   5.6599469e-02   5.7312552e-02   5.9064897e-02   5.5100715e-02   4.3276732e-02   3.3802752e-02   2.9885873e-02   2.8507484e-02
  -1.7550000e+01   5.7704143e-02   5.7564865e-02   5.7920393e-02   5.8448228e-02   5.9090314e-02   6.0215586e-02   5.5650460e-02   4.3494045e-02   3.3888680e-02   2.9917640e-02   2.8518733e-02
  -1.7100000e+01   5.7709811e-02   5.9124855e-02   5.9512243e-02   6.0306741e-02   6.0875399e-02   6.1365836e-02   5.6192435e-02   4.3706464e-02   3.3972464e-02   2.9948604e-02   2.8529697e-02
  -1.6650000e+01   5.7845436e-02   6.0850635e-02   6.1145494e-02   6.2181189e-02   6.2664579e-02   6.2514031e-02   5.6726245e-02   4.3913944e-02   3.4054104e-02   2.9978765e-02   2.8540376e-02
  -1.6200000e+01   5.9517102e-02   6.2597382e-02   6.2817245e-02   6.4077228e-02   6.4454636e-02   6.3658528e-02   5.7251498e-02   4.4116440e-02   3.4133595e-02   3.0008123e-02   2.8550771e-02
  -1.5750000e+01   6.3548854e-02   6.4331678e-02   6.4523955e-02   6.5999686e-02   6.6242360e-02   6.4797660e-02   5.7767801e-02   4.4313909e-02   3.4210937e-02   3.0036677e-02   2.8560881e-02
  -1.5300000e+01   6.5941461e-02   6.6054997e-02   6.6265105e-02   6.7952272e-02   6.8024537e-02   6.5929736e-02   5.8274765e-02   4.4506308e-02   3.4286125e-02   3.0064428e-02   2.8570706e-02
  -1.4850000e+01   6.7728149e-02   6.7773668e-02   6.8044901e-02   6.9937323e-02   6.9797954e-02   6.7053053e-02   5.8772003e-02   4.4693596e-02   3.4359159e-02   3.0091376e-02   2.8580246e-02
  -1.4400000e+01   6.9598897e-02   6.9494639e-02   6.9873682e-02   7.1955563e-02   7.1559391e-02   6.8165896e-02   5.9259131e-02   4.4875732e-02   3.4430036e-02   3.0117521e-02   2.8589502e-02
  -1.3950000e+01   7.2810533e-02   7.1222584e-02   7.1770570e-02   7.4005920e-02   7.3305623e-02   6.9266541e-02   5.9735770e-02   4.5052678e-02   3.4498754e-02   3.0142862e-02   2.8598473e-02
  -1.3500000e+01   7.6213574e-02   7.2944176e-02   7.3766977e-02   7.6085377e-02   7.5033421e-02   7.0353264e-02   6.0201545e-02   4.5224396e-02   3.4565311e-02   3.0167399e-02   2.8607159e-02
  -1.3050000e+01   7.6641449e-02   7.4595894e-02   7.5906654e-02   7.8188902e-02   7.6739557e-02   7.1424344e-02   6.0656085e-02   4.5390848e-02   3.4629705e-02   3.0191133e-02   2.8615560e-02
  -1.2600000e+01   7.6657381e-02   7.6289742e-02   7.8234569e-02   8.0309436e-02   7.8420807e-02   7.2478066e-02   6.1099025e-02   4.5551999e-02   3.4691933e-02   3.0214062e-02   2.8623677e-02
  -1.2150000e+01   7.6662350e-02   7.8860658e-02   8.0773742e-02   8.2437973e-02   8.0073963e-02   7.3512725e-02   6.1530007e-02   4.5707813e-02   3.4751995e-02   3.0236188e-02   2.8631508e-02
  -1.1700000e+01   7.6791311e-02   8.2200203e-02   8.3507614e-02   8.4563727e-02   8.1695840e-02   7.4526635e-02   6.1948680e-02   4.5858257e-02   3.4809888e-02   3.0257510e-02   2.8639055e-02
  -1.1250000e+01   7.8810833e-02   8.5632838e-02   8.6386901e-02   8.6674391e-02   8.3283289e-02   7.5518129e-02   6.2354698e-02   4.6003299e-02   3.4865610e-02   3.0278028e-02   2.8646318e-02
  -1.0800000e+01   8.6629124e-02   8.9015784e-02   8.9352375e-02   8.8756475e-02   8.4833213e-02   7.6485563e-02   6.2747725e-02   4.6142908e-02   3.4919161e-02   3.0297742e-02   2.8653295e-02
  -1.0350000e+01   9.2016986e-02   9.2358436e-02   9.2350877e-02   9.0795729e-02   8.6342576e-02   7.7427325e-02   6.3127431e-02   4.6277052e-02   3.4970538e-02   3.0316652e-02   2.8659988e-02
  -9.9000000e+00   9.5570174e-02   9.5683217e-02   9.5336926e-02   9.2777614e-02   8.7808422e-02   7.8341831e-02   6.3493499e-02   4.6405704e-02   3.5019740e-02   3.0334757e-02   2.8666396e-02
  -9.4500000e+00   9.9238225e-02   9.9013406e-02   9.8265442e-02   9.4687810e-02   8.9227889e-02   7.9227540e-02   6.3845617e-02   4.6528834e-02   3.5066765e-02   3.0352058e-02   2.8672519e-02
  -9.0000000e+00   1.0558967e-01   1.0237929e-01   1.0108075e-01   9.6512744e-02   9.0598223e-02   8.0082945e-02   6.4183484e-02   4.6646417e-02   3.5111612e-02   3.0368555e-02   2.8678357e-02
  -8.5500000e+00   1.1226425e-01   1.0582825e-01   1.0370509e-01   9.8240078e-02   9.1916794e-02   8.0906589e-02   6.4506812e-02   4.6758428e-02   3.5154280e-02   3.0384248e-02   2.8683911e-02
  -8.1000000e+00   1.1315711e-01   1.0937329e-01   1.0603471e-01   9.9859172e-02   9.3181105e-02   8.1697059e-02   6.4815320e-02   4.6864841e-02   3.5194768e-02   3.0399136e-02   2.8689180e-02
  -7.6500000e+00   1.1319448e-01   1.1241198e-01   1.0795944e-01   1.0136145e-01   9.4388807e-02   8.2452995e-02   6.5108740e-02   4.6965634e-02   3.5233073e-02   3.0413219e-02   2.8694164e-02
  -7.2000000e+00   1.1319502e-01   1.1336048e-01   1.0941009e-01   1.0274069e-01   9.5537706e-02   8.3173091e-02   6.5386818e-02   4.7060784e-02   3.5269196e-02   3.0426498e-02   2.8698863e-02
  -6.7500000e+00   1.1318960e-01   1.1301723e-01   1.1039961e-01   1.0399318e-01   9.6625769e-02   8.3856098e-02   6.5649308e-02   4.7150272e-02   3.5303135e-02   3.0438973e-02   2.8703277e-02
  -6.3000000e+00   1.1309413e-01   1.1267935e-01   1.1101321e-01   1.0511777e-01   9.7651132e-02   8.4500829e-02   6.5895979e-02   4.7234078e-02   3.5334889e-02   3.0450643e-02   2.8707407e-02
  -5.8500000e+00   1.1261378e-01   1.1243256e-01   1.1135879e-01   1.0611578e-01   9.8612096e-02   8.5106161e-02   6.6126614e-02   4.7312183e-02   3.5364457e-02   3.0461508e-02   2.8711252e-02
  -5.4000000e+00   1.1223740e-01   1.1221327e-01   1.1152665e-01   1.0699085e-01   9.9507133e-02   8.5671033e-02   6.6341007e-02   4.7384571e-02   3.5391838e-02   3.0471568e-02   2.8714812e-02
  -4.9500000e+00   1.1200466e-01   1.1199964e-01   1.1157866e-01   1.0774861e-01   1.0033488e-01   8.6194458e-02   6.6538966e-02   4.7451226e-02   3.5417032e-02   3.0480824e-02   2.8718087e-02
  -4.5000000e+00   1.1176812e-01   1.1178611e-01   1.1155469e-01   1.0839634e-01   1.0109412e-01   8.6675515e-02   6.6720316e-02   4.7512134e-02   3.5440037e-02   3.0489275e-02   2.8721078e-02
  -4.0500000e+00   1.1136245e-01   1.1157022e-01   1.1148175e-01   1.0894257e-01   1.0178382e-01   8.7113358e-02   6.6884892e-02   4.7567281e-02   3.5460854e-02   3.0496922e-02   2.8723783e-02
  -3.6000000e+00   1.1092134e-01   1.1134926e-01   1.1138049e-01   1.0939665e-01   1.0240305e-01   8.7507217e-02   6.7032548e-02   4.7616655e-02   3.5479481e-02   3.0503763e-02   2.8726204e-02
  -3.1500000e+00   1.1085652e-01   1.1112255e-01   1.1126878e-01   1.0976828e-01   1.0295106e-01   8.7856395e-02   6.7163148e-02   4.7660245e-02   3.5495918e-02   3.0509800e-02   2.8728340e-02
  -2.7000000e+00   1.1085354e-01   1.1092083e-01   1.1116238e-01   1.1006709e-01   1.0342718e-01   8.8160277e-02   6.7276577e-02   4.7698043e-02   3.5510164e-02   3.0515032e-02   2.8730191e-02
  -2.2500000e+00   1.1085346e-01   1.1083769e-01   1.1107299e-01   1.1030228e-01   1.0383089e-01   8.8418324e-02   6.7372729e-02   4.7730040e-02   3.5522219e-02   3.0519458e-02   2.8731758e-02
  -1.8000000e+00   1.1085347e-01   1.1084290e-01   1.1100584e-01   1.1048222e-01   1.0416175e-01   8.8630080e-02   6.7451519e-02   4.7756228e-02   3.5532083e-02   3.0523081e-02   2.8733039e-02
  -1.3500000e+00   1.1085347e-01   1.1085102e-01   1.1095990e-01   1.1061417e-01   1.0441941e-01   8.8795170e-02   6.7512875e-02   4.7776603e-02   3.5539755e-02   3.0525898e-02   2.8734036e-02
  -9.0000000e-01   1.1085347e-01   1.1085316e-01   1.1093108e-01   1.1070404e-01   1.0460364e-01   8.8913300e-02   6.7556741e-02   4.7791160e-02   3.5545235e-02   3.0527910e-02   2.8734748e-02
  -4.5000000e-01   1.1085347e-01   1.1085351e-01   1.1091542e-01   1.1075619e-01   1.0471424e-01   8.8984263e-02   6.7583076e-02   4.7799895e-02   3.5548523e-02   3.0529117e-02   2.8735175e-02
   0.0000000e+00   1.1085347e-01   1.1085353e-01   1.1091046e-01   1.1077327e-01   1.0475112e-01   8.9007931e-02   6.7591857e-02   4.7802807e-02   3.5549620e-02   3.0529520e-02   2.8735318e-02
   4.5000000e-01   1.1085347e-01   1.1085351e-01   1.1091542e-01   1.1075619e-01   1.0471424e-01   8.8984263e-02   6.7583076e-02   4.7799895e-02   3.5548523e-02   3.0529117e-02   2.8735175e-02
   9.0000000e-01   1.1085347e-01   1.1085316e-01   1.1093108e-01   1.1070404e-01   1.0460364e-01   8.8913300e-02   6.7556741e-02   4.7791160e-02   3.5545235e-02   3.0527910e-02   2.8734748e-02
   1.3500000e+00   1.1085347e-01   1.1085102e-01   1.1095990e-01   1.1061417e-01   1.0441941e-01   8.8795170e-02   6.7512875e-02   4.7776603e-02   3.5539755e-02   3.0525898e-02   2.8734036e-02
   1.8000000e+00   1.1085347e-01   1.1084290e-01   1.1100584e-01   1.1048222e-01   1.0416175e-01   8.8630080e-02   6.7451519e-02   4.7756228e-02   3.5532083e-02   3.0523081e-02   2.8733039e-02
   2.2500000e+00   1.1085346e-01   1.1083769e-01   1.1107299e-01   1.1030228e-01   1.0383089e-01   8.8418324e-02   6.7372729e-02   4.7730040e-02   3.5522219e-02   3.0519458e-02   2.8731758e-02
   2.7000000e+00   1.1085354e-01   1.1092083e-01   1.1116238e-01   1.1006709e-01   1.0342718e-01   8.8160277e-02   6.7276577e-02   4.7698043e-02   3.5510164e-02   3.0515032e-02   2.8730191e-02
   3.1500000e+00   1.1085652e-01   1.1112255e-01   1.1126878e-01   1.0976828e-01   1.0295106e-01   8.7856395e-02   6.7163148e-02   4.7660245e-02   3.5495918e-02   3.0509800e-02   2.8728340e-02
   3.6000000e+00   1.1092134e-01   1.1134926e-01   1.1138049e-01   1.0939665e-01   1.0240305e-01   8.7507217e-02   6.7032548e-02   4.7616655e-02   3.5479481e-02   3.0503763e-02   2.8726204e-02
   4.0500000e+00   1.1136245e-01   1.1157022e-01   1.1148175e-01   1.0894257e-01   1.0178382e-01   8.7113358e-02   6.6884892e-02   4.7567281e-02   3.5460854e-02   3.0496922e-02   2.8723783e-02
   4.5000000e+00   1.1176812e-01   1.1178611e-01   1.1155469e-01   1.0839634e-01   1.0109412e-01   8.6675515e-02   6.6720316e-02   4.7512134e-02   3.5440037e-02   3.0489275e-02   2.8721078e-02
   4.9500000e+00   1.1200466e-01   1.1199964e-01   1.1157866e-01   1.0774861e-01   1.0033488e-01   8.6194458e-02   6.6538966e-02   4.7451226e-02   3.5417032e-02   3.0480824e-02   2.8718087e-02
   5.4000000e+00   1.1223740e-01   1.1221327e-01   1.1152665e-01   1.0699085e-01   9.9507133e-02   8.5671033e-02   6.6341007e-02   4.7384571e-02   3.5391838e-02   3.0471568e-02   2.8714812e-02
   5.8500000e+00   1.1261378e-01   1.1243256e-01   1.1135879e-01   1.0611578e-01   9.8612096e-02   8.5106161e-02   6.6126614e-02   4.7312183e-02   3.5364457e-02   3.0461508e-02   2.8711252e-02
   6.3000000e+00   1.1309413e-01   1.1267935e-01   1.1101321e-01   1.0511777e-01   9.7651132e-02   8.4500829e-02   6.5895979e-02   4.7234078e-02   3.5334889e-02   3.0450643e-02   2.8707407e-02
   6.7500000e+00   1.1318960e-01   1.1301723e-01   1.1039961e-01   1.0399318e-01   9.6625769e-02   8.3856098e-02   6.5649308e-02   4.7150272e-02   3.5303135e-02   3.0438973e-02   2.8703277e-02
   7.2000000e+00   1.1319502e-01   1.1336048e-01   1.0941009e-01   1.0274069e-01   9.5537706e-02   8.3173091e-02   6.5386818e-02   4.7060784e-02   3.5269196e-02   3.0426498e-02   2.8698863e-02
   7.6500000e+00   1.1319448e-01   1.1241198e-01   1.0795944e-01   1.0136145e-01   9.4388807e-02   8.2452995e-02   6.5108740e-02   4.6965634e-02   3.5233073e-02   3.0413219e-02   2.8694164e-02
   8.1000000e+00   1.1315711e-01   1.0937329e-01   1.0603471e-01   9.9859172e-02   9.3181105e-02   8.1697059e-02   6.4815320e-02   4.6864841e-02   3.5194768e-02   3.0399136e-02   2.8689180e-02
   8.5500000e+00   1.1226425e-01   1.0582825e-01   1.0370509e-01   9.8240078e-02   9.1916794e-02   8.0906589e-02   6.4506812e-02   4.6758428e-02   3.5154280e-02   3.0384248e-02   2.8683911e-02
   9.0000000e+00   1.0558967e-01   1.0237929e-01   1.0108075e-01   9.6512744e-02   9.0598223e-02   8.0082945e-02   6.4183484e-02   4.6646417e-02   3.5111612e-02   3.0368555e-02   2.8678357e-02
   9.4500000e+00   9.9238225e-02   9.9013406e-02   9.8265442e-02   9.4687810e-02   8.9227889e-02   7.9227540e-02   6.3845617e-02   4.6528834e-02   3.5066765e-02   3.0352058e-02   2.8672519e-02
   9.9000000e+00   9.5570174e-02   9.5683217e-02   9.5336926e-02   9.2777614e-02   8.7808422e-02   7.8341831e-02   6.3493499e-02   4.6405704e-02   3.5019740e-02   3.0334757e-02   2.8666396e-02
   1.0350000e+01   9.2016986e-02   9.2358436e-02   9.2350877e-02   9.0795729e-02   8.6342576e-02   7.7427325e-02   6.3127431e-02   4.6277052e-02   3.4970538e-02   3.0316652e-02   2.8659988e-02
   1.0800000e+01   8.6629124e-02   8.9015784e-02   8.9352375e-02   8.8756475e-02   8.4833213e-02   7.6485563e-02   6.2747725e-02   4.6142908e-02   3.4919161e-02   3.0297742e-02   2.8653295e-02
   1.1250000e+01   7.8810833e-02   8.5632838e-02   8.6386901e-02   8.6674391e-02   8.3283289e-02   7.5518129e-02   6.2354698e-02   4.6003299e-02   3.4865610e-02   3.0278028e-02   2.8646318e-02
   1.1700000e+01   7.6791311e-02   8.2200203e-02   8.3507614e-02   8.4563727e-02   8.1695840e-02   7.4526635e-02   6.1948680e-02   4.5858257e-02   3.4809888e-02   3.0257510e-02   2.8639055e-02
   1.2150000e+01   7.6662350e-02   7.8860658e-02   8.0773742e-02   8.2437973e-02   8.0073963e-02   7.3512725e-02   6.1530007e-02   4.5707813e-02   3.4751995e-02   3.0236188e-02   2.8631508e-02
   1.2600000e+01   7.6657381e-02   7.6289742e-02   7.8234569e-02   8.0309436e-02   7.8420807e-02   7.2478066e-02   6.1099025e-02   4.5551999e-02   3.4691933e-02   3.0214062e-02   2.8623677e-02
   1.3050000e+01   7.6641449e-02   7.4595894e-02   7.5906654e-02   7.8188902e-02   7.6739557e-02   7.1424344e-02   6.0656085e-02   4.5390848e-02   3.4629705e-02   3.0191133e-02   2.8615560e-02
   1.3500000e+01   7.6213574e-02   7.2944176e-02   7.3766977e-02   7.6085377e-02   7.5033421e-02   7.0353264e-02   6.0201545e-02   4.5224396e-02   3.4565311e-02   3.0167399e-02   2.8607159e-02
   1.3950000e+01   7.2810533e-02   7.1222584e-02   7.1770570e-02   7.4005920e-02   7.3305623e-02   6.9266541e-02   5.9735770e-02   4.5052678e-02   3.4498754e-02   3.0142862e-02   2.8598473e-02
   1.4400000e+01   6.9598897e-02   6.9494639e-02   6.9873682e-02   7.1955563e-02   7.1559391e-02   6.8165896e-02   5.9259131e-02   4.4875732e-02   3.4430036e-02   3.0117521e-02   2.8589502e-02
   1.4850000e+01   6.7728149e-02   6.7773668e-02   6.8044901e-02   6.9937323e-02   6.9797954e-02   6.7053053e-02   5.8772003e-02   4.4693596e-02   3.4359159e-02   3.0091376e-02   2.8580246e-02
   1.5300000e+01   6.5941461e-02   6.6054997e-02   6.6265105e-02   6.7952272e-02   6.8024537e-02   6.5929736e-02   5.8274765e-02   4.4506308e-02   3.4286125e-02   3.0064428e-02   2.8570706e-02
   1.5750000e+01   6.3548854e-02   6.4331678e-02   6.4523955e-02   6.5999686e-02   6.6242360e-02   6.4797660e-02   5.7767801e-02   4.4313909e-02   3.4210937e-02   3.0036677e-02   2.8560881e-02
   1.6200000e+01   5.9517102e-02   6.2597382e-02   6.2817245e-02   6.4077228e-02   6.4454636e-02   6.3658528e-02   5.7251498e-02   4.4116440e-02   3.4133595e-02   3.0008123e-02   2.8550771e-02
   1.6650000e+01   5.7845436e-02   6.0850635e-02   6.1145494e-02   6.2181189e-02   6.2664579e-02   6.2514031e-02   5.6726245e-02   4.3913944e-02   3.4054104e-02   2.9978765e-02   2.8540376e-02
   1.7100000e+01   5.7709811e-02   5.9124855e-02   5.9512243e-02   6.0306741e-02   6.0875399e-02   6.1365836e-02   5.6192435e-02   4.3706464e-02   3.3972464e-02   2.9948604e-02   2.8529697e-02
   1.7550000e+01   5.7704143e-02   5.7564865e-02   5.7920393e-02   5.8448228e-02   5.9090314e-02   6.0215586e-02   5.5650460e-02   4.3494045e-02   3.3888680e-02   2.9917640e-02   2.8518733e-02
   1.8000000e+01   5.7692872e-02   5.6175364e-02   5.6367519e-02   5.6599469e-02   5.7312552e-02   5.9064897e-02   5.5100715e-02   4.3276732e-02   3.3802752e-02   2.9885873e-02   2.8507484e-02
   1.8450000e+01   5.7330085e-02   5.4761807e-02   5.4844115e-02   5.4754075e-02   5.5545356e-02   5.7915349e-02   5.4543596e-02   4.3054572e-02   3.3714684e-02   2.9853304e-02   2.8495951e-02
   1.8900000e+01   5.4467351e-02   5.3327023e-02   5.3336406e-02   5.2905780e-02   5.3791988e-02   5.6768484e-02   5.3979497e-02   4.2827611e-02   3.3624478e-02   2.9819932e-02   2.8484133e-02
   1.9350000e+01   5.2018889e-02   5.1894349e-02   5.1830143e-02   5.1048766e-02   5.2055736e-02   5.5625805e-02   5.3408813e-02   4.2595899e-02   3.3532137e-02   2.9785757e-02   2.8472030e-02
   1.9800000e+01   5.0501110e-02   5.0465999e-02   5.0311878e-02   4.9178003e-02   5.0339908e-02   5.4488766e-02   5.2831938e-02   4.2359485e-02   3.3437665e-02   2.9750780e-02   2.8459642e-02
   2.0250000e+01   4.9067428e-02   4.9039701e-02   4.8767525e-02   4.7289565e-02   4.8647838e-02   5.3358774e-02   5.2249263e-02   4.2118419e-02   3.3341062e-02   2.9715000e-02   2.8446970e-02
   2.0700000e+01   4.7636727e-02   4.7614583e-02   4.7179124e-02   4.5380937e-02   4.6982881e-02   5.2237180e-02   5.1661179e-02   4.1872753e-02   3.3242334e-02   2.9678418e-02   2.8434013e-02
   2.1150000e+01   4.6204424e-02   4.6195800e-02   4.5520233e-02   4.3451286e-02   4.5348401e-02   5.1125281e-02   5.1068073e-02   4.1622538e-02   3.3141482e-02   2.9641034e-02   2.8420771e-02
   2.1600000e+01   4.4770786e-02   4.4809160e-02   4.3751498e-02   4.1501696e-02   4.3747768e-02   5.0024313e-02   5.0470330e-02   4.1367828e-02   3.3038509e-02   2.9602848e-02   2.8407245e-02
   2.2050000e+01   4.3342854e-02   4.3489626e-02   4.1822046e-02   3.9535337e-02   4.2184337e-02   4.8935448e-02   4.9868331e-02   4.1108676e-02   3.2933420e-02   2.9563861e-02   2.8393434e-02
   2.2500000e+01   4.1900605e-02   4.1810322e-02   3.9684771e-02   3.7557567e-02   4.0661432e-02   4.7859795e-02   4.9262453e-02   4.0845138e-02   3.2826216e-02   2.9524071e-02   2.8379338e-02
   2.2950000e+01   3.8788601e-02   3.8952294e-02   3.7322337e-02   3.5575952e-02   3.9182325e-02   4.6798394e-02   4.8653069e-02   4.0577269e-02   3.2716902e-02   2.9483480e-02   2.8364958e-02
   2.3400000e+01   3.5664561e-02   3.5738414e-02   3.4761040e-02   3.3600197e-02   3.7750209e-02   4.5752213e-02   4.8040549e-02   4.0305125e-02   3.2605480e-02   2.9442088e-02   2.8350293e-02
   2.3850000e+01   3.2549423e-02   3.2595280e-02   3.2056853e-02   3.1641986e-02   3.6368170e-02   4.4722149e-02   4.7425255e-02   4.0028764e-02   3.2491954e-02   2.9399894e-02   2.8335343e-02
   2.4300000e+01   2.9437359e-02   2.9487595e-02   2.9270092e-02   2.9714735e-02   3.5039149e-02   4.3709028e-02   4.6807545e-02   3.9748243e-02   3.2376328e-02   2.9356899e-02   2.8320108e-02
   2.4750000e+01   2.6328779e-02   2.6388564e-02   2.6451596e-02   2.7833262e-02   3.3765917e-02   4.2713596e-02   4.6187772e-02   3.9463623e-02   3.2258604e-02   2.9313103e-02   2.8304589e-02
   2.5200000e+01   2.3213721e-02   2.3290076e-02   2.3643627e-02   2.6013403e-02   3.2551029e-02   4.1736528e-02   4.5566282e-02   3.9174961e-02   3.2138788e-02   2.9268506e-02   2.8288786e-02
   2.5650000e+01   1.9915941e-02   2.0185485e-02   2.0888113e-02   2.4271570e-02   3.1396793e-02   4.0778418e-02   4.4943415e-02   3.8882319e-02   3.2016881e-02   2.9223108e-02   2.8272697e-02
   2.6100000e+01   1.4596002e-02   1.7058459e-02   1.8237397e-02   2.2624284e-02   3.0305230e-02   3.9839786e-02   4.4319504e-02   3.8585757e-02   3.1892888e-02   2.9176910e-02   2.8256324e-02
   2.6550000e+01   8.3759336e-03   1.3864609e-02   1.5764388e-02   2.1087704e-02   2.9278037e-02   3.8921075e-02   4.3694876e-02   3.8285337e-02   3.1766814e-02   2.9129911e-02   2.8239667e-02
   2.7000000e+01   7.5876041e-03   1.0575150e-02   1.3563670e-02   1.9677161e-02   2.8316551e-02   3.8022650e-02   4.3069850e-02   3.7981122e-02   3.1638661e-02   2.9082112e-02   2.8222725e-02
   2.7450000e+01   7.5631096e-03   7.8953865e-03   1.1729578e-02   1.8406725e-02   2.7421721e-02   3.7144800e-02   4.2444736e-02   3.7673174e-02   3.1508434e-02   2.9033513e-02   2.8205498e-02
   2.7900000e+01   7.5625763e-03   7.2055607e-03   1.0312689e-02   1.7288809e-02   2.6594072e-02   3.6287742e-02   4.1819840e-02   3.7361558e-02   3.1376136e-02   2.8984114e-02   2.8187986e-02
   2.8350000e+01   7.5539621e-03   7.2663261e-03   9.2911311e-03   1.6333828e-02   2.5833688e-02   3.5451615e-02   4.1195458e-02   3.7046336e-02   3.1241773e-02   2.8933916e-02   2.8170190e-02
   2.8800000e+01   7.4472399e-03   7.2329865e-03   8.5896267e-03   1.5549913e-02   2.5140188e-02   3.4636491e-02   4.0571877e-02   3.6727575e-02   3.1105347e-02   2.8882917e-02   2.8152110e-02
   2.9250000e+01   7.1898336e-03   7.1384049e-03   8.1249023e-03   1.4942685e-02   2.4512712e-02   3.3842368e-02   3.9949379e-02   3.6405339e-02   3.0966864e-02   2.8831119e-02   2.8133744e-02
   2.9700000e+01   7.0370779e-03   7.0305000e-03   7.8361596e-03   1.4515078e-02   2.3949921e-02   3.3069178e-02   3.9328234e-02   3.6079695e-02   3.0826327e-02   2.8778522e-02   2.8115095e-02
   3.0150000e+01   6.9230071e-03   6.9208794e-03   7.6914940e-03   1.4267229e-02   2.3449988e-02   3.2316789e-02   3.8708707e-02   3.5750708e-02   3.0683741e-02   2.8725126e-02   2.8096160e-02
   3.0600000e+01   6.8035695e-03   6.8100327e-03   7.6844591e-03   1.4196398e-02   2.3010613e-02   3.1585004e-02   3.8091051e-02   3.5418446e-02   3.0539111e-02   2.8670931e-02   2.8076941e-02
   3.1050000e+01   6.5985229e-03   6.6906013e-03   7.8325586e-03   1.4296954e-02   2.2629034e-02   3.0873569e-02   3.7475514e-02   3.5082977e-02   3.0392440e-02   2.8615937e-02   2.8057438e-02
   3.1500000e+01   6.3812519e-03   6.5309062e-03   8.1795053e-03   1.4560395e-02   2.2302051e-02   3.0182173e-02   3.6862333e-02   3.4744367e-02   3.0243735e-02   2.8560145e-02   2.8037650e-02
   3.1950000e+01   6.3539031e-03   6.2740954e-03   8.7934126e-03   1.4975426e-02   2.2026058e-02   2.9510453e-02   3.6251736e-02   3.4402685e-02   3.0092998e-02   2.8503554e-02   2.8017577e-02
   3.2400000e+01   6.3528470e-03   6.3110206e-03   9.7469478e-03   1.5528098e-02   2.1797074e-02   2.8857995e-02   3.5643945e-02   3.4058001e-02   2.9940236e-02   2.8446165e-02   2.7997220e-02
   3.2850000e+01   6.3566004e-03   7.9723967e-03   1.1077597e-02   1.6202002e-02   2.1610793e-02   2.8224343e-02   3.5039171e-02   3.3710383e-02   2.9785452e-02   2.8387978e-02   2.7976578e-02
   3.3300000e+01   6.4589207e-03   1.0694175e-02   1.2757829e-02   1.6978535e-02   2.1462627e-02   2.7608999e-02   3.4437616e-02   3.3359900e-02   2.9628652e-02   2.8328993e-02   2.7955652e-02
   3.3750000e+01   8.0608074e-03   1.3461007e-02   1.4707189e-02   1.7837234e-02   2.1347764e-02   2.7011425e-02   3.3839475e-02   3.3006622e-02   2.9469841e-02   2.8269211e-02   2.7934441e-02
   3.4200000e+01   1.4262270e-02   1.6154246e-02   1.6831435e-02   1.8756176e-02   2.1261227e-02   2.6431054e-02   3.3244933e-02   3.2650619e-02   2.9309023e-02   2.8208631e-02   2.7912946e-02
   3.4650000e+01   1.8535917e-02   1.8806943e-02   1.9050311e-02   1.9712435e-02   2.1197928e-02   2.5867289e-02   3.2654166e-02   3.2291962e-02   2.9146205e-02   2.8147254e-02   2.7891166e-02
   3.5100000e+01   2.1354303e-02   2.1444098e-02   2.1301598e-02   2.0682586e-02   2.1152740e-02   2.5319506e-02   3.2067344e-02   3.1930721e-02   2.8981390e-02   2.8085080e-02   2.7869102e-02
   3.5550000e+01   2.4263798e-02   2.4085552e-02   2.3531763e-02   2.1643235e-02   2.1120555e-02   2.4787065e-02   3.1484625e-02   3.1566967e-02   2.8814585e-02   2.8022109e-02   2.7846753e-02
   3.6000000e+01   2.9301760e-02   2.6756089e-02   2.5682900e-02   2.2571560e-02   2.1096348e-02   2.4269308e-02   3.0906160e-02   3.1200771e-02   2.8645794e-02   2.7958342e-02   2.7824120e-02
   3.6450000e+01   3.4596031e-02   2.9496232e-02   2.7680331e-02   2.3445838e-02   2.1075239e-02   2.3765564e-02   3.0332094e-02   3.0832204e-02   2.8475024e-02   2.7893778e-02   2.7801203e-02
   3.6900000e+01   3.5304246e-02   3.2322634e-02   2.9427832e-02   2.4245938e-02   2.1052555e-02   2.3275156e-02   2.9762559e-02   3.0461338e-02   2.8302279e-02   2.7828419e-02   2.7778001e-02
   3.7350000e+01   3.5333896e-02   3.4727149e-02   3.0823896e-02   2.4953770e-02   2.1023880e-02   2.2797402e-02   2.9197684e-02   3.0088245e-02   2.8127565e-02   2.7762263e-02   2.7754514e-02
   3.7800000e+01   3.5334074e-02   3.5311866e-02   3.1802911e-02   2.5553651e-02   2.0985107e-02   2.2331622e-02   2.8637587e-02   2.9712995e-02   2.7950888e-02   2.7695312e-02   2.7730743e-02
   3.8250000e+01   3.5322109e-02   3.4732487e-02   3.2371155e-02   2.6032604e-02   2.0932487e-02   2.1877139e-02   2.8082378e-02   2.9335660e-02   2.7772253e-02   2.7627565e-02   2.7706688e-02
   3.8700000e+01   3.5109594e-02   3.4141743e-02   3.2598146e-02   2.6380564e-02   2.0862660e-02   2.1433282e-02   2.7532162e-02   2.8956314e-02   2.7591666e-02   2.7559023e-02   2.7682348e-02
   3.9150000e+01   3.4040236e-02   3.3631664e-02   3.2572744e-02   2.6590499e-02   2.0772691e-02   2.0999394e-02   2.6987032e-02   2.8575026e-02   2.7409134e-02   2.7489686e-02   2.7657724e-02
   3.9600000e+01   3.3202341e-02   3.3149080e-02   3.2366961e-02   2.6658456e-02   2.0660092e-02   2.0574830e-02   2.6447079e-02   2.8191870e-02   2.7224662e-02   2.7419554e-02   2.7632815e-02
   4.0050000e+01   3.2684210e-02   3.2673347e-02   3.2025198e-02   2.6583520e-02   2.0522836e-02   2.0158962e-02   2.5912383e-02   2.7806917e-02   2.7038255e-02   2.7348628e-02   2.7607622e-02
   4.0500000e+01   3.2157640e-02   3.2197858e-02   3.1567683e-02   2.6367725e-02   2.0359370e-02   1.9751184e-02   2.5383018e-02   2.7420239e-02   2.6849921e-02   2.7276907e-02   2.7582144e-02
   4.0950000e+01   3.1254541e-02   3.1721559e-02   3.0994799e-02   2.6015900e-02   2.0168607e-02   1.9350910e-02   2.4859052e-02   2.7031907e-02   2.6659664e-02   2.7204393e-02   2.7556383e-02
   4.1400000e+01   3.0272555e-02   3.1256788e-02   3.0287956e-02   2.5535474e-02   1.9949925e-02   1.8957580e-02   2.4340546e-02   2.6641994e-02   2.6467493e-02   2.7131084e-02   2.7530336e-02
   4.1850000e+01   3.0128264e-02   3.0847620e-02   2.9410671e-02   2.4936241e-02   1.9703146e-02   1.8570661e-02   2.3827553e-02   2.6250572e-02   2.6273412e-02   2.7056982e-02   2.7504006e-02
   4.2300000e+01   3.0121655e-02   3.0411110e-02   2.8318746e-02   2.4230085e-02   1.9428520e-02   1.8189647e-02   2.3320121e-02   2.5857711e-02   2.6077428e-02   2.6982087e-02   2.7477391e-02
   4.2750000e+01   3.0120327e-02   2.9179790e-02   2.6984009e-02   2.3430670e-02   1.9126693e-02   1.7814063e-02   2.2818293e-02   2.5463483e-02   2.5879547e-02   2.6906399e-02   2.7450492e-02
   4.3200000e+01   3.0079483e-02   2.6996732e-02   2.5417068e-02   2.2553089e-02   1.8798673e-02   1.7443466e-02   2.2322105e-02   2.5067960e-02   2.5679777e-02   2.6829918e-02   2.7423308e-02
   4.3650000e+01   2.9272525e-02   2.4629999e-02   2.3666024e-02   2.1613490e-02   1.8445794e-02   1.7077444e-02   2.1831587e-02   2.4671211e-02   2.5478124e-02   2.6752644e-02   2.7395841e-02
   4.4100000e+01   2.4435615e-02   2.2311319e-02   2.1793476e-02   2.0628657e-02   1.8069677e-02   1.6715618e-02   2.1346764e-02   2.4273309e-02   2.5274594e-02   2.6674578e-02   2.7368088e-02
   4.4550000e+01   2.0267358e-02   2.0037133e-02   1.9856112e-02   1.9615578e-02   1.7672181e-02   1.6357641e-02   2.0867656e-02   2.3874324e-02   2.5069193e-02   2.6595721e-02   2.7340052e-02
   4.5000000e+01   1.7783559e-02   1.7783692e-02   1.7899476e-02   1.8590990e-02   1.7255360e-02   1.6003204e-02   2.0394278e-02   2.3474326e-02   2.4861930e-02   2.6516071e-02   2.7311731e-02
   4.5450000e+01   1.5299759e-02   1.5530136e-02   1.5963339e-02   1.7570932e-02   1.6821418e-02   1.5652025e-02   1.9926640e-02   2.3073385e-02   2.4652811e-02   2.6435630e-02   2.7283126e-02
   4.5900000e+01   1.1131502e-02   1.3254562e-02   1.4090944e-02   1.6570309e-02   1.6372662e-02   1.5303861e-02   1.9464746e-02   2.2671571e-02   2.4441843e-02   2.6354398e-02   2.7254237e-02
   4.6350000e+01   6.2945912e-03   1.0927221e-02   1.2338779e-02   1.5602485e-02   1.5911460e-02   1.4958499e-02   1.9008598e-02   2.2268953e-02   2.4229032e-02   2.6272375e-02   2.7225063e-02
   4.6800000e+01   5.4876300e-03   8.5277203e-03   1.0782077e-02   1.4678942e-02   1.5440196e-02   1.4615758e-02   1.8558193e-02   2.1865600e-02   2.4014387e-02   2.6189561e-02   2.7195606e-02
   4.7250000e+01   5.4467684e-03   6.3236249e-03   9.5053152e-03   1.3808998e-02   1.4961233e-02   1.4275488e-02   1.8113523e-02   2.1461582e-02   2.3797913e-02   2.6105957e-02   2.7165864e-02
   4.7700000e+01   5.4457309e-03   5.4279498e-03   8.5706025e-03   1.2999617e-02   1.4476877e-02   1.3937572e-02   1.7674576e-02   2.1056967e-02   2.3579620e-02   2.6021563e-02   2.7135837e-02
   4.8150000e+01   5.4511851e-03   5.8058281e-03   7.9827747e-03   1.2255313e-02   1.3989342e-02   1.3601917e-02   1.7241339e-02   2.0651821e-02   2.3359513e-02   2.5936379e-02   2.7105527e-02
   4.8600000e+01   5.5685815e-03   6.3119265e-03   7.6871961e-03   1.1578167e-02   1.3500731e-02   1.3268463e-02   1.6813793e-02   2.0246214e-02   2.3137600e-02   2.5850406e-02   2.7074932e-02
   4.9050000e+01   6.3673809e-03   6.7393668e-03   7.6029922e-03   1.0967928e-02   1.3013004e-02   1.2937172e-02   1.6391917e-02   1.9840212e-02   2.2913889e-02   2.5763644e-02   2.7044054e-02
   4.9500000e+01   7.1020067e-03   7.1350608e-03   7.6568614e-03   1.0422227e-02   1.2527966e-02   1.2608033e-02   1.5975686e-02   1.9433882e-02   2.2688387e-02   2.5676093e-02   2.7012891e-02
   4.9950000e+01   7.5303448e-03   7.5224194e-03   7.7954025e-03   9.9368518e-03   1.2047254e-02   1.2281057e-02   1.5565073e-02   1.9027290e-02   2.2461102e-02   2.5587753e-02   2.6981444e-02
   5.0400000e+01   7.9518185e-03   7.9090471e-03   7.9815654e-03   9.5060965e-03   1.1572325e-02   1.1956278e-02   1.5160048e-02   1.8620502e-02   2.2232042e-02   2.5498625e-02   2.6949712e-02
   5.0850000e+01   8.6334035e-03   8.2993147e-03   8.1867238e-03   9.1231392e-03   1.1104456e-02   1.1633747e-02   1.4760578e-02   1.8213582e-02   2.2001215e-02   2.5408709e-02   2.6917697e-02
   5.1300000e+01   9.5032720e-03   8.6998176e-03   8.3837474e-03   8.7804403e-03   1.0644744e-02   1.1313536e-02   1.4366630e-02   1.7806595e-02   2.1768628e-02   2.5318005e-02   2.6885397e-02
   5.1750000e+01   9.6761364e-03   9.1215144e-03   8.5427923e-03   8.4701315e-03   1.0194107e-02   1.0995729e-02   1.3978167e-02   1.7399607e-02   2.1534289e-02   2.5226514e-02   2.6852814e-02
   5.2200000e+01   9.6858346e-03   9.5254886e-03   8.6322625e-03   8.1843803e-03   9.7532959e-03   1.0680429e-02   1.3595149e-02   1.6992679e-02   2.1298207e-02   2.5134236e-02   2.6819946e-02
   5.2650000e+01   9.6860640e-03   9.6060783e-03   8.6271411e-03   7.9157110e-03   9.3229021e-03   1.0367749e-02   1.3217536e-02   1.6585875e-02   2.1060389e-02   2.5041171e-02   2.6786794e-02
   5.3100000e+01   9.6814539e-03   9.2385710e-03   8.5198804e-03   7.6572719e-03   8.9033705e-03   1.0057811e-02   1.2845287e-02   1.6179257e-02   2.0820843e-02   2.4947320e-02   2.6753358e-02
   5.3550000e+01   9.5714678e-03   8.7848195e-03   8.3225316e-03   7.4030404e-03   8.4950143e-03   9.7507490e-03   1.2478357e-02   1.5772888e-02   2.0579579e-02   2.4852683e-02   2.6719638e-02
   5.4000000e+01   8.7492822e-03   8.3547345e-03   8.0572604e-03   7.1479650e-03   8.0980302e-03   9.4467032e-03   1.2116701e-02   1.5366827e-02   2.0336604e-02   2.4757260e-02   2.6685634e-02
   5.4450000e+01   7.9669011e-03   7.9391992e-03   7.7452135e-03   6.8880443e-03   7.7125147e-03   9.1458193e-03   1.1760274e-02   1.4961136e-02   2.0091926e-02   2.4661052e-02   2.6651346e-02
   5.4900000e+01   7.5150647e-03   7.5288973e-03   7.4015942e-03   6.6203497e-03   7.3384803e-03   8.8482474e-03   1.1409029e-02   1.4555875e-02   1.9845554e-02   2.4564059e-02   2.6616774e-02
   5.5350000e+01   7.0773773e-03   7.1193696e-03   7.0359519e-03   6.3429999e-03   6.9758714e-03   8.5541401e-03   1.1062917e-02   1.4151102e-02   1.9597497e-02   2.4466281e-02   2.6581918e-02
   5.5800000e+01   6.4136920e-03   6.7078684e-03   6.6539862e-03   6.0550953e-03   6.6245797e-03   8.2636514e-03   1.0721889e-02   1.3746876e-02   1.9347763e-02   2.4367718e-02   2.6546778e-02
   5.6250000e+01   5.4506226e-03   6.2928961e-03   6.2589493e-03   5.7566244e-03   6.2844584e-03   7.9769352e-03   1.0385897e-02   1.3343254e-02   1.9096361e-02   2.4268372e-02   2.6511354e-02
   5.6700000e+01   5.2018555e-03   5.8777955e-03   5.8524338e-03   5.4483501e-03   5.9553352e-03   7.6941443e-03   1.0054891e-02   1.2940294e-02   1.8843300e-02   2.4168242e-02   2.6475646e-02
   5.7150000e+01   5.1859747e-03   5.4792112e-03   5.4350114e-03   5.1316849e-03   5.6370231e-03   7.4154287e-03   9.7288187e-03   1.2538053e-02   1.8588588e-02   2.4067328e-02   2.6439654e-02
   5.7600000e+01   5.1853297e-03   5.0962082e-03   5.0071657e-03   4.8085617e-03   5.3293309e-03   7.1409354e-03   9.4076312e-03   1.2136585e-02   1.8332235e-02   2.3965632e-02   2.6403378e-02
   5.8050000e+01   5.1809642e-03   4.6582536e-03   4.5703270e-03   4.4813064e-03   5.0320702e-03   6.8708066e-03   9.0912772e-03   1.1735945e-02   1.8074249e-02   2.3863153e-02   2.6366818e-02
   5.8500000e+01   5.0638979e-03   4.1798069e-03   4.1272214e-03   4.1525142e-03   4.7450621e-03   6.6051796e-03   8.7797057e-03   1.1336189e-02   1.7814639e-02   2.3759892e-02   2.6329974e-02
   5.8950000e+01   4.1328720e-03   3.7000757e-03   3.6813165e-03   3.8249350e-03   4.4681411e-03   6.3441852e-03   8.4728656e-03   1.0937368e-02   1.7553415e-02   2.3655848e-02   2.6292846e-02
   5.9400000e+01   3.2542125e-03   3.2257597e-03   3.2361456e-03   3.5013668e-03   4.2011582e-03   6.0879480e-03   8.1707062e-03   1.0539535e-02   1.7290586e-02   2.3551024e-02   2.6255435e-02
   5.9850000e+01   2.7424017e-03   2.7548103e-03   2.7951845e-03   3.1845603e-03   3.9439817e-03   5.8365848e-03   7.8731766e-03   1.0142743e-02   1.7026161e-02   2.3445418e-02   2.6217739e-02
   6.0300000e+01   2.2535885e-03   2.2846583e-03   2.3623108e-03   2.8771332e-03   3.6964969e-03   5.5902049e-03   7.5802264e-03   9.7470420e-03   1.6760149e-02   2.3339031e-02   2.6179760e-02
   6.0750000e+01   1.5990041e-03   1.8129565e-03   1.9427122e-03   2.5814972e-03   3.4586050e-03   5.3489093e-03   7.2918053e-03   9.3524825e-03   1.6492559e-02   2.3231864e-02   2.6141496e-02
   6.1200000e+01   4.9597234e-04   1.3364028e-03   1.5441732e-03   2.2997951e-03   3.2302207e-03   5.1127903e-03   7.0078634e-03   8.9591138e-03   1.6223402e-02   2.3123917e-02   2.6102949e-02
   6.1650000e+01   3.8627109e-05   8.4838169e-04   1.1782339e-03   2.0338510e-03   3.0112687e-03   4.8819315e-03   6.7283514e-03   8.5669846e-03   1.5952687e-02   2.3015190e-02   2.6064119e-02
   6.2100000e+01   1.5160495e-06   3.5405734e-04   8.5951433e-04   1.7851335e-03   2.8016805e-03   4.6564073e-03   6.4532203e-03   8.1761424e-03   1.5680423e-02   2.2905684e-02   2.6025004e-02
   6.2550000e+01  -1.2456635e-08   3.8351714e-06   6.0111312e-04   1.5547321e-03   2.6013901e-03   4.4362829e-03   6.1824217e-03   7.7866343e-03   1.5406621e-02   2.2795399e-02   2.5985605e-02
   6.3000000e+01  -1.1663512e-08  -4.0181162e-05   4.0757304e-04   1.3433474e-03   2.4103300e-03   4.2216142e-03   5.9159077e-03   7.3985064e-03   1.5131289e-02   2.2684335e-02   2.5945923e-02
   6.3450000e+01  -1.5842887e-09  -1.1882015e-05   2.7194243e-04   1.1512956e-03   2.2284274e-03   4.0124479e-03   5.6536312e-03   7.0118038e-03   1.4854437e-02   2.2572494e-02   2.5905957e-02
   6.3900000e+01  -5.5856660e-11  -1.9644937e-06   1.8034174e-04   9.7852614e-04   2.0556000e-03   3.8088214e-03   5.3955457e-03   6.6265711e-03   1.4576077e-02   2.2459874e-02   2.5865707e-02
   6.4350000e+01  -3.7922444e-13  -1.0977371e-07   1.1890365e-04   8.2465109e-04   1.8917529e-03   3.6107627e-03   5.1416051e-03   6.2428517e-03   1.4296216e-02   2.2346478e-02   2.5825174e-02
   6.4800000e+01  -7.1181405e-16   7.6760388e-08   7.7369903e-05   6.8898442e-04   1.7367755e-03   3.4182911e-03   4.8917645e-03   5.8606883e-03   1.4014867e-02   2.2232304e-02   2.5784357e-02
   6.5250000e+01   6.3858091e-17   4.5252893e-08   4.9150587e-05   5.7058895e-04   1.5905392e-03   3.2314165e-03   4.6459794e-03   5.4801229e-03   1.3732038e-02   2.2117354e-02   2.5743256e-02
   6.5700000e+01   3.7625421e-18   1.7408515e-08   3.0128936e-05   4.6832792e-04   1.4528952e-03   3.0501404e-03   4.4042061e-03   5.1011963e-03   1.3447740e-02   2.2001628e-02   2.5701871e-02
   6.6150000e+01   1.8330148e-19   5.5523480e-09   1.7613390e-05   3.8091859e-04   1.3236742e-03   2.8744558e-03   4.1664018e-03   4.7239487e-03   1.3161982e-02   2.1885126e-02   2.5660203e-02
   6.6600000e+01   7.8469642e-21   1.4736978e-09   9.7159772e-06   3.0698504e-04   1.2026847e-03   2.7043472e-03   3.9325245e-03   4.3484195e-03   1.2874777e-02   2.1767848e-02   2.5618251e-02
   6.7050000e+01   2.5049431e-22   2.6266124e-10   5.0270540e-06   2.4510801e-04   1.0897142e-03   2.5397913e-03   3.7025327e-03   3.9746469e-03   1.2586132e-02   2.1649796e-02   2.5576016e-02
   6.7500000e+01   2.1442128e-29   3.2551562e-12   2.4521122e-06   1.9386971e-04   9.8452915e-04   2.3807571e-03   3.4763861e-03   3.6026685e-03   1.2296060e-02   2.1530970e-02   2.5533497e-02
   6.7950000e+01  -4.1812477e-27  -4.8606561e-12   1.1515656e-06   1.5189232e-04   8.8687645e-04   2.2272062e-03   3.2540449e-03   3.2325210e-03   1.2004571e-02   2.1411369e-02   2.5490694e-02
   6.8400000e+01  -2.1858465e-30  -5.9046024e-13   5.3704139e-07   1.1786916e-04   7.9648493e-04   2.0790931e-03   3.0354704e-03   2.8642402e-03   1.1711675e-02   2.1290995e-02   2.5447608e-02
   6.8850000e+01  -8.5034240e-34  -4.3030777e-14   2.5446490e-07   9.0588149e-05   7.1306746e-04   1.9363656e-03   2.8206243e-03   2.4978609e-03   1.1417382e-02   2.1169848e-02   2.5404238e-02
   6.9300000e+01  -2.8441409e-37  -2.0077993e-15   1.2262937e-07   6.8947811e-05   6.3632320e-04   1.7989651e-03   2.6094695e-03   2.1334173e-03   1.1121704e-02   2.1047928e-02   2.5360584e-02
   6.9750000e+01  -5.6007502e-41   2.7908240e-17   5.9117212e-08   5.1966174e-05   5.6594011e-04   1.6668272e-03   2.4019694e-03   1.7709425e-03   1.0824652e-02   2.0925236e-02   2.5316647e-02
   7.0200000e+01   1.0636128e-43   2.3394168e-17   2.7901432e-08   3.8783516e-05   5.0159760e-04   1.5398814e-03   2.1980882e-03   1.4104689e-03   1.0526235e-02   2.0801772e-02   2.5272427e-02
   7.0650000e+01   4.3010360e-46   4.0713212e-18   1.2645452e-08   2.8660002e-05   4.4296922e-04   1.4180524e-03   1.9977911e-03   1.0520279e-03   1.0226465e-02   2.0677536e-02   2.5227923e-02
   7.1100000e+01   1.0183036e-48   5.2956334e-19   5.4145592e-09   2.0969371e-05   3.8972535e-04   1.3012596e-03   1.8010437e-03   6.9565004e-04   9.9253530e-03   2.0552529e-02   2.5183135e-02
   7.1550000e+01   4.8109734e-52   5.5705703e-20   2.1606169e-09   1.5189838e-05   3.4153578e-04   1.1894179e-03   1.6078126e-03   3.4136513e-04   9.6229099e-03   2.0426752e-02   2.5138064e-02
   7.2000000e+01   5.9355257e-56   3.9867560e-21   7.9672710e-10   1.0893270e-05   2.9807218e-04   1.0824381e-03   1.4180649e-03  -1.0797985e-05   9.3191467e-03   2.0300205e-02   2.5092710e-02
   7.2450000e+01   1.1740261e-60   4.6537453e-23   2.7265282e-10   7.7335621e-06   2.5901044e-04   9.8022685e-04   1.2317685e-03  -3.6081130e-04   9.0140745e-03   2.0172889e-02   2.5047072e-02
   7.2900000e+01  -2.0954015e-63  -1.0307026e-23   8.8861341e-11   5.4349417e-06   2.2403276e-04   8.8268752e-04   1.0488919e-03  -7.0864766e-04   8.7077044e-03   2.0044803e-02   2.5001151e-02
   7.3350000e+01  -8.9486621e-67  -5.4538907e-25   2.8856551e-11   3.7807678e-06   1.9282951e-04   7.8972019e-04   8.6940428e-04  -1.0542808e-03   8.4000478e-03   1.9915949e-02   2.4954946e-02
   7.3800000e+01  -1.9108265e-70  -1.6513128e-26   9.7149521e-12   2.6031976e-06   1.6510092e-04   7.0122208e-04   6.9327532e-04  -1.3976851e-03   8.0911159e-03   1.9786326e-02   2.4908458e-02
   7.4250000e+01  -9.9860506e-75  -3.4509077e-28   3.4093987e-12   1.7739563e-06   1.4055842e-04   6.1708791e-04   5.2047540e-04  -1.7388361e-03   7.7809200e-03   1.9655936e-02   2.4861686e-02
   7.4700000e+01  -1.7136547e-79  -1.9114916e-30   1.2148740e-12   1.1963161e-06   1.1892585e-04   5.3721016e-04   3.5097538e-04  -2.0777100e-03   7.4694716e-03   1.9524778e-02   2.4814632e-02
   7.5150000e+01   9.3557897e-84   3.1690434e-31   4.2493403e-13   7.9829538e-07   9.9940344e-05   4.6147943e-04   1.8474667e-04  -2.4142838e-03   7.1567821e-03   1.9392853e-02   2.4767293e-02
   7.5600000e+01   2.6000295e-87   2.4593784e-32   1.4200981e-13   5.2702130e-07   8.3353032e-05   3.8978472e-04   2.1761166e-05  -2.7485354e-03   6.8428631e-03   1.9260163e-02   2.4719672e-02
   7.6050000e+01   3.4509313e-91   1.2800622e-33   4.4450652e-14   3.4415302e-07   6.8929513e-05   3.2201372e-04  -1.3800877e-04  -3.0804435e-03   6.5277260e-03   1.9126706e-02   2.4671767e-02
   7.6500000e+01   9.2802072e-96   5.2715763e-35   1.2828001e-14   2.2223835e-07   5.6450131e-05   2.5805308e-04  -2.9459035e-04  -3.4099876e-03   6.2113826e-03   1.8992484e-02   2.4623579e-02
   7.6950000e+01  7.6983523e-101   1.5063668e-36   3.3766338e-15   1.4186662e-07   4.5710070e-05   1.9778869e-04  -4.4801038e-04  -3.7371480e-03   5.8938445e-03   1.8857497e-02   2.4575108e-02
   7.7400000e+01  1.8555048e-106   1.0750371e-38   8.1217156e-16   8.9482528e-08   3.6519286e-05   1.4110597e-04  -5.9829528e-04  -4.0619059e-03   5.5751235e-03   1.8721746e-02   2.4526354e-02
   7.7850000e+01 -9.3476807e-111  -5.3725361e-40   1.8343466e-16   5.5735817e-08   2.8702298e-05   8.7890042e-05  -7.4547114e-04  -4.3842432e-03   5.2552313e-03   1.8585231e-02   2.4477316e-02
   7.8300000e+01 -2.8859261e-115  -1.2506589e-41   4.1211613e-17   3.4255258e-08   2.2097855e-05   3.8026045e-05  -8.8956373e-04  -4.7041426e-03   4.9341798e-03   1.8447953e-02   2.4427995e-02
   7.8750000e+01 -4.9377084e-120  -1.5470577e-43   9.7901836e-18   2.0752176e-08   1.6558491e-05  -8.6006878e-06  -1.0305985e-03  -5.0215876e-03   4.6119808e-03   1.8309912e-02   2.4378391e-02
   7.9200000e+01 -2.3742341e-125  -1.3477827e-45   2.4963657e-18   1.2374716e-08   1.1950000e-05  -5.2104395e-05  -1.1686008e-03  -5.3365624e-03   4.2886464e-03   1.8171108e-02   2.4328503e-02
   7.9650000e+01 -3.1066233e-131  -5.3786582e-48   6.5817271e-19   7.2495729e-09   8.1508319e-06  -9.2598690e-05  -1.3035955e-03  -5.6490522e-03   3.9641884e-03   1.8031543e-02   2.4278333e-02
   8.0100000e+01  5.4543772e-137   1.1219185e-49   1.7083714e-19   4.1613747e-09   5.0514424e-06  -1.3019637e-04  -1.4356075e-03  -5.9590427e-03   3.6386190e-03   1.7891216e-02   2.4227879e-02
   8.0550000e+01  1.1551990e-141   3.9759201e-51   4.2133708e-20   2.3315106e-09   2.5535927e-06  -1.6500922e-04  -1.5646614e-03  -6.2665205e-03   3.3119502e-03   1.7750128e-02   2.4177143e-02
   8.1000000e+01  9.4395681e-147   8.2745667e-53   9.6492858e-21   1.2676287e-09   5.6962798e-07  -1.9714787e-04  -1.6907817e-03  -6.5714729e-03   2.9841941e-03   1.7608281e-02   2.4126123e-02
   8.1450000e+01  1.6361804e-152   1.3364884e-54   2.0165184e-21   6.6259511e-10  -9.7826025e-07  -2.2672162e-04  -1.8139928e-03  -6.8738879e-03   2.6553630e-03   1.7465673e-02   2.4074820e-02
   8.1900000e+01  9.2582592e-159   1.5289325e-56   3.7919987e-22   3.2755618e-10  -2.1587762e-06  -2.5383829e-04  -1.9343190e-03  -7.1737543e-03   2.3254690e-03   1.7322306e-02   2.4023234e-02
   8.2350000e+01  2.0512694e-165   5.7194319e-59   6.3849875e-23   1.4817480e-10  -3.0322554e-06  -2.7860407e-04  -2.0517845e-03  -7.4710616e-03   1.9945245e-03   1.7178180e-02   2.3971365e-02
   8.2800000e+01 -3.7943432e-171  -7.2803338e-61   9.8006347e-24   5.6398035e-11  -3.6513860e-06  -3.0112344e-04  -2.1664135e-03  -7.7658000e-03   1.6625417e-03   1.7033297e-02   2.3919213e-02
   8.3250000e+01 -8.5200812e-177  -7.5493556e-63   1.4496492e-24   1.2489608e-11  -4.0619092e-06  -3.2149898e-04  -2.2782302e-03  -8.0579603e-03   1.3295330e-03   1.6887655e-02   2.3866778e-02
   8.3700000e+01 -1.0533109e-182  -3.7885345e-65   2.2424501e-25  -6.2446458e-12  -4.3032917e-06  -3.3983134e-04  -2.3872587e-03  -8.3475342e-03   9.9551087e-04   1.6741257e-02   2.3814061e-02
   8.4150000e+01 -4.0100262e-189  -1.3417946e-67   3.7908258e-26  -1.2427118e-11  -4.4093666e-06  -3.5621908e-04  -2.4935233e-03  -8.6345139e-03   6.6048765e-04   1.6594102e-02   2.3761060e-02
   8.4600000e+01 -3.7608064e-196  -2.6488709e-70   6.7089960e-27  -1.2849554e-11  -4.4089384e-06  -3.7075861e-04  -2.5970482e-03  -8.9188924e-03   3.2447588e-04   1.6446191e-02   2.3707776e-02
   8.5050000e+01  1.9559250e-203   1.0147110e-72   1.1321636e-27  -1.1008877e-11  -4.3263499e-06  -3.8354413e-04  -2.6978577e-03  -9.2006633e-03  -1.2511919e-05   1.6297524e-02   2.3654209e-02
   8.5500000e+01  3.7501413e-209   1.7392092e-74   1.6077947e-28  -8.5940640e-12  -4.1820093e-06  -3.9466750e-04  -2.7959762e-03  -9.4798209e-03  -3.5046319e-04   1.6148103e-02   2.3600360e-02
   8.5950000e+01  1.9717205e-215   1.4533738e-76   1.3160672e-29  -6.3386214e-12  -3.9928758e-06  -4.0421825e-04  -2.8914281e-03  -9.7563600e-03  -6.8936532e-04   1.5997927e-02   2.3546227e-02
   8.6400000e+01  2.3152453e-222   9.2923572e-79  -2.2561123e-30  -4.4965103e-12  -3.7729053e-06  -4.1228347e-04  -2.9842382e-03  -1.0030276e-02  -1.0292057e-03   1.5846997e-02   2.3491812e-02
   8.6850000e+01  8.9930291e-230   4.4371691e-81  -1.5969787e-30  -3.0992367e-12  -3.5334556e-06  -4.1894781e-04  -3.0744311e-03  -1.0301566e-02  -1.3699715e-03   1.5695314e-02   2.3437114e-02
   8.7300000e+01  1.6342792e-237   9.2449072e-84  -5.6973996e-31  -2.0888520e-12  -3.2836515e-06  -4.2429341e-04  -3.1620318e-03  -1.0570225e-02  -1.7116502e-03   1.5542879e-02   2.3382133e-02
   8.7750000e+01 -1.2129759e-244  -8.8091500e-86  -1.6575968e-31  -1.3826368e-12  -3.0307135e-06  -4.2839988e-04  -3.2470651e-03  -1.0836252e-02  -2.0542290e-03   1.5389691e-02   2.3326869e-02
   8.8200000e+01 -2.0515769e-251  -1.1733106e-87  -4.3408237e-32  -9.0155323e-13  -2.7802496e-06  -4.3134428e-04  -3.3295564e-03  -1.1099645e-02  -2.3976951e-03   1.5235752e-02   2.3271323e-02
   8.8650000e+01 -2.0684602e-258  -7.7744404e-90  -1.0632464e-32  -5.8043099e-13  -2.5365143e-06  -4.3320113e-04  -3.4095309e-03  -1.1360401e-02  -2.7420356e-03   1.5081062e-02   2.3215493e-02
   8.9100000e+01 -1.7937819e-265  -3.8337219e-92  -2.4828653e-33  -3.6961532e-13  -2.3026354e-06  -4.3404234e-04  -3.4870143e-03  -1.1618520e-02  -3.0872377e-03   1.4925621e-02   2.3159381e-02
   8.9550000e+01 -1.4534764e-272  -1.6297640e-94  -5.5867034e-34  -2.3312781e-13  -2.0808124e-06  -4.3393728e-04  -3.5620322e-03  -1.1874003e-02  -3.4332885e-03   1.4769431e-02   2.3102987e-02
   9.0000000e+01 -1.1358345e-279  -6.4122210e-97  -1.2187487e-34  -1.4580495e-13  -1.8724882e-06  -4.3295274e-04  -3.6346106e-03  -1.2126848e-02  -3.7801751e-03   1.4612492e-02   2.3046309e-02
