  -9.0000000e+01  -9.7567064e-04
  -8.9550000e+01  -9.9462206e-04
  -8.9100000e+01  -1.0082442e-03
  -8.8650000e+01  -1.0155910e-03
  -8.8200000e+01  -1.0156343e-03
  -8.7750000e+01  -1.0072626e-03
  -8.7300000e+01  -9.8928062e-04
  -8.6850000e+01  -9.6040945e-04
  -8.6400000e+01  -9.1928774e-04
  -8.5950000e+01  -8.6447384e-04
  -8.5500000e+01  -7.9444897e-04
  -8.5050000e+01  -7.0762155e-04
  -8.4600000e+01  -6.0233266e-04
  -8.4150000e+01  -4.7686276e-04
  -8.3700000e+01  -3.2943960e-04
  -8.3250000e+01  -1.5824744e-04
  -8.2800000e+01   3.8562565e-05
  -8.2350000e+01   2.6286068e-04
  -8.1900000e+01   5.1652579e-04
  -8.1450000e+01   8.0143143e-04
  -8.1000000e+01   1.1194308e-03
  -8.0550000e+01   1.4723408e-03
  -8.0100000e+01   1.8619254e-03
  -7.9650000e+01   2.2898776e-03
  -7.9200000e+01   2.7578020e-03
  -7.8750000e+01   3.2671955e-03
  -7.8300000e+01   3.8194290e-03
  -7.7850000e+01   4.4157275e-03
  -7.7400000e+01   5.0571516e-03
  -7.6950000e+01   5.7445778e-03
  -7.6500000e+01   6.4786802e-03
  -7.6050000e+01   7.2599116e-03
  -7.5600000e+01   8.0884863e-03
  -7.5150000e+01   8.9643623e-03
  -7.4700000e+01   9.8872260e-03
  -7.4250000e+01   1.0856477e-02
  -7.3800000e+01   1.1871213e-02
  -7.3350000e+01   1.2930222e-02
  -7.2900000e+01   1.4031968e-02
  -7.2450000e+01   1.5174585e-02
  -7.2000000e+01   1.6355872e-02
  -7.1550000e+01   1.7573290e-02
  -7.1100000e+01   1.8823963e-02
  -7.0650000e+01   2.0104682e-02
  -7.0200000e+01   2.1411910e-02
  -6.9750000e+01   2.2741798e-02
  -6.9300000e+01   2.4090199e-02
  -6.8850000e+01   2.5452685e-02
  -6.8400000e+01   2.6824575e-02
  -6.7950000e+01   2.8200965e-02
  -6.7500000e+01   2.9576755e-02
  -6.7050000e+01   3.0946691e-02
  -6.6600000e+01   3.2305403e-02
  -6.6150000e+01   3.3647452e-02
  -6.5700000e+01   3.4967373e-02
  -6.5250000e+01   3.6259728e-02
  -6.4800000e+01   3.7519151e-02
  -6.4350000e+01   3.8740408e-02
  -6.3900000e+01   3.9918440e-02
  -6.3450000e+01   4.1048421e-02
  -6.3000000e+01   4.2125804e-02
  -6.2550000e+01   4.3146367e-02
  -6.2100000e+01   4.4106262e-02
  -6.1650000e+01   4.5002052e-02
  -6.1200000e+01   4.5830747e-02
  -6.0750000e+01   4.6589837e-02
  -6.0300000e+01   4.7277316e-02
  -5.9850000e+01   4.7891702e-02
  -5.9400000e+01   4.8432049e-02
  -5.8950000e+01   4.8897955e-02
  -5.8500000e+01   4.9289560e-02
  -5.8050000e+01   4.9607542e-02
  -5.7600000e+01   4.9853099e-02
  -5.7150000e+01   5.0027936e-02
  -5.6700000e+01   5.0134233e-02
  -5.6250000e+01   5.0174619e-02
  -5.5800000e+01   5.0152134e-02
  -5.5350000e+01   5.0070191e-02
  -5.4900000e+01   4.9932533e-02
  -5.4450000e+01   4.9743187e-02
  -5.4000000e+01   4.9506418e-02
  -5.3550000e+01   4.9226680e-02
  -5.3100000e+01   4.8908568e-02
  -5.2650000e+01   4.8556772e-02
  -5.2200000e+01   4.8176027e-02
  -5.1750000e+01   4.7771075e-02
  -5.1300000e+01   4.7346617e-02
  -5.0850000e+01   4.6907277e-02
  -5.0400000e+01   4.6457568e-02
  -4.9950000e+01   4.6001858e-02
  -4.9500000e+01   4.5544340e-02
  -4.9050000e+01   4.5089012e-02
  -4.8600000e+01   4.4639651e-02
  -4.8150000e+01   4.4199797e-02
  -4.7700000e+01   4.3772740e-02
  -4.7250000e+01   4.3361503e-02
  -4.6800000e+01   4.2968839e-02
  -4.6350000e+01   4.2597216e-02
  -4.5900000e+01   4.2248819e-02
  -4.5450000e+01   4.1925538e-02
  -4.5000000e+01   4.1628967e-02
  -4.4550000e+01   4.1360405e-02
  -4.4100000e+01   4.1120845e-02
  -4.3650000e+01   4.0910981e-02
  -4.3200000e+01   4.0731198e-02
  -4.2750000e+01   4.0581576e-02
  -4.2300000e+01   4.0461887e-02
  -4.1850000e+01   4.0371591e-02
  -4.1400000e+01   4.0309843e-02
  -4.0950000e+01   4.0275486e-02
  -4.0500000e+01   4.0267062e-02
  -4.0050000e+01   4.0282808e-02
  -3.9600000e+01   4.0320671e-02
  -3.9150000e+01   4.0378311e-02
  -3.8700000e+01   4.0453118e-02
  -3.8250000e+01   4.0542225e-02
  -3.7800000e+01   4.0642527e-02
  -3.7350000e+01   4.0750707e-02
  -3.6900000e+01   4.0863262e-02
  -3.6450000e+01   4.0976534e-02
  -3.6000000e+01   4.1086741e-02
  -3.5550000e+01   4.1190024e-02
  -3.5100000e+01   4.1282479e-02
  -3.4650000e+01   4.1360207e-02
  -3.4200000e+01   4.1419359e-02
  -3.3750000e+01   4.1456184e-02
  -3.3300000e+01   4.1467078e-02
  -3.2850000e+01   4.1448631e-02
  -3.2400000e+01   4.1397676e-02
  -3.1950000e+01   4.1311336e-02
  -3.1500000e+01   4.1187063e-02
  -3.1050000e+01   4.1022681e-02
  -3.0600000e+01   4.0816421e-02
  -3.0150000e+01   4.0566948e-02
  -2.9700000e+01   4.0273384e-02
  -2.9250000e+01   3.9935329e-02
  -2.8800000e+01   3.9552867e-02
  -2.8350000e+01   3.9126569e-02
  -2.7900000e+01   3.8657489e-02
  -2.7450000e+01   3.8147151e-02
  -2.7000000e+01   3.7597526e-02
  -2.6550000e+01   3.7011007e-02
  -2.6100000e+01   3.6390375e-02
  -2.5650000e+01   3.5738757e-02
  -2.5200000e+01   3.5059579e-02
  -2.4750000e+01   3.4356520e-02
  -2.4300000e+01   3.3633452e-02
  -2.3850000e+01   3.2894390e-02
  -2.3400000e+01   3.2143430e-02
  -2.2950000e+01   3.1384690e-02
  -2.2500000e+01   3.0622258e-02
  -2.2050000e+01   2.9860129e-02
  -2.1600000e+01   2.9102160e-02
  -2.1150000e+01   2.8352015e-02
  -2.0700000e+01   2.7613123e-02
  -2.0250000e+01   2.6888641e-02
  -1.9800000e+01   2.6181420e-02
  -1.9350000e+01   2.5493976e-02
  -1.8900000e+01   2.4828477e-02
  -1.8450000e+01   2.4186722e-02
  -1.8000000e+01   2.3570144e-02
  -1.7550000e+01   2.2979803e-02
  -1.7100000e+01   2.2416400e-02
  -1.6650000e+01   2.1880287e-02
  -1.6200000e+01   2.1371488e-02
  -1.5750000e+01   2.0889723e-02
  -1.5300000e+01   2.0434436e-02
  -1.4850000e+01   2.0004826e-02
  -1.4400000e+01   1.9599885e-02
  -1.3950000e+01   1.9218434e-02
  -1.3500000e+01   1.8859157e-02
  -1.3050000e+01   1.8520644e-02
  -1.2600000e+01   1.8201429e-02
  -1.2150000e+01   1.7900022e-02
  -1.1700000e+01   1.7614948e-02
  -1.1250000e+01   1.7344777e-02
  -1.0800000e+01   1.7088155e-02
  -1.0350000e+01   1.6843827e-02
  -9.9000000e+00   1.6610663e-02
  -9.4500000e+00   1.6387672e-02
  -9.0000000e+00   1.6174016e-02
  -8.5500000e+00   1.5969022e-02
  -8.1000000e+00   1.5772183e-02
  -7.6500000e+00   1.5583159e-02
  -7.2000000e+00   1.5401776e-02
  -6.7500000e+00   1.5228013e-02
  -6.3000000e+00   1.5061998e-02
  -5.8500000e+00   1.4903987e-02
  -5.4000000e+00   1.4754350e-02
  -4.9500000e+00   1.4613553e-02
  -4.5000000e+00   1.4482133e-02
  -4.0500000e+00   1.4360682e-02
  -3.6000000e+00   1.4249821e-02
  -3.1500000e+00   1.4150176e-02
  -2.7000000e+00   1.4062360e-02
  -2.2500000e+00   1.3986952e-02
  -1.8000000e+00   1.3924476e-02
  -1.3500000e+00   1.3875385e-02
  -9.0000000e-01   1.3840047e-02
  -4.5000000e-01   1.3818733e-02
   0.0000000e+00   1.3811609e-02
   4.5000000e-01   1.3818733e-02
   9.0000000e-01   1.3840047e-02
   1.3500000e+00   1.3875385e-02
   1.8000000e+00   1.3924476e-02
   2.2500000e+00   1.3986952e-02
   2.7000000e+00   1.4062360e-02
   3.1500000e+00   1.4150176e-02
   3.6000000e+00   1.4249821e-02
   4.0500000e+00   1.4360682e-02
   4.5000000e+00   1.4482133e-02
   4.9500000e+00   1.4613553e-02
   5.4000000e+00   1.4754350e-02
   5.8500000e+00   1.4903987e-02
   6.3000000e+00   1.5061998e-02
   6.7500000e+00   1.5228013e-02
   7.2000000e+00   1.5401776e-02
   7.6500000e+00   1.5583159e-02
   8.1000000e+00   1.5772183e-02
   8.5500000e+00   1.5969022e-02
   9.0000000e+00   1.6174016e-02
   9.4500000e+00   1.6387672e-02
   9.9000000e+00   1.6610663e-02
   1.0350000e+01   1.6843827e-02
   1.0800000e+01   1.7088155e-02
   1.1250000e+01   1.7344777e-02
   1.1700000e+01   1.7614948e-02
   1.2150000e+01   1.7900022e-02
   1.2600000e+01   1.8201429e-02
   1.3050000e+01   1.8520644e-02
   1.3500000e+01   1.8859157e-02
   1.3950000e+01   1.9218434e-02
   1.4400000e+01   1.9599885e-02
   1.4850000e+01   2.0004826e-02
   1.5300000e+01   2.0434436e-02
   1.5750000e+01   2.0889723e-02
   1.6200000e+01   2.1371488e-02
   1.6650000e+01   2.1880287e-02
   1.7100000e+01   2.2416400e-02
   1.7550000e+01   2.2979803e-02
   1.8000000e+01   2.3570144e-02
   1.8450000e+01   2.4186722e-02
   1.8900000e+01   2.4828477e-02
   1.9350000e+01   2.5493976e-02
   1.9800000e+01   2.6181420e-02
   2.0250000e+01   2.6888641e-02
   2.0700000e+01   2.7613123e-02
   2.1150000e+01   2.8352015e-02
   2.1600000e+01   2.9102160e-02
   2.2050000e+01   2.9860129e-02
   2.2500000e+01   3.0622258e-02
   2.2950000e+01   3.1384690e-02
   2.3400000e+01   3.2143430e-02
   2.3850000e+01   3.2894390e-02
   2.4300000e+01   3.3633452e-02
   2.4750000e+01   3.4356520e-02
   2.5200000e+01   3.5059579e-02
   2.5650000e+01   3.5738757e-02
   2.6100000e+01   3.6390375e-02
   2.6550000e+01   3.7011007e-02
   2.7000000e+01   3.7597526e-02
   2.7450000e+01   3.8147151e-02
   2.7900000e+01   3.8657489e-02
   2.8350000e+01   3.9126569e-02
   2.8800000e+01   3.9552867e-02
   2.9250000e+01   3.9935329e-02
   2.9700000e+01   4.0273384e-02
   3.0150000e+01   4.0566948e-02
   3.0600000e+01   4.0816421e-02
   3.1050000e+01   4.1022681e-02
   3.1500000e+01   4.1187063e-02
   3.1950000e+01   4.1311336e-02
   3.2400000e+01   4.1397676e-02
   3.2850000e+01   4.1448631e-02
   3.3300000e+01   4.1467078e-02
   3.3750000e+01   4.1456184e-02
   3.4200000e+01   4.1419359e-02
   3.4650000e+01   4.1360207e-02
   3.5100000e+01   4.1282479e-02
   3.5550000e+01   4.1190024e-02
   3.6000000e+01   4.1086741e-02
   3.6450000e+01   4.0976534e-02
   3.6900000e+01   4.0863262e-02
   3.7350000e+01   4.0750707e-02
   3.7800000e+01   4.0642527e-02
   3.8250000e+01   4.0542225e-02
   3.8700000e+01   4.0453118e-02
   3.9150000e+01   4.0378311e-02
   3.9600000e+01   4.0320671e-02
   4.0050000e+01   4.0282808e-02
   4.0500000e+01   4.0267062e-02
   4.0950000e+01   4.0275486e-02
   4.1400000e+01   4.0309843e-02
   4.1850000e+01   4.0371591e-02
   4.2300000e+01   4.0461887e-02
   4.2750000e+01   4.0581576e-02
   4.3200000e+01   4.0731198e-02
   4.3650000e+01   4.0910981e-02
   4.4100000e+01   4.1120845e-02
   4.4550000e+01   4.1360405e-02
   4.5000000e+01   4.1628967e-02
   4.5450000e+01   4.1925538e-02
   4.5900000e+01   4.2248819e-02
   4.6350000e+01   4.2597216e-02
   4.6800000e+01   4.2968839e-02
   4.7250000e+01   4.3361503e-02
   4.7700000e+01   4.3772740e-02
   4.8150000e+01   4.4199797e-02
   4.8600000e+01   4.4639651e-02
   4.9050000e+01   4.5089012e-02
   4.9500000e+01   4.5544340e-02
   4.9950000e+01   4.6001858e-02
   5.0400000e+01   4.6457568e-02
   5.0850000e+01   4.6907277e-02
   5.1300000e+01   4.7346617e-02
   5.1750000e+01   4.7771075e-02
   5.2200000e+01   4.8176027e-02
   5.2650000e+01   4.8556772e-02
   5.3100000e+01   4.8908568e-02
   5.3550000e+01   4.9226680e-02
   5.4000000e+01   4.9506418e-02
   5.4450000e+01   4.9743187e-02
   5.4900000e+01   4.9932533e-02
   5.5350000e+01   5.0070191e-02
   5.5800000e+01   5.0152134e-02
   5.6250000e+01   5.0174619e-02
   5.6700000e+01   5.0134233e-02
   5.7150000e+01   5.0027936e-02
   5.7600000e+01   4.9853099e-02
   5.8050000e+01   4.9607542e-02
   5.8500000e+01   4.9289560e-02
   5.8950000e+01   4.8897955e-02
   5.9400000e+01   4.8432049e-02
   5.9850000e+01   4.7891702e-02
   6.0300000e+01   4.7277316e-02
   6.0750000e+01   4.6589837e-02
   6.1200000e+01   4.5830747e-02
   6.1650000e+01   4.5002052e-02
   6.2100000e+01   4.4106262e-02
   6.2550000e+01   4.3146367e-02
   6.3000000e+01   4.2125804e-02
   6.3450000e+01   4.1048421e-02
   6.3900000e+01   3.9918440e-02
   6.4350000e+01   3.8740408e-02
   6.4800000e+01   3.7519151e-02
   6.5250000e+01   3.6259728e-02
   6.5700000e+01   3.4967373e-02
   6.6150000e+01   3.3647452e-02
   6.6600000e+01   3.2305403e-02
   6.7050000e+01   3.0946691e-02
   6.7500000e+01   2.9576755e-02
   6.7950000e+01   2.8200965e-02
   6.8400000e+01   2.6824575e-02
   6.8850000e+01   2.5452685e-02
   6.9300000e+01   2.4090199e-02
   6.9750000e+01   2.2741798e-02
   7.0200000e+01   2.1411910e-02
   7.0650000e+01   2.0104682e-02
   7.1100000e+01   1.8823963e-02
   7.1550000e+01   1.7573290e-02
   7.2000000e+01   1.6355872e-02
   7.2450000e+01   1.5174585e-02
   7.2900000e+01   1.4031968e-02
   7.3350000e+01   1.2930222e-02
   7.3800000e+01   1.1871213e-02
   7.4250000e+01   1.0856477e-02
   7.4700000e+01   9.8872260e-03
   7.5150000e+01   8.9643623e-03
   7.5600000e+01   8.0884863e-03
   7.6050000e+01   7.2599116e-03
   7.6500000e+01   6.4786802e-03
   7.6950000e+01   5.7445778e-03
   7.7400000e+01   5.0571516e-03
   7.7850000e+01   4.4157275e-03
   7.8300000e+01   3.8194290e-03
   7.8750000e+01   3.2671955e-03
   7.9200000e+01   2.7578020e-03
   7.9650000e+01   2.2898776e-03
   8.0100000e+01   1.8619254e-03
   8.0550000e+01   1.4723408e-03
   8.1000000e+01   1.1194308e-03
   8.1450000e+01   8.0143143e-04
   8.1900000e+01   5.1652579e-04
   8.2350000e+01   2.6286068e-04
   8.2800000e+01   3.8562565e-05
   8.3250000e+01  -1.5824744e-04
   8.3700000e+01  -3.2943960e-04
   8.4150000e+01  -4.7686276e-04
   8.4600000e+01  -6.0233266e-04
   8.5050000e+01  -7.0762155e-04
   8.5500000e+01  -7.9444897e-04
   8.5950000e+01  -8.6447384e-04
   8.6400000e+01  -9.1928774e-04
   8.6850000e+01  -9.6040945e-04
   8.7300000e+01  -9.8928062e-04
   8.7750000e+01  -1.0072626e-03
   8.8200000e+01  -1.0156343e-03
   8.8650000e+01  -1.0155910e-03
   8.9100000e+01  -1.0082442e-03
   8.9550000e+01  -9.9462206e-04
   9.0000000e+01  -9.7567064e-04
