  -9.0000000e+01   0.0000000e+00 -4.1786560e-251  -4.0578019e-87  -1.2088709e-30  -3.3431634e-11  -8.8491588e-05  -8.1917719e-03  -1.1691303e-02   5.9154823e-03   1.8498628e-02   2.4318119e-02
  -8.9550000e+01   0.0000000e+00 -4.8070837e-247  -6.9955869e-86  -3.0839132e-30  -4.3813233e-11  -9.3549213e-05  -8.1261919e-03  -1.1205022e-02   6.1954365e-03   1.8611750e-02   2.4359737e-02
  -8.9100000e+01   0.0000000e+00 -5.1183473e-243  -1.1711936e-84  -7.8118969e-30  -5.7227663e-11  -9.8743809e-05  -8.0534492e-03  -1.0718191e-02   6.4738792e-03   1.8724291e-02   2.4401146e-02
  -8.8650000e+01   0.0000000e+00 -4.6988994e-239  -1.8948827e-83  -1.9634138e-29  -7.4485558e-11  -1.0405884e-04  -7.9733704e-03  -1.0230887e-02   6.7508095e-03   1.8836252e-02   2.4442346e-02
  -8.8200000e+01   0.0000000e+00 -3.2122132e-235  -2.9388643e-82  -4.8919097e-29  -9.6584091e-11  -1.0947430e-04  -7.8857833e-03  -9.7431865e-03   7.0262264e-03   1.8947633e-02   2.4483336e-02
  -8.7750000e+01   0.0000000e+00 -1.0970200e-231  -4.3117723e-81  -1.2069553e-28  -1.2473730e-10  -1.1496631e-04  -7.7905176e-03  -9.2551667e-03   7.3001292e-03   1.9058433e-02   2.4524117e-02
  -8.7300000e+01   0.0000000e+00  5.0773088e-228  -5.8476794e-80  -2.9449992e-28  -1.6040551e-10  -1.2050672e-04  -7.6874046e-03  -8.7669049e-03   7.5725172e-03   1.9168654e-02   2.4564689e-02
  -8.6850000e+01   0.0000000e+00  1.1114222e-223  -7.0035227e-79  -7.0951138e-28  -2.0531994e-10  -1.2606268e-04  -7.5762784e-03  -8.2784783e-03   7.8433897e-03   1.9278295e-02   2.4605052e-02
  -8.6400000e+01   0.0000000e+00  1.0491675e-219  -6.5821900e-78  -1.6843044e-27  -2.6149678e-10  -1.3159618e-04  -7.4569750e-03  -7.7899645e-03   8.1127460e-03   1.9387356e-02   2.4645205e-02
  -8.5950000e+01   0.0000000e+00  7.3368271e-216  -2.5257944e-77  -3.9291047e-27  -3.3123125e-10  -1.3706354e-04  -7.3293337e-03  -7.3014407e-03   8.3805856e-03   1.9495838e-02   2.4685149e-02
  -8.5500000e+01   0.0000000e+00  3.8314614e-212   7.8267372e-76  -8.9736520e-27  -4.1705851e-10  -1.4241491e-04  -7.1931965e-03  -6.8129846e-03   8.6469080e-03   1.9603741e-02   2.4724884e-02
  -8.5050000e+01   0.0000000e+00  7.7383140e-209   2.6549218e-74  -1.9958662e-26  -5.2166146e-10  -1.4759369e-04  -7.0484089e-03  -6.3246735e-03   8.9117128e-03   1.9711065e-02   2.4764409e-02
  -8.4600000e+01   0.0000000e+00 -1.6284812e-204   5.4257173e-73  -4.2877273e-26  -6.4769758e-10  -1.5253602e-04  -6.8948199e-03  -5.8365850e-03   9.1749995e-03   1.9817810e-02   2.4803726e-02
  -8.4150000e+01   0.0000000e+00 -3.3119568e-200   9.9464799e-72  -8.7764688e-26  -7.9750528e-10  -1.5717006e-04  -6.7322825e-03  -5.3487964e-03   9.4367678e-03   1.9923976e-02   2.4842833e-02
  -8.3700000e+01   0.0000000e+00 -4.1262343e-196   2.3316424e-70  -1.6680269e-25  -9.7263491e-10  -1.6141547e-04  -6.5606540e-03  -4.8613850e-03   9.6970175e-03   2.0029564e-02   2.4881731e-02
  -8.3250000e+01   0.0000000e+00 -3.6922891e-192   7.6355133e-69  -2.7744115e-25  -1.1731291e-09  -1.6518266e-04  -6.3797961e-03  -4.3744280e-03   9.9557483e-03   2.0134574e-02   2.4920420e-02
  -8.2800000e+01   0.0000000e+00 -1.6222156e-188   2.5937850e-67  -3.3056223e-25  -1.3964501e-09  -1.6837214e-04  -6.1895754e-03  -3.8880022e-03   1.0212960e-02   2.0239005e-02   2.4958900e-02
  -8.2350000e+01   0.0000000e+00  5.4162059e-185   7.6166764e-66   9.9916137e-26  -1.6359150e-09  -1.7087377e-04  -5.9898634e-03  -3.4021847e-03   1.0468653e-02   2.0342859e-02   2.4997170e-02
  -8.1900000e+01   0.0000000e+00  6.7041193e-181   1.8663269e-64   2.5682928e-24  -1.8784552e-09  -1.7256605e-04  -5.7805372e-03  -2.9170519e-03   1.0722826e-02   2.0446134e-02   2.5035232e-02
  -8.1450000e+01   0.0000000e+00  2.6423875e-177   3.8604028e-63   1.2111174e-23  -2.1014527e-09  -1.7331535e-04  -5.5614797e-03  -2.4326803e-03   1.0975480e-02   2.0548833e-02   2.5073084e-02
  -8.1000000e+01   0.0000000e+00  7.2994295e-174   6.8830927e-62   4.3963296e-23  -2.2683307e-09  -1.7297507e-04  -5.3325798e-03  -1.9491459e-03   1.1226615e-02   2.0650953e-02   2.5110727e-02
  -8.0550000e+01   0.0000000e+00  1.5235898e-170   1.0774393e-60   1.4211859e-22  -2.3224735e-09  -1.7138492e-04  -5.0937326e-03  -1.4665245e-03   1.1476231e-02   2.0752497e-02   2.5148161e-02
  -8.0100000e+01   0.0000000e+00  1.5521593e-167   1.5013254e-59   4.2934364e-22  -2.1789241e-09  -1.6837001e-04  -4.8448399e-03  -9.8489167e-04   1.1724327e-02   2.0853463e-02   2.5185386e-02
  -7.9650000e+01   0.0000000e+00 -6.9762779e-164   1.8967897e-58   1.2391139e-21  -1.7131457e-09  -1.6374009e-04  -4.5858106e-03  -5.0432241e-04   1.1970905e-02   2.0953852e-02   2.5222402e-02
  -7.9200000e+01   0.0000000e+00 -6.1892202e-160   2.2929564e-57   3.4573444e-21  -7.4592922e-10  -1.5728867e-04  -4.3165607e-03  -2.4891454e-05   1.2215964e-02   2.1053665e-02   2.5259209e-02
  -7.8750000e+01   0.0000000e+00 -3.0825625e-156   3.0456462e-56   9.3932125e-21   9.7672543e-10  -1.4879215e-04  -4.0370138e-03   4.5332691e-04   1.2459506e-02   2.1152901e-02   2.5295807e-02
  -7.8300000e+01   0.0000000e+00 -1.1129514e-152   5.1534626e-55   2.4965620e-20   3.8102464e-09  -1.3800903e-04  -3.7471014e-03   9.3025885e-04   1.2701529e-02   2.1251560e-02   2.5332195e-02
  -7.7850000e+01   0.0000000e+00 -2.1734934e-149   1.0311028e-53   6.5118010e-20   8.2465302e-09  -1.2467901e-04  -3.4467632e-03   1.4058310e-03   1.2942034e-02   2.1349644e-02   2.5368375e-02
  -7.7400000e+01   0.0000000e+00  1.7764457e-146   2.0141226e-52   1.6705550e-19   1.4959757e-08  -1.0852220e-04  -3.1359472e-03   1.8799705e-03   1.3181023e-02   2.1447151e-02   2.5404346e-02
  -7.6950000e+01   0.0000000e+00  1.1856279e-142   3.4699957e-51   4.2220585e-19   2.4865947e-08  -8.9238242e-05  -2.8146102e-03   2.3526051e-03   1.3418494e-02   2.1544083e-02   2.5440107e-02
  -7.6500000e+01   0.0000000e+00  1.8700129e-139   5.1603154e-50   1.0524692e-18   3.9199951e-08  -6.6505577e-05  -2.4827181e-03   2.8236630e-03   1.3654450e-02   2.1640438e-02   2.5475660e-02
  -7.6050000e+01   0.0000000e+00  2.0186269e-136   6.6848502e-49   2.5900131e-18   5.9614446e-08  -3.9980619e-05  -2.1402459e-03   3.2930731e-03   1.3888890e-02   2.1736219e-02   2.5511003e-02
  -7.5600000e+01   0.0000000e+00  1.6711840e-133   7.6619648e-48   6.2963810e-18   8.8306559e-08  -9.2970357e-06  -1.7871783e-03   3.7607649e-03   1.4121815e-02   2.1831423e-02   2.5546138e-02
  -7.5150000e+01   0.0000000e+00  7.8373591e-131   7.8867305e-47   1.5128422e-17   1.2817902e-07   2.5934951e-05  -1.4235099e-03   4.2266684e-03   1.4353225e-02   2.1926053e-02   2.5581063e-02
  -7.4700000e+01   0.0000000e+00 -7.7871365e-128   7.4365473e-46   3.5939565e-17   1.8304424e-07   6.6129221e-05  -1.0492451e-03   4.6907146e-03   1.4583122e-02   2.2020107e-02   2.5615779e-02
  -7.4250000e+01   0.0000000e+00 -3.1787826e-124   6.7329713e-45   8.4440421e-17   2.5788145e-07   1.1172435e-04  -6.6439878e-04   5.1528350e-03   1.4811506e-02   2.2113587e-02   2.5650287e-02
  -7.3800000e+01   0.0000000e+00 -6.3673469e-121   6.5121139e-44   1.9625327e-16   3.5915917e-07   1.6318413e-04  -2.6899636e-04   5.6129618e-03   1.5038378e-02   2.2206492e-02   2.5684585e-02
  -7.3350000e+01   0.0000000e+00 -9.2888772e-118   7.5791585e-43   4.5127273e-16   4.9523765e-07   2.2099806e-04   1.3692602e-04   6.0710282e-03   1.5263739e-02   2.2298822e-02   2.5718675e-02
  -7.2900000e+01   0.0000000e+00 -7.9505098e-115   1.0275463e-41   1.0267524e-15   6.7686860e-07   2.8568169e-04   5.5332120e-04   6.5269678e-03   1.5487589e-02   2.2390578e-02   2.5752555e-02
  -7.2450000e+01   0.0000000e+00  1.3085020e-112   1.3948034e-40   2.3117037e-15   9.1781290e-07   3.5777693e-04   9.8013089e-04   6.9807154e-03   1.5709930e-02   2.2481760e-02   2.5786227e-02
  -7.2000000e+01  2.4836296e-312  5.8594864e-109   1.7090794e-39   5.1506730e-15   1.2356001e-06   4.3785224e-04   1.4172854e-03   7.4322065e-03   1.5930762e-02   2.2572367e-02   2.5819690e-02
  -7.1550000e+01  1.2063738e-303  3.6862141e-106   1.8317122e-38   1.1357419e-14   1.6524580e-06   5.2650270e-04   1.8647035e-03   7.8813775e-03   1.6150086e-02   2.2662401e-02   2.5852943e-02
  -7.1100000e+01  1.5287366e-295  1.5473412e-103   1.7235884e-37   2.4785208e-14   2.1964442e-06   6.2435000e-04   2.3222922e-03   8.3281657e-03   1.6367904e-02   2.2751861e-02   2.5885988e-02
  -7.0650000e+01  3.8463249e-288  5.0507009e-101   1.4443984e-36   5.3531869e-14   2.9028172e-06   7.3204225e-04   2.7899468e-03   8.7725091e-03   1.6584216e-02   2.2840748e-02   2.5918824e-02
  -7.0200000e+01  5.2693505e-281   1.0372501e-98   1.0950468e-35   1.1443153e-13   3.8156879e-06   8.5025371e-04   3.2675505e-03   9.2143471e-03   1.6799023e-02   2.2929061e-02   2.5951451e-02
  -6.9750000e+01 -2.6931769e-273  -2.1346398e-96   7.6640159e-35   2.4210081e-13   4.9899991e-06   9.7968433e-04   3.7549745e-03   9.6536198e-03   1.7012328e-02   2.3016800e-02   2.5983869e-02
  -6.9300000e+01 -7.1283073e-265  -4.4552783e-93   5.1584040e-34   5.0694993e-13   6.4938852e-06   1.1210592e-03   4.2520776e-03   1.0090268e-02   1.7224129e-02   2.3103967e-02   2.6016078e-02
  -6.8850000e+01 -1.2656768e-256  -3.6166790e-90   3.6303654e-33   1.0506316e-12   8.4114686e-06   1.2751276e-03   4.7587065e-03   1.0524235e-02   1.7434430e-02   2.3190561e-02   2.6048079e-02
  -6.8400000e+01 -1.9462640e-248  -2.1329800e-87   2.9437438e-32   2.1550040e-12   1.0846154e-05   1.4426625e-03   5.2746954e-03   1.0955462e-02   1.7643231e-02   2.3276582e-02   2.6079870e-02
  -6.7950000e+01 -2.2285043e-240  -7.8858177e-85   2.7336037e-31   4.3747320e-12   1.3924489e-05   1.6244589e-03   5.7998663e-03   1.1383895e-02   1.7850534e-02   2.3362030e-02   2.6111452e-02
  -6.7500000e+01  2.2803679e-238   7.4934552e-84   2.5887271e-30   8.7892635e-12   1.7800656e-05   1.8213330e-03   6.3340286e-03   1.1809478e-02   1.8056339e-02   2.3446906e-02   2.6142826e-02
  -6.7050000e+01  4.7834025e-226   7.7436862e-80   2.2618761e-29   1.7476019e-11   2.2661667e-05   2.0341201e-03   6.8769791e-03   1.2232159e-02   1.8260648e-02   2.3531209e-02   2.6173991e-02
  -6.6600000e+01  8.9676039e-220   1.9519064e-77   1.7532833e-28   3.4388492e-11   2.8733338e-05   2.2636738e-03   7.4285025e-03   1.2651885e-02   1.8463462e-02   2.3614941e-02   2.6204947e-02
  -6.6150000e+01  1.2526755e-213   3.2007985e-75   1.2041848e-27   6.6966442e-11   3.6287100e-05   2.5108630e-03   7.9883709e-03   1.3068604e-02   1.8664783e-02   2.3698100e-02   2.6235694e-02
  -6.5700000e+01  1.5264525e-207   4.1339338e-73   7.4242193e-27   1.2905341e-10   4.5647722e-05   2.7765707e-03   8.5563439e-03   1.3482266e-02   1.8864613e-02   2.3780688e-02   2.6266232e-02
  -6.5250000e+01  1.3952673e-201   3.6448430e-71   4.1773993e-26   2.4611993e-10   5.7201994e-05   3.0616910e-03   9.1321689e-03   1.3892823e-02   1.9062951e-02   2.3862704e-02   2.6296562e-02
  -6.4800000e+01 -3.0973835e-195  -1.0767069e-69   2.1893076e-25   4.6450258e-10   7.1408418e-05   3.3671268e-03   9.7155811e-03   1.4300227e-02   1.9259801e-02   2.3944148e-02   2.6326682e-02
  -6.4350000e+01 -5.6965737e-188  -1.6352013e-66   1.1055056e-24   8.6754973e-10   8.8807935e-05   3.6937865e-03   1.0306303e-02   1.4704432e-02   1.9455164e-02   2.4025021e-02   2.6356594e-02
  -6.3900000e+01 -4.9049334e-181  -5.3953802e-64   5.7085974e-24   1.6034952e-09   1.1003569e-04   4.0425818e-03   1.0904047e-02   1.5105391e-02   1.9649040e-02   2.4105323e-02   2.6386297e-02
  -6.3450000e+01 -8.3087351e-175  -1.2516612e-61   3.2300498e-23   2.9329925e-09   1.3583384e-04   4.4144232e-03   1.1508511e-02   1.5503062e-02   1.9841432e-02   2.4185053e-02   2.6415791e-02
  -6.3000000e+01 -3.6656140e-169  -1.8606720e-59   2.0247833e-22   5.3091807e-09   1.6706530e-04   4.8102175e-03   1.2119383e-02   1.5897402e-02   2.0032342e-02   2.4264213e-02   2.6445077e-02
  -6.2550000e+01 -2.4945965e-164  -2.6605334e-58   1.3078895e-21   9.5108794e-09   2.0472841e-04   5.2308632e-03   1.2736339e-02   1.6288368e-02   2.0221769e-02   2.4342802e-02   2.6474154e-02
  -6.2100000e+01  1.6750602e-157   2.4665017e-55   7.9993822e-21   1.6861403e-08   2.4997237e-04   5.6772468e-03   1.3359043e-02   1.6675922e-02   2.0409718e-02   2.4420820e-02   2.6503022e-02
  -6.1650000e+01  2.5544573e-151   2.6675534e-53   4.4314845e-20   2.9583514e-08   3.0411319e-04   6.1502384e-03   1.3987149e-02   1.7060024e-02   2.0596188e-02   2.4498268e-02   2.6531681e-02
  -6.1200000e+01  1.9525667e-145   1.7620142e-51   2.2053360e-19   5.1367916e-08   3.6865013e-04   6.6506870e-03   1.4620300e-02   1.7440637e-02   2.0781182e-02   2.4575146e-02   2.6560131e-02
  -6.0750000e+01  3.6871481e-140   9.1040429e-50   9.9525053e-19   8.8272078e-08   4.4528207e-04   7.1794160e-03   1.5258128e-02   1.7817725e-02   2.0964701e-02   2.4651453e-02   2.6588373e-02
  -6.0300000e+01  2.5920041e-135   3.3982648e-48   4.1369328e-18   1.5012290e-07   5.3592368e-04   7.7372181e-03   1.5900255e-02   1.8191253e-02   2.1146748e-02   2.4727190e-02   2.6616406e-02
  -5.9850000e+01 -1.7608186e-130   1.0135294e-47   1.6151321e-17   2.5267687e-07   6.4272094e-04   8.3248498e-03   1.6546293e-02   1.8561188e-02   2.1327323e-02   2.4802358e-02   2.6644230e-02
  -5.9400000e+01 -2.5750586e-124  -1.5473472e-44   6.0948394e-17   4.2090222e-07   7.6806546e-04   8.9430265e-03   1.7195844e-02   1.8927497e-02   2.1506428e-02   2.4876955e-02   2.6671845e-02
  -5.8950000e+01 -1.2488809e-118  -2.1192688e-42   2.3223869e-16   6.9389813e-07   9.1460720e-04   9.5924166e-03   1.7848503e-02   1.9290150e-02   2.1684066e-02   2.4950984e-02   2.6699252e-02
  -5.8500000e+01 -1.2037119e-113  -1.9385759e-40   9.3760146e-16   1.1321650e-06   1.0852649e-03   1.0273636e-02   1.8503852e-02   1.9649118e-02   2.1860238e-02   2.5024442e-02   2.6726450e-02
  -5.8050000e+01 -3.5649834e-109  -1.1565419e-38   4.0630165e-15   1.8281977e-06   1.2832339e-03   1.0987242e-02   1.9161469e-02   2.0004373e-02   2.2034946e-02   2.5097331e-02   2.6753439e-02
  -5.7600000e+01 -2.9814870e-105  -1.3286877e-37   1.8073132e-14   2.9216975e-06   1.5119900e-03   1.1733727e-02   1.9820920e-02   2.0355889e-02   2.2208192e-02   2.5169651e-02   2.6780220e-02
  -5.7150000e+01  5.6353344e-100   2.1331819e-35   7.7326574e-14   4.6210934e-06   1.7752896e-03   1.2513513e-02   2.0481767e-02   2.0703640e-02   2.2379977e-02   2.5241402e-02   2.6806791e-02
  -5.6700000e+01   6.1890917e-95   1.0028423e-33   3.0510579e-13   7.2335303e-06   2.0771652e-03   1.3326947e-02   2.1143561e-02   2.1047603e-02   2.2550303e-02   2.5312585e-02   2.6833155e-02
  -5.6250000e+01   3.7837073e-90   2.6766792e-32   1.0969857e-12   1.1206004e-05   2.4219148e-03   1.4174292e-02   2.1805850e-02   2.1387755e-02   2.2719173e-02   2.5383198e-02   2.6859309e-02
  -5.5800000e+01   6.5500182e-86   5.5432120e-31   3.6168467e-12   1.7180877e-05   2.8140855e-03   1.5055722e-02   2.2468174e-02   2.1724076e-02   2.2886587e-02   2.5453243e-02   2.6885255e-02
  -5.5350000e+01   3.3540517e-82   8.7039420e-30   1.1088782e-11   2.6069556e-05   3.2584514e-03   1.5971317e-02   2.3130067e-02   2.2056547e-02   2.3052549e-02   2.5522719e-02   2.6910992e-02
  -5.4900000e+01  -4.6998879e-79   5.0239161e-29   3.2176976e-11   3.9148556e-05   3.7599830e-03   1.6921056e-02   2.3791058e-02   2.2385149e-02   2.3217060e-02   2.5591627e-02   2.6936521e-02
  -5.4450000e+01  -8.5042714e-74  -3.6475143e-27   9.0439047e-11   5.8182437e-05   4.3238106e-03   1.7904813e-02   2.4450673e-02   2.2709866e-02   2.3380121e-02   2.5659966e-02   2.6961840e-02
  -5.4000000e+01  -2.5625165e-69  -2.2110293e-25   2.5392181e-10   8.5578051e-05   4.9551795e-03   1.8922348e-02   2.5108431e-02   2.3030683e-02   2.3541736e-02   2.5727738e-02   2.6986952e-02
  -5.3550000e+01  -1.5918879e-65  -8.1259673e-24   7.3521626e-10   1.2457397e-04   5.6593981e-03   1.9973306e-02   2.5763849e-02   2.3347585e-02   2.3701905e-02   2.5794942e-02   2.7011854e-02
  -5.3100000e+01  -3.2115688e-62  -1.9637906e-22   2.2204677e-09   1.7946776e-04   6.4417786e-03   2.1057209e-02   2.6416443e-02   2.3660562e-02   2.3860630e-02   2.5861577e-02   2.7036548e-02
  -5.2650000e+01  -2.4783308e-59  -1.2889540e-21   6.8206762e-09   2.5588184e-04   7.3075712e-03   2.2173452e-02   2.7065724e-02   2.3969601e-02   2.4017915e-02   2.5927646e-02   2.7061033e-02
  -5.2200000e+01   1.7259109e-55   5.0560307e-20   2.0359559e-08   3.6106539e-04   8.2618920e-03   2.3321301e-02   2.7711201e-02   2.4274693e-02   2.4173760e-02   2.5993146e-02   2.7085310e-02
  -5.1750000e+01   1.3717967e-51   1.0443743e-18   5.6988352e-08   5.0422600e-04   9.3096455e-03   2.4499885e-02   2.8352385e-02   2.4575831e-02   2.4328167e-02   2.6058079e-02   2.7109378e-02
  -5.1300000e+01   6.0508212e-48   1.1312078e-17   1.4759344e-07   6.9687909e-04   1.0455443e-02   2.5708198e-02   2.8988783e-02   2.4873007e-02   2.4481139e-02   2.6122445e-02   2.7133237e-02
  -5.0850000e+01   8.2791328e-45   9.4425043e-17   3.5491997e-07   9.5319704e-04   1.1703521e-02   2.6945090e-02   2.9619905e-02   2.5166217e-02   2.4632678e-02   2.6186244e-02   2.7156888e-02
  -5.0400000e+01   2.9807738e-42   6.2556283e-16   8.0169224e-07   1.2903326e-03   1.3057649e-02   2.8209272e-02   3.0245260e-02   2.5455455e-02   2.4782785e-02   2.6249476e-02   2.7180330e-02
  -4.9950000e+01   1.2640168e-40   2.4225154e-15   1.7264755e-06   1.7286832e-03   1.4521054e-02   2.9499308e-02   3.0864359e-02   2.5740720e-02   2.4931463e-02   2.6312140e-02   2.7203564e-02
  -4.9500000e+01  -1.8741393e-36  -1.7246903e-14   3.6071673e-06   2.2920562e-03   1.6096330e-02   3.0813619e-02   3.1476717e-02   2.6022011e-02   2.5078714e-02   2.6374238e-02   2.7226589e-02
  -4.9050000e+01  -3.7105240e-33  -5.8162991e-13   7.4606993e-06   3.0076877e-03   1.7785366e-02   3.2150481e-02   3.2081848e-02   2.6299327e-02   2.5224539e-02   2.6435769e-02   2.7249405e-02
  -4.8600000e+01  -1.5635026e-30  -8.9476984e-12   1.5570200e-05   3.9060650e-03   1.9589267e-02   3.3508025e-02   3.2679273e-02   2.6572670e-02   2.5368941e-02   2.6496734e-02   2.7272013e-02
  -4.8150000e+01  -2.1634946e-28  -8.9009459e-11   3.3040995e-05   5.0205027e-03   2.1508296e-02   3.4884240e-02   3.3268517e-02   2.6842043e-02   2.5511921e-02   2.6557133e-02   2.7294412e-02
  -4.7700000e+01  -1.3707084e-26  -2.9318930e-10   7.0378153e-05   6.3864270e-03   2.3541818e-02   3.6276975e-02   3.3849107e-02   2.7107450e-02   2.5653483e-02   2.6616965e-02   2.7316603e-02
  -4.7250000e+01   3.8837412e-24   3.3105403e-09   1.4630878e-04   8.0403354e-03   2.5688255e-02   3.7683940e-02   3.4420579e-02   2.7368896e-02   2.5793627e-02   2.6676230e-02   2.7338585e-02
  -4.6800000e+01   2.2827616e-21   3.0376696e-08   2.8931671e-04   1.0018415e-02   2.7945059e-02   3.9102715e-02   3.4982474e-02   2.7626388e-02   2.5932356e-02   2.6734930e-02   2.7360359e-02
  -4.6350000e+01   7.0633427e-19   1.3466168e-07   5.3783284e-04   1.2354830e-02   3.0308694e-02   4.0530749e-02   3.5534339e-02   2.7879934e-02   2.6069672e-02   2.6793064e-02   2.7381924e-02
  -4.5900000e+01   7.1424772e-17   4.5937017e-07   9.4138409e-04   1.5079711e-02   3.2774633e-02   4.1965370e-02   3.6075731e-02   2.8129543e-02   2.6205576e-02   2.6850632e-02   2.7403280e-02
  -4.5450000e+01   1.7731145e-15   1.3087799e-06   1.5650143e-03   1.8216920e-02   3.5337376e-02   4.3403790e-02   3.6606214e-02   2.8375225e-02   2.6340072e-02   2.6907635e-02   2.7424428e-02
  -4.5000000e+01   1.7250230e-14   2.8629437e-06   2.4987605e-03   2.1781703e-02   3.7990472e-02   4.4843111e-02   3.7125362e-02   2.8616992e-02   2.6473161e-02   2.6964071e-02   2.7445368e-02
  -4.4550000e+01  -2.2481187e-12   1.9666800e-06   3.8759196e-03   2.5778360e-02   4.0726564e-02   4.6280338e-02   3.7632756e-02   2.8854858e-02   2.6604845e-02   2.7019943e-02   2.7466099e-02
  -4.4100000e+01  -3.2005274e-10  -2.7066352e-05   5.9057175e-03   3.0198111e-02   4.3537445e-02   4.7712381e-02   3.8127992e-02   2.9088835e-02   2.6735125e-02   2.7075249e-02   2.7486621e-02
  -4.3650000e+01  -9.6479501e-09  -2.1313903e-04   8.9184358e-03   3.5017354e-02   4.6414120e-02   4.9136071e-02   3.8610674e-02   2.9318939e-02   2.6864005e-02   2.7129989e-02   2.7506935e-02
  -4.3200000e+01  -9.3527991e-08  -9.1826864e-04   1.3389778e-02   4.0196513e-02   4.9346888e-02   5.0548169e-02   3.9080419e-02   2.9545187e-02   2.6991487e-02   2.7184165e-02   2.7527040e-02
  -4.2750000e+01  -4.6259993e-07  -1.3710059e-03   1.9864650e-02   4.5679672e-02   5.2325419e-02   5.1945376e-02   3.9536856e-02   2.9767595e-02   2.7117571e-02   2.7237775e-02   2.7546937e-02
  -4.2300000e+01   5.7907952e-06   5.8527641e-03   2.8727595e-02   5.1395159e-02   5.5338851e-02   5.3324344e-02   3.9979629e-02   2.9986183e-02   2.7242261e-02   2.7290821e-02   2.7566626e-02
  -4.1850000e+01   2.6541428e-04   2.3380133e-02   3.9952166e-02   5.7257196e-02   5.8375873e-02   5.4681694e-02   4.0408393e-02   3.0200969e-02   2.7365557e-02   2.7343302e-02   2.7586105e-02
  -4.1400000e+01   5.8974618e-03   4.3078762e-02   5.3082033e-02   6.3168651e-02   6.1424826e-02   5.6014021e-02   4.0822820e-02   3.0411975e-02   2.7487464e-02   2.7395218e-02   2.7605377e-02
  -4.0950000e+01   4.4223608e-02   6.2281675e-02   6.7460565e-02   6.9024853e-02   6.4473785e-02   5.7317914e-02   4.1222596e-02   3.0619222e-02   2.7607981e-02   2.7446569e-02   2.7624440e-02
  -4.0500000e+01   7.9470788e-02   8.1050651e-02   8.2460558e-02   7.4718334e-02   6.7510648e-02   5.8589970e-02   4.1607423e-02   3.0822732e-02   2.7727112e-02   2.7497357e-02   2.7643294e-02
  -4.0050000e+01   1.0002236e-01   9.9624629e-02   9.7555578e-02   8.0144265e-02   7.0523215e-02   5.9826801e-02   4.1977019e-02   3.1022530e-02   2.7844858e-02   2.7547579e-02   2.7661940e-02
  -3.9600000e+01   1.2024457e-01   1.1818411e-01   1.1226570e-01   8.5206273e-02   7.3499256e-02   6.1025059e-02   4.2331120e-02   3.1218640e-02   2.7961222e-02   2.7597238e-02   2.7680377e-02
  -3.9150000e+01   1.5294687e-01   1.3691312e-01   1.2604862e-01   8.9822278e-02   7.6426576e-02   6.2181442e-02   4.2669479e-02   3.1411087e-02   2.8076204e-02   2.7646332e-02   2.7698606e-02
  -3.8700000e+01   1.9468297e-01   1.5612190e-01   1.3817415e-01   9.3929900e-02   7.9293062e-02   6.3292713e-02   4.2991865e-02   3.1599897e-02   2.8189809e-02   2.7694862e-02   2.7716627e-02
  -3.8250000e+01   2.0297697e-01   1.7631700e-01   1.4764255e-01   9.7491020e-02   8.2086728e-02   6.4355713e-02   4.3298070e-02   3.1785099e-02   2.8302036e-02   2.7742828e-02   2.7734439e-02
  -3.7800000e+01   2.0344226e-01   1.9565571e-01   1.5329317e-01   1.0049508e-01   8.4795744e-02   6.5367378e-02   4.3587900e-02   3.1966719e-02   2.8412889e-02   2.7790231e-02   2.7752042e-02
  -3.7350000e+01   2.0345351e-01   1.9988659e-01   1.5422735e-01   1.0296076e-01   8.7408465e-02   6.6324751e-02   4.3861185e-02   3.2144787e-02   2.8522369e-02   2.7837069e-02   2.7769438e-02
  -3.6900000e+01   2.0324509e-01   1.8329368e-01   1.5032847e-01   1.0493577e-01   8.9913442e-02   6.7224996e-02   4.4117772e-02   3.2319333e-02   2.8630478e-02   2.7883344e-02   2.7786624e-02
  -3.6450000e+01   1.9827315e-01   1.6273116e-01   1.4236272e-01   1.0649462e-01   9.2299442e-02   6.8065415e-02   4.4357531e-02   3.2490386e-02   2.8737218e-02   2.7929056e-02   2.7803603e-02
  -3.6000000e+01   1.6110616e-01   1.4327414e-01   1.3154697e-01   1.0773444e-01   9.4555455e-02   6.8843457e-02   4.4580349e-02   3.2657979e-02   2.8842591e-02   2.7974204e-02   2.7820372e-02
  -3.5550000e+01   1.2573853e-01   1.2448876e-01   1.1905532e-01   1.0876895e-01   9.6670710e-02   6.9556733e-02   4.4786139e-02   3.2822142e-02   2.8946600e-02   2.8018788e-02   2.7836934e-02
  -3.5100000e+01   1.0531321e-01   1.0594425e-01   1.0582629e-01   1.0972091e-01   9.8634686e-02   7.0203029e-02   4.4974831e-02   3.2982908e-02   2.9049245e-02   2.8062809e-02   2.7853287e-02
  -3.4650000e+01   8.5527504e-02   8.7432658e-02   9.2627339e-02   1.1071365e-01   1.0043714e-01   7.0780315e-02   4.5146381e-02   3.3140311e-02   2.9150529e-02   2.8106267e-02   2.7869431e-02
  -3.4200000e+01   5.5525534e-02   6.8787445e-02   8.0220427e-02   1.1186201e-01   1.0206813e-01   7.1286757e-02   4.5300765e-02   3.3294384e-02   2.9250453e-02   2.8149162e-02   2.7885367e-02
  -3.3750000e+01   1.1989858e-02   4.9705163e-02   6.9545643e-02   1.1326358e-01   1.0351807e-01   7.1720728e-02   4.5437980e-02   3.3445161e-02   2.9349020e-02   2.8191494e-02   2.7901095e-02
  -3.3300000e+01   7.4417451e-04   2.9499972e-02   6.1852825e-02   1.1499064e-01   1.0477777e-01   7.2080812e-02   4.5558049e-02   3.3592677e-02   2.9446232e-02   2.8233263e-02   2.7916614e-02
  -3.2850000e+01   2.5364626e-05   9.1006018e-03   5.8614692e-02   1.1708362e-01   1.0583852e-01   7.2365817e-02   4.5661014e-02   3.3736968e-02   2.9542089e-02   2.8274469e-02   2.7931925e-02
  -3.2400000e+01   2.3477711e-06   4.1380656e-03   6.1048187e-02   1.1954642e-01   1.0669214e-01   7.2574779e-02   4.5746945e-02   3.3878070e-02   2.9636595e-02   2.8315113e-02   2.7947028e-02
  -3.1950000e+01   2.5257642e-04   2.7048926e-02   6.9452585e-02   1.2234420e-01   1.0733114e-01   7.2706970e-02   4.5815929e-02   3.4016018e-02   2.9729751e-02   2.8355194e-02   2.7961922e-02
  -3.1500000e+01   6.9478538e-03   5.6637761e-02   8.3003263e-02   1.2540366e-01   1.0774874e-01   7.2761897e-02   4.5868081e-02   3.4150849e-02   2.9821558e-02   2.8394712e-02   2.7976607e-02
  -3.1050000e+01   6.0191669e-02   8.4804686e-02   1.0023877e-01   1.2861605e-01   1.0793907e-01   7.2739310e-02   4.5903537e-02   3.4282601e-02   2.9912019e-02   2.8433667e-02   2.7991085e-02
  -3.0600000e+01   1.1044068e-01   1.1206215e-01   1.1969852e-01   1.3184258e-01   1.0789723e-01   7.2639205e-02   4.5922455e-02   3.4411310e-02   3.0001135e-02   2.8472061e-02   2.8005353e-02
  -3.0150000e+01   1.3971025e-01   1.3900498e-01   1.4020809e-01   1.3492203e-01   1.0761948e-01   7.2461819e-02   4.5925020e-02   3.4537015e-02   3.0088908e-02   2.8509892e-02   2.8019414e-02
  -2.9700000e+01   1.6766462e-01   1.6588795e-01   1.6082506e-01   1.3767998e-01   1.0710330e-01   7.2207635e-02   4.5911435e-02   3.4659754e-02   3.0175340e-02   2.8547160e-02   2.8033266e-02
  -2.9250000e+01   2.0509916e-01   1.9287879e-01   1.8064358e-01   1.3993904e-01   1.0634757e-01   7.1877377e-02   4.5881929e-02   3.4779564e-02   3.0260432e-02   2.8583867e-02   2.8046910e-02
  -2.8800000e+01   2.6817963e-01   2.2027413e-01   1.9856951e-01   1.4152934e-01   1.0535266e-01   7.1472009e-02   4.5836753e-02   3.4896485e-02   3.0344187e-02   2.8620011e-02   2.8060345e-02
  -2.8350000e+01   2.9433446e-01   2.4887830e-01   2.1314311e-01   1.4229872e-01   1.0412053e-01   7.0992730e-02   4.5776181e-02   3.5010554e-02   3.0426605e-02   2.8655594e-02   2.8073572e-02
  -2.7900000e+01   2.9645717e-01   2.7866871e-01   2.2259409e-01   1.4212171e-01   1.0265481e-01   7.0440967e-02   4.5700507e-02   3.5121812e-02   3.0507688e-02   2.8690614e-02   2.8086591e-02
  -2.7450000e+01   2.9654306e-01   2.9344569e-01   2.2535837e-01   1.4090692e-01   1.0096087e-01   6.9818373e-02   4.5610049e-02   3.5230297e-02   3.0587439e-02   2.8725073e-02   2.8099401e-02
  -2.7000000e+01   2.9633147e-01   2.7290889e-01   2.2088116e-01   1.3860220e-01   9.9045853e-02   6.9126812e-02   4.5505145e-02   3.5336047e-02   3.0665859e-02   2.8758969e-02   2.8112003e-02
  -2.6550000e+01   2.8952278e-01   2.4282540e-01   2.0995543e-01   1.3519744e-01   9.6918657e-02   6.8368359e-02   4.5386156e-02   3.5439103e-02   3.0742949e-02   2.8792304e-02   2.8124396e-02
  -2.6100000e+01   2.3580551e-01   2.1465593e-01   1.9420084e-01   1.3072472e-01   9.4589931e-02   6.7545283e-02   4.5253462e-02   3.5539503e-02   3.0818711e-02   2.8825078e-02   2.8136582e-02
  -2.5650000e+01   1.8986194e-01   1.8754112e-01   1.7526985e-01   1.2525610e-01   9.2072007e-02   6.6660039e-02   4.5107463e-02   3.5637286e-02   3.0893147e-02   2.8857290e-02   2.8148558e-02
  -2.5200000e+01   1.6138197e-01   1.6071924e-01   1.5444009e-01   1.1889914e-01   8.9378804e-02   6.5715260e-02   4.4948579e-02   3.5732493e-02   3.0966257e-02   2.8888940e-02   2.8160327e-02
  -2.4750000e+01   1.3447999e-01   1.3396288e-01   1.3262294e-01   1.1179059e-01   8.6525705e-02   6.4713736e-02   4.4777250e-02   3.5825161e-02   3.1038044e-02   2.8920029e-02   2.8171887e-02
  -2.4300000e+01   1.0763396e-01   1.0719448e-01   1.1053648e-01   1.0408889e-01   8.3529405e-02   6.3658411e-02   4.4593933e-02   3.5915330e-02   3.1108510e-02   2.8950557e-02   2.8183239e-02
  -2.3850000e+01   8.0757847e-02   8.0298649e-02   8.8888386e-02   9.5965803e-02   8.0407723e-02   6.2552360e-02   4.4399104e-02   3.6003039e-02   3.1177655e-02   2.8980523e-02   2.8194382e-02
  -2.3400000e+01   5.3854775e-02   5.2851984e-02   6.8514721e-02   8.7597984e-02   7.7179404e-02   6.1398785e-02   4.4193255e-02   3.6088326e-02   3.1245481e-02   2.9009928e-02   2.8205317e-02
  -2.2950000e+01   2.6825381e-02   2.4291626e-02   5.0397849e-02   7.9158875e-02   7.3863885e-02   6.0200988e-02   4.3976894e-02   3.6171230e-02   3.1311990e-02   2.9038772e-02   2.8216044e-02
  -2.2500000e+01   7.1661094e-08   1.4445961e-03   3.5447448e-02   7.0811457e-02   7.0481067e-02   5.8962369e-02   4.3750547e-02   3.6251790e-02   3.1377182e-02   2.9067054e-02   2.8226563e-02
  -2.2050000e+01  -1.0919895e-04  -2.5428560e-03   2.4096547e-02   6.2702232e-02   6.7051055e-02   5.7686402e-02   4.3514753e-02   3.6330044e-02   3.1441060e-02   2.9094776e-02   2.8236873e-02
  -2.1600000e+01  -8.9186715e-07  -7.9374040e-04   1.6079539e-02   5.4956673e-02   6.3593918e-02   5.6376621e-02   4.3270063e-02   3.6406029e-02   3.1503625e-02   2.9121937e-02   2.8246974e-02
  -2.1150000e+01  -5.4164533e-09  -1.3654991e-04   1.0655242e-02   4.7676279e-02   6.0129433e-02   5.5036608e-02   4.3017045e-02   3.6479783e-02   3.1564878e-02   2.9148536e-02   2.8256868e-02
  -2.0700000e+01  -2.7975350e-11  -1.0020849e-05   7.0244924e-03   4.0937226e-02   5.6676849e-02   5.3669977e-02   4.2756276e-02   3.6551344e-02   3.1624820e-02   2.9174575e-02   2.8266553e-02
  -2.0250000e+01  -6.6497358e-14   4.0757268e-06   4.5767736e-03   3.4790488e-02   5.3254655e-02   5.2280357e-02   4.2488347e-02   3.6620748e-02   3.1683453e-02   2.9200053e-02   2.8276030e-02
  -1.9800000e+01   3.7006649e-15   2.6554319e-06   2.9159132e-03   2.9263230e-02   4.9880379e-02   5.0871378e-02   4.2213856e-02   3.6688032e-02   3.1740778e-02   2.9224970e-02   2.8285298e-02
  -1.9350000e+01   2.1983017e-16   1.0448889e-06   1.7954622e-03   2.4361181e-02   4.6570391e-02   4.9446657e-02   4.1933412e-02   3.6753231e-02   3.1796796e-02   2.9249327e-02   2.8294358e-02
  -1.8900000e+01   8.1036931e-18   3.3650736e-07   1.0560129e-03   2.0071708e-02   4.3339750e-02   4.8009786e-02   4.1647633e-02   3.6816383e-02   3.1851508e-02   2.9273123e-02   2.8303210e-02
  -1.8450000e+01   5.9875601e-20   9.0104758e-08   5.8690961e-04   1.6367277e-02   4.0202065e-02   4.6564316e-02   4.1357142e-02   3.6877522e-02   3.1904917e-02   2.9296358e-02   2.8311854e-02
  -1.8000000e+01   1.1562837e-22   1.6670007e-08   3.0617539e-04   1.3209043e-02   3.7169396e-02   4.5113744e-02   4.1062569e-02   3.6936683e-02   3.1957022e-02   2.9319033e-02   2.8320289e-02
  -1.7550000e+01   3.6217976e-26   5.6074076e-10   1.5043537e-04   1.0550336e-02   3.4252174e-02   4.3661504e-02   4.0764551e-02   3.6993900e-02   3.2007825e-02   2.9341147e-02   2.8328516e-02
  -1.7100000e+01  -9.9641096e-28  -2.7256417e-10   7.0934642e-05   8.3398591e-03   3.1459168e-02   4.2210955e-02   4.0463726e-02   3.7049207e-02   3.2057328e-02   2.9362700e-02   2.8336535e-02
  -1.6650000e+01  -6.6640916e-30  -3.7464323e-11   3.3071443e-05   6.5244862e-03   2.8797467e-02   4.0765368e-02   4.0160735e-02   3.7102637e-02   3.2105530e-02   2.9383694e-02   2.8344345e-02
  -1.6200000e+01  -2.2268393e-32  -2.8767712e-12   1.5618735e-05   5.0515766e-03   2.6272496e-02   3.9327919e-02   3.9856223e-02   3.7154223e-02   3.2152434e-02   2.9404127e-02   2.8351947e-02
  -1.5750000e+01  -1.8158629e-35  -1.4368242e-13   7.5000068e-06   3.8707797e-03   2.3888062e-02   3.7901681e-02   3.9550833e-02   3.7203997e-02   3.2198041e-02   2.9423999e-02   2.8359341e-02
  -1.5300000e+01  -4.6561697e-39   3.0178789e-16   3.6085832e-06   2.9353421e-03   2.1646419e-02   3.6489613e-02   3.9245209e-02   3.7251990e-02   3.2242351e-02   2.9443311e-02   2.8366526e-02
  -1.4850000e+01   4.9500660e-42   1.3461964e-15   1.7035106e-06   2.2029551e-03   1.9548358e-02   3.5094559e-02   3.8939992e-02   3.7298234e-02   3.2285365e-02   2.9462064e-02   2.8373503e-02
  -1.4400000e+01   2.0465570e-44   2.4367004e-16   7.7381667e-07   1.6362034e-03   1.7593306e-02   3.3719236e-02   3.8635821e-02   3.7342758e-02   3.2327085e-02   2.9480255e-02   2.8380272e-02
  -1.3950000e+01   4.2357601e-47   3.1956059e-17   3.3270714e-07   1.2026853e-03   1.5779454e-02   3.2366234e-02   3.8333331e-02   3.7385592e-02   3.2367511e-02   2.9497887e-02   2.8386833e-02
  -1.3500000e+01   1.7818619e-50   3.3762072e-18   1.3353161e-07   8.7488022e-04   1.4103876e-02   3.1038010e-02   3.8033151e-02   3.7426765e-02   3.2406645e-02   2.9514959e-02   2.8393185e-02
  -1.3050000e+01   2.3137372e-54   2.4963564e-19   4.9572060e-08   6.2983439e-04   1.2562674e-02   2.9736887e-02   3.7735904e-02   3.7466304e-02   3.2444486e-02   2.9531470e-02   2.8399329e-02
  -1.2600000e+01   8.7693649e-59   4.7694395e-21   1.7065729e-08   4.4873008e-04   1.1151114e-02   2.8465051e-02   3.7442204e-02   3.7504237e-02   3.2481037e-02   2.9547422e-02   2.8405265e-02
  -1.2150000e+01  -6.8597652e-62  -5.7901832e-22   5.5759932e-09   3.1639189e-04   9.8637670e-03   2.7224553e-02   3.7152660e-02   3.7540591e-02   3.2516298e-02   2.9562813e-02   2.8410992e-02
  -1.1700000e+01  -3.3170777e-65  -3.5077830e-23   1.8058525e-09   2.2077373e-04   8.6946462e-03   2.6017303e-02   3.6867867e-02   3.7575391e-02   3.2550269e-02   2.9577644e-02   2.8416511e-02
  -1.1250000e+01  -8.8826127e-69  -1.1153145e-24   6.0416607e-10   1.5245859e-04   7.6373404e-03   2.4845079e-02   3.6588412e-02   3.7608663e-02   3.2582952e-02   2.9591916e-02   2.8421822e-02
  -1.0800000e+01  -6.6764248e-73  -2.4441461e-26   2.1081603e-10   1.0419317e-04   6.6851402e-03   2.3709524e-02   3.6314869e-02   3.7640430e-02   3.2614346e-02   2.9605628e-02   2.8426925e-02
  -1.0350000e+01  -1.3458225e-77  -1.9961477e-28   7.4928370e-11   7.0470861e-05   5.8311546e-03   2.2612149e-02   3.6047798e-02   3.7670717e-02   3.2644454e-02   2.9618779e-02   2.8431819e-02
  -9.9000000e+00   4.2228129e-82   1.7668996e-29   2.6227986e-11   4.7169647e-05   5.0684183e-03   2.1554340e-02   3.5787748e-02   3.7699545e-02   3.2673276e-02   2.9631371e-02   2.8436505e-02
  -9.4500000e+00   1.3299099e-85   1.4749087e-30   8.7944145e-12   3.1246256e-05   4.3899873e-03   2.0537358e-02   3.5535249e-02   3.7726936e-02   3.2700812e-02   2.9643403e-02   2.8440983e-02
  -9.0000000e+00   1.6955656e-89   7.7956331e-32   2.7675496e-12   2.0484021e-05   3.7890237e-03   1.9562343e-02   3.5290818e-02   3.7752911e-02   3.2727063e-02   2.9654875e-02   2.8445252e-02
  -8.5500000e+00   4.5974398e-94   3.2412628e-33   8.0436207e-13   1.3289665e-05   3.2588676e-03   1.8630327e-02   3.5054953e-02   3.7777490e-02   3.2752029e-02   2.9665788e-02   2.8449314e-02
  -8.1000000e+00   4.0714144e-99   9.5989268e-35   2.1345794e-13   8.5328572e-06   2.7930985e-03   1.7742229e-02   3.4828134e-02   3.7800692e-02   3.2775712e-02   2.9676140e-02   2.8453167e-02
  -7.6500000e+00  1.4147638e-104   9.4292253e-37   5.1722840e-14   5.4219687e-06   2.3855844e-03   1.6898869e-02   3.4610824e-02   3.7822535e-02   3.2798111e-02   2.9685933e-02   2.8456811e-02
  -7.2000000e+00 -4.0754099e-109  -3.0068228e-38   1.1720420e-14   3.4095915e-06   2.0305203e-03   1.6100972e-02   3.4403465e-02   3.7843037e-02   3.2819228e-02   2.9695166e-02   2.8460248e-02
  -6.7500000e+00 -1.4332056e-113  -8.1188048e-40   2.6229978e-15   2.1219313e-06   1.7224573e-03   1.5349174e-02   3.4206479e-02   3.7862214e-02   3.2839062e-02   2.9703840e-02   2.8463476e-02
  -6.3000000e+00 -2.7728764e-118  -1.0520793e-41   6.1721887e-16   1.3069069e-06   1.4563218e-03   1.4644027e-02   3.4020264e-02   3.7880080e-02   3.2857614e-02   2.9711954e-02   2.8466496e-02
  -5.8500000e+00 -1.6509767e-123  -9.5208020e-44   1.5600373e-16   7.9660443e-07   1.2274276e-03   1.3986010e-02   3.3845200e-02   3.7896651e-02   3.2874885e-02   2.9719508e-02   2.8469307e-02
  -5.4000000e+00 -2.4063269e-129  -4.4989036e-46   4.0974802e-17   4.8053548e-07   1.0314795e-03   1.3375533e-02   3.3681641e-02   3.7911941e-02   3.2890876e-02   2.9726503e-02   2.8471910e-02
  -4.9500000e+00  2.1962658e-135   5.9236493e-48   1.0646100e-17   2.8687485e-07   8.6457300e-04   1.2812945e-02   3.3529918e-02   3.7925960e-02   3.2905585e-02   2.9732938e-02   2.8474305e-02
  -4.5000000e+00  6.1687108e-140   2.3791027e-49   2.6369154e-18   1.6948975e-07   7.2318760e-04   1.2298538e-02   3.3390340e-02   3.7938722e-02   3.2919014e-02   2.9738813e-02   2.8476492e-02
  -4.0500000e+00  5.0617798e-145   5.0652355e-51   6.0799257e-19   9.9101282e-08   6.0417719e-04   1.1832556e-02   3.3263189e-02   3.7950236e-02   3.2931164e-02   2.9744129e-02   2.8478471e-02
  -3.6000000e+00  9.2974706e-151   8.2965298e-53   1.2824504e-19   5.7346319e-08   5.0475754e-04   1.1415201e-02   3.3148722e-02   3.7960513e-02   3.2942033e-02   2.9748885e-02   2.8480241e-02
  -3.1500000e+00  5.6512106e-157   9.8565927e-55   2.4418843e-20   3.2843107e-08   4.2249208e-04   1.1046636e-02   3.3047170e-02   3.7969560e-02   3.2951624e-02   2.9753081e-02   2.8481803e-02
  -2.7000000e+00  1.6086352e-163   4.6588205e-57   4.1826175e-21   1.8619779e-08   3.5527684e-04   1.0726993e-02   3.2958740e-02   3.7977386e-02   3.2959935e-02   2.9756718e-02   2.8483157e-02
  -2.2500000e+00 -1.8604802e-169  -4.0144724e-59   6.5835467e-22   1.0456294e-08   3.0132528e-04   1.0456375e-02   3.2883610e-02   3.7983996e-02   3.2966967e-02   2.9759796e-02   2.8484302e-02
  -1.8000000e+00 -4.8714851e-175  -4.9370590e-61   1.0130633e-22   5.8297598e-09   2.5915379e-04   1.0234864e-02   3.2821932e-02   3.7989397e-02   3.2972720e-02   2.9762314e-02   2.8485239e-02
  -1.3500000e+00 -6.6048573e-181  -2.5912601e-63   1.6624283e-23   3.2530020e-09   2.2756839e-04   1.0062520e-02   3.2773830e-02   3.7993593e-02   3.2977195e-02   2.9764272e-02   2.8485968e-02
  -9.0000000e-01 -2.8982615e-187  -9.4727008e-66   3.0350010e-24   1.8664636e-09   2.0565320e-04   9.9393882e-03   3.2739402e-02   3.7996588e-02   3.2980391e-02   2.9765671e-02   2.8486489e-02
  -4.5000000e-01 -2.9209893e-194  -2.0797460e-68   6.0981673e-25   1.1921020e-09   1.9276098e-04   9.8654974e-03   3.2718717e-02   3.7998383e-02   3.2982309e-02   2.9766510e-02   2.8486801e-02
   0.0000000e+00  1.0228111e-201   9.6870641e-71   2.2758274e-25   9.9133653e-10   1.8850624e-04   9.8408652e-03   3.2711818e-02   3.7998982e-02   3.2982948e-02   2.9766790e-02   2.8486905e-02
   4.5000000e-01 -2.9209893e-194  -2.0797460e-68   6.0981673e-25   1.1921020e-09   1.9276098e-04   9.8654974e-03   3.2718717e-02   3.7998383e-02   3.2982309e-02   2.9766510e-02   2.8486801e-02
   9.0000000e-01 -2.8982615e-187  -9.4727008e-66   3.0350010e-24   1.8664636e-09   2.0565320e-04   9.9393882e-03   3.2739402e-02   3.7996588e-02   3.2980391e-02   2.9765671e-02   2.8486489e-02
   1.3500000e+00 -6.6048573e-181  -2.5912601e-63   1.6624283e-23   3.2530020e-09   2.2756839e-04   1.0062520e-02   3.2773830e-02   3.7993593e-02   3.2977195e-02   2.9764272e-02   2.8485968e-02
   1.8000000e+00 -4.8714851e-175  -4.9370590e-61   1.0130633e-22   5.8297598e-09   2.5915379e-04   1.0234864e-02   3.2821932e-02   3.7989397e-02   3.2972720e-02   2.9762314e-02   2.8485239e-02
   2.2500000e+00 -1.8604802e-169  -4.0144724e-59   6.5835467e-22   1.0456294e-08   3.0132528e-04   1.0456375e-02   3.2883610e-02   3.7983996e-02   3.2966967e-02   2.9759796e-02   2.8484302e-02
   2.7000000e+00  1.6086352e-163   4.6588205e-57   4.1826175e-21   1.8619779e-08   3.5527684e-04   1.0726993e-02   3.2958740e-02   3.7977386e-02   3.2959935e-02   2.9756718e-02   2.8483157e-02
   3.1500000e+00  5.6512106e-157   9.8565927e-55   2.4418843e-20   3.2843107e-08   4.2249208e-04   1.1046636e-02   3.3047170e-02   3.7969560e-02   3.2951624e-02   2.9753081e-02   2.8481803e-02
   3.6000000e+00  9.2974706e-151   8.2965298e-53   1.2824504e-19   5.7346319e-08   5.0475754e-04   1.1415201e-02   3.3148722e-02   3.7960513e-02   3.2942033e-02   2.9748885e-02   2.8480241e-02
   4.0500000e+00  5.0617798e-145   5.0652355e-51   6.0799257e-19   9.9101282e-08   6.0417719e-04   1.1832556e-02   3.3263189e-02   3.7950236e-02   3.2931164e-02   2.9744129e-02   2.8478471e-02
   4.5000000e+00  6.1687108e-140   2.3791027e-49   2.6369154e-18   1.6948975e-07   7.2318760e-04   1.2298538e-02   3.3390340e-02   3.7938722e-02   3.2919014e-02   2.9738813e-02   2.8476492e-02
   4.9500000e+00  2.1962658e-135   5.9236493e-48   1.0646100e-17   2.8687485e-07   8.6457300e-04   1.2812945e-02   3.3529918e-02   3.7925960e-02   3.2905585e-02   2.9732938e-02   2.8474305e-02
   5.4000000e+00 -2.4063269e-129  -4.4989036e-46   4.0974802e-17   4.8053548e-07   1.0314795e-03   1.3375533e-02   3.3681641e-02   3.7911941e-02   3.2890876e-02   2.9726503e-02   2.8471910e-02
   5.8500000e+00 -1.6509767e-123  -9.5208020e-44   1.5600373e-16   7.9660443e-07   1.2274276e-03   1.3986010e-02   3.3845200e-02   3.7896651e-02   3.2874885e-02   2.9719508e-02   2.8469307e-02
   6.3000000e+00 -2.7728764e-118  -1.0520793e-41   6.1721887e-16   1.3069069e-06   1.4563218e-03   1.4644027e-02   3.4020264e-02   3.7880080e-02   3.2857614e-02   2.9711954e-02   2.8466496e-02
   6.7500000e+00 -1.4332056e-113  -8.1188048e-40   2.6229978e-15   2.1219313e-06   1.7224573e-03   1.5349174e-02   3.4206479e-02   3.7862214e-02   3.2839062e-02   2.9703840e-02   2.8463476e-02
   7.2000000e+00 -4.0754099e-109  -3.0068228e-38   1.1720420e-14   3.4095915e-06   2.0305203e-03   1.6100972e-02   3.4403465e-02   3.7843037e-02   3.2819228e-02   2.9695166e-02   2.8460248e-02
   7.6500000e+00  1.4147638e-104   9.4292253e-37   5.1722840e-14   5.4219687e-06   2.3855844e-03   1.6898869e-02   3.4610824e-02   3.7822535e-02   3.2798111e-02   2.9685933e-02   2.8456811e-02
   8.1000000e+00   4.0714144e-99   9.5989268e-35   2.1345794e-13   8.5328572e-06   2.7930985e-03   1.7742229e-02   3.4828134e-02   3.7800692e-02   3.2775712e-02   2.9676140e-02   2.8453167e-02
   8.5500000e+00   4.5974398e-94   3.2412628e-33   8.0436207e-13   1.3289665e-05   3.2588676e-03   1.8630327e-02   3.5054953e-02   3.7777490e-02   3.2752029e-02   2.9665788e-02   2.8449314e-02
   9.0000000e+00   1.6955656e-89   7.7956331e-32   2.7675496e-12   2.0484021e-05   3.7890237e-03   1.9562343e-02   3.5290818e-02   3.7752911e-02   3.2727063e-02   2.9654875e-02   2.8445252e-02
   9.4500000e+00   1.3299099e-85   1.4749087e-30   8.7944145e-12   3.1246256e-05   4.3899873e-03   2.0537358e-02   3.5535249e-02   3.7726936e-02   3.2700812e-02   2.9643403e-02   2.8440983e-02
   9.9000000e+00   4.2228129e-82   1.7668996e-29   2.6227986e-11   4.7169647e-05   5.0684183e-03   2.1554340e-02   3.5787748e-02   3.7699545e-02   3.2673276e-02   2.9631371e-02   2.8436505e-02
   1.0350000e+01  -1.3458225e-77  -1.9961477e-28   7.4928370e-11   7.0470861e-05   5.8311546e-03   2.2612149e-02   3.6047798e-02   3.7670717e-02   3.2644454e-02   2.9618779e-02   2.8431819e-02
   1.0800000e+01  -6.6764248e-73  -2.4441461e-26   2.1081603e-10   1.0419317e-04   6.6851402e-03   2.3709524e-02   3.6314869e-02   3.7640430e-02   3.2614346e-02   2.9605628e-02   2.8426925e-02
   1.1250000e+01  -8.8826127e-69  -1.1153145e-24   6.0416607e-10   1.5245859e-04   7.6373404e-03   2.4845079e-02   3.6588412e-02   3.7608663e-02   3.2582952e-02   2.9591916e-02   2.8421822e-02
   1.1700000e+01  -3.3170777e-65  -3.5077830e-23   1.8058525e-09   2.2077373e-04   8.6946462e-03   2.6017303e-02   3.6867867e-02   3.7575391e-02   3.2550269e-02   2.9577644e-02   2.8416511e-02
   1.2150000e+01  -6.8597652e-62  -5.7901832e-22   5.5759932e-09   3.1639189e-04   9.8637670e-03   2.7224553e-02   3.7152660e-02   3.7540591e-02   3.2516298e-02   2.9562813e-02   2.8410992e-02
   1.2600000e+01   8.7693649e-59   4.7694395e-21   1.7065729e-08   4.4873008e-04   1.1151114e-02   2.8465051e-02   3.7442204e-02   3.7504237e-02   3.2481037e-02   2.9547422e-02   2.8405265e-02
   1.3050000e+01   2.3137372e-54   2.4963564e-19   4.9572060e-08   6.2983439e-04   1.2562674e-02   2.9736887e-02   3.7735904e-02   3.7466304e-02   3.2444486e-02   2.9531470e-02   2.8399329e-02
   1.3500000e+01   1.7818619e-50   3.3762072e-18   1.3353161e-07   8.7488022e-04   1.4103876e-02   3.1038010e-02   3.8033151e-02   3.7426765e-02   3.2406645e-02   2.9514959e-02   2.8393185e-02
   1.3950000e+01   4.2357601e-47   3.1956059e-17   3.3270714e-07   1.2026853e-03   1.5779454e-02   3.2366234e-02   3.8333331e-02   3.7385592e-02   3.2367511e-02   2.9497887e-02   2.8386833e-02
   1.4400000e+01   2.0465570e-44   2.4367004e-16   7.7381667e-07   1.6362034e-03   1.7593306e-02   3.3719236e-02   3.8635821e-02   3.7342758e-02   3.2327085e-02   2.9480255e-02   2.8380272e-02
   1.4850000e+01   4.9500660e-42   1.3461964e-15   1.7035106e-06   2.2029551e-03   1.9548358e-02   3.5094559e-02   3.8939992e-02   3.7298234e-02   3.2285365e-02   2.9462064e-02   2.8373503e-02
   1.5300000e+01  -4.6561697e-39   3.0178789e-16   3.6085832e-06   2.9353421e-03   2.1646419e-02   3.6489613e-02   3.9245209e-02   3.7251990e-02   3.2242351e-02   2.9443311e-02   2.8366526e-02
   1.5750000e+01  -1.8158629e-35  -1.4368242e-13   7.5000068e-06   3.8707797e-03   2.3888062e-02   3.7901681e-02   3.9550833e-02   3.7203997e-02   3.2198041e-02   2.9423999e-02   2.8359341e-02
   1.6200000e+01  -2.2268393e-32  -2.8767712e-12   1.5618735e-05   5.0515766e-03   2.6272496e-02   3.9327919e-02   3.9856223e-02   3.7154223e-02   3.2152434e-02   2.9404127e-02   2.8351947e-02
   1.6650000e+01  -6.6640916e-30  -3.7464323e-11   3.3071443e-05   6.5244862e-03   2.8797467e-02   4.0765368e-02   4.0160735e-02   3.7102637e-02   3.2105530e-02   2.9383694e-02   2.8344345e-02
   1.7100000e+01  -9.9641096e-28  -2.7256417e-10   7.0934642e-05   8.3398591e-03   3.1459168e-02   4.2210955e-02   4.0463726e-02   3.7049207e-02   3.2057328e-02   2.9362700e-02   2.8336535e-02
   1.7550000e+01   3.6217976e-26   5.6074076e-10   1.5043537e-04   1.0550336e-02   3.4252174e-02   4.3661504e-02   4.0764551e-02   3.6993900e-02   3.2007825e-02   2.9341147e-02   2.8328516e-02
   1.8000000e+01   1.1562837e-22   1.6670007e-08   3.0617539e-04   1.3209043e-02   3.7169396e-02   4.5113744e-02   4.1062569e-02   3.6936683e-02   3.1957022e-02   2.9319033e-02   2.8320289e-02
   1.8450000e+01   5.9875601e-20   9.0104758e-08   5.8690961e-04   1.6367277e-02   4.0202065e-02   4.6564316e-02   4.1357142e-02   3.6877522e-02   3.1904917e-02   2.9296358e-02   2.8311854e-02
   1.8900000e+01   8.1036931e-18   3.3650736e-07   1.0560129e-03   2.0071708e-02   4.3339750e-02   4.8009786e-02   4.1647633e-02   3.6816383e-02   3.1851508e-02   2.9273123e-02   2.8303210e-02
   1.9350000e+01   2.1983017e-16   1.0448889e-06   1.7954622e-03   2.4361181e-02   4.6570391e-02   4.9446657e-02   4.1933412e-02   3.6753231e-02   3.1796796e-02   2.9249327e-02   2.8294358e-02
   1.9800000e+01   3.7006649e-15   2.6554319e-06   2.9159132e-03   2.9263230e-02   4.9880379e-02   5.0871378e-02   4.2213856e-02   3.6688032e-02   3.1740778e-02   2.9224970e-02   2.8285298e-02
   2.0250000e+01  -6.6497358e-14   4.0757268e-06   4.5767736e-03   3.4790488e-02   5.3254655e-02   5.2280357e-02   4.2488347e-02   3.6620748e-02   3.1683453e-02   2.9200053e-02   2.8276030e-02
   2.0700000e+01  -2.7975350e-11  -1.0020849e-05   7.0244924e-03   4.0937226e-02   5.6676849e-02   5.3669977e-02   4.2756276e-02   3.6551344e-02   3.1624820e-02   2.9174575e-02   2.8266553e-02
   2.1150000e+01  -5.4164533e-09  -1.3654991e-04   1.0655242e-02   4.7676279e-02   6.0129433e-02   5.5036608e-02   4.3017045e-02   3.6479783e-02   3.1564878e-02   2.9148536e-02   2.8256868e-02
   2.1600000e+01  -8.9186715e-07  -7.9374040e-04   1.6079539e-02   5.4956673e-02   6.3593918e-02   5.6376621e-02   4.3270063e-02   3.6406029e-02   3.1503625e-02   2.9121937e-02   2.8246974e-02
   2.2050000e+01  -1.0919895e-04  -2.5428560e-03   2.4096547e-02   6.2702232e-02   6.7051055e-02   5.7686402e-02   4.3514753e-02   3.6330044e-02   3.1441060e-02   2.9094776e-02   2.8236873e-02
   2.2500000e+01   7.1661094e-08   1.4445961e-03   3.5447448e-02   7.0811457e-02   7.0481067e-02   5.8962369e-02   4.3750547e-02   3.6251790e-02   3.1377182e-02   2.9067054e-02   2.8226563e-02
   2.2950000e+01   2.6825381e-02   2.4291626e-02   5.0397849e-02   7.9158875e-02   7.3863885e-02   6.0200988e-02   4.3976894e-02   3.6171230e-02   3.1311990e-02   2.9038772e-02   2.8216044e-02
   2.3400000e+01   5.3854775e-02   5.2851984e-02   6.8514721e-02   8.7597984e-02   7.7179404e-02   6.1398785e-02   4.4193255e-02   3.6088326e-02   3.1245481e-02   2.9009928e-02   2.8205317e-02
   2.3850000e+01   8.0757847e-02   8.0298649e-02   8.8888386e-02   9.5965803e-02   8.0407723e-02   6.2552360e-02   4.4399104e-02   3.6003039e-02   3.1177655e-02   2.8980523e-02   2.8194382e-02
   2.4300000e+01   1.0763396e-01   1.0719448e-01   1.1053648e-01   1.0408889e-01   8.3529405e-02   6.3658411e-02   4.4593933e-02   3.5915330e-02   3.1108510e-02   2.8950557e-02   2.8183239e-02
   2.4750000e+01   1.3447999e-01   1.3396288e-01   1.3262294e-01   1.1179059e-01   8.6525705e-02   6.4713736e-02   4.4777250e-02   3.5825161e-02   3.1038044e-02   2.8920029e-02   2.8171887e-02
   2.5200000e+01   1.6138197e-01   1.6071924e-01   1.5444009e-01   1.1889914e-01   8.9378804e-02   6.5715260e-02   4.4948579e-02   3.5732493e-02   3.0966257e-02   2.8888940e-02   2.8160327e-02
   2.5650000e+01   1.8986194e-01   1.8754112e-01   1.7526985e-01   1.2525610e-01   9.2072007e-02   6.6660039e-02   4.5107463e-02   3.5637286e-02   3.0893147e-02   2.8857290e-02   2.8148558e-02
   2.6100000e+01   2.3580551e-01   2.1465593e-01   1.9420084e-01   1.3072472e-01   9.4589931e-02   6.7545283e-02   4.5253462e-02   3.5539503e-02   3.0818711e-02   2.8825078e-02   2.8136582e-02
   2.6550000e+01   2.8952278e-01   2.4282540e-01   2.0995543e-01   1.3519744e-01   9.6918657e-02   6.8368359e-02   4.5386156e-02   3.5439103e-02   3.0742949e-02   2.8792304e-02   2.8124396e-02
   2.7000000e+01   2.9633147e-01   2.7290889e-01   2.2088116e-01   1.3860220e-01   9.9045853e-02   6.9126812e-02   4.5505145e-02   3.5336047e-02   3.0665859e-02   2.8758969e-02   2.8112003e-02
   2.7450000e+01   2.9654306e-01   2.9344569e-01   2.2535837e-01   1.4090692e-01   1.0096087e-01   6.9818373e-02   4.5610049e-02   3.5230297e-02   3.0587439e-02   2.8725073e-02   2.8099401e-02
   2.7900000e+01   2.9645717e-01   2.7866871e-01   2.2259409e-01   1.4212171e-01   1.0265481e-01   7.0440967e-02   4.5700507e-02   3.5121812e-02   3.0507688e-02   2.8690614e-02   2.8086591e-02
   2.8350000e+01   2.9433446e-01   2.4887830e-01   2.1314311e-01   1.4229872e-01   1.0412053e-01   7.0992730e-02   4.5776181e-02   3.5010554e-02   3.0426605e-02   2.8655594e-02   2.8073572e-02
   2.8800000e+01   2.6817963e-01   2.2027413e-01   1.9856951e-01   1.4152934e-01   1.0535266e-01   7.1472009e-02   4.5836753e-02   3.4896485e-02   3.0344187e-02   2.8620011e-02   2.8060345e-02
   2.9250000e+01   2.0509916e-01   1.9287879e-01   1.8064358e-01   1.3993904e-01   1.0634757e-01   7.1877377e-02   4.5881929e-02   3.4779564e-02   3.0260432e-02   2.8583867e-02   2.8046910e-02
   2.9700000e+01   1.6766462e-01   1.6588795e-01   1.6082506e-01   1.3767998e-01   1.0710330e-01   7.2207635e-02   4.5911435e-02   3.4659754e-02   3.0175340e-02   2.8547160e-02   2.8033266e-02
   3.0150000e+01   1.3971025e-01   1.3900498e-01   1.4020809e-01   1.3492203e-01   1.0761948e-01   7.2461819e-02   4.5925020e-02   3.4537015e-02   3.0088908e-02   2.8509892e-02   2.8019414e-02
   3.0600000e+01   1.1044068e-01   1.1206215e-01   1.1969852e-01   1.3184258e-01   1.0789723e-01   7.2639205e-02   4.5922455e-02   3.4411310e-02   3.0001135e-02   2.8472061e-02   2.8005353e-02
   3.1050000e+01   6.0191669e-02   8.4804686e-02   1.0023877e-01   1.2861605e-01   1.0793907e-01   7.2739310e-02   4.5903537e-02   3.4282601e-02   2.9912019e-02   2.8433667e-02   2.7991085e-02
   3.1500000e+01   6.9478538e-03   5.6637761e-02   8.3003263e-02   1.2540366e-01   1.0774874e-01   7.2761897e-02   4.5868081e-02   3.4150849e-02   2.9821558e-02   2.8394712e-02   2.7976607e-02
   3.1950000e+01   2.5257642e-04   2.7048926e-02   6.9452585e-02   1.2234420e-01   1.0733114e-01   7.2706970e-02   4.5815929e-02   3.4016018e-02   2.9729751e-02   2.8355194e-02   2.7961922e-02
   3.2400000e+01   2.3477711e-06   4.1380656e-03   6.1048187e-02   1.1954642e-01   1.0669214e-01   7.2574779e-02   4.5746945e-02   3.3878070e-02   2.9636595e-02   2.8315113e-02   2.7947028e-02
   3.2850000e+01   2.5364626e-05   9.1006018e-03   5.8614692e-02   1.1708362e-01   1.0583852e-01   7.2365817e-02   4.5661014e-02   3.3736968e-02   2.9542089e-02   2.8274469e-02   2.7931925e-02
   3.3300000e+01   7.4417451e-04   2.9499972e-02   6.1852825e-02   1.1499064e-01   1.0477777e-01   7.2080812e-02   4.5558049e-02   3.3592677e-02   2.9446232e-02   2.8233263e-02   2.7916614e-02
   3.3750000e+01   1.1989858e-02   4.9705163e-02   6.9545643e-02   1.1326358e-01   1.0351807e-01   7.1720728e-02   4.5437980e-02   3.3445161e-02   2.9349020e-02   2.8191494e-02   2.7901095e-02
   3.4200000e+01   5.5525534e-02   6.8787445e-02   8.0220427e-02   1.1186201e-01   1.0206813e-01   7.1286757e-02   4.5300765e-02   3.3294384e-02   2.9250453e-02   2.8149162e-02   2.7885367e-02
   3.4650000e+01   8.5527504e-02   8.7432658e-02   9.2627339e-02   1.1071365e-01   1.0043714e-01   7.0780315e-02   4.5146381e-02   3.3140311e-02   2.9150529e-02   2.8106267e-02   2.7869431e-02
   3.5100000e+01   1.0531321e-01   1.0594425e-01   1.0582629e-01   1.0972091e-01   9.8634686e-02   7.0203029e-02   4.4974831e-02   3.2982908e-02   2.9049245e-02   2.8062809e-02   2.7853287e-02
   3.5550000e+01   1.2573853e-01   1.2448876e-01   1.1905532e-01   1.0876895e-01   9.6670710e-02   6.9556733e-02   4.4786139e-02   3.2822142e-02   2.8946600e-02   2.8018788e-02   2.7836934e-02
   3.6000000e+01   1.6110616e-01   1.4327414e-01   1.3154697e-01   1.0773444e-01   9.4555455e-02   6.8843457e-02   4.4580349e-02   3.2657979e-02   2.8842591e-02   2.7974204e-02   2.7820372e-02
   3.6450000e+01   1.9827315e-01   1.6273116e-01   1.4236272e-01   1.0649462e-01   9.2299442e-02   6.8065415e-02   4.4357531e-02   3.2490386e-02   2.8737218e-02   2.7929056e-02   2.7803603e-02
   3.6900000e+01   2.0324509e-01   1.8329368e-01   1.5032847e-01   1.0493577e-01   8.9913442e-02   6.7224996e-02   4.4117772e-02   3.2319333e-02   2.8630478e-02   2.7883344e-02   2.7786624e-02
   3.7350000e+01   2.0345351e-01   1.9988659e-01   1.5422735e-01   1.0296076e-01   8.7408465e-02   6.6324751e-02   4.3861185e-02   3.2144787e-02   2.8522369e-02   2.7837069e-02   2.7769438e-02
   3.7800000e+01   2.0344226e-01   1.9565571e-01   1.5329317e-01   1.0049508e-01   8.4795744e-02   6.5367378e-02   4.3587900e-02   3.1966719e-02   2.8412889e-02   2.7790231e-02   2.7752042e-02
   3.8250000e+01   2.0297697e-01   1.7631700e-01   1.4764255e-01   9.7491020e-02   8.2086728e-02   6.4355713e-02   4.3298070e-02   3.1785099e-02   2.8302036e-02   2.7742828e-02   2.7734439e-02
   3.8700000e+01   1.9468297e-01   1.5612190e-01   1.3817415e-01   9.3929900e-02   7.9293062e-02   6.3292713e-02   4.2991865e-02   3.1599897e-02   2.8189809e-02   2.7694862e-02   2.7716627e-02
   3.9150000e+01   1.5294687e-01   1.3691312e-01   1.2604862e-01   8.9822278e-02   7.6426576e-02   6.2181442e-02   4.2669479e-02   3.1411087e-02   2.8076204e-02   2.7646332e-02   2.7698606e-02
   3.9600000e+01   1.2024457e-01   1.1818411e-01   1.1226570e-01   8.5206273e-02   7.3499256e-02   6.1025059e-02   4.2331120e-02   3.1218640e-02   2.7961222e-02   2.7597238e-02   2.7680377e-02
   4.0050000e+01   1.0002236e-01   9.9624629e-02   9.7555578e-02   8.0144265e-02   7.0523215e-02   5.9826801e-02   4.1977019e-02   3.1022530e-02   2.7844858e-02   2.7547579e-02   2.7661940e-02
   4.0500000e+01   7.9470788e-02   8.1050651e-02   8.2460558e-02   7.4718334e-02   6.7510648e-02   5.8589970e-02   4.1607423e-02   3.0822732e-02   2.7727112e-02   2.7497357e-02   2.7643294e-02
   4.0950000e+01   4.4223608e-02   6.2281675e-02   6.7460565e-02   6.9024853e-02   6.4473785e-02   5.7317914e-02   4.1222596e-02   3.0619222e-02   2.7607981e-02   2.7446569e-02   2.7624440e-02
   4.1400000e+01   5.8974618e-03   4.3078762e-02   5.3082033e-02   6.3168651e-02   6.1424826e-02   5.6014021e-02   4.0822820e-02   3.0411975e-02   2.7487464e-02   2.7395218e-02   2.7605377e-02
   4.1850000e+01   2.6541428e-04   2.3380133e-02   3.9952166e-02   5.7257196e-02   5.8375873e-02   5.4681694e-02   4.0408393e-02   3.0200969e-02   2.7365557e-02   2.7343302e-02   2.7586105e-02
   4.2300000e+01   5.7907952e-06   5.8527641e-03   2.8727595e-02   5.1395159e-02   5.5338851e-02   5.3324344e-02   3.9979629e-02   2.9986183e-02   2.7242261e-02   2.7290821e-02   2.7566626e-02
   4.2750000e+01  -4.6259993e-07  -1.3710059e-03   1.9864650e-02   4.5679672e-02   5.2325419e-02   5.1945376e-02   3.9536856e-02   2.9767595e-02   2.7117571e-02   2.7237775e-02   2.7546937e-02
   4.3200000e+01  -9.3527991e-08  -9.1826864e-04   1.3389778e-02   4.0196513e-02   4.9346888e-02   5.0548169e-02   3.9080419e-02   2.9545187e-02   2.6991487e-02   2.7184165e-02   2.7527040e-02
   4.3650000e+01  -9.6479501e-09  -2.1313903e-04   8.9184358e-03   3.5017354e-02   4.6414120e-02   4.9136071e-02   3.8610674e-02   2.9318939e-02   2.6864005e-02   2.7129989e-02   2.7506935e-02
   4.4100000e+01  -3.2005274e-10  -2.7066352e-05   5.9057175e-03   3.0198111e-02   4.3537445e-02   4.7712381e-02   3.8127992e-02   2.9088835e-02   2.6735125e-02   2.7075249e-02   2.7486621e-02
   4.4550000e+01  -2.2481187e-12   1.9666800e-06   3.8759196e-03   2.5778360e-02   4.0726564e-02   4.6280338e-02   3.7632756e-02   2.8854858e-02   2.6604845e-02   2.7019943e-02   2.7466099e-02
   4.5000000e+01   1.7250230e-14   2.8629437e-06   2.4987605e-03   2.1781703e-02   3.7990472e-02   4.4843111e-02   3.7125362e-02   2.8616992e-02   2.6473161e-02   2.6964071e-02   2.7445368e-02
   4.5450000e+01   1.7731145e-15   1.3087799e-06   1.5650143e-03   1.8216920e-02   3.5337376e-02   4.3403790e-02   3.6606214e-02   2.8375225e-02   2.6340072e-02   2.6907635e-02   2.7424428e-02
   4.5900000e+01   7.1424772e-17   4.5937017e-07   9.4138409e-04   1.5079711e-02   3.2774633e-02   4.1965370e-02   3.6075731e-02   2.8129543e-02   2.6205576e-02   2.6850632e-02   2.7403280e-02
   4.6350000e+01   7.0633427e-19   1.3466168e-07   5.3783284e-04   1.2354830e-02   3.0308694e-02   4.0530749e-02   3.5534339e-02   2.7879934e-02   2.6069672e-02   2.6793064e-02   2.7381924e-02
   4.6800000e+01   2.2827616e-21   3.0376696e-08   2.8931671e-04   1.0018415e-02   2.7945059e-02   3.9102715e-02   3.4982474e-02   2.7626388e-02   2.5932356e-02   2.6734930e-02   2.7360359e-02
   4.7250000e+01   3.8837412e-24   3.3105403e-09   1.4630878e-04   8.0403354e-03   2.5688255e-02   3.7683940e-02   3.4420579e-02   2.7368896e-02   2.5793627e-02   2.6676230e-02   2.7338585e-02
   4.7700000e+01  -1.3707084e-26  -2.9318930e-10   7.0378153e-05   6.3864270e-03   2.3541818e-02   3.6276975e-02   3.3849107e-02   2.7107450e-02   2.5653483e-02   2.6616965e-02   2.7316603e-02
   4.8150000e+01  -2.1634946e-28  -8.9009459e-11   3.3040995e-05   5.0205027e-03   2.1508296e-02   3.4884240e-02   3.3268517e-02   2.6842043e-02   2.5511921e-02   2.6557133e-02   2.7294412e-02
   4.8600000e+01  -1.5635026e-30  -8.9476984e-12   1.5570200e-05   3.9060650e-03   1.9589267e-02   3.3508025e-02   3.2679273e-02   2.6572670e-02   2.5368941e-02   2.6496734e-02   2.7272013e-02
   4.9050000e+01  -3.7105240e-33  -5.8162991e-13   7.4606993e-06   3.0076877e-03   1.7785366e-02   3.2150481e-02   3.2081848e-02   2.6299327e-02   2.5224539e-02   2.6435769e-02   2.7249405e-02
   4.9500000e+01  -1.8741393e-36  -1.7246903e-14   3.6071673e-06   2.2920562e-03   1.6096330e-02   3.0813619e-02   3.1476717e-02   2.6022011e-02   2.5078714e-02   2.6374238e-02   2.7226589e-02
   4.9950000e+01   1.2640168e-40   2.4225154e-15   1.7264755e-06   1.7286832e-03   1.4521054e-02   2.9499308e-02   3.0864359e-02   2.5740720e-02   2.4931463e-02   2.6312140e-02   2.7203564e-02
   5.0400000e+01   2.9807738e-42   6.2556283e-16   8.0169224e-07   1.2903326e-03   1.3057649e-02   2.8209272e-02   3.0245260e-02   2.5455455e-02   2.4782785e-02   2.6249476e-02   2.7180330e-02
   5.0850000e+01   8.2791328e-45   9.4425043e-17   3.5491997e-07   9.5319704e-04   1.1703521e-02   2.6945090e-02   2.9619905e-02   2.5166217e-02   2.4632678e-02   2.6186244e-02   2.7156888e-02
   5.1300000e+01   6.0508212e-48   1.1312078e-17   1.4759344e-07   6.9687909e-04   1.0455443e-02   2.5708198e-02   2.8988783e-02   2.4873007e-02   2.4481139e-02   2.6122445e-02   2.7133237e-02
   5.1750000e+01   1.3717967e-51   1.0443743e-18   5.6988352e-08   5.0422600e-04   9.3096455e-03   2.4499885e-02   2.8352385e-02   2.4575831e-02   2.4328167e-02   2.6058079e-02   2.7109378e-02
   5.2200000e+01   1.7259109e-55   5.0560307e-20   2.0359559e-08   3.6106539e-04   8.2618920e-03   2.3321301e-02   2.7711201e-02   2.4274693e-02   2.4173760e-02   2.5993146e-02   2.7085310e-02
   5.2650000e+01  -2.4783308e-59  -1.2889540e-21   6.8206762e-09   2.5588184e-04   7.3075712e-03   2.2173452e-02   2.7065724e-02   2.3969601e-02   2.4017915e-02   2.5927646e-02   2.7061033e-02
   5.3100000e+01  -3.2115688e-62  -1.9637906e-22   2.2204677e-09   1.7946776e-04   6.4417786e-03   2.1057209e-02   2.6416443e-02   2.3660562e-02   2.3860630e-02   2.5861577e-02   2.7036548e-02
   5.3550000e+01  -1.5918879e-65  -8.1259673e-24   7.3521626e-10   1.2457397e-04   5.6593981e-03   1.9973306e-02   2.5763849e-02   2.3347585e-02   2.3701905e-02   2.5794942e-02   2.7011854e-02
   5.4000000e+01  -2.5625165e-69  -2.2110293e-25   2.5392181e-10   8.5578051e-05   4.9551795e-03   1.8922348e-02   2.5108431e-02   2.3030683e-02   2.3541736e-02   2.5727738e-02   2.6986952e-02
   5.4450000e+01  -8.5042714e-74  -3.6475143e-27   9.0439047e-11   5.8182437e-05   4.3238106e-03   1.7904813e-02   2.4450673e-02   2.2709866e-02   2.3380121e-02   2.5659966e-02   2.6961840e-02
   5.4900000e+01  -4.6998879e-79   5.0239161e-29   3.2176976e-11   3.9148556e-05   3.7599830e-03   1.6921056e-02   2.3791058e-02   2.2385149e-02   2.3217060e-02   2.5591627e-02   2.6936521e-02
   5.5350000e+01   3.3540517e-82   8.7039420e-30   1.1088782e-11   2.6069556e-05   3.2584514e-03   1.5971317e-02   2.3130067e-02   2.2056547e-02   2.3052549e-02   2.5522719e-02   2.6910992e-02
   5.5800000e+01   6.5500182e-86   5.5432120e-31   3.6168467e-12   1.7180877e-05   2.8140855e-03   1.5055722e-02   2.2468174e-02   2.1724076e-02   2.2886587e-02   2.5453243e-02   2.6885255e-02
   5.6250000e+01   3.7837073e-90   2.6766792e-32   1.0969857e-12   1.1206004e-05   2.4219148e-03   1.4174292e-02   2.1805850e-02   2.1387755e-02   2.2719173e-02   2.5383198e-02   2.6859309e-02
   5.6700000e+01   6.1890917e-95   1.0028423e-33   3.0510579e-13   7.2335303e-06   2.0771652e-03   1.3326947e-02   2.1143561e-02   2.1047603e-02   2.2550303e-02   2.5312585e-02   2.6833155e-02
   5.7150000e+01  5.6353344e-100   2.1331819e-35   7.7326574e-14   4.6210934e-06   1.7752896e-03   1.2513513e-02   2.0481767e-02   2.0703640e-02   2.2379977e-02   2.5241402e-02   2.6806791e-02
   5.7600000e+01 -2.9814870e-105  -1.3286877e-37   1.8073132e-14   2.9216975e-06   1.5119900e-03   1.1733727e-02   1.9820920e-02   2.0355889e-02   2.2208192e-02   2.5169651e-02   2.6780220e-02
   5.8050000e+01 -3.5649834e-109  -1.1565419e-38   4.0630165e-15   1.8281977e-06   1.2832339e-03   1.0987242e-02   1.9161469e-02   2.0004373e-02   2.2034946e-02   2.5097331e-02   2.6753439e-02
   5.8500000e+01 -1.2037119e-113  -1.9385759e-40   9.3760146e-16   1.1321650e-06   1.0852649e-03   1.0273636e-02   1.8503852e-02   1.9649118e-02   2.1860238e-02   2.5024442e-02   2.6726450e-02
   5.8950000e+01 -1.2488809e-118  -2.1192688e-42   2.3223869e-16   6.9389813e-07   9.1460720e-04   9.5924166e-03   1.7848503e-02   1.9290150e-02   2.1684066e-02   2.4950984e-02   2.6699252e-02
   5.9400000e+01 -2.5750586e-124  -1.5473472e-44   6.0948394e-17   4.2090222e-07   7.6806546e-04   8.9430265e-03   1.7195844e-02   1.8927497e-02   2.1506428e-02   2.4876955e-02   2.6671845e-02
   5.9850000e+01 -1.7608186e-130   1.0135294e-47   1.6151321e-17   2.5267687e-07   6.4272094e-04   8.3248498e-03   1.6546293e-02   1.8561188e-02   2.1327323e-02   2.4802358e-02   2.6644230e-02
   6.0300000e+01  2.5920041e-135   3.3982648e-48   4.1369328e-18   1.5012290e-07   5.3592368e-04   7.7372181e-03   1.5900255e-02   1.8191253e-02   2.1146748e-02   2.4727190e-02   2.6616406e-02
   6.0750000e+01  3.6871481e-140   9.1040429e-50   9.9525053e-19   8.8272078e-08   4.4528207e-04   7.1794160e-03   1.5258128e-02   1.7817725e-02   2.0964701e-02   2.4651453e-02   2.6588373e-02
   6.1200000e+01  1.9525667e-145   1.7620142e-51   2.2053360e-19   5.1367916e-08   3.6865013e-04   6.6506870e-03   1.4620300e-02   1.7440637e-02   2.0781182e-02   2.4575146e-02   2.6560131e-02
   6.1650000e+01  2.5544573e-151   2.6675534e-53   4.4314845e-20   2.9583514e-08   3.0411319e-04   6.1502384e-03   1.3987149e-02   1.7060024e-02   2.0596188e-02   2.4498268e-02   2.6531681e-02
   6.2100000e+01  1.6750602e-157   2.4665017e-55   7.9993822e-21   1.6861403e-08   2.4997237e-04   5.6772468e-03   1.3359043e-02   1.6675922e-02   2.0409718e-02   2.4420820e-02   2.6503022e-02
   6.2550000e+01 -2.4945965e-164  -2.6605334e-58   1.3078895e-21   9.5108794e-09   2.0472841e-04   5.2308632e-03   1.2736339e-02   1.6288368e-02   2.0221769e-02   2.4342802e-02   2.6474154e-02
   6.3000000e+01 -3.6656140e-169  -1.8606720e-59   2.0247833e-22   5.3091807e-09   1.6706530e-04   4.8102175e-03   1.2119383e-02   1.5897402e-02   2.0032342e-02   2.4264213e-02   2.6445077e-02
   6.3450000e+01 -8.3087351e-175  -1.2516612e-61   3.2300498e-23   2.9329925e-09   1.3583384e-04   4.4144232e-03   1.1508511e-02   1.5503062e-02   1.9841432e-02   2.4185053e-02   2.6415791e-02
   6.3900000e+01 -4.9049334e-181  -5.3953802e-64   5.7085974e-24   1.6034952e-09   1.1003569e-04   4.0425818e-03   1.0904047e-02   1.5105391e-02   1.9649040e-02   2.4105323e-02   2.6386297e-02
   6.4350000e+01 -5.6965737e-188  -1.6352013e-66   1.1055056e-24   8.6754973e-10   8.8807935e-05   3.6937865e-03   1.0306303e-02   1.4704432e-02   1.9455164e-02   2.4025021e-02   2.6356594e-02
   6.4800000e+01 -3.0973835e-195  -1.0767069e-69   2.1893076e-25   4.6450258e-10   7.1408418e-05   3.3671268e-03   9.7155811e-03   1.4300227e-02   1.9259801e-02   2.3944148e-02   2.6326682e-02
   6.5250000e+01  1.3952673e-201   3.6448430e-71   4.1773993e-26   2.4611993e-10   5.7201994e-05   3.0616910e-03   9.1321689e-03   1.3892823e-02   1.9062951e-02   2.3862704e-02   2.6296562e-02
   6.5700000e+01  1.5264525e-207   4.1339338e-73   7.4242193e-27   1.2905341e-10   4.5647722e-05   2.7765707e-03   8.5563439e-03   1.3482266e-02   1.8864613e-02   2.3780688e-02   2.6266232e-02
   6.6150000e+01  1.2526755e-213   3.2007985e-75   1.2041848e-27   6.6966442e-11   3.6287100e-05   2.5108630e-03   7.9883709e-03   1.3068604e-02   1.8664783e-02   2.3698100e-02   2.6235694e-02
   6.6600000e+01  8.9676039e-220   1.9519064e-77   1.7532833e-28   3.4388492e-11   2.8733338e-05   2.2636738e-03   7.4285025e-03   1.2651885e-02   1.8463462e-02   2.3614941e-02   2.6204947e-02
   6.7050000e+01  4.7834025e-226   7.7436862e-80   2.2618761e-29   1.7476019e-11   2.2661667e-05   2.0341201e-03   6.8769791e-03   1.2232159e-02   1.8260648e-02   2.3531209e-02   2.6173991e-02
   6.7500000e+01  2.2803679e-238   7.4934552e-84   2.5887271e-30   8.7892635e-12   1.7800656e-05   1.8213330e-03   6.3340286e-03   1.1809478e-02   1.8056339e-02   2.3446906e-02   2.6142826e-02
   6.7950000e+01 -2.2285043e-240  -7.8858177e-85   2.7336037e-31   4.3747320e-12   1.3924489e-05   1.6244589e-03   5.7998663e-03   1.1383895e-02   1.7850534e-02   2.3362030e-02   2.6111452e-02
   6.8400000e+01 -1.9462640e-248  -2.1329800e-87   2.9437438e-32   2.1550040e-12   1.0846154e-05   1.4426625e-03   5.2746954e-03   1.0955462e-02   1.7643231e-02   2.3276582e-02   2.6079870e-02
   6.8850000e+01 -1.2656768e-256  -3.6166790e-90   3.6303654e-33   1.0506316e-12   8.4114686e-06   1.2751276e-03   4.7587065e-03   1.0524235e-02   1.7434430e-02   2.3190561e-02   2.6048079e-02
   6.9300000e+01 -7.1283073e-265  -4.4552783e-93   5.1584040e-34   5.0694993e-13   6.4938852e-06   1.1210592e-03   4.2520776e-03   1.0090268e-02   1.7224129e-02   2.3103967e-02   2.6016078e-02
   6.9750000e+01 -2.6931769e-273  -2.1346398e-96   7.6640159e-35   2.4210081e-13   4.9899991e-06   9.7968433e-04   3.7549745e-03   9.6536198e-03   1.7012328e-02   2.3016800e-02   2.5983869e-02
   7.0200000e+01  5.2693505e-281   1.0372501e-98   1.0950468e-35   1.1443153e-13   3.8156879e-06   8.5025371e-04   3.2675505e-03   9.2143471e-03   1.6799023e-02   2.2929061e-02   2.5951451e-02
   7.0650000e+01  3.8463249e-288  5.0507009e-101   1.4443984e-36   5.3531869e-14   2.9028172e-06   7.3204225e-04   2.7899468e-03   8.7725091e-03   1.6584216e-02   2.2840748e-02   2.5918824e-02
   7.1100000e+01  1.5287366e-295  1.5473412e-103   1.7235884e-37   2.4785208e-14   2.1964442e-06   6.2435000e-04   2.3222922e-03   8.3281657e-03   1.6367904e-02   2.2751861e-02   2.5885988e-02
   7.1550000e+01  1.2063738e-303  3.6862141e-106   1.8317122e-38   1.1357419e-14   1.6524580e-06   5.2650270e-04   1.8647035e-03   7.8813775e-03   1.6150086e-02   2.2662401e-02   2.5852943e-02
   7.2000000e+01  2.4836296e-312  5.8594864e-109   1.7090794e-39   5.1506730e-15   1.2356001e-06   4.3785224e-04   1.4172854e-03   7.4322065e-03   1.5930762e-02   2.2572367e-02   2.5819690e-02
   7.2450000e+01   0.0000000e+00  1.3085020e-112   1.3948034e-40   2.3117037e-15   9.1781290e-07   3.5777693e-04   9.8013089e-04   6.9807154e-03   1.5709930e-02   2.2481760e-02   2.5786227e-02
   7.2900000e+01   0.0000000e+00 -7.9505098e-115   1.0275463e-41   1.0267524e-15   6.7686860e-07   2.8568169e-04   5.5332120e-04   6.5269678e-03   1.5487589e-02   2.2390578e-02   2.5752555e-02
   7.3350000e+01   0.0000000e+00 -9.2888772e-118   7.5791585e-43   4.5127273e-16   4.9523765e-07   2.2099806e-04   1.3692602e-04   6.0710282e-03   1.5263739e-02   2.2298822e-02   2.5718675e-02
   7.3800000e+01   0.0000000e+00 -6.3673469e-121   6.5121139e-44   1.9625327e-16   3.5915917e-07   1.6318413e-04  -2.6899636e-04   5.6129618e-03   1.5038378e-02   2.2206492e-02   2.5684585e-02
   7.4250000e+01   0.0000000e+00 -3.1787826e-124   6.7329713e-45   8.4440421e-17   2.5788145e-07   1.1172435e-04  -6.6439878e-04   5.1528350e-03   1.4811506e-02   2.2113587e-02   2.5650287e-02
   7.4700000e+01   0.0000000e+00 -7.7871365e-128   7.4365473e-46   3.5939565e-17   1.8304424e-07   6.6129221e-05  -1.0492451e-03   4.6907146e-03   1.4583122e-02   2.2020107e-02   2.5615779e-02
   7.5150000e+01   0.0000000e+00  7.8373591e-131   7.8867305e-47   1.5128422e-17   1.2817902e-07   2.5934951e-05  -1.4235099e-03   4.2266684e-03   1.4353225e-02   2.1926053e-02   2.5581063e-02
   7.5600000e+01   0.0000000e+00  1.6711840e-133   7.6619648e-48   6.2963810e-18   8.8306559e-08  -9.2970357e-06  -1.7871783e-03   3.7607649e-03   1.4121815e-02   2.1831423e-02   2.5546138e-02
   7.6050000e+01   0.0000000e+00  2.0186269e-136   6.6848502e-49   2.5900131e-18   5.9614446e-08  -3.9980619e-05  -2.1402459e-03   3.2930731e-03   1.3888890e-02   2.1736219e-02   2.5511003e-02
   7.6500000e+01   0.0000000e+00  1.8700129e-139   5.1603154e-50   1.0524692e-18   3.9199951e-08  -6.6505577e-05  -2.4827181e-03   2.8236630e-03   1.3654450e-02   2.1640438e-02   2.5475660e-02
   7.6950000e+01   0.0000000e+00  1.1856279e-142   3.4699957e-51   4.2220585e-19   2.4865947e-08  -8.9238242e-05  -2.8146102e-03   2.3526051e-03   1.3418494e-02   2.1544083e-02   2.5440107e-02
   7.7400000e+01   0.0000000e+00  1.7764457e-146   2.0141226e-52   1.6705550e-19   1.4959757e-08  -1.0852220e-04  -3.1359472e-03   1.8799705e-03   1.3181023e-02   2.1447151e-02   2.5404346e-02
   7.7850000e+01   0.0000000e+00 -2.1734934e-149   1.0311028e-53   6.5118010e-20   8.2465302e-09  -1.2467901e-04  -3.4467632e-03   1.4058310e-03   1.2942034e-02   2.1349644e-02   2.5368375e-02
   7.8300000e+01   0.0000000e+00 -1.1129514e-152   5.1534626e-55   2.4965620e-20   3.8102464e-09  -1.3800903e-04  -3.7471014e-03   9.3025885e-04   1.2701529e-02   2.1251560e-02   2.5332195e-02
   7.8750000e+01   0.0000000e+00 -3.0825625e-156   3.0456462e-56   9.3932125e-21   9.7672543e-10  -1.4879215e-04  -4.0370138e-03   4.5332691e-04   1.2459506e-02   2.1152901e-02   2.5295807e-02
   7.9200000e+01   0.0000000e+00 -6.1892202e-160   2.2929564e-57   3.4573444e-21  -7.4592922e-10  -1.5728867e-04  -4.3165607e-03  -2.4891454e-05   1.2215964e-02   2.1053665e-02   2.5259209e-02
   7.9650000e+01   0.0000000e+00 -6.9762779e-164   1.8967897e-58   1.2391139e-21  -1.7131457e-09  -1.6374009e-04  -4.5858106e-03  -5.0432241e-04   1.1970905e-02   2.0953852e-02   2.5222402e-02
   8.0100000e+01   0.0000000e+00  1.5521593e-167   1.5013254e-59   4.2934364e-22  -2.1789241e-09  -1.6837001e-04  -4.8448399e-03  -9.8489167e-04   1.1724327e-02   2.0853463e-02   2.5185386e-02
   8.0550000e+01   0.0000000e+00  1.5235898e-170   1.0774393e-60   1.4211859e-22  -2.3224735e-09  -1.7138492e-04  -5.0937326e-03  -1.4665245e-03   1.1476231e-02   2.0752497e-02   2.5148161e-02
   8.1000000e+01   0.0000000e+00  7.2994295e-174   6.8830927e-62   4.3963296e-23  -2.2683307e-09  -1.7297507e-04  -5.3325798e-03  -1.9491459e-03   1.1226615e-02   2.0650953e-02   2.5110727e-02
   8.1450000e+01   0.0000000e+00  2.6423875e-177   3.8604028e-63   1.2111174e-23  -2.1014527e-09  -1.7331535e-04  -5.5614797e-03  -2.4326803e-03   1.0975480e-02   2.0548833e-02   2.5073084e-02
   8.1900000e+01   0.0000000e+00  6.7041193e-181   1.8663269e-64   2.5682928e-24  -1.8784552e-09  -1.7256605e-04  -5.7805372e-03  -2.9170519e-03   1.0722826e-02   2.0446134e-02   2.5035232e-02
   8.2350000e+01   0.0000000e+00  5.4162059e-185   7.6166764e-66   9.9916137e-26  -1.6359150e-09  -1.7087377e-04  -5.9898634e-03  -3.4021847e-03   1.0468653e-02   2.0342859e-02   2.4997170e-02
   8.2800000e+01   0.0000000e+00 -1.6222156e-188   2.5937850e-67  -3.3056223e-25  -1.3964501e-09  -1.6837214e-04  -6.1895754e-03  -3.8880022e-03   1.0212960e-02   2.0239005e-02   2.4958900e-02
   8.3250000e+01   0.0000000e+00 -3.6922891e-192   7.6355133e-69  -2.7744115e-25  -1.1731291e-09  -1.6518266e-04  -6.3797961e-03  -4.3744280e-03   9.9557483e-03   2.0134574e-02   2.4920420e-02
   8.3700000e+01   0.0000000e+00 -4.1262343e-196   2.3316424e-70  -1.6680269e-25  -9.7263491e-10  -1.6141547e-04  -6.5606540e-03  -4.8613850e-03   9.6970175e-03   2.0029564e-02   2.4881731e-02
   8.4150000e+01   0.0000000e+00 -3.3119568e-200   9.9464799e-72  -8.7764688e-26  -7.9750528e-10  -1.5717006e-04  -6.7322825e-03  -5.3487964e-03   9.4367678e-03   1.9923976e-02   2.4842833e-02
   8.4600000e+01   0.0000000e+00 -1.6284812e-204   5.4257173e-73  -4.2877273e-26  -6.4769758e-10  -1.5253602e-04  -6.8948199e-03  -5.8365850e-03   9.1749995e-03   1.9817810e-02   2.4803726e-02
   8.5050000e+01   0.0000000e+00  7.7383140e-209   2.6549218e-74  -1.9958662e-26  -5.2166146e-10  -1.4759369e-04  -7.0484089e-03  -6.3246735e-03   8.9117128e-03   1.9711065e-02   2.4764409e-02
   8.5500000e+01   0.0000000e+00  3.8314614e-212   7.8267372e-76  -8.9736520e-27  -4.1705851e-10  -1.4241491e-04  -7.1931965e-03  -6.8129846e-03   8.6469080e-03   1.9603741e-02   2.4724884e-02
   8.5950000e+01   0.0000000e+00  7.3368271e-216  -2.5257944e-77  -3.9291047e-27  -3.3123125e-10  -1.3706354e-04  -7.3293337e-03  -7.3014407e-03   8.3805856e-03   1.9495838e-02   2.4685149e-02
   8.6400000e+01   0.0000000e+00  1.0491675e-219  -6.5821900e-78  -1.6843044e-27  -2.6149678e-10  -1.3159618e-04  -7.4569750e-03  -7.7899645e-03   8.1127460e-03   1.9387356e-02   2.4645205e-02
   8.6850000e+01   0.0000000e+00  1.1114222e-223  -7.0035227e-79  -7.0951138e-28  -2.0531994e-10  -1.2606268e-04  -7.5762784e-03  -8.2784783e-03   7.8433897e-03   1.9278295e-02   2.4605052e-02
   8.7300000e+01   0.0000000e+00  5.0773088e-228  -5.8476794e-80  -2.9449992e-28  -1.6040551e-10  -1.2050672e-04  -7.6874046e-03  -8.7669049e-03   7.5725172e-03   1.9168654e-02   2.4564689e-02
   8.7750000e+01   0.0000000e+00 -1.0970200e-231  -4.3117723e-81  -1.2069553e-28  -1.2473730e-10  -1.1496631e-04  -7.7905176e-03  -9.2551667e-03   7.3001292e-03   1.9058433e-02   2.4524117e-02
   8.8200000e+01   0.0000000e+00 -3.2122132e-235  -2.9388643e-82  -4.8919097e-29  -9.6584091e-11  -1.0947430e-04  -7.8857833e-03  -9.7431865e-03   7.0262264e-03   1.8947633e-02   2.4483336e-02
   8.8650000e+01   0.0000000e+00 -4.6988994e-239  -1.8948827e-83  -1.9634138e-29  -7.4485558e-11  -1.0405884e-04  -7.9733704e-03  -1.0230887e-02   6.7508095e-03   1.8836252e-02   2.4442346e-02
   8.9100000e+01   0.0000000e+00 -5.1183473e-243  -1.1711936e-84  -7.8118969e-30  -5.7227663e-11  -9.8743809e-05  -8.0534492e-03  -1.0718191e-02   6.4738792e-03   1.8724291e-02   2.4401146e-02
   8.9550000e+01   0.0000000e+00 -4.8070837e-247  -6.9955869e-86  -3.0839132e-30  -4.3813233e-11  -9.3549213e-05  -8.1261919e-03  -1.1205022e-02   6.1954365e-03   1.8611750e-02   2.4359737e-02
   9.0000000e+01   0.0000000e+00 -4.1786560e-251  -4.0578019e-87  -1.2088709e-30  -3.3431634e-11  -8.8491588e-05  -8.1917719e-03  -1.1691303e-02   5.9154823e-03   1.8498628e-02   2.4318119e-02
