  -9.0000000e+01  -4.1958412e-38  -2.9262356e-13  -1.7388468e-05  -2.3984545e-03  -7.5476851e-03  -7.4733916e-03   2.8527908e-03   2.1384338e-02   2.9329498e-02   2.8191717e-02   2.7794145e-02
  -8.9550000e+01  -6.9780205e-36  -1.5398694e-12  -2.0716169e-05  -2.3210908e-03  -6.7636343e-03  -6.4625104e-03   3.6388559e-03   2.1696894e-02   2.9347818e-02   2.8189346e-02   2.7794143e-02
  -8.9100000e+01  -1.1191331e-33  -7.5084292e-12  -2.3718428e-05  -2.2021308e-03  -5.9549768e-03  -5.4511164e-03   4.4170395e-03   2.2004180e-02   2.9365297e-02   2.8186945e-02   2.7794139e-02
  -8.8650000e+01  -1.6767615e-31  -3.1585159e-11  -2.5732363e-05  -2.0360126e-03  -5.1228656e-03  -4.4396190e-03   5.1872530e-03   2.2306207e-02   2.9381944e-02   2.8184514e-02   2.7794133e-02
  -8.8200000e+01  -2.1591295e-29  -9.8744055e-11  -2.5698806e-05  -1.8170934e-03  -4.2685146e-03  -3.4284361e-03   5.9494094e-03   2.2602985e-02   2.9397769e-02   2.8182055e-02   2.7794126e-02
  -8.7750000e+01  -1.6457378e-27  -1.5043331e-10  -2.1995321e-05  -1.5397870e-03  -3.3931876e-03  -2.4179939e-03   6.7034233e-03   2.2894529e-02   2.9412784e-02   2.8179567e-02   2.7794116e-02
  -8.7300000e+01   2.9873908e-25   3.7474711e-10  -1.2223253e-05  -1.1987267e-03  -2.4981881e-03  -1.4087268e-03   7.4492110e-03   2.3180851e-02   2.9426999e-02   2.8177052e-02   2.7794105e-02
  -8.6850000e+01   2.1170274e-22   3.6271280e-09   7.0562117e-06  -7.8895189e-04  -1.5848473e-03  -4.0107696e-04   8.1866905e-03   2.3461963e-02   2.9440423e-02   2.8174510e-02   2.7794092e-02
  -8.6400000e+01   7.1046104e-20   1.6217426e-08   4.0648352e-05  -3.0611272e-04  -6.5451274e-04   6.0450615e-04   8.9157817e-03   2.3737882e-02   2.9453067e-02   2.8171941e-02   2.7794077e-02
  -8.5950000e+01   7.9307956e-18   5.6239409e-08   9.5153968e-05   2.5331484e-04   2.9146405e-04   1.6075658e-03   9.6364062e-03   2.4008621e-02   2.9464942e-02   2.8169347e-02   2.7794061e-02
  -8.5500000e+01   2.0295178e-16   1.6362615e-07   1.7962651e-04   8.9181262e-04   1.2517393e-03   2.6076389e-03   1.0348487e-02   2.4274195e-02   2.9476056e-02   2.8166728e-02   2.7794043e-02
  -8.5050000e+01   2.3700983e-15   3.7359810e-07   3.0677405e-04   1.6106149e-03   2.2249886e-03   3.6042559e-03   1.1051950e-02   2.4534622e-02   2.9486421e-02   2.8164084e-02   2.7794023e-02
  -8.4600000e+01  -1.7810191e-13   3.5769842e-07   4.9533711e-04   2.4095271e-03   3.2099184e-03   4.5969420e-03   1.1746722e-02   2.4789916e-02   2.9496047e-02   2.8161416e-02   2.7794002e-02
  -8.4150000e+01  -2.8437908e-11  -2.8260731e-06   7.7447074e-04   3.2867816e-03   4.2052760e-03   5.5852172e-03   1.2432732e-02   2.5040096e-02   2.9504944e-02   2.8158725e-02   2.7793979e-02
  -8.3700000e+01  -1.0008116e-09  -2.4725692e-05   1.1900320e-03   4.2389446e-03   5.2098592e-03   6.5685975e-03   1.3109910e-02   2.5285180e-02   2.9513122e-02   2.8156012e-02   2.7793955e-02
  -8.3250000e+01  -1.0791034e-08  -1.1454375e-04   1.8086810e-03   5.2608835e-03   6.2225242e-03   7.5465950e-03   1.3778190e-02   2.5525185e-02   2.9520590e-02   2.8153276e-02   2.7793929e-02
  -8.2800000e+01  -6.3724651e-08  -2.1733589e-04   2.7091335e-03   6.3458034e-03   7.2421921e-03   8.5187191e-03   1.4437506e-02   2.5760130e-02   2.9527360e-02   2.8150519e-02   2.7793902e-02
  -8.2350000e+01   5.0776801e-07   6.3205663e-04   3.9518502e-03   7.4853580e-03   8.2678541e-03   9.4844771e-03   1.5087794e-02   2.5990036e-02   2.9533441e-02   2.8147741e-02   2.7793873e-02
  -8.1900000e+01   3.0298841e-05   3.0577022e-03   5.5425176e-03   8.6698333e-03   9.2985742e-03   1.0443375e-02   1.5728994e-02   2.6214922e-02   2.9538842e-02   2.8144943e-02   2.7793843e-02
  -8.1450000e+01   7.4207754e-04   5.8757113e-03   7.4251854e-03   9.8884035e-03   1.0333490e-02   1.1394920e-02   1.6361045e-02   2.6434809e-02   2.9543575e-02   2.8142125e-02   2.7793811e-02
  -8.1000000e+01   6.0630119e-03   8.6227134e-03   9.5126888e-03   1.1129450e-02   1.1371814e-02   1.2338616e-02   1.6983891e-02   2.6649719e-02   2.9547648e-02   2.8139288e-02   2.7793778e-02
  -8.0550000e+01   1.1126347e-02   1.1305478e-02   1.1721296e-02   1.2380938e-02   1.2412824e-02   1.3273974e-02   1.7597475e-02   2.6859674e-02   2.9551073e-02   2.8136432e-02   2.7793743e-02
  -8.0100000e+01   1.4050496e-02   1.3960120e-02   1.3984240e-02   1.3630830e-02   1.3455866e-02   1.4200504e-02   1.8201745e-02   2.7064696e-02   2.9553858e-02   2.8133559e-02   2.7793708e-02
  -7.9650000e+01   1.6883076e-02   1.6610588e-02   1.6247135e-02   1.4867537e-02   1.4500340e-02   1.5117720e-02   1.8796648e-02   2.7264808e-02   2.9556013e-02   2.8130668e-02   2.7793670e-02
  -7.9200000e+01   2.1178247e-02   1.9277026e-02   1.8456280e-02   1.6080376e-02   1.5545693e-02   1.6025142e-02   1.9382136e-02   2.7460034e-02   2.9557549e-02   2.8127760e-02   2.7793632e-02
  -7.8750000e+01   2.7410943e-02   2.1986487e-02   2.0545724e-02   1.7260016e-02   1.6591407e-02   1.6922295e-02   1.9958161e-02   2.7650399e-02   2.9558475e-02   2.8124836e-02   2.7793592e-02
  -7.8300000e+01   2.9020899e-02   2.4779051e-02   2.2427980e-02   1.8398907e-02   1.7636986e-02   1.7808712e-02   2.0524677e-02   2.7835929e-02   2.9558800e-02   2.8121896e-02   2.7793552e-02
  -7.7850000e+01   2.9123742e-02   2.7534034e-02   2.3999911e-02   1.9491635e-02   1.8681940e-02   1.8683933e-02   2.1081642e-02   2.8016647e-02   2.9558535e-02   2.8118941e-02   2.7793509e-02
  -7.7400000e+01   2.9127464e-02   2.9102659e-02   2.5175758e-02   2.0535218e-02   1.9725769e-02   1.9547507e-02   2.1629014e-02   2.8192581e-02   2.9557689e-02   2.8115972e-02   2.7793466e-02
  -7.6950000e+01   2.9122739e-02   2.8790119e-02   2.5932870e-02   2.1529279e-02   2.0767949e-02   2.0398995e-02   2.2166755e-02   2.8363758e-02   2.9556272e-02   2.8112988e-02   2.7793422e-02
  -7.6500000e+01   2.8997113e-02   2.8112715e-02   2.6325799e-02   2.2476118e-02   2.1807910e-02   2.1237968e-02   2.2694826e-02   2.8530205e-02   2.9554294e-02   2.8109991e-02   2.7793376e-02
  -7.6050000e+01   2.7998275e-02   2.7544112e-02   2.6452308e-02   2.3380634e-02   2.2845023e-02   2.2064010e-02   2.3213193e-02   2.8691950e-02   2.9551763e-02   2.8106981e-02   2.7793330e-02
  -7.5600000e+01   2.7055623e-02   2.7025505e-02   2.6408828e-02   2.4250124e-02   2.3878577e-02   2.2876719e-02   2.3721823e-02   2.8849022e-02   2.9548690e-02   2.8103959e-02   2.7793282e-02
  -7.5150000e+01   2.6506537e-02   2.6519499e-02   2.6270095e-02   2.5093953e-02   2.4907771e-02   2.3675707e-02   2.4220685e-02   2.9001450e-02   2.9545084e-02   2.8100925e-02   2.7793233e-02
  -7.4700000e+01   2.5982124e-02   2.6015404e-02   2.6091714e-02   2.5923116e-02   2.5931690e-02   2.4460602e-02   2.4709751e-02   2.9149264e-02   2.9540954e-02   2.8097879e-02   2.7793183e-02
  -7.4250000e+01   2.5279866e-02   2.5508434e-02   2.5921410e-02   2.6749710e-02   2.6949298e-02   2.5231049e-02   2.5188993e-02   2.9292494e-02   2.9536310e-02   2.8094823e-02   2.7793132e-02
  -7.3800000e+01   2.4096501e-02   2.4988296e-02   2.5810958e-02   2.7586358e-02   2.7959423e-02   2.5986711e-02   2.5658388e-02   2.9431172e-02   2.9531161e-02   2.8091756e-02   2.7793080e-02
  -7.3350000e+01   2.3605844e-02   2.4421247e-02   2.5825132e-02   2.8445599e-02   2.8960749e-02   2.6727268e-02   2.6117911e-02   2.9565330e-02   2.9525516e-02   2.8088680e-02   2.7793028e-02
  -7.2900000e+01   2.3566005e-02   2.3795769e-02   2.6040584e-02   2.9339291e-02   2.9951811e-02   2.7452420e-02   2.6567544e-02   2.9694998e-02   2.9519386e-02   2.8085594e-02   2.7792974e-02
  -7.2450000e+01   2.3564461e-02   2.3748611e-02   2.6525622e-02   3.0278041e-02   3.0930991e-02   2.8161887e-02   2.7007268e-02   2.9820211e-02   2.9512778e-02   2.8082500e-02   2.7792919e-02
  -7.2000000e+01   2.3577697e-02   2.5143777e-02   2.7307977e-02   3.1270690e-02   3.1896523e-02   2.8855410e-02   2.7437067e-02   2.9941001e-02   2.9505703e-02   2.8079397e-02   2.7792863e-02
  -7.1550000e+01   2.4003661e-02   2.6955080e-02   2.8361075e-02   3.2323872e-02   3.2846492e-02   2.9532751e-02   2.7856925e-02   3.0057403e-02   2.9498169e-02   2.8076287e-02   2.7792807e-02
  -7.1100000e+01   2.7364508e-02   2.8692699e-02   2.9625265e-02   3.3441645e-02   3.3778849e-02   3.0193693e-02   2.8266832e-02   3.0169452e-02   2.9490186e-02   2.8073170e-02   2.7792750e-02
  -7.0650000e+01   3.0238992e-02   3.0384580e-02   3.1040583e-02   3.4625219e-02   3.4691426e-02   3.0838042e-02   2.8666777e-02   3.0277181e-02   2.9481762e-02   2.8070046e-02   2.7792692e-02
  -7.0200000e+01   3.2020858e-02   3.2062405e-02   3.2564364e-02   3.5872762e-02   3.5581948e-02   3.1465627e-02   2.9056752e-02   3.0380628e-02   2.9472907e-02   2.8066916e-02   2.7792633e-02
  -6.9750000e+01   3.3703994e-02   3.3736658e-02   3.4172684e-02   3.7179299e-02   3.6448065e-02   3.2076298e-02   2.9436752e-02   3.0479827e-02   2.9463630e-02   2.8063780e-02   2.7792573e-02
  -6.9300000e+01   3.5383631e-02   3.5410042e-02   3.5856538e-02   3.8536690e-02   3.7287371e-02   3.2669929e-02   2.9806772e-02   3.0574817e-02   2.9453939e-02   2.8060639e-02   2.7792512e-02
  -6.8850000e+01   3.7065150e-02   3.7079672e-02   3.7619518e-02   3.9933700e-02   3.8097442e-02   3.3246417e-02   3.0166812e-02   3.0665634e-02   2.9443844e-02   2.8057494e-02   2.7792451e-02
  -6.8400000e+01   3.8748263e-02   3.8728582e-02   3.9477372e-02   4.1356157e-02   3.8875869e-02   3.3805683e-02   3.0516870e-02   3.0752317e-02   2.9433354e-02   2.8054344e-02   2.7792389e-02
  -6.7950000e+01   4.0428113e-02   4.0333656e-02   4.1454936e-02   4.2787197e-02   3.9620295e-02   3.4347668e-02   3.0856951e-02   3.0834904e-02   2.9422476e-02   2.8051191e-02   2.7792327e-02
  -6.7500000e+01   4.2117812e-02   4.2177595e-02   4.3574475e-02   4.4207620e-02   4.0328456e-02   3.4872337e-02   3.1187057e-02   3.0913433e-02   2.9411221e-02   2.8048034e-02   2.7792263e-02
  -6.7050000e+01   4.4913174e-02   4.4802050e-02   4.5837600e-02   4.5596337e-02   4.0998223e-02   3.5379678e-02   3.1507197e-02   3.0987944e-02   2.9399596e-02   2.8044875e-02   2.7792199e-02
  -6.6600000e+01   4.7716138e-02   4.7661499e-02   4.8215948e-02   4.6930923e-02   4.1627646e-02   3.5869698e-02   3.1817379e-02   3.1058478e-02   2.9387611e-02   2.8041713e-02   2.7792135e-02
  -6.6150000e+01   5.0512692e-02   5.0473491e-02   5.0660334e-02   4.8188271e-02   4.2214991e-02   3.6342429e-02   3.2117612e-02   3.1125075e-02   2.9375274e-02   2.8038550e-02   2.7792069e-02
  -6.5700000e+01   5.3306498e-02   5.3261411e-02   5.3116671e-02   4.9345325e-02   4.2758785e-02   3.6797920e-02   3.2407912e-02   3.1187777e-02   2.9362594e-02   2.8035385e-02   2.7792004e-02
  -6.5250000e+01   5.6097178e-02   5.6043090e-02   5.5533204e-02   5.0379883e-02   4.3257850e-02   3.7236242e-02   3.2688291e-02   3.1246623e-02   2.9349579e-02   2.8032219e-02   2.7791937e-02
  -6.4800000e+01   5.8893673e-02   5.8824483e-02   5.7856609e-02   5.1271438e-02   4.3711340e-02   3.7657485e-02   3.2958768e-02   3.1301658e-02   2.9336237e-02   2.8029053e-02   2.7791870e-02
  -6.4350000e+01   6.1854203e-02   6.1613073e-02   6.0020601e-02   5.2002017e-02   4.4118764e-02   3.8061754e-02   3.3219361e-02   3.1352923e-02   2.9322578e-02   2.8025888e-02   2.7791803e-02
  -6.3900000e+01   6.6630096e-02   6.4434922e-02   6.1929056e-02   5.2556986e-02   4.4480014e-02   3.8449176e-02   3.3470092e-02   3.1400461e-02   2.9308609e-02   2.8022722e-02   2.7791735e-02
  -6.3450000e+01   7.2214078e-02   6.7380216e-02   6.3438328e-02   5.2925771e-02   4.4795379e-02   3.8819890e-02   3.3710983e-02   3.1444317e-02   2.9294339e-02   2.8019558e-02   2.7791667e-02
  -6.3000000e+01   7.2921868e-02   7.0556022e-02   6.4357629e-02   5.3102450e-02   4.5065554e-02   3.9174053e-02   3.3942061e-02   3.1484534e-02   2.9279776e-02   2.8016395e-02   2.7791598e-02
  -6.2550000e+01   7.2943864e-02   7.2615282e-02   6.4498058e-02   5.3086172e-02   4.5291640e-02   3.9511833e-02   3.4163353e-02   3.1521156e-02   2.9264929e-02   2.8013234e-02   2.7791528e-02
  -6.2100000e+01   7.2932312e-02   7.0477940e-02   6.3767162e-02   5.2881369e-02   4.5475140e-02   3.9833412e-02   3.4374888e-02   3.1554229e-02   2.9249806e-02   2.8010076e-02   2.7791459e-02
  -6.1650000e+01   7.2647941e-02   6.6532537e-02   6.2230921e-02   5.2497746e-02   4.5617943e-02   4.0138985e-02   3.4576698e-02   3.1583798e-02   2.9234414e-02   2.8006920e-02   2.7791389e-02
  -6.1200000e+01   6.9143950e-02   6.2721262e-02   6.0073568e-02   5.1950022e-02   4.5722299e-02   4.0428754e-02   3.4768817e-02   3.1609908e-02   2.9218762e-02   2.8003767e-02   2.7791318e-02
  -6.0750000e+01   6.0692984e-02   5.9055318e-02   5.7502131e-02   5.1257447e-02   4.5790793e-02   4.0702930e-02   3.4951281e-02   3.1632607e-02   2.9202858e-02   2.8000618e-02   2.7791247e-02
  -6.0300000e+01   5.5677835e-02   5.5439719e-02   5.4684776e-02   5.0443117e-02   4.5826305e-02   4.0961734e-02   3.5124128e-02   3.1651941e-02   2.9186710e-02   2.7997473e-02   2.7791176e-02
  -5.9850000e+01   5.1932753e-02   5.1837976e-02   5.1743512e-02   4.9533107e-02   4.5831969e-02   4.1205388e-02   3.5287398e-02   3.1667957e-02   2.9170326e-02   2.7994333e-02   2.7791104e-02
  -5.9400000e+01   4.8011474e-02   4.8228982e-02   4.8773564e-02   4.8555504e-02   4.5811121e-02   4.1434124e-02   3.5441133e-02   3.1680702e-02   2.9153713e-02   2.7991198e-02   2.7791032e-02
  -5.8950000e+01   4.1279555e-02   4.4584281e-02   4.5867044e-02   4.7539362e-02   4.5767253e-02   4.1648171e-02   3.5585379e-02   3.1690225e-02   2.9136881e-02   2.7988068e-02   2.7790960e-02
  -5.8500000e+01   3.4146422e-02   4.0849484e-02   4.3132579e-02   4.6513655e-02   4.5703953e-02   4.1847764e-02   3.5720181e-02   3.1696574e-02   2.9119835e-02   2.7984943e-02   2.7790888e-02
  -5.8050000e+01   3.3249472e-02   3.7003363e-02   4.0701776e-02   4.5506283e-02   4.5624850e-02   4.2033137e-02   3.5845589e-02   3.1699797e-02   2.9102585e-02   2.7981825e-02   2.7790815e-02
  -5.7600000e+01   3.3215978e-02   3.3820927e-02   3.8706264e-02   4.4543169e-02   4.5533556e-02   4.2204520e-02   3.5961653e-02   3.1699944e-02   2.9085137e-02   2.7978714e-02   2.7790742e-02
  -5.7150000e+01   3.3215890e-02   3.3063300e-02   3.7224359e-02   4.3647497e-02   4.5433613e-02   4.2362143e-02   3.6068428e-02   3.1697063e-02   2.9067500e-02   2.7975609e-02   2.7790669e-02
  -5.6700000e+01   3.3226045e-02   3.3509255e-02   3.6240049e-02   4.2839113e-02   4.5328434e-02   4.2506230e-02   3.6165967e-02   3.1691206e-02   2.9049681e-02   2.7972512e-02   2.7790596e-02
  -5.6250000e+01   3.3383964e-02   3.3889475e-02   3.5660799e-02   4.2134098e-02   4.5221258e-02   4.2637003e-02   3.6254330e-02   3.1682422e-02   2.9031688e-02   2.7969423e-02   2.7790522e-02
  -5.5800000e+01   3.3995285e-02   3.4179128e-02   3.5374557e-02   4.1544533e-02   4.5115097e-02   4.2754673e-02   3.6333576e-02   3.1670761e-02   2.9013527e-02   2.7966342e-02   2.7790449e-02
  -5.5350000e+01   3.4416567e-02   3.4443938e-02   3.5292003e-02   4.1078416e-02   4.5012701e-02   4.2859446e-02   3.6403767e-02   3.1656274e-02   2.8995207e-02   2.7963269e-02   2.7790375e-02
  -5.4900000e+01   3.4694394e-02   3.4703951e-02   3.5356720e-02   4.0739746e-02   4.4916520e-02   4.2951518e-02   3.6464967e-02   3.1639012e-02   2.8976735e-02   2.7960206e-02   2.7790301e-02
  -5.4450000e+01   3.4981203e-02   3.4963795e-02   3.5539112e-02   4.0528719e-02   4.4828673e-02   4.3031076e-02   3.6517244e-02   3.1619027e-02   2.8958117e-02   2.7957152e-02   2.7790227e-02
  -5.4000000e+01   3.5477828e-02   3.5222954e-02   3.5829557e-02   4.0442028e-02   4.4750930e-02   4.3098296e-02   3.6560665e-02   3.1596371e-02   2.8939362e-02   2.7954107e-02   2.7790153e-02
  -5.3550000e+01   3.5999719e-02   3.5470248e-02   3.6235342e-02   4.0473241e-02   4.4684695e-02   4.3153343e-02   3.6595304e-02   3.1571094e-02   2.8920477e-02   2.7951073e-02   2.7790079e-02
  -5.3100000e+01   3.6069521e-02   3.5674557e-02   3.6778081e-02   4.0613221e-02   4.4630997e-02   4.3196369e-02   3.6621232e-02   3.1543250e-02   2.8901468e-02   2.7948049e-02   2.7790004e-02
  -5.2650000e+01   3.6072416e-02   3.5941203e-02   3.7484594e-02   4.0850587e-02   4.4590490e-02   4.3227514e-02   3.6638526e-02   3.1512890e-02   2.8882342e-02   2.7945037e-02   2.7789930e-02
  -5.2200000e+01   3.6073722e-02   3.6858221e-02   3.8368849e-02   4.1172194e-02   4.4563461e-02   4.3246905e-02   3.6647265e-02   3.1480068e-02   2.8863108e-02   2.7942035e-02   2.7789856e-02
  -5.1750000e+01   3.6111853e-02   3.8375523e-02   3.9416828e-02   4.1563618e-02   4.4549837e-02   4.3254657e-02   3.6647529e-02   3.1444836e-02   2.8843771e-02   2.7939045e-02   2.7789782e-02
  -5.1300000e+01   3.6792171e-02   3.9971775e-02   4.0589696e-02   4.2009646e-02   4.4549203e-02   4.3250868e-02   3.6639400e-02   3.1407248e-02   2.8824338e-02   2.7936068e-02   2.7789707e-02
  -5.0850000e+01   4.0215625e-02   4.1532686e-02   4.1840730e-02   4.2494765e-02   4.4560827e-02   4.3235627e-02   3.6622965e-02   3.1367356e-02   2.8804817e-02   2.7933102e-02   2.7789633e-02
  -5.0400000e+01   4.2898070e-02   4.3066780e-02   4.3128464e-02   4.3003625e-02   4.4583682e-02   4.3209008e-02   3.6598311e-02   3.1325214e-02   2.8785214e-02   2.7930150e-02   2.7789559e-02
  -4.9950000e+01   4.4556822e-02   4.4589065e-02   4.4418822e-02   4.3521495e-02   4.4616478e-02   4.3171072e-02   3.6565528e-02   3.1280876e-02   2.8765536e-02   2.7927210e-02   2.7789485e-02
  -4.9500000e+01   4.6242589e-02   4.6112844e-02   4.5680190e-02   4.4034676e-02   4.4657689e-02   4.3121867e-02   3.6524709e-02   3.1234396e-02   2.8745790e-02   2.7924284e-02   2.7789411e-02
  -4.9050000e+01   4.9133782e-02   4.7654068e-02   4.6875813e-02   4.4530879e-02   4.4705591e-02   4.3061430e-02   3.6475949e-02   3.1185827e-02   2.8725982e-02   2.7921372e-02   2.7789337e-02
  -4.8600000e+01   5.2277531e-02   4.9238916e-02   4.7955820e-02   4.4999542e-02   4.4758291e-02   4.2989789e-02   3.6419346e-02   3.1135224e-02   2.8706118e-02   2.7918474e-02   2.7789263e-02
  -4.8150000e+01   5.2739511e-02   5.0888712e-02   4.8853614e-02   4.5432077e-02   4.4813764e-02   4.2906959e-02   3.6354999e-02   3.1082641e-02   2.8686206e-02   2.7915590e-02   2.7789189e-02
  -4.7700000e+01   5.2760822e-02   5.2330889e-02   4.9496531e-02   4.5822035e-02   4.4869882e-02   4.2812946e-02   3.6283011e-02   3.1028132e-02   2.8666252e-02   2.7912721e-02   2.7789116e-02
  -4.7250000e+01   5.2760920e-02   5.2551276e-02   4.9835521e-02   4.6165177e-02   4.4924449e-02   4.2707750e-02   3.6203487e-02   3.0971751e-02   2.8646262e-02   2.7909868e-02   2.7789042e-02
  -4.6800000e+01   5.2746357e-02   5.1733487e-02   4.9874246e-02   4.6459439e-02   4.4975230e-02   4.2591363e-02   3.6116534e-02   3.0913554e-02   2.8626242e-02   2.7907029e-02   2.7788969e-02
  -4.6350000e+01   5.2459310e-02   5.0827363e-02   4.9666929e-02   4.6704805e-02   4.5019979e-02   4.2463772e-02   3.6022262e-02   3.0853595e-02   2.8606199e-02   2.7904207e-02   2.7788896e-02
  -4.5900000e+01   5.0738790e-02   4.9985645e-02   4.9287451e-02   4.6903067e-02   4.5056463e-02   4.2324960e-02   3.5920784e-02   3.0791927e-02   2.8586138e-02   2.7901401e-02   2.7788823e-02
  -4.5450000e+01   4.9256115e-02   4.9174081e-02   4.8801456e-02   4.7057514e-02   4.5082485e-02   4.2174907e-02   3.5812214e-02   3.0728607e-02   2.8566067e-02   2.7898611e-02   2.7788750e-02
  -4.5000000e+01   4.8372612e-02   4.8372481e-02   4.8257947e-02   4.7172538e-02   4.5095909e-02   4.2013592e-02   3.5696670e-02   3.0663689e-02   2.8545991e-02   2.7895839e-02   2.7788678e-02
  -4.4550000e+01   4.7489109e-02   4.7570994e-02   4.7694017e-02   4.7253207e-02   4.5094673e-02   4.1840997e-02   3.5574272e-02   3.0597226e-02   2.8525916e-02   2.7893083e-02   2.7788606e-02
  -4.4100000e+01   4.6006435e-02   4.6760799e-02   4.7143222e-02   4.7304807e-02   4.5076805e-02   4.1657102e-02   3.5445142e-02   3.0529275e-02   2.8505848e-02   2.7890345e-02   2.7788534e-02
  -4.3650000e+01   4.4285915e-02   4.5927620e-02   4.6643332e-02   4.7332403e-02   4.5040439e-02   4.1461896e-02   3.5309405e-02   3.0459890e-02   2.8485794e-02   2.7887624e-02   2.7788462e-02
  -4.3200000e+01   4.3998872e-02   4.5053804e-02   4.6240621e-02   4.7340422e-02   4.4983824e-02   4.1255369e-02   3.5167189e-02   3.0389125e-02   2.8465758e-02   2.7884922e-02   2.7788391e-02
  -4.2750000e+01   4.3984326e-02   4.4256757e-02   4.5985098e-02   4.7332309e-02   4.4905336e-02   4.1037522e-02   3.5018624e-02   3.0317035e-02   2.8445747e-02   2.7882238e-02   2.7788320e-02
  -4.2300000e+01   4.3984137e-02   4.4146208e-02   4.5912976e-02   4.7310256e-02   4.4803480e-02   4.0808363e-02   3.4863841e-02   3.0243675e-02   2.8425766e-02   2.7879572e-02   2.7788249e-02
  -4.1850000e+01   4.3993555e-02   4.4785416e-02   4.6027102e-02   4.7275032e-02   4.4676906e-02   4.0567910e-02   3.4702977e-02   3.0169099e-02   2.8405822e-02   2.7876926e-02   2.7788179e-02
  -4.1400000e+01   4.4197519e-02   4.5532765e-02   4.6295638e-02   4.7225906e-02   4.4524406e-02   4.0316195e-02   3.4536168e-02   3.0093361e-02   2.8385919e-02   2.7874298e-02   2.7788109e-02
  -4.0950000e+01   4.5585466e-02   4.6237853e-02   4.6670610e-02   4.7160692e-02   4.4344920e-02   4.0053261e-02   3.4363555e-02   3.0016517e-02   2.8366064e-02   2.7871691e-02   2.7788039e-02
  -4.0500000e+01   4.6861910e-02   4.6919139e-02   4.7106702e-02   4.7075878e-02   4.4137546e-02   3.9779168e-02   3.4185279e-02   2.9938619e-02   2.8346261e-02   2.7869103e-02   2.7787970e-02
  -4.0050000e+01   4.7606166e-02   4.7591825e-02   4.7567697e-02   4.6966844e-02   4.3901537e-02   3.9493991e-02   3.4001486e-02   2.9859722e-02   2.8326516e-02   2.7866535e-02   2.7787901e-02
  -3.9600000e+01   4.8338495e-02   4.8263874e-02   4.8023337e-02   4.6828151e-02   4.3636306e-02   3.9197821e-02   3.3812322e-02   2.9779880e-02   2.8306835e-02   2.7863988e-02   2.7787832e-02
  -3.9150000e+01   4.9522779e-02   4.8942676e-02   4.8442598e-02   4.6653871e-02   4.3341429e-02   3.8890769e-02   3.3617937e-02   2.9699148e-02   2.8287223e-02   2.7861462e-02   2.7787764e-02
  -3.8700000e+01   5.1034214e-02   4.9642330e-02   4.8786406e-02   4.6437936e-02   4.3016649e-02   3.8572965e-02   3.3418483e-02   2.9617577e-02   2.8267686e-02   2.7858956e-02   2.7787696e-02
  -3.8250000e+01   5.1334575e-02   5.0390249e-02   4.9002836e-02   4.6174492e-02   4.2661873e-02   3.8244557e-02   3.3214114e-02   2.9535223e-02   2.8248227e-02   2.7856472e-02   2.7787629e-02
  -3.7800000e+01   5.1351435e-02   5.1109552e-02   4.9031871e-02   4.5858217e-02   4.2277181e-02   3.7905715e-02   3.3004987e-02   2.9452137e-02   2.8228853e-02   2.7854009e-02   2.7787562e-02
  -3.7350000e+01   5.1351737e-02   5.1106007e-02   4.8825776e-02   4.5484602e-02   4.1862819e-02   3.7556629e-02   3.2791261e-02   2.9368374e-02   2.8209568e-02   2.7851568e-02   2.7787496e-02
  -3.6900000e+01   5.1338691e-02   5.0057434e-02   4.8374527e-02   4.5050172e-02   4.1419203e-02   3.7197512e-02   3.2573095e-02   2.9283985e-02   2.8190379e-02   2.7849149e-02   2.7787430e-02
  -3.6450000e+01   5.1027272e-02   4.8792684e-02   4.7710779e-02   4.4552638e-02   4.0946921e-02   3.6828595e-02   3.2350654e-02   2.9199024e-02   2.8171288e-02   2.7846752e-02   2.7787364e-02
  -3.6000000e+01   4.8699279e-02   4.7581053e-02   4.6888403e-02   4.3990978e-02   4.0446726e-02   3.6450134e-02   3.2124103e-02   2.9113542e-02   2.8152302e-02   2.7844378e-02   2.7787299e-02
  -3.5550000e+01   4.6483990e-02   4.6405550e-02   4.5957555e-02   4.3365450e-02   3.9919535e-02   3.6062404e-02   3.1893609e-02   2.9027592e-02   2.8133425e-02   2.7842027e-02   2.7787235e-02
  -3.5100000e+01   4.5204629e-02   4.5243875e-02   4.4954011e-02   4.2677545e-02   3.9366427e-02   3.5665701e-02   3.1659341e-02   2.8941226e-02   2.8114662e-02   2.7839698e-02   2.7787171e-02
  -3.4650000e+01   4.3965330e-02   4.4084276e-02   4.3900262e-02   4.1929886e-02   3.8788635e-02   3.5260341e-02   3.1421471e-02   2.8854495e-02   2.8096018e-02   2.7837393e-02   2.7787108e-02
  -3.4200000e+01   4.2086125e-02   4.2919039e-02   4.2809911e-02   4.1126096e-02   3.8187541e-02   3.4846663e-02   3.1180171e-02   2.8767450e-02   2.8077498e-02   2.7835112e-02   2.7787045e-02
  -3.3750000e+01   3.9359223e-02   4.1743592e-02   4.1691045e-02   4.0270635e-02   3.7564665e-02   3.4425022e-02   3.0935617e-02   2.8680141e-02   2.8059105e-02   2.7832854e-02   2.7786982e-02
  -3.3300000e+01   3.8654846e-02   4.0566214e-02   4.0548100e-02   3.9368630e-02   3.6921657e-02   3.3995791e-02   3.0687986e-02   2.8592621e-02   2.8040844e-02   2.7830621e-02   2.7786921e-02
  -3.2850000e+01   3.8609879e-02   3.9434277e-02   3.9383168e-02   3.8425706e-02   3.6260285e-02   3.3559363e-02   3.0437456e-02   2.8504938e-02   2.8022721e-02   2.7828411e-02   2.7786859e-02
  -3.2400000e+01   3.8608061e-02   3.8367224e-02   3.8197649e-02   3.7447821e-02   3.5582419e-02   3.3116144e-02   3.0184207e-02   2.8417142e-02   2.8004739e-02   2.7826227e-02   2.7786799e-02
  -3.1950000e+01   3.8596331e-02   3.7187366e-02   3.6994052e-02   3.6441126e-02   3.4890021e-02   3.2666560e-02   2.9928421e-02   2.8329283e-02   2.7986902e-02   2.7824067e-02   2.7786739e-02
  -3.1500000e+01   3.8281757e-02   3.5904846e-02   3.5776645e-02   3.5411841e-02   3.4185125e-02   3.2211045e-02   2.9670282e-02   2.8241410e-02   2.7969216e-02   2.7821932e-02   2.7786679e-02
  -3.1050000e+01   3.5779954e-02   3.4616761e-02   3.4550554e-02   3.4366148e-02   3.3469822e-02   3.1750049e-02   2.9409972e-02   2.8153572e-02   2.7951684e-02   2.7819822e-02   2.7786620e-02
  -3.0600000e+01   3.3418867e-02   3.3342367e-02   3.3320580e-02   3.3310118e-02   3.2746242e-02   3.1284033e-02   2.9147679e-02   2.8065816e-02   2.7934310e-02   2.7817737e-02   2.7786562e-02
  -3.0150000e+01   3.2043556e-02   3.2076818e-02   3.2090840e-02   3.2249650e-02   3.2016533e-02   3.0813468e-02   2.8883590e-02   2.7978191e-02   2.7917098e-02   2.7815678e-02   2.7786505e-02
  -2.9700000e+01   3.0730043e-02   3.0813413e-02   3.0865208e-02   3.1190433e-02   3.1282846e-02   3.0338830e-02   2.8617891e-02   2.7890744e-02   2.7900053e-02   2.7813645e-02   2.7786448e-02
  -2.9250000e+01   2.8971079e-02   2.9546471e-02   2.9648202e-02   3.0137919e-02   3.0547312e-02   2.9860606e-02   2.8350774e-02   2.7803523e-02   2.7883179e-02   2.7811638e-02   2.7786391e-02
  -2.8800000e+01   2.6007070e-02   2.8270776e-02   2.8446115e-02   2.9097308e-02   2.9812024e-02   2.9379286e-02   2.8082427e-02   2.7716572e-02   2.7866479e-02   2.7809657e-02   2.7786336e-02
  -2.8350000e+01   2.4778118e-02   2.6983096e-02   2.7268009e-02   2.8073536e-02   2.9079018e-02   2.8895363e-02   2.7813041e-02   2.7629939e-02   2.7849957e-02   2.7807703e-02   2.7786281e-02
  -2.7900000e+01   2.4678409e-02   2.5706618e-02   2.6125338e-02   2.7071271e-02   2.8350255e-02   2.8409333e-02   2.7542808e-02   2.7543669e-02   2.7833617e-02   2.7805775e-02   2.7786227e-02
  -2.7450000e+01   2.4674249e-02   2.4586509e-02   2.5028673e-02   2.6094897e-02   2.7627606e-02   2.7921694e-02   2.7271920e-02   2.7457807e-02   2.7817463e-02   2.7803874e-02   2.7786173e-02
  -2.7000000e+01   2.4667041e-02   2.3682393e-02   2.3982614e-02   2.5148504e-02   2.6912830e-02   2.7432942e-02   2.7000570e-02   2.7372397e-02   2.7801498e-02   2.7802001e-02   2.7786120e-02
  -2.6550000e+01   2.4435001e-02   2.2788152e-02   2.2983709e-02   2.4235866e-02   2.6207566e-02   2.6943569e-02   2.6728951e-02   2.7287485e-02   2.7785726e-02   2.7800154e-02   2.7786068e-02
  -2.6100000e+01   2.2603957e-02   2.1873928e-02   2.2023939e-02   2.3360411e-02   2.5513315e-02   2.6454067e-02   2.6457255e-02   2.7203112e-02   2.7770152e-02   2.7798335e-02   2.7786016e-02
  -2.5650000e+01   2.1037887e-02   2.0958272e-02   2.1096027e-02   2.2525183e-02   2.4831433e-02   2.5964920e-02   2.6185675e-02   2.7119322e-02   2.7754777e-02   2.7796543e-02   2.7785966e-02
  -2.5200000e+01   2.0067096e-02   2.0044868e-02   2.0196464e-02   2.1732800e-02   2.4163119e-02   2.5476608e-02   2.5914406e-02   2.7036158e-02   2.7739605e-02   2.7794779e-02   2.7785916e-02
  -2.4750000e+01   1.9150093e-02   1.9132687e-02   1.9326260e-02   2.0985400e-02   2.3509408e-02   2.4989602e-02   2.5643641e-02   2.6953661e-02   2.7724641e-02   2.7793044e-02   2.7785866e-02
  -2.4300000e+01   1.8234997e-02   1.8220072e-02   1.8491472e-02   2.0284589e-02   2.2871167e-02   2.4504368e-02   2.5373571e-02   2.6871873e-02   2.7709887e-02   2.7791336e-02   2.7785818e-02
  -2.3850000e+01   1.7318876e-02   1.7302901e-02   1.7704764e-02   1.9631384e-02   2.2249093e-02   2.4021358e-02   2.5104390e-02   2.6790834e-02   2.7695346e-02   2.7789656e-02   2.7785770e-02
  -2.3400000e+01   1.6401834e-02   1.6365636e-02   1.6987419e-02   1.9026169e-02   2.1643713e-02   2.3541018e-02   2.4836289e-02   2.6710585e-02   2.7681022e-02   2.7788006e-02   2.7785723e-02
  -2.2950000e+01   1.5480212e-02   1.5387635e-02   1.6368361e-02   1.8468654e-02   2.1055385e-02   2.3063781e-02   2.4569461e-02   2.6631164e-02   2.7666918e-02   2.7786383e-02   2.7785677e-02
  -2.2500000e+01   1.4566101e-02   1.4619026e-02   1.5875286e-02   1.7957855e-02   2.0484301e-02   2.2590068e-02   2.4304094e-02   2.6552612e-02   2.7653036e-02   2.7784790e-02   2.7785631e-02
  -2.2050000e+01   1.4630829e-02   1.4541408e-02   1.5519519e-02   1.7492090e-02   1.9930497e-02   2.2120290e-02   2.4040380e-02   2.6474966e-02   2.7639381e-02   2.7783225e-02   2.7785587e-02
  -2.1600000e+01   1.4703495e-02   1.4673910e-02   1.5287855e-02   1.7069003e-02   1.9393857e-02   2.1654844e-02   2.3778506e-02   2.6398264e-02   2.7625954e-02   2.7781690e-02   2.7785543e-02
  -2.1150000e+01   1.4772176e-02   1.4766348e-02   1.5150653e-02   1.6685607e-02   1.8874129e-02   2.1194113e-02   2.3518660e-02   2.6322543e-02   2.7612759e-02   2.7780184e-02   2.7785499e-02
  -2.0700000e+01   1.4840759e-02   1.4839290e-02   1.5076791e-02   1.6338355e-02   1.8370931e-02   2.0738469e-02   2.3261028e-02   2.6247840e-02   2.7599799e-02   2.7778707e-02   2.7785457e-02
  -2.0250000e+01   1.4909265e-02   1.4908067e-02   1.5042227e-02   1.6023232e-02   1.7883766e-02   2.0288268e-02   2.3005794e-02   2.6174190e-02   2.7587076e-02   2.7777260e-02   2.7785416e-02
  -1.9800000e+01   1.4977914e-02   1.4976284e-02   1.5030459e-02   1.5735856e-02   1.7412039e-02   1.9843854e-02   2.2753142e-02   2.6101628e-02   2.7574593e-02   2.7775842e-02   2.7785375e-02
  -1.9350000e+01   1.5050589e-02   1.5044744e-02   1.5029611e-02   1.5471602e-02   1.6955070e-02   1.9405557e-02   2.2503252e-02   2.6030190e-02   2.7562352e-02   2.7774455e-02   2.7785335e-02
  -1.8900000e+01   1.5167828e-02   1.5114611e-02   1.5029366e-02   1.5225720e-02   1.6512109e-02   1.8973692e-02   2.2256305e-02   2.5959907e-02   2.7550357e-02   2.7773097e-02   2.7785296e-02
  -1.8450000e+01   1.5304904e-02   1.5190230e-02   1.5018728e-02   1.4993456e-02   1.6082357e-02   1.8548564e-02   2.2012477e-02   2.5890815e-02   2.7538610e-02   2.7771770e-02   2.7785258e-02
  -1.8000000e+01   1.5322283e-02   1.5277679e-02   1.4985280e-02   1.4770171e-02   1.5664977e-02   1.8130460e-02   2.1771944e-02   2.5822945e-02   2.7527112e-02   2.7770472e-02   2.7785220e-02
  -1.7550000e+01   1.5322823e-02   1.5313466e-02   1.4917165e-02   1.4551442e-02   1.5259116e-02   1.7719658e-02   2.1534879e-02   2.5756329e-02   2.7515868e-02   2.7769206e-02   2.7785184e-02
  -1.7100000e+01   1.5322027e-02   1.5143538e-02   1.4807532e-02   1.4333154e-02   1.4863918e-02   1.7316421e-02   2.1301452e-02   2.5690998e-02   2.7504878e-02   2.7767969e-02   2.7785148e-02
  -1.6650000e+01   1.5302599e-02   1.4880894e-02   1.4657550e-02   1.4111571e-02   1.4478539e-02   1.6921000e-02   2.1071833e-02   2.5626982e-02   2.7494146e-02   2.7766763e-02   2.7785113e-02
  -1.6200000e+01   1.5063195e-02   1.4623654e-02   1.4474403e-02   1.3883399e-02   1.4102164e-02   1.6533636e-02   2.0846185e-02   2.5564311e-02   2.7483673e-02   2.7765588e-02   2.7785080e-02
  -1.5750000e+01   1.4485795e-02   1.4373822e-02   1.4266430e-02   1.3645818e-02   1.3734022e-02   1.6154555e-02   2.0624673e-02   2.5503014e-02   2.7473462e-02   2.7764444e-02   2.7785046e-02
  -1.5300000e+01   1.4143142e-02   1.4126838e-02   1.4039774e-02   1.3396515e-02   1.3373393e-02   1.5783974e-02   2.0407455e-02   2.5443118e-02   2.7463515e-02   2.7763331e-02   2.7785014e-02
  -1.4850000e+01   1.3887265e-02   1.3880705e-02   1.3797597e-02   1.3133688e-02   1.3019627e-02   1.5422100e-02   2.0194689e-02   2.5384653e-02   2.7453834e-02   2.7762249e-02   2.7784983e-02
  -1.4400000e+01   1.3619350e-02   1.3634279e-02   1.3540351e-02   1.2856046e-02   1.2672147e-02   1.5069130e-02   1.9986528e-02   2.5327643e-02   2.7444420e-02   2.7761198e-02   2.7784953e-02
  -1.3950000e+01   1.3159402e-02   1.3387091e-02   1.3265857e-02   1.2562802e-02   1.2330462e-02   1.4725248e-02   1.9783122e-02   2.5272115e-02   2.7435276e-02   2.7760178e-02   2.7784923e-02
  -1.3500000e+01   1.2672042e-02   1.3142018e-02   1.2968990e-02   1.2253650e-02   1.1994171e-02   1.4390633e-02   1.9584620e-02   2.5218095e-02   2.7426404e-02   2.7759190e-02   2.7784894e-02
  -1.3050000e+01   1.2610765e-02   1.2909970e-02   1.2641827e-02   1.1928742e-02   1.1662969e-02   1.4065454e-02   1.9391164e-02   2.5165606e-02   2.7417805e-02   2.7758233e-02   2.7784867e-02
  -1.2600000e+01   1.2608485e-02   1.2663077e-02   1.2275871e-02   1.1588660e-02   1.1336651e-02   1.3749870e-02   1.9202894e-02   2.5114673e-02   2.7409482e-02   2.7757308e-02   2.7784840e-02
  -1.2150000e+01   1.2607652e-02   1.2240622e-02   1.1866567e-02   1.1234377e-02   1.1015112e-02   1.3444036e-02   1.9019946e-02   2.5065318e-02   2.7401435e-02   2.7756414e-02   2.7784814e-02
  -1.1700000e+01   1.2585897e-02   1.1675110e-02   1.1416730e-02   1.0867221e-02   1.0698348e-02   1.3148096e-02   1.8842454e-02   2.5017564e-02   2.7393667e-02   2.7755553e-02   2.7784789e-02
  -1.1250000e+01   1.2245225e-02   1.1094747e-02   1.0935192e-02   1.0488833e-02   1.0386456e-02   1.2862189e-02   1.8670545e-02   2.4971432e-02   2.7386179e-02   2.7754723e-02   2.7784765e-02
  -1.0800000e+01   1.0926361e-02   1.0523777e-02   1.0432318e-02   1.0101117e-02   1.0079628e-02   1.2586447e-02   1.8504344e-02   2.4926942e-02   2.7378972e-02   2.7753924e-02   2.7784741e-02
  -1.0350000e+01   1.0017485e-02   9.9598467e-03   9.9167728e-03   9.7061976e-03   9.7781478e-03   1.2320996e-02   1.8343972e-02   2.4884115e-02   2.7372048e-02   2.7753158e-02   2.7784719e-02
  -9.9000000e+00   9.4180990e-03   9.3989603e-03   9.3949540e-03   9.3063655e-03   9.4823885e-03   1.2065956e-02   1.8189544e-02   2.4842969e-02   2.7365409e-02   2.7752424e-02   2.7784698e-02
  -9.4500000e+00   8.7993371e-03   8.8372651e-03   8.8718913e-03   8.9040318e-03   9.1928015e-03   1.1821441e-02   1.8041173e-02   2.4803523e-02   2.7359056e-02   2.7751722e-02   2.7784677e-02
  -9.0000000e+00   7.7279146e-03   8.2704480e-03   8.3524587e-03   8.5016779e-03   8.9099114e-03   1.1587561e-02   1.7898967e-02   2.4765794e-02   2.7352989e-02   2.7751053e-02   2.7784658e-02
  -8.5500000e+00   6.6019833e-03   7.6942092e-03   7.8424342e-03   8.1018108e-03   8.6343072e-03   1.1364419e-02   1.7763028e-02   2.4729800e-02   2.7347211e-02   2.7750415e-02   2.7784639e-02
  -8.1000000e+00   6.4513705e-03   7.1143542e-03   7.3489390e-03   7.7069213e-03   8.3666329e-03   1.1152114e-02   1.7633456e-02   2.4695555e-02   2.7341722e-02   2.7749810e-02   2.7784622e-02
  -7.6500000e+00   6.4450727e-03   6.5945194e-03   6.8793785e-03   7.3194471e-03   8.1075785e-03   1.0950740e-02   1.7510343e-02   2.4663075e-02   2.7336524e-02   2.7749237e-02   2.7784605e-02
  -7.2000000e+00   6.4446664e-03   6.2245192e-03   6.4386600e-03   6.9417419e-03   7.8578698e-03   1.0760385e-02   1.7393780e-02   2.4632374e-02   2.7331617e-02   2.7748697e-02   2.7784589e-02
  -6.7500000e+00   6.4359744e-03   5.8976971e-03   6.0267794e-03   6.5760502e-03   7.6182584e-03   1.0581134e-02   1.7283851e-02   2.4603466e-02   2.7327003e-02   2.7748189e-02   2.7784574e-02
  -6.3000000e+00   6.2807169e-03   5.5504015e-03   5.6394805e-03   6.2244882e-03   7.3895114e-03   1.0413066e-02   1.7180637e-02   2.4576364e-02   2.7322682e-02   2.7747714e-02   2.7784560e-02
  -5.8500000e+00   5.4994311e-03   5.1983170e-03   5.2713291e-03   5.8890306e-03   7.1724016e-03   1.0256256e-02   1.7084211e-02   2.4551079e-02   2.7318656e-02   2.7747271e-02   2.7784547e-02
  -5.4000000e+00   4.8872547e-03   4.8488060e-03   4.9182631e-03   5.5715019e-03   6.9676972e-03   1.0110775e-02   1.6994643e-02   2.4527622e-02   2.7314924e-02   2.7746861e-02   2.7784536e-02
  -4.9500000e+00   4.5087015e-03   4.5013841e-03   4.5784467e-03   5.2735729e-03   6.7761523e-03   9.9766864e-03   1.6912000e-02   2.4506004e-02   2.7311488e-02   2.7746483e-02   2.7784524e-02
  -4.5000000e+00   4.1239828e-03   4.1536133e-03   4.2522743e-03   4.9967592e-03   6.5984978e-03   9.8540517e-03   1.6836341e-02   2.4486235e-02   2.7308349e-02   2.7746139e-02   2.7784514e-02
  -4.0500000e+00   3.4641671e-03   3.8022275e-03   3.9425079e-03   4.7424224e-03   6.4354324e-03   9.7429262e-03   1.6767720e-02   2.4468322e-02   2.7305507e-02   2.7745827e-02   2.7784505e-02
  -3.6000000e+00   2.7467141e-03   3.4427415e-03   3.6548029e-03   4.5117733e-03   6.2876143e-03   9.6433603e-03   1.6706189e-02   2.4452273e-02   2.7302962e-02   2.7745547e-02   2.7784497e-02
  -3.1500000e+00   2.6412841e-03   3.0739852e-03   3.3979140e-03   4.3058751e-03   6.1556539e-03   9.5553997e-03   1.6651791e-02   2.4438096e-02   2.7300716e-02   2.7745301e-02   2.7784490e-02
  -2.7000000e+00   2.6364240e-03   2.7458775e-03   3.1819761e-03   4.1256478e-03   6.0401065e-03   9.4790845e-03   1.6604565e-02   2.4425797e-02   2.7298768e-02   2.7745087e-02   2.7784484e-02
  -2.2500000e+00   2.6363069e-03   2.6106509e-03   3.0140603e-03   3.9718734e-03   5.9414663e-03   9.4144502e-03   1.6564547e-02   2.4415381e-02   2.7297120e-02   2.7744907e-02   2.7784478e-02
  -1.8000000e+00   2.6363138e-03   2.6191265e-03   2.8938602e-03   3.8452004e-03   5.8601609e-03   9.3615265e-03   1.6531765e-02   2.4406853e-02   2.7295770e-02   2.7744759e-02   2.7784474e-02
  -1.3500000e+00   2.6363154e-03   2.6323282e-03   2.8140353e-03   3.7461497e-03   5.7965465e-03   9.3203380e-03   1.6506244e-02   2.4400216e-02   2.7294720e-02   2.7744644e-02   2.7784471e-02
  -9.0000000e-01   2.6363156e-03   2.6358175e-03   2.7648399e-03   3.6751195e-03   5.7509042e-03   9.2909039e-03   1.6488001e-02   2.4395473e-02   2.7293970e-02   2.7744561e-02   2.7784468e-02
  -4.5000000e-01   2.6363156e-03   2.6363769e-03   2.7383645e-03   3.6323904e-03   5.7234371e-03   9.2732379e-03   1.6477049e-02   2.4392627e-02   2.7293520e-02   2.7744512e-02   2.7784467e-02
   0.0000000e+00   2.6363156e-03   2.6364228e-03   2.7300211e-03   3.6181290e-03   5.7142677e-03   9.2673483e-03   1.6473398e-02   2.4391678e-02   2.7293370e-02   2.7744496e-02   2.7784466e-02
   4.5000000e-01   2.6363156e-03   2.6363769e-03   2.7383645e-03   3.6323904e-03   5.7234371e-03   9.2732379e-03   1.6477049e-02   2.4392627e-02   2.7293520e-02   2.7744512e-02   2.7784467e-02
   9.0000000e-01   2.6363156e-03   2.6358175e-03   2.7648399e-03   3.6751195e-03   5.7509042e-03   9.2909039e-03   1.6488001e-02   2.4395473e-02   2.7293970e-02   2.7744561e-02   2.7784468e-02
   1.3500000e+00   2.6363154e-03   2.6323282e-03   2.8140353e-03   3.7461497e-03   5.7965465e-03   9.3203380e-03   1.6506244e-02   2.4400216e-02   2.7294720e-02   2.7744644e-02   2.7784471e-02
   1.8000000e+00   2.6363138e-03   2.6191265e-03   2.8938602e-03   3.8452004e-03   5.8601609e-03   9.3615265e-03   1.6531765e-02   2.4406853e-02   2.7295770e-02   2.7744759e-02   2.7784474e-02
   2.2500000e+00   2.6363069e-03   2.6106509e-03   3.0140603e-03   3.9718734e-03   5.9414663e-03   9.4144502e-03   1.6564547e-02   2.4415381e-02   2.7297120e-02   2.7744907e-02   2.7784478e-02
   2.7000000e+00   2.6364240e-03   2.7458775e-03   3.1819761e-03   4.1256478e-03   6.0401065e-03   9.4790845e-03   1.6604565e-02   2.4425797e-02   2.7298768e-02   2.7745087e-02   2.7784484e-02
   3.1500000e+00   2.6412841e-03   3.0739852e-03   3.3979140e-03   4.3058751e-03   6.1556539e-03   9.5553997e-03   1.6651791e-02   2.4438096e-02   2.7300716e-02   2.7745301e-02   2.7784490e-02
   3.6000000e+00   2.7467141e-03   3.4427415e-03   3.6548029e-03   4.5117733e-03   6.2876143e-03   9.6433603e-03   1.6706189e-02   2.4452273e-02   2.7302962e-02   2.7745547e-02   2.7784497e-02
   4.0500000e+00   3.4641671e-03   3.8022275e-03   3.9425079e-03   4.7424224e-03   6.4354324e-03   9.7429262e-03   1.6767720e-02   2.4468322e-02   2.7305507e-02   2.7745827e-02   2.7784505e-02
   4.5000000e+00   4.1239828e-03   4.1536133e-03   4.2522743e-03   4.9967592e-03   6.5984978e-03   9.8540517e-03   1.6836341e-02   2.4486235e-02   2.7308349e-02   2.7746139e-02   2.7784514e-02
   4.9500000e+00   4.5087015e-03   4.5013841e-03   4.5784467e-03   5.2735729e-03   6.7761523e-03   9.9766864e-03   1.6912000e-02   2.4506004e-02   2.7311488e-02   2.7746483e-02   2.7784524e-02
   5.4000000e+00   4.8872547e-03   4.8488060e-03   4.9182631e-03   5.5715019e-03   6.9676972e-03   1.0110775e-02   1.6994643e-02   2.4527622e-02   2.7314924e-02   2.7746861e-02   2.7784536e-02
   5.8500000e+00   5.4994311e-03   5.1983170e-03   5.2713291e-03   5.8890306e-03   7.1724016e-03   1.0256256e-02   1.7084211e-02   2.4551079e-02   2.7318656e-02   2.7747271e-02   2.7784547e-02
   6.3000000e+00   6.2807169e-03   5.5504015e-03   5.6394805e-03   6.2244882e-03   7.3895114e-03   1.0413066e-02   1.7180637e-02   2.4576364e-02   2.7322682e-02   2.7747714e-02   2.7784560e-02
   6.7500000e+00   6.4359744e-03   5.8976971e-03   6.0267794e-03   6.5760502e-03   7.6182584e-03   1.0581134e-02   1.7283851e-02   2.4603466e-02   2.7327003e-02   2.7748189e-02   2.7784574e-02
   7.2000000e+00   6.4446664e-03   6.2245192e-03   6.4386600e-03   6.9417419e-03   7.8578698e-03   1.0760385e-02   1.7393780e-02   2.4632374e-02   2.7331617e-02   2.7748697e-02   2.7784589e-02
   7.6500000e+00   6.4450727e-03   6.5945194e-03   6.8793785e-03   7.3194471e-03   8.1075785e-03   1.0950740e-02   1.7510343e-02   2.4663075e-02   2.7336524e-02   2.7749237e-02   2.7784605e-02
   8.1000000e+00   6.4513705e-03   7.1143542e-03   7.3489390e-03   7.7069213e-03   8.3666329e-03   1.1152114e-02   1.7633456e-02   2.4695555e-02   2.7341722e-02   2.7749810e-02   2.7784622e-02
   8.5500000e+00   6.6019833e-03   7.6942092e-03   7.8424342e-03   8.1018108e-03   8.6343072e-03   1.1364419e-02   1.7763028e-02   2.4729800e-02   2.7347211e-02   2.7750415e-02   2.7784639e-02
   9.0000000e+00   7.7279146e-03   8.2704480e-03   8.3524587e-03   8.5016779e-03   8.9099114e-03   1.1587561e-02   1.7898967e-02   2.4765794e-02   2.7352989e-02   2.7751053e-02   2.7784658e-02
   9.4500000e+00   8.7993371e-03   8.8372651e-03   8.8718913e-03   8.9040318e-03   9.1928015e-03   1.1821441e-02   1.8041173e-02   2.4803523e-02   2.7359056e-02   2.7751722e-02   2.7784677e-02
   9.9000000e+00   9.4180990e-03   9.3989603e-03   9.3949540e-03   9.3063655e-03   9.4823885e-03   1.2065956e-02   1.8189544e-02   2.4842969e-02   2.7365409e-02   2.7752424e-02   2.7784698e-02
   1.0350000e+01   1.0017485e-02   9.9598467e-03   9.9167728e-03   9.7061976e-03   9.7781478e-03   1.2320996e-02   1.8343972e-02   2.4884115e-02   2.7372048e-02   2.7753158e-02   2.7784719e-02
   1.0800000e+01   1.0926361e-02   1.0523777e-02   1.0432318e-02   1.0101117e-02   1.0079628e-02   1.2586447e-02   1.8504344e-02   2.4926942e-02   2.7378972e-02   2.7753924e-02   2.7784741e-02
   1.1250000e+01   1.2245225e-02   1.1094747e-02   1.0935192e-02   1.0488833e-02   1.0386456e-02   1.2862189e-02   1.8670545e-02   2.4971432e-02   2.7386179e-02   2.7754723e-02   2.7784765e-02
   1.1700000e+01   1.2585897e-02   1.1675110e-02   1.1416730e-02   1.0867221e-02   1.0698348e-02   1.3148096e-02   1.8842454e-02   2.5017564e-02   2.7393667e-02   2.7755553e-02   2.7784789e-02
   1.2150000e+01   1.2607652e-02   1.2240622e-02   1.1866567e-02   1.1234377e-02   1.1015112e-02   1.3444036e-02   1.9019946e-02   2.5065318e-02   2.7401435e-02   2.7756414e-02   2.7784814e-02
   1.2600000e+01   1.2608485e-02   1.2663077e-02   1.2275871e-02   1.1588660e-02   1.1336651e-02   1.3749870e-02   1.9202894e-02   2.5114673e-02   2.7409482e-02   2.7757308e-02   2.7784840e-02
   1.3050000e+01   1.2610765e-02   1.2909970e-02   1.2641827e-02   1.1928742e-02   1.1662969e-02   1.4065454e-02   1.9391164e-02   2.5165606e-02   2.7417805e-02   2.7758233e-02   2.7784867e-02
   1.3500000e+01   1.2672042e-02   1.3142018e-02   1.2968990e-02   1.2253650e-02   1.1994171e-02   1.4390633e-02   1.9584620e-02   2.5218095e-02   2.7426404e-02   2.7759190e-02   2.7784894e-02
   1.3950000e+01   1.3159402e-02   1.3387091e-02   1.3265857e-02   1.2562802e-02   1.2330462e-02   1.4725248e-02   1.9783122e-02   2.5272115e-02   2.7435276e-02   2.7760178e-02   2.7784923e-02
   1.4400000e+01   1.3619350e-02   1.3634279e-02   1.3540351e-02   1.2856046e-02   1.2672147e-02   1.5069130e-02   1.9986528e-02   2.5327643e-02   2.7444420e-02   2.7761198e-02   2.7784953e-02
   1.4850000e+01   1.3887265e-02   1.3880705e-02   1.3797597e-02   1.3133688e-02   1.3019627e-02   1.5422100e-02   2.0194689e-02   2.5384653e-02   2.7453834e-02   2.7762249e-02   2.7784983e-02
   1.5300000e+01   1.4143142e-02   1.4126838e-02   1.4039774e-02   1.3396515e-02   1.3373393e-02   1.5783974e-02   2.0407455e-02   2.5443118e-02   2.7463515e-02   2.7763331e-02   2.7785014e-02
   1.5750000e+01   1.4485795e-02   1.4373822e-02   1.4266430e-02   1.3645818e-02   1.3734022e-02   1.6154555e-02   2.0624673e-02   2.5503014e-02   2.7473462e-02   2.7764444e-02   2.7785046e-02
   1.6200000e+01   1.5063195e-02   1.4623654e-02   1.4474403e-02   1.3883399e-02   1.4102164e-02   1.6533636e-02   2.0846185e-02   2.5564311e-02   2.7483673e-02   2.7765588e-02   2.7785080e-02
   1.6650000e+01   1.5302599e-02   1.4880894e-02   1.4657550e-02   1.4111571e-02   1.4478539e-02   1.6921000e-02   2.1071833e-02   2.5626982e-02   2.7494146e-02   2.7766763e-02   2.7785113e-02
   1.7100000e+01   1.5322027e-02   1.5143538e-02   1.4807532e-02   1.4333154e-02   1.4863918e-02   1.7316421e-02   2.1301452e-02   2.5690998e-02   2.7504878e-02   2.7767969e-02   2.7785148e-02
   1.7550000e+01   1.5322823e-02   1.5313466e-02   1.4917165e-02   1.4551442e-02   1.5259116e-02   1.7719658e-02   2.1534879e-02   2.5756329e-02   2.7515868e-02   2.7769206e-02   2.7785184e-02
   1.8000000e+01   1.5322283e-02   1.5277679e-02   1.4985280e-02   1.4770171e-02   1.5664977e-02   1.8130460e-02   2.1771944e-02   2.5822945e-02   2.7527112e-02   2.7770472e-02   2.7785220e-02
   1.8450000e+01   1.5304904e-02   1.5190230e-02   1.5018728e-02   1.4993456e-02   1.6082357e-02   1.8548564e-02   2.2012477e-02   2.5890815e-02   2.7538610e-02   2.7771770e-02   2.7785258e-02
   1.8900000e+01   1.5167828e-02   1.5114611e-02   1.5029366e-02   1.5225720e-02   1.6512109e-02   1.8973692e-02   2.2256305e-02   2.5959907e-02   2.7550357e-02   2.7773097e-02   2.7785296e-02
   1.9350000e+01   1.5050589e-02   1.5044744e-02   1.5029611e-02   1.5471602e-02   1.6955070e-02   1.9405557e-02   2.2503252e-02   2.6030190e-02   2.7562352e-02   2.7774455e-02   2.7785335e-02
   1.9800000e+01   1.4977914e-02   1.4976284e-02   1.5030459e-02   1.5735856e-02   1.7412039e-02   1.9843854e-02   2.2753142e-02   2.6101628e-02   2.7574593e-02   2.7775842e-02   2.7785375e-02
   2.0250000e+01   1.4909265e-02   1.4908067e-02   1.5042227e-02   1.6023232e-02   1.7883766e-02   2.0288268e-02   2.3005794e-02   2.6174190e-02   2.7587076e-02   2.7777260e-02   2.7785416e-02
   2.0700000e+01   1.4840759e-02   1.4839290e-02   1.5076791e-02   1.6338355e-02   1.8370931e-02   2.0738469e-02   2.3261028e-02   2.6247840e-02   2.7599799e-02   2.7778707e-02   2.7785457e-02
   2.1150000e+01   1.4772176e-02   1.4766348e-02   1.5150653e-02   1.6685607e-02   1.8874129e-02   2.1194113e-02   2.3518660e-02   2.6322543e-02   2.7612759e-02   2.7780184e-02   2.7785499e-02
   2.1600000e+01   1.4703495e-02   1.4673910e-02   1.5287855e-02   1.7069003e-02   1.9393857e-02   2.1654844e-02   2.3778506e-02   2.6398264e-02   2.7625954e-02   2.7781690e-02   2.7785543e-02
   2.2050000e+01   1.4630829e-02   1.4541408e-02   1.5519519e-02   1.7492090e-02   1.9930497e-02   2.2120290e-02   2.4040380e-02   2.6474966e-02   2.7639381e-02   2.7783225e-02   2.7785587e-02
   2.2500000e+01   1.4566101e-02   1.4619026e-02   1.5875286e-02   1.7957855e-02   2.0484301e-02   2.2590068e-02   2.4304094e-02   2.6552612e-02   2.7653036e-02   2.7784790e-02   2.7785631e-02
   2.2950000e+01   1.5480212e-02   1.5387635e-02   1.6368361e-02   1.8468654e-02   2.1055385e-02   2.3063781e-02   2.4569461e-02   2.6631164e-02   2.7666918e-02   2.7786383e-02   2.7785677e-02
   2.3400000e+01   1.6401834e-02   1.6365636e-02   1.6987419e-02   1.9026169e-02   2.1643713e-02   2.3541018e-02   2.4836289e-02   2.6710585e-02   2.7681022e-02   2.7788006e-02   2.7785723e-02
   2.3850000e+01   1.7318876e-02   1.7302901e-02   1.7704764e-02   1.9631384e-02   2.2249093e-02   2.4021358e-02   2.5104390e-02   2.6790834e-02   2.7695346e-02   2.7789656e-02   2.7785770e-02
   2.4300000e+01   1.8234997e-02   1.8220072e-02   1.8491472e-02   2.0284589e-02   2.2871167e-02   2.4504368e-02   2.5373571e-02   2.6871873e-02   2.7709887e-02   2.7791336e-02   2.7785818e-02
   2.4750000e+01   1.9150093e-02   1.9132687e-02   1.9326260e-02   2.0985400e-02   2.3509408e-02   2.4989602e-02   2.5643641e-02   2.6953661e-02   2.7724641e-02   2.7793044e-02   2.7785866e-02
   2.5200000e+01   2.0067096e-02   2.0044868e-02   2.0196464e-02   2.1732800e-02   2.4163119e-02   2.5476608e-02   2.5914406e-02   2.7036158e-02   2.7739605e-02   2.7794779e-02   2.7785916e-02
   2.5650000e+01   2.1037887e-02   2.0958272e-02   2.1096027e-02   2.2525183e-02   2.4831433e-02   2.5964920e-02   2.6185675e-02   2.7119322e-02   2.7754777e-02   2.7796543e-02   2.7785966e-02
   2.6100000e+01   2.2603957e-02   2.1873928e-02   2.2023939e-02   2.3360411e-02   2.5513315e-02   2.6454067e-02   2.6457255e-02   2.7203112e-02   2.7770152e-02   2.7798335e-02   2.7786016e-02
   2.6550000e+01   2.4435001e-02   2.2788152e-02   2.2983709e-02   2.4235866e-02   2.6207566e-02   2.6943569e-02   2.6728951e-02   2.7287485e-02   2.7785726e-02   2.7800154e-02   2.7786068e-02
   2.7000000e+01   2.4667041e-02   2.3682393e-02   2.3982614e-02   2.5148504e-02   2.6912830e-02   2.7432942e-02   2.7000570e-02   2.7372397e-02   2.7801498e-02   2.7802001e-02   2.7786120e-02
   2.7450000e+01   2.4674249e-02   2.4586509e-02   2.5028673e-02   2.6094897e-02   2.7627606e-02   2.7921694e-02   2.7271920e-02   2.7457807e-02   2.7817463e-02   2.7803874e-02   2.7786173e-02
   2.7900000e+01   2.4678409e-02   2.5706618e-02   2.6125338e-02   2.7071271e-02   2.8350255e-02   2.8409333e-02   2.7542808e-02   2.7543669e-02   2.7833617e-02   2.7805775e-02   2.7786227e-02
   2.8350000e+01   2.4778118e-02   2.6983096e-02   2.7268009e-02   2.8073536e-02   2.9079018e-02   2.8895363e-02   2.7813041e-02   2.7629939e-02   2.7849957e-02   2.7807703e-02   2.7786281e-02
   2.8800000e+01   2.6007070e-02   2.8270776e-02   2.8446115e-02   2.9097308e-02   2.9812024e-02   2.9379286e-02   2.8082427e-02   2.7716572e-02   2.7866479e-02   2.7809657e-02   2.7786336e-02
   2.9250000e+01   2.8971079e-02   2.9546471e-02   2.9648202e-02   3.0137919e-02   3.0547312e-02   2.9860606e-02   2.8350774e-02   2.7803523e-02   2.7883179e-02   2.7811638e-02   2.7786391e-02
   2.9700000e+01   3.0730043e-02   3.0813413e-02   3.0865208e-02   3.1190433e-02   3.1282846e-02   3.0338830e-02   2.8617891e-02   2.7890744e-02   2.7900053e-02   2.7813645e-02   2.7786448e-02
   3.0150000e+01   3.2043556e-02   3.2076818e-02   3.2090840e-02   3.2249650e-02   3.2016533e-02   3.0813468e-02   2.8883590e-02   2.7978191e-02   2.7917098e-02   2.7815678e-02   2.7786505e-02
   3.0600000e+01   3.3418867e-02   3.3342367e-02   3.3320580e-02   3.3310118e-02   3.2746242e-02   3.1284033e-02   2.9147679e-02   2.8065816e-02   2.7934310e-02   2.7817737e-02   2.7786562e-02
   3.1050000e+01   3.5779954e-02   3.4616761e-02   3.4550554e-02   3.4366148e-02   3.3469822e-02   3.1750049e-02   2.9409972e-02   2.8153572e-02   2.7951684e-02   2.7819822e-02   2.7786620e-02
   3.1500000e+01   3.8281757e-02   3.5904846e-02   3.5776645e-02   3.5411841e-02   3.4185125e-02   3.2211045e-02   2.9670282e-02   2.8241410e-02   2.7969216e-02   2.7821932e-02   2.7786679e-02
   3.1950000e+01   3.8596331e-02   3.7187366e-02   3.6994052e-02   3.6441126e-02   3.4890021e-02   3.2666560e-02   2.9928421e-02   2.8329283e-02   2.7986902e-02   2.7824067e-02   2.7786739e-02
   3.2400000e+01   3.8608061e-02   3.8367224e-02   3.8197649e-02   3.7447821e-02   3.5582419e-02   3.3116144e-02   3.0184207e-02   2.8417142e-02   2.8004739e-02   2.7826227e-02   2.7786799e-02
   3.2850000e+01   3.8609879e-02   3.9434277e-02   3.9383168e-02   3.8425706e-02   3.6260285e-02   3.3559363e-02   3.0437456e-02   2.8504938e-02   2.8022721e-02   2.7828411e-02   2.7786859e-02
   3.3300000e+01   3.8654846e-02   4.0566214e-02   4.0548100e-02   3.9368630e-02   3.6921657e-02   3.3995791e-02   3.0687986e-02   2.8592621e-02   2.8040844e-02   2.7830621e-02   2.7786921e-02
   3.3750000e+01   3.9359223e-02   4.1743592e-02   4.1691045e-02   4.0270635e-02   3.7564665e-02   3.4425022e-02   3.0935617e-02   2.8680141e-02   2.8059105e-02   2.7832854e-02   2.7786982e-02
   3.4200000e+01   4.2086125e-02   4.2919039e-02   4.2809911e-02   4.1126096e-02   3.8187541e-02   3.4846663e-02   3.1180171e-02   2.8767450e-02   2.8077498e-02   2.7835112e-02   2.7787045e-02
   3.4650000e+01   4.3965330e-02   4.4084276e-02   4.3900262e-02   4.1929886e-02   3.8788635e-02   3.5260341e-02   3.1421471e-02   2.8854495e-02   2.8096018e-02   2.7837393e-02   2.7787108e-02
   3.5100000e+01   4.5204629e-02   4.5243875e-02   4.4954011e-02   4.2677545e-02   3.9366427e-02   3.5665701e-02   3.1659341e-02   2.8941226e-02   2.8114662e-02   2.7839698e-02   2.7787171e-02
   3.5550000e+01   4.6483990e-02   4.6405550e-02   4.5957555e-02   4.3365450e-02   3.9919535e-02   3.6062404e-02   3.1893609e-02   2.9027592e-02   2.8133425e-02   2.7842027e-02   2.7787235e-02
   3.6000000e+01   4.8699279e-02   4.7581053e-02   4.6888403e-02   4.3990978e-02   4.0446726e-02   3.6450134e-02   3.2124103e-02   2.9113542e-02   2.8152302e-02   2.7844378e-02   2.7787299e-02
   3.6450000e+01   5.1027272e-02   4.8792684e-02   4.7710779e-02   4.4552638e-02   4.0946921e-02   3.6828595e-02   3.2350654e-02   2.9199024e-02   2.8171288e-02   2.7846752e-02   2.7787364e-02
   3.6900000e+01   5.1338691e-02   5.0057434e-02   4.8374527e-02   4.5050172e-02   4.1419203e-02   3.7197512e-02   3.2573095e-02   2.9283985e-02   2.8190379e-02   2.7849149e-02   2.7787430e-02
   3.7350000e+01   5.1351737e-02   5.1106007e-02   4.8825776e-02   4.5484602e-02   4.1862819e-02   3.7556629e-02   3.2791261e-02   2.9368374e-02   2.8209568e-02   2.7851568e-02   2.7787496e-02
   3.7800000e+01   5.1351435e-02   5.1109552e-02   4.9031871e-02   4.5858217e-02   4.2277181e-02   3.7905715e-02   3.3004987e-02   2.9452137e-02   2.8228853e-02   2.7854009e-02   2.7787562e-02
   3.8250000e+01   5.1334575e-02   5.0390249e-02   4.9002836e-02   4.6174492e-02   4.2661873e-02   3.8244557e-02   3.3214114e-02   2.9535223e-02   2.8248227e-02   2.7856472e-02   2.7787629e-02
   3.8700000e+01   5.1034214e-02   4.9642330e-02   4.8786406e-02   4.6437936e-02   4.3016649e-02   3.8572965e-02   3.3418483e-02   2.9617577e-02   2.8267686e-02   2.7858956e-02   2.7787696e-02
   3.9150000e+01   4.9522779e-02   4.8942676e-02   4.8442598e-02   4.6653871e-02   4.3341429e-02   3.8890769e-02   3.3617937e-02   2.9699148e-02   2.8287223e-02   2.7861462e-02   2.7787764e-02
   3.9600000e+01   4.8338495e-02   4.8263874e-02   4.8023337e-02   4.6828151e-02   4.3636306e-02   3.9197821e-02   3.3812322e-02   2.9779880e-02   2.8306835e-02   2.7863988e-02   2.7787832e-02
   4.0050000e+01   4.7606166e-02   4.7591825e-02   4.7567697e-02   4.6966844e-02   4.3901537e-02   3.9493991e-02   3.4001486e-02   2.9859722e-02   2.8326516e-02   2.7866535e-02   2.7787901e-02
   4.0500000e+01   4.6861910e-02   4.6919139e-02   4.7106702e-02   4.7075878e-02   4.4137546e-02   3.9779168e-02   3.4185279e-02   2.9938619e-02   2.8346261e-02   2.7869103e-02   2.7787970e-02
   4.0950000e+01   4.5585466e-02   4.6237853e-02   4.6670610e-02   4.7160692e-02   4.4344920e-02   4.0053261e-02   3.4363555e-02   3.0016517e-02   2.8366064e-02   2.7871691e-02   2.7788039e-02
   4.1400000e+01   4.4197519e-02   4.5532765e-02   4.6295638e-02   4.7225906e-02   4.4524406e-02   4.0316195e-02   3.4536168e-02   3.0093361e-02   2.8385919e-02   2.7874298e-02   2.7788109e-02
   4.1850000e+01   4.3993555e-02   4.4785416e-02   4.6027102e-02   4.7275032e-02   4.4676906e-02   4.0567910e-02   3.4702977e-02   3.0169099e-02   2.8405822e-02   2.7876926e-02   2.7788179e-02
   4.2300000e+01   4.3984137e-02   4.4146208e-02   4.5912976e-02   4.7310256e-02   4.4803480e-02   4.0808363e-02   3.4863841e-02   3.0243675e-02   2.8425766e-02   2.7879572e-02   2.7788249e-02
   4.2750000e+01   4.3984326e-02   4.4256757e-02   4.5985098e-02   4.7332309e-02   4.4905336e-02   4.1037522e-02   3.5018624e-02   3.0317035e-02   2.8445747e-02   2.7882238e-02   2.7788320e-02
   4.3200000e+01   4.3998872e-02   4.5053804e-02   4.6240621e-02   4.7340422e-02   4.4983824e-02   4.1255369e-02   3.5167189e-02   3.0389125e-02   2.8465758e-02   2.7884922e-02   2.7788391e-02
   4.3650000e+01   4.4285915e-02   4.5927620e-02   4.6643332e-02   4.7332403e-02   4.5040439e-02   4.1461896e-02   3.5309405e-02   3.0459890e-02   2.8485794e-02   2.7887624e-02   2.7788462e-02
   4.4100000e+01   4.6006435e-02   4.6760799e-02   4.7143222e-02   4.7304807e-02   4.5076805e-02   4.1657102e-02   3.5445142e-02   3.0529275e-02   2.8505848e-02   2.7890345e-02   2.7788534e-02
   4.4550000e+01   4.7489109e-02   4.7570994e-02   4.7694017e-02   4.7253207e-02   4.5094673e-02   4.1840997e-02   3.5574272e-02   3.0597226e-02   2.8525916e-02   2.7893083e-02   2.7788606e-02
   4.5000000e+01   4.8372612e-02   4.8372481e-02   4.8257947e-02   4.7172538e-02   4.5095909e-02   4.2013592e-02   3.5696670e-02   3.0663689e-02   2.8545991e-02   2.7895839e-02   2.7788678e-02
   4.5450000e+01   4.9256115e-02   4.9174081e-02   4.8801456e-02   4.7057514e-02   4.5082485e-02   4.2174907e-02   3.5812214e-02   3.0728607e-02   2.8566067e-02   2.7898611e-02   2.7788750e-02
   4.5900000e+01   5.0738790e-02   4.9985645e-02   4.9287451e-02   4.6903067e-02   4.5056463e-02   4.2324960e-02   3.5920784e-02   3.0791927e-02   2.8586138e-02   2.7901401e-02   2.7788823e-02
   4.6350000e+01   5.2459310e-02   5.0827363e-02   4.9666929e-02   4.6704805e-02   4.5019979e-02   4.2463772e-02   3.6022262e-02   3.0853595e-02   2.8606199e-02   2.7904207e-02   2.7788896e-02
   4.6800000e+01   5.2746357e-02   5.1733487e-02   4.9874246e-02   4.6459439e-02   4.4975230e-02   4.2591363e-02   3.6116534e-02   3.0913554e-02   2.8626242e-02   2.7907029e-02   2.7788969e-02
   4.7250000e+01   5.2760920e-02   5.2551276e-02   4.9835521e-02   4.6165177e-02   4.4924449e-02   4.2707750e-02   3.6203487e-02   3.0971751e-02   2.8646262e-02   2.7909868e-02   2.7789042e-02
   4.7700000e+01   5.2760822e-02   5.2330889e-02   4.9496531e-02   4.5822035e-02   4.4869882e-02   4.2812946e-02   3.6283011e-02   3.1028132e-02   2.8666252e-02   2.7912721e-02   2.7789116e-02
   4.8150000e+01   5.2739511e-02   5.0888712e-02   4.8853614e-02   4.5432077e-02   4.4813764e-02   4.2906959e-02   3.6354999e-02   3.1082641e-02   2.8686206e-02   2.7915590e-02   2.7789189e-02
   4.8600000e+01   5.2277531e-02   4.9238916e-02   4.7955820e-02   4.4999542e-02   4.4758291e-02   4.2989789e-02   3.6419346e-02   3.1135224e-02   2.8706118e-02   2.7918474e-02   2.7789263e-02
   4.9050000e+01   4.9133782e-02   4.7654068e-02   4.6875813e-02   4.4530879e-02   4.4705591e-02   4.3061430e-02   3.6475949e-02   3.1185827e-02   2.8725982e-02   2.7921372e-02   2.7789337e-02
   4.9500000e+01   4.6242589e-02   4.6112844e-02   4.5680190e-02   4.4034676e-02   4.4657689e-02   4.3121867e-02   3.6524709e-02   3.1234396e-02   2.8745790e-02   2.7924284e-02   2.7789411e-02
   4.9950000e+01   4.4556822e-02   4.4589065e-02   4.4418822e-02   4.3521495e-02   4.4616478e-02   4.3171072e-02   3.6565528e-02   3.1280876e-02   2.8765536e-02   2.7927210e-02   2.7789485e-02
   5.0400000e+01   4.2898070e-02   4.3066780e-02   4.3128464e-02   4.3003625e-02   4.4583682e-02   4.3209008e-02   3.6598311e-02   3.1325214e-02   2.8785214e-02   2.7930150e-02   2.7789559e-02
   5.0850000e+01   4.0215625e-02   4.1532686e-02   4.1840730e-02   4.2494765e-02   4.4560827e-02   4.3235627e-02   3.6622965e-02   3.1367356e-02   2.8804817e-02   2.7933102e-02   2.7789633e-02
   5.1300000e+01   3.6792171e-02   3.9971775e-02   4.0589696e-02   4.2009646e-02   4.4549203e-02   4.3250868e-02   3.6639400e-02   3.1407248e-02   2.8824338e-02   2.7936068e-02   2.7789707e-02
   5.1750000e+01   3.6111853e-02   3.8375523e-02   3.9416828e-02   4.1563618e-02   4.4549837e-02   4.3254657e-02   3.6647529e-02   3.1444836e-02   2.8843771e-02   2.7939045e-02   2.7789782e-02
   5.2200000e+01   3.6073722e-02   3.6858221e-02   3.8368849e-02   4.1172194e-02   4.4563461e-02   4.3246905e-02   3.6647265e-02   3.1480068e-02   2.8863108e-02   2.7942035e-02   2.7789856e-02
   5.2650000e+01   3.6072416e-02   3.5941203e-02   3.7484594e-02   4.0850587e-02   4.4590490e-02   4.3227514e-02   3.6638526e-02   3.1512890e-02   2.8882342e-02   2.7945037e-02   2.7789930e-02
   5.3100000e+01   3.6069521e-02   3.5674557e-02   3.6778081e-02   4.0613221e-02   4.4630997e-02   4.3196369e-02   3.6621232e-02   3.1543250e-02   2.8901468e-02   2.7948049e-02   2.7790004e-02
   5.3550000e+01   3.5999719e-02   3.5470248e-02   3.6235342e-02   4.0473241e-02   4.4684695e-02   4.3153343e-02   3.6595304e-02   3.1571094e-02   2.8920477e-02   2.7951073e-02   2.7790079e-02
   5.4000000e+01   3.5477828e-02   3.5222954e-02   3.5829557e-02   4.0442028e-02   4.4750930e-02   4.3098296e-02   3.6560665e-02   3.1596371e-02   2.8939362e-02   2.7954107e-02   2.7790153e-02
   5.4450000e+01   3.4981203e-02   3.4963795e-02   3.5539112e-02   4.0528719e-02   4.4828673e-02   4.3031076e-02   3.6517244e-02   3.1619027e-02   2.8958117e-02   2.7957152e-02   2.7790227e-02
   5.4900000e+01   3.4694394e-02   3.4703951e-02   3.5356720e-02   4.0739746e-02   4.4916520e-02   4.2951518e-02   3.6464967e-02   3.1639012e-02   2.8976735e-02   2.7960206e-02   2.7790301e-02
   5.5350000e+01   3.4416567e-02   3.4443938e-02   3.5292003e-02   4.1078416e-02   4.5012701e-02   4.2859446e-02   3.6403767e-02   3.1656274e-02   2.8995207e-02   2.7963269e-02   2.7790375e-02
   5.5800000e+01   3.3995285e-02   3.4179128e-02   3.5374557e-02   4.1544533e-02   4.5115097e-02   4.2754673e-02   3.6333576e-02   3.1670761e-02   2.9013527e-02   2.7966342e-02   2.7790449e-02
   5.6250000e+01   3.3383964e-02   3.3889475e-02   3.5660799e-02   4.2134098e-02   4.5221258e-02   4.2637003e-02   3.6254330e-02   3.1682422e-02   2.9031688e-02   2.7969423e-02   2.7790522e-02
   5.6700000e+01   3.3226045e-02   3.3509255e-02   3.6240049e-02   4.2839113e-02   4.5328434e-02   4.2506230e-02   3.6165967e-02   3.1691206e-02   2.9049681e-02   2.7972512e-02   2.7790596e-02
   5.7150000e+01   3.3215890e-02   3.3063300e-02   3.7224359e-02   4.3647497e-02   4.5433613e-02   4.2362143e-02   3.6068428e-02   3.1697063e-02   2.9067500e-02   2.7975609e-02   2.7790669e-02
   5.7600000e+01   3.3215978e-02   3.3820927e-02   3.8706264e-02   4.4543169e-02   4.5533556e-02   4.2204520e-02   3.5961653e-02   3.1699944e-02   2.9085137e-02   2.7978714e-02   2.7790742e-02
   5.8050000e+01   3.3249472e-02   3.7003363e-02   4.0701776e-02   4.5506283e-02   4.5624850e-02   4.2033137e-02   3.5845589e-02   3.1699797e-02   2.9102585e-02   2.7981825e-02   2.7790815e-02
   5.8500000e+01   3.4146422e-02   4.0849484e-02   4.3132579e-02   4.6513655e-02   4.5703953e-02   4.1847764e-02   3.5720181e-02   3.1696574e-02   2.9119835e-02   2.7984943e-02   2.7790888e-02
   5.8950000e+01   4.1279555e-02   4.4584281e-02   4.5867044e-02   4.7539362e-02   4.5767253e-02   4.1648171e-02   3.5585379e-02   3.1690225e-02   2.9136881e-02   2.7988068e-02   2.7790960e-02
   5.9400000e+01   4.8011474e-02   4.8228982e-02   4.8773564e-02   4.8555504e-02   4.5811121e-02   4.1434124e-02   3.5441133e-02   3.1680702e-02   2.9153713e-02   2.7991198e-02   2.7791032e-02
   5.9850000e+01   5.1932753e-02   5.1837976e-02   5.1743512e-02   4.9533107e-02   4.5831969e-02   4.1205388e-02   3.5287398e-02   3.1667957e-02   2.9170326e-02   2.7994333e-02   2.7791104e-02
   6.0300000e+01   5.5677835e-02   5.5439719e-02   5.4684776e-02   5.0443117e-02   4.5826305e-02   4.0961734e-02   3.5124128e-02   3.1651941e-02   2.9186710e-02   2.7997473e-02   2.7791176e-02
   6.0750000e+01   6.0692984e-02   5.9055318e-02   5.7502131e-02   5.1257447e-02   4.5790793e-02   4.0702930e-02   3.4951281e-02   3.1632607e-02   2.9202858e-02   2.8000618e-02   2.7791247e-02
   6.1200000e+01   6.9143950e-02   6.2721262e-02   6.0073568e-02   5.1950022e-02   4.5722299e-02   4.0428754e-02   3.4768817e-02   3.1609908e-02   2.9218762e-02   2.8003767e-02   2.7791318e-02
   6.1650000e+01   7.2647941e-02   6.6532537e-02   6.2230921e-02   5.2497746e-02   4.5617943e-02   4.0138985e-02   3.4576698e-02   3.1583798e-02   2.9234414e-02   2.8006920e-02   2.7791389e-02
   6.2100000e+01   7.2932312e-02   7.0477940e-02   6.3767162e-02   5.2881369e-02   4.5475140e-02   3.9833412e-02   3.4374888e-02   3.1554229e-02   2.9249806e-02   2.8010076e-02   2.7791459e-02
   6.2550000e+01   7.2943864e-02   7.2615282e-02   6.4498058e-02   5.3086172e-02   4.5291640e-02   3.9511833e-02   3.4163353e-02   3.1521156e-02   2.9264929e-02   2.8013234e-02   2.7791528e-02
   6.3000000e+01   7.2921868e-02   7.0556022e-02   6.4357629e-02   5.3102450e-02   4.5065554e-02   3.9174053e-02   3.3942061e-02   3.1484534e-02   2.9279776e-02   2.8016395e-02   2.7791598e-02
   6.3450000e+01   7.2214078e-02   6.7380216e-02   6.3438328e-02   5.2925771e-02   4.4795379e-02   3.8819890e-02   3.3710983e-02   3.1444317e-02   2.9294339e-02   2.8019558e-02   2.7791667e-02
   6.3900000e+01   6.6630096e-02   6.4434922e-02   6.1929056e-02   5.2556986e-02   4.4480014e-02   3.8449176e-02   3.3470092e-02   3.1400461e-02   2.9308609e-02   2.8022722e-02   2.7791735e-02
   6.4350000e+01   6.1854203e-02   6.1613073e-02   6.0020601e-02   5.2002017e-02   4.4118764e-02   3.8061754e-02   3.3219361e-02   3.1352923e-02   2.9322578e-02   2.8025888e-02   2.7791803e-02
   6.4800000e+01   5.8893673e-02   5.8824483e-02   5.7856609e-02   5.1271438e-02   4.3711340e-02   3.7657485e-02   3.2958768e-02   3.1301658e-02   2.9336237e-02   2.8029053e-02   2.7791870e-02
   6.5250000e+01   5.6097178e-02   5.6043090e-02   5.5533204e-02   5.0379883e-02   4.3257850e-02   3.7236242e-02   3.2688291e-02   3.1246623e-02   2.9349579e-02   2.8032219e-02   2.7791937e-02
   6.5700000e+01   5.3306498e-02   5.3261411e-02   5.3116671e-02   4.9345325e-02   4.2758785e-02   3.6797920e-02   3.2407912e-02   3.1187777e-02   2.9362594e-02   2.8035385e-02   2.7792004e-02
   6.6150000e+01   5.0512692e-02   5.0473491e-02   5.0660334e-02   4.8188271e-02   4.2214991e-02   3.6342429e-02   3.2117612e-02   3.1125075e-02   2.9375274e-02   2.8038550e-02   2.7792069e-02
   6.6600000e+01   4.7716138e-02   4.7661499e-02   4.8215948e-02   4.6930923e-02   4.1627646e-02   3.5869698e-02   3.1817379e-02   3.1058478e-02   2.9387611e-02   2.8041713e-02   2.7792135e-02
   6.7050000e+01   4.4913174e-02   4.4802050e-02   4.5837600e-02   4.5596337e-02   4.0998223e-02   3.5379678e-02   3.1507197e-02   3.0987944e-02   2.9399596e-02   2.8044875e-02   2.7792199e-02
   6.7500000e+01   4.2117812e-02   4.2177595e-02   4.3574475e-02   4.4207620e-02   4.0328456e-02   3.4872337e-02   3.1187057e-02   3.0913433e-02   2.9411221e-02   2.8048034e-02   2.7792263e-02
   6.7950000e+01   4.0428113e-02   4.0333656e-02   4.1454936e-02   4.2787197e-02   3.9620295e-02   3.4347668e-02   3.0856951e-02   3.0834904e-02   2.9422476e-02   2.8051191e-02   2.7792327e-02
   6.8400000e+01   3.8748263e-02   3.8728582e-02   3.9477372e-02   4.1356157e-02   3.8875869e-02   3.3805683e-02   3.0516870e-02   3.0752317e-02   2.9433354e-02   2.8054344e-02   2.7792389e-02
   6.8850000e+01   3.7065150e-02   3.7079672e-02   3.7619518e-02   3.9933700e-02   3.8097442e-02   3.3246417e-02   3.0166812e-02   3.0665634e-02   2.9443844e-02   2.8057494e-02   2.7792451e-02
   6.9300000e+01   3.5383631e-02   3.5410042e-02   3.5856538e-02   3.8536690e-02   3.7287371e-02   3.2669929e-02   2.9806772e-02   3.0574817e-02   2.9453939e-02   2.8060639e-02   2.7792512e-02
   6.9750000e+01   3.3703994e-02   3.3736658e-02   3.4172684e-02   3.7179299e-02   3.6448065e-02   3.2076298e-02   2.9436752e-02   3.0479827e-02   2.9463630e-02   2.8063780e-02   2.7792573e-02
   7.0200000e+01   3.2020858e-02   3.2062405e-02   3.2564364e-02   3.5872762e-02   3.5581948e-02   3.1465627e-02   2.9056752e-02   3.0380628e-02   2.9472907e-02   2.8066916e-02   2.7792633e-02
   7.0650000e+01   3.0238992e-02   3.0384580e-02   3.1040583e-02   3.4625219e-02   3.4691426e-02   3.0838042e-02   2.8666777e-02   3.0277181e-02   2.9481762e-02   2.8070046e-02   2.7792692e-02
   7.1100000e+01   2.7364508e-02   2.8692699e-02   2.9625265e-02   3.3441645e-02   3.3778849e-02   3.0193693e-02   2.8266832e-02   3.0169452e-02   2.9490186e-02   2.8073170e-02   2.7792750e-02
   7.1550000e+01   2.4003661e-02   2.6955080e-02   2.8361075e-02   3.2323872e-02   3.2846492e-02   2.9532751e-02   2.7856925e-02   3.0057403e-02   2.9498169e-02   2.8076287e-02   2.7792807e-02
   7.2000000e+01   2.3577697e-02   2.5143777e-02   2.7307977e-02   3.1270690e-02   3.1896523e-02   2.8855410e-02   2.7437067e-02   2.9941001e-02   2.9505703e-02   2.8079397e-02   2.7792863e-02
   7.2450000e+01   2.3564461e-02   2.3748611e-02   2.6525622e-02   3.0278041e-02   3.0930991e-02   2.8161887e-02   2.7007268e-02   2.9820211e-02   2.9512778e-02   2.8082500e-02   2.7792919e-02
   7.2900000e+01   2.3566005e-02   2.3795769e-02   2.6040584e-02   2.9339291e-02   2.9951811e-02   2.7452420e-02   2.6567544e-02   2.9694998e-02   2.9519386e-02   2.8085594e-02   2.7792974e-02
   7.3350000e+01   2.3605844e-02   2.4421247e-02   2.5825132e-02   2.8445599e-02   2.8960749e-02   2.6727268e-02   2.6117911e-02   2.9565330e-02   2.9525516e-02   2.8088680e-02   2.7793028e-02
   7.3800000e+01   2.4096501e-02   2.4988296e-02   2.5810958e-02   2.7586358e-02   2.7959423e-02   2.5986711e-02   2.5658388e-02   2.9431172e-02   2.9531161e-02   2.8091756e-02   2.7793080e-02
   7.4250000e+01   2.5279866e-02   2.5508434e-02   2.5921410e-02   2.6749710e-02   2.6949298e-02   2.5231049e-02   2.5188993e-02   2.9292494e-02   2.9536310e-02   2.8094823e-02   2.7793132e-02
   7.4700000e+01   2.5982124e-02   2.6015404e-02   2.6091714e-02   2.5923116e-02   2.5931690e-02   2.4460602e-02   2.4709751e-02   2.9149264e-02   2.9540954e-02   2.8097879e-02   2.7793183e-02
   7.5150000e+01   2.6506537e-02   2.6519499e-02   2.6270095e-02   2.5093953e-02   2.4907771e-02   2.3675707e-02   2.4220685e-02   2.9001450e-02   2.9545084e-02   2.8100925e-02   2.7793233e-02
   7.5600000e+01   2.7055623e-02   2.7025505e-02   2.6408828e-02   2.4250124e-02   2.3878577e-02   2.2876719e-02   2.3721823e-02   2.8849022e-02   2.9548690e-02   2.8103959e-02   2.7793282e-02
   7.6050000e+01   2.7998275e-02   2.7544112e-02   2.6452308e-02   2.3380634e-02   2.2845023e-02   2.2064010e-02   2.3213193e-02   2.8691950e-02   2.9551763e-02   2.8106981e-02   2.7793330e-02
   7.6500000e+01   2.8997113e-02   2.8112715e-02   2.6325799e-02   2.2476118e-02   2.1807910e-02   2.1237968e-02   2.2694826e-02   2.8530205e-02   2.9554294e-02   2.8109991e-02   2.7793376e-02
   7.6950000e+01   2.9122739e-02   2.8790119e-02   2.5932870e-02   2.1529279e-02   2.0767949e-02   2.0398995e-02   2.2166755e-02   2.8363758e-02   2.9556272e-02   2.8112988e-02   2.7793422e-02
   7.7400000e+01   2.9127464e-02   2.9102659e-02   2.5175758e-02   2.0535218e-02   1.9725769e-02   1.9547507e-02   2.1629014e-02   2.8192581e-02   2.9557689e-02   2.8115972e-02   2.7793466e-02
   7.7850000e+01   2.9123742e-02   2.7534034e-02   2.3999911e-02   1.9491635e-02   1.8681940e-02   1.8683933e-02   2.1081642e-02   2.8016647e-02   2.9558535e-02   2.8118941e-02   2.7793509e-02
   7.8300000e+01   2.9020899e-02   2.4779051e-02   2.2427980e-02   1.8398907e-02   1.7636986e-02   1.7808712e-02   2.0524677e-02   2.7835929e-02   2.9558800e-02   2.8121896e-02   2.7793552e-02
   7.8750000e+01   2.7410943e-02   2.1986487e-02   2.0545724e-02   1.7260016e-02   1.6591407e-02   1.6922295e-02   1.9958161e-02   2.7650399e-02   2.9558475e-02   2.8124836e-02   2.7793592e-02
   7.9200000e+01   2.1178247e-02   1.9277026e-02   1.8456280e-02   1.6080376e-02   1.5545693e-02   1.6025142e-02   1.9382136e-02   2.7460034e-02   2.9557549e-02   2.8127760e-02   2.7793632e-02
   7.9650000e+01   1.6883076e-02   1.6610588e-02   1.6247135e-02   1.4867537e-02   1.4500340e-02   1.5117720e-02   1.8796648e-02   2.7264808e-02   2.9556013e-02   2.8130668e-02   2.7793670e-02
   8.0100000e+01   1.4050496e-02   1.3960120e-02   1.3984240e-02   1.3630830e-02   1.3455866e-02   1.4200504e-02   1.8201745e-02   2.7064696e-02   2.9553858e-02   2.8133559e-02   2.7793708e-02
   8.0550000e+01   1.1126347e-02   1.1305478e-02   1.1721296e-02   1.2380938e-02   1.2412824e-02   1.3273974e-02   1.7597475e-02   2.6859674e-02   2.9551073e-02   2.8136432e-02   2.7793743e-02
   8.1000000e+01   6.0630119e-03   8.6227134e-03   9.5126888e-03   1.1129450e-02   1.1371814e-02   1.2338616e-02   1.6983891e-02   2.6649719e-02   2.9547648e-02   2.8139288e-02   2.7793778e-02
   8.1450000e+01   7.4207754e-04   5.8757113e-03   7.4251854e-03   9.8884035e-03   1.0333490e-02   1.1394920e-02   1.6361045e-02   2.6434809e-02   2.9543575e-02   2.8142125e-02   2.7793811e-02
   8.1900000e+01   3.0298841e-05   3.0577022e-03   5.5425176e-03   8.6698333e-03   9.2985742e-03   1.0443375e-02   1.5728994e-02   2.6214922e-02   2.9538842e-02   2.8144943e-02   2.7793843e-02
   8.2350000e+01   5.0776801e-07   6.3205663e-04   3.9518502e-03   7.4853580e-03   8.2678541e-03   9.4844771e-03   1.5087794e-02   2.5990036e-02   2.9533441e-02   2.8147741e-02   2.7793873e-02
   8.2800000e+01  -6.3724651e-08  -2.1733589e-04   2.7091335e-03   6.3458034e-03   7.2421921e-03   8.5187191e-03   1.4437506e-02   2.5760130e-02   2.9527360e-02   2.8150519e-02   2.7793902e-02
   8.3250000e+01  -1.0791034e-08  -1.1454375e-04   1.8086810e-03   5.2608835e-03   6.2225242e-03   7.5465950e-03   1.3778190e-02   2.5525185e-02   2.9520590e-02   2.8153276e-02   2.7793929e-02
   8.3700000e+01  -1.0008116e-09  -2.4725692e-05   1.1900320e-03   4.2389446e-03   5.2098592e-03   6.5685975e-03   1.3109910e-02   2.5285180e-02   2.9513122e-02   2.8156012e-02   2.7793955e-02
   8.4150000e+01  -2.8437908e-11  -2.8260731e-06   7.7447074e-04   3.2867816e-03   4.2052760e-03   5.5852172e-03   1.2432732e-02   2.5040096e-02   2.9504944e-02   2.8158725e-02   2.7793979e-02
   8.4600000e+01  -1.7810191e-13   3.5769842e-07   4.9533711e-04   2.4095271e-03   3.2099184e-03   4.5969420e-03   1.1746722e-02   2.4789916e-02   2.9496047e-02   2.8161416e-02   2.7794002e-02
   8.5050000e+01   2.3700983e-15   3.7359810e-07   3.0677405e-04   1.6106149e-03   2.2249886e-03   3.6042559e-03   1.1051950e-02   2.4534622e-02   2.9486421e-02   2.8164084e-02   2.7794023e-02
   8.5500000e+01   2.0295178e-16   1.6362615e-07   1.7962651e-04   8.9181262e-04   1.2517393e-03   2.6076389e-03   1.0348487e-02   2.4274195e-02   2.9476056e-02   2.8166728e-02   2.7794043e-02
   8.5950000e+01   7.9307956e-18   5.6239409e-08   9.5153968e-05   2.5331484e-04   2.9146405e-04   1.6075658e-03   9.6364062e-03   2.4008621e-02   2.9464942e-02   2.8169347e-02   2.7794061e-02
   8.6400000e+01   7.1046104e-20   1.6217426e-08   4.0648352e-05  -3.0611272e-04  -6.5451274e-04   6.0450615e-04   8.9157817e-03   2.3737882e-02   2.9453067e-02   2.8171941e-02   2.7794077e-02
   8.6850000e+01   2.1170274e-22   3.6271280e-09   7.0562117e-06  -7.8895189e-04  -1.5848473e-03  -4.0107696e-04   8.1866905e-03   2.3461963e-02   2.9440423e-02   2.8174510e-02   2.7794092e-02
   8.7300000e+01   2.9873908e-25   3.7474711e-10  -1.2223253e-05  -1.1987267e-03  -2.4981881e-03  -1.4087268e-03   7.4492110e-03   2.3180851e-02   2.9426999e-02   2.8177052e-02   2.7794105e-02
   8.7750000e+01  -1.6457378e-27  -1.5043331e-10  -2.1995321e-05  -1.5397870e-03  -3.3931876e-03  -2.4179939e-03   6.7034233e-03   2.2894529e-02   2.9412784e-02   2.8179567e-02   2.7794116e-02
   8.8200000e+01  -2.1591295e-29  -9.8744055e-11  -2.5698806e-05  -1.8170934e-03  -4.2685146e-03  -3.4284361e-03   5.9494094e-03   2.2602985e-02   2.9397769e-02   2.8182055e-02   2.7794126e-02
   8.8650000e+01  -1.6767615e-31  -3.1585159e-11  -2.5732363e-05  -2.0360126e-03  -5.1228656e-03  -4.4396190e-03   5.1872530e-03   2.2306207e-02   2.9381944e-02   2.8184514e-02   2.7794133e-02
   8.9100000e+01  -1.1191331e-33  -7.5084292e-12  -2.3718428e-05  -2.2021308e-03  -5.9549768e-03  -5.4511164e-03   4.4170395e-03   2.2004180e-02   2.9365297e-02   2.8186945e-02   2.7794139e-02
   8.9550000e+01  -6.9780205e-36  -1.5398694e-12  -2.0716169e-05  -2.3210908e-03  -6.7636343e-03  -6.4625104e-03   3.6388559e-03   2.1696894e-02   2.9347818e-02   2.8189346e-02   2.7794143e-02
   9.0000000e+01  -4.1958412e-38  -2.9262356e-13  -1.7388468e-05  -2.3984545e-03  -7.5476851e-03  -7.4733916e-03   2.8527908e-03   2.1384338e-02   2.9329498e-02   2.8191717e-02   2.7794145e-02
