  -9.0000000e+01  -4.5499412e-03
  -8.9550000e+01  -4.4576001e-03
  -8.9100000e+01  -4.3619799e-03
  -8.8650000e+01  -4.2630478e-03
  -8.8200000e+01  -4.1607717e-03
  -8.7750000e+01  -4.0551208e-03
  -8.7300000e+01  -3.9460652e-03
  -8.6850000e+01  -3.8335762e-03
  -8.6400000e+01  -3.7176263e-03
  -8.5950000e+01  -3.5981889e-03
  -8.5500000e+01  -3.4752390e-03
  -8.5050000e+01  -3.3487525e-03
  -8.4600000e+01  -3.2187068e-03
  -8.4150000e+01  -3.0850806e-03
  -8.3700000e+01  -2.9478538e-03
  -8.3250000e+01  -2.8070079e-03
  -8.2800000e+01  -2.6625256e-03
  -8.2350000e+01  -2.5143911e-03
  -8.1900000e+01  -2.3625899e-03
  -8.1450000e+01  -2.2071092e-03
  -8.1000000e+01  -2.0479376e-03
  -8.0550000e+01  -1.8850651e-03
  -8.0100000e+01  -1.7184832e-03
  -7.9650000e+01  -1.5481850e-03
  -7.9200000e+01  -1.3741650e-03
  -7.8750000e+01  -1.1964194e-03
  -7.8300000e+01  -1.0149457e-03
  -7.7850000e+01  -8.2974295e-04
  -7.7400000e+01  -6.4081181e-04
  -7.6950000e+01  -4.4815435e-04
  -7.6500000e+01  -2.5177408e-04
  -7.6050000e+01  -5.1676002e-05
  -7.5600000e+01   1.5213347e-04
  -7.5150000e+01   3.5964654e-04
  -7.4700000e+01   5.7085401e-04
  -7.4250000e+01   7.8574539e-04
  -7.3800000e+01   1.0043089e-03
  -7.3350000e+01   1.2265314e-03
  -7.2900000e+01   1.4523988e-03
  -7.2450000e+01   1.6818955e-03
  -7.2000000e+01   1.9150052e-03
  -7.1550000e+01   2.1517103e-03
  -7.1100000e+01   2.3919923e-03
  -7.0650000e+01   2.6358317e-03
  -7.0200000e+01   2.8832084e-03
  -6.9750000e+01   3.1341014e-03
  -6.9300000e+01   3.3884888e-03
  -6.8850000e+01   3.6463485e-03
  -6.8400000e+01   3.9076577e-03
  -6.7950000e+01   4.1723929e-03
  -6.7500000e+01   4.4405308e-03
  -6.7050000e+01   4.7120473e-03
  -6.6600000e+01   4.9869186e-03
  -6.6150000e+01   5.2651205e-03
  -6.5700000e+01   5.5466289e-03
  -6.5250000e+01   5.8314200e-03
  -6.4800000e+01   6.1194701e-03
  -6.4350000e+01   6.4107559e-03
  -6.3900000e+01   6.7052544e-03
  -6.3450000e+01   7.0029433e-03
  -6.3000000e+01   7.3038009e-03
  -6.2550000e+01   7.6078063e-03
  -6.2100000e+01   7.9149393e-03
  -6.1650000e+01   8.2251807e-03
  -6.1200000e+01   8.5385125e-03
  -6.0750000e+01   8.8549177e-03
  -6.0300000e+01   9.1743806e-03
  -5.9850000e+01   9.4968867e-03
  -5.9400000e+01   9.8224231e-03
  -5.8950000e+01   1.0150978e-02
  -5.8500000e+01   1.0482542e-02
  -5.8050000e+01   1.0817107e-02
  -5.7600000e+01   1.1154666e-02
  -5.7150000e+01   1.1495215e-02
  -5.6700000e+01   1.1838750e-02
  -5.6250000e+01   1.2185270e-02
  -5.5800000e+01   1.2534778e-02
  -5.5350000e+01   1.2887275e-02
  -5.4900000e+01   1.3242767e-02
  -5.4450000e+01   1.3601260e-02
  -5.4000000e+01   1.3962765e-02
  -5.3550000e+01   1.4327291e-02
  -5.3100000e+01   1.4694853e-02
  -5.2650000e+01   1.5065466e-02
  -5.2200000e+01   1.5439146e-02
  -5.1750000e+01   1.5815913e-02
  -5.1300000e+01   1.6195789e-02
  -5.0850000e+01   1.6578796e-02
  -5.0400000e+01   1.6964960e-02
  -4.9950000e+01   1.7354307e-02
  -4.9500000e+01   1.7746865e-02
  -4.9050000e+01   1.8142664e-02
  -4.8600000e+01   1.8541736e-02
  -4.8150000e+01   1.8944113e-02
  -4.7700000e+01   1.9349828e-02
  -4.7250000e+01   1.9758916e-02
  -4.6800000e+01   2.0171413e-02
  -4.6350000e+01   2.0587355e-02
  -4.5900000e+01   2.1006779e-02
  -4.5450000e+01   2.1429721e-02
  -4.5000000e+01   2.1856218e-02
  -4.4550000e+01   2.2286307e-02
  -4.4100000e+01   2.2720025e-02
  -4.3650000e+01   2.3157406e-02
  -4.3200000e+01   2.3598485e-02
  -4.2750000e+01   2.4043296e-02
  -4.2300000e+01   2.4491870e-02
  -4.1850000e+01   2.4944238e-02
  -4.1400000e+01   2.5400427e-02
  -4.0950000e+01   2.5860463e-02
  -4.0500000e+01   2.6324369e-02
  -4.0050000e+01   2.6792163e-02
  -3.9600000e+01   2.7263863e-02
  -3.9150000e+01   2.7739480e-02
  -3.8700000e+01   2.8219022e-02
  -3.8250000e+01   2.8702493e-02
  -3.7800000e+01   2.9189892e-02
  -3.7350000e+01   2.9681213e-02
  -3.6900000e+01   3.0176442e-02
  -3.6450000e+01   3.0675563e-02
  -3.6000000e+01   3.1178550e-02
  -3.5550000e+01   3.1685372e-02
  -3.5100000e+01   3.2195992e-02
  -3.4650000e+01   3.2710362e-02
  -3.4200000e+01   3.3228431e-02
  -3.3750000e+01   3.3750135e-02
  -3.3300000e+01   3.4275405e-02
  -3.2850000e+01   3.4804161e-02
  -3.2400000e+01   3.5336316e-02
  -3.1950000e+01   3.5871771e-02
  -3.1500000e+01   3.6410419e-02
  -3.1050000e+01   3.6952143e-02
  -3.0600000e+01   3.7496814e-02
  -3.0150000e+01   3.8044295e-02
  -2.9700000e+01   3.8594435e-02
  -2.9250000e+01   3.9147074e-02
  -2.8800000e+01   3.9702042e-02
  -2.8350000e+01   4.0259155e-02
  -2.7900000e+01   4.0818218e-02
  -2.7450000e+01   4.1379027e-02
  -2.7000000e+01   4.1941363e-02
  -2.6550000e+01   4.2504996e-02
  -2.6100000e+01   4.3069687e-02
  -2.5650000e+01   4.3635182e-02
  -2.5200000e+01   4.4201217e-02
  -2.4750000e+01   4.4767515e-02
  -2.4300000e+01   4.5333789e-02
  -2.3850000e+01   4.5899740e-02
  -2.3400000e+01   4.6465057e-02
  -2.2950000e+01   4.7029420e-02
  -2.2500000e+01   4.7592497e-02
  -2.2050000e+01   4.8153945e-02
  -2.1600000e+01   4.8713412e-02
  -2.1150000e+01   4.9270536e-02
  -2.0700000e+01   4.9824945e-02
  -2.0250000e+01   5.0376260e-02
  -1.9800000e+01   5.0924091e-02
  -1.9350000e+01   5.1468042e-02
  -1.8900000e+01   5.2007708e-02
  -1.8450000e+01   5.2542680e-02
  -1.8000000e+01   5.3072540e-02
  -1.7550000e+01   5.3596866e-02
  -1.7100000e+01   5.4115230e-02
  -1.6650000e+01   5.4627201e-02
  -1.6200000e+01   5.5132344e-02
  -1.5750000e+01   5.5630222e-02
  -1.5300000e+01   5.6120394e-02
  -1.4850000e+01   5.6602421e-02
  -1.4400000e+01   5.7075862e-02
  -1.3950000e+01   5.7540277e-02
  -1.3500000e+01   5.7995227e-02
  -1.3050000e+01   5.8440275e-02
  -1.2600000e+01   5.8874988e-02
  -1.2150000e+01   5.9298936e-02
  -1.1700000e+01   5.9711697e-02
  -1.1250000e+01   6.0112850e-02
  -1.0800000e+01   6.0501985e-02
  -1.0350000e+01   6.0878697e-02
  -9.9000000e+00   6.1242590e-02
  -9.4500000e+00   6.1593279e-02
  -9.0000000e+00   6.1930387e-02
  -8.5500000e+00   6.2253550e-02
  -8.1000000e+00   6.2562413e-02
  -7.6500000e+00   6.2856638e-02
  -7.2000000e+00   6.3135896e-02
  -6.7500000e+00   6.3399876e-02
  -6.3000000e+00   6.3648280e-02
  -5.8500000e+00   6.3880826e-02
  -5.4000000e+00   6.4097249e-02
  -4.9500000e+00   6.4297299e-02
  -4.5000000e+00   6.4480747e-02
  -4.0500000e+00   6.4647378e-02
  -3.6000000e+00   6.4797000e-02
  -3.1500000e+00   6.4929437e-02
  -2.7000000e+00   6.5044533e-02
  -2.2500000e+00   6.5142153e-02
  -1.8000000e+00   6.5222183e-02
  -1.3500000e+00   6.5284527e-02
  -9.0000000e-01   6.5329111e-02
  -4.5000000e-01   6.5355883e-02
   0.0000000e+00   6.5364810e-02
   4.5000000e-01   6.5355883e-02
   9.0000000e-01   6.5329111e-02
   1.3500000e+00   6.5284527e-02
   1.8000000e+00   6.5222183e-02
   2.2500000e+00   6.5142153e-02
   2.7000000e+00   6.5044533e-02
   3.1500000e+00   6.4929437e-02
   3.6000000e+00   6.4797000e-02
   4.0500000e+00   6.4647378e-02
   4.5000000e+00   6.4480747e-02
   4.9500000e+00   6.4297299e-02
   5.4000000e+00   6.4097249e-02
   5.8500000e+00   6.3880826e-02
   6.3000000e+00   6.3648280e-02
   6.7500000e+00   6.3399876e-02
   7.2000000e+00   6.3135896e-02
   7.6500000e+00   6.2856638e-02
   8.1000000e+00   6.2562413e-02
   8.5500000e+00   6.2253550e-02
   9.0000000e+00   6.1930387e-02
   9.4500000e+00   6.1593279e-02
   9.9000000e+00   6.1242590e-02
   1.0350000e+01   6.0878697e-02
   1.0800000e+01   6.0501985e-02
   1.1250000e+01   6.0112850e-02
   1.1700000e+01   5.9711697e-02
   1.2150000e+01   5.9298936e-02
   1.2600000e+01   5.8874988e-02
   1.3050000e+01   5.8440275e-02
   1.3500000e+01   5.7995227e-02
   1.3950000e+01   5.7540277e-02
   1.4400000e+01   5.7075862e-02
   1.4850000e+01   5.6602421e-02
   1.5300000e+01   5.6120394e-02
   1.5750000e+01   5.5630222e-02
   1.6200000e+01   5.5132344e-02
   1.6650000e+01   5.4627201e-02
   1.7100000e+01   5.4115230e-02
   1.7550000e+01   5.3596866e-02
   1.8000000e+01   5.3072540e-02
   1.8450000e+01   5.2542680e-02
   1.8900000e+01   5.2007708e-02
   1.9350000e+01   5.1468042e-02
   1.9800000e+01   5.0924091e-02
   2.0250000e+01   5.0376260e-02
   2.0700000e+01   4.9824945e-02
   2.1150000e+01   4.9270536e-02
   2.1600000e+01   4.8713412e-02
   2.2050000e+01   4.8153945e-02
   2.2500000e+01   4.7592497e-02
   2.2950000e+01   4.7029420e-02
   2.3400000e+01   4.6465057e-02
   2.3850000e+01   4.5899740e-02
   2.4300000e+01   4.5333789e-02
   2.4750000e+01   4.4767515e-02
   2.5200000e+01   4.4201217e-02
   2.5650000e+01   4.3635182e-02
   2.6100000e+01   4.3069687e-02
   2.6550000e+01   4.2504996e-02
   2.7000000e+01   4.1941363e-02
   2.7450000e+01   4.1379027e-02
   2.7900000e+01   4.0818218e-02
   2.8350000e+01   4.0259155e-02
   2.8800000e+01   3.9702042e-02
   2.9250000e+01   3.9147074e-02
   2.9700000e+01   3.8594435e-02
   3.0150000e+01   3.8044295e-02
   3.0600000e+01   3.7496814e-02
   3.1050000e+01   3.6952143e-02
   3.1500000e+01   3.6410419e-02
   3.1950000e+01   3.5871771e-02
   3.2400000e+01   3.5336316e-02
   3.2850000e+01   3.4804161e-02
   3.3300000e+01   3.4275405e-02
   3.3750000e+01   3.3750135e-02
   3.4200000e+01   3.3228431e-02
   3.4650000e+01   3.2710362e-02
   3.5100000e+01   3.2195992e-02
   3.5550000e+01   3.1685372e-02
   3.6000000e+01   3.1178550e-02
   3.6450000e+01   3.0675563e-02
   3.6900000e+01   3.0176442e-02
   3.7350000e+01   2.9681213e-02
   3.7800000e+01   2.9189892e-02
   3.8250000e+01   2.8702493e-02
   3.8700000e+01   2.8219022e-02
   3.9150000e+01   2.7739480e-02
   3.9600000e+01   2.7263863e-02
   4.0050000e+01   2.6792163e-02
   4.0500000e+01   2.6324369e-02
   4.0950000e+01   2.5860463e-02
   4.1400000e+01   2.5400427e-02
   4.1850000e+01   2.4944238e-02
   4.2300000e+01   2.4491870e-02
   4.2750000e+01   2.4043296e-02
   4.3200000e+01   2.3598485e-02
   4.3650000e+01   2.3157406e-02
   4.4100000e+01   2.2720025e-02
   4.4550000e+01   2.2286307e-02
   4.5000000e+01   2.1856218e-02
   4.5450000e+01   2.1429721e-02
   4.5900000e+01   2.1006779e-02
   4.6350000e+01   2.0587355e-02
   4.6800000e+01   2.0171413e-02
   4.7250000e+01   1.9758916e-02
   4.7700000e+01   1.9349828e-02
   4.8150000e+01   1.8944113e-02
   4.8600000e+01   1.8541736e-02
   4.9050000e+01   1.8142664e-02
   4.9500000e+01   1.7746865e-02
   4.9950000e+01   1.7354307e-02
   5.0400000e+01   1.6964960e-02
   5.0850000e+01   1.6578796e-02
   5.1300000e+01   1.6195789e-02
   5.1750000e+01   1.5815913e-02
   5.2200000e+01   1.5439146e-02
   5.2650000e+01   1.5065466e-02
   5.3100000e+01   1.4694853e-02
   5.3550000e+01   1.4327291e-02
   5.4000000e+01   1.3962765e-02
   5.4450000e+01   1.3601260e-02
   5.4900000e+01   1.3242767e-02
   5.5350000e+01   1.2887275e-02
   5.5800000e+01   1.2534778e-02
   5.6250000e+01   1.2185270e-02
   5.6700000e+01   1.1838750e-02
   5.7150000e+01   1.1495215e-02
   5.7600000e+01   1.1154666e-02
   5.8050000e+01   1.0817107e-02
   5.8500000e+01   1.0482542e-02
   5.8950000e+01   1.0150978e-02
   5.9400000e+01   9.8224231e-03
   5.9850000e+01   9.4968867e-03
   6.0300000e+01   9.1743806e-03
   6.0750000e+01   8.8549177e-03
   6.1200000e+01   8.5385125e-03
   6.1650000e+01   8.2251807e-03
   6.2100000e+01   7.9149393e-03
   6.2550000e+01   7.6078063e-03
   6.3000000e+01   7.3038009e-03
   6.3450000e+01   7.0029433e-03
   6.3900000e+01   6.7052544e-03
   6.4350000e+01   6.4107559e-03
   6.4800000e+01   6.1194701e-03
   6.5250000e+01   5.8314200e-03
   6.5700000e+01   5.5466289e-03
   6.6150000e+01   5.2651205e-03
   6.6600000e+01   4.9869186e-03
   6.7050000e+01   4.7120473e-03
   6.7500000e+01   4.4405308e-03
   6.7950000e+01   4.1723929e-03
   6.8400000e+01   3.9076577e-03
   6.8850000e+01   3.6463485e-03
   6.9300000e+01   3.3884888e-03
   6.9750000e+01   3.1341014e-03
   7.0200000e+01   2.8832084e-03
   7.0650000e+01   2.6358317e-03
   7.1100000e+01   2.3919923e-03
   7.1550000e+01   2.1517103e-03
   7.2000000e+01   1.9150052e-03
   7.2450000e+01   1.6818955e-03
   7.2900000e+01   1.4523988e-03
   7.3350000e+01   1.2265314e-03
   7.3800000e+01   1.0043089e-03
   7.4250000e+01   7.8574539e-04
   7.4700000e+01   5.7085401e-04
   7.5150000e+01   3.5964654e-04
   7.5600000e+01   1.5213347e-04
   7.6050000e+01  -5.1676002e-05
   7.6500000e+01  -2.5177408e-04
   7.6950000e+01  -4.4815435e-04
   7.7400000e+01  -6.4081181e-04
   7.7850000e+01  -8.2974295e-04
   7.8300000e+01  -1.0149457e-03
   7.8750000e+01  -1.1964194e-03
   7.9200000e+01  -1.3741650e-03
   7.9650000e+01  -1.5481850e-03
   8.0100000e+01  -1.7184832e-03
   8.0550000e+01  -1.8850651e-03
   8.1000000e+01  -2.0479376e-03
   8.1450000e+01  -2.2071092e-03
   8.1900000e+01  -2.3625899e-03
   8.2350000e+01  -2.5143911e-03
   8.2800000e+01  -2.6625256e-03
   8.3250000e+01  -2.8070079e-03
   8.3700000e+01  -2.9478538e-03
   8.4150000e+01  -3.0850806e-03
   8.4600000e+01  -3.2187068e-03
   8.5050000e+01  -3.3487525e-03
   8.5500000e+01  -3.4752390e-03
   8.5950000e+01  -3.5981889e-03
   8.6400000e+01  -3.7176263e-03
   8.6850000e+01  -3.8335762e-03
   8.7300000e+01  -3.9460652e-03
   8.7750000e+01  -4.0551208e-03
   8.8200000e+01  -4.1607717e-03
   8.8650000e+01  -4.2630478e-03
   8.9100000e+01  -4.3619799e-03
   8.9550000e+01  -4.4576001e-03
   9.0000000e+01  -4.5499412e-03
