  -9.0000000e+01  -1.8443039e-12  -2.3423704e-04  -1.6122950e-02  -1.4342532e-02  -3.6892049e-03   6.1538886e-03   2.1245869e-02   3.4655166e-02   3.5523298e-02   3.0878381e-02   2.8827193e-02
  -8.9550000e+01  -1.9719803e-11  -4.7833760e-04  -1.3487328e-02  -1.1293941e-02  -1.6712129e-03   7.3743238e-03   2.1826622e-02   3.4743007e-02   3.5453662e-02   3.0842649e-02   2.8814720e-02
  -8.9100000e+01  -2.0368482e-10  -9.0494964e-04  -1.0668274e-02  -8.2900468e-03   2.8742685e-04   8.5732261e-03   2.2395098e-02   3.4826869e-02   3.5383831e-02   3.0807068e-02   2.8802308e-02
  -8.8650000e+01  -1.9693801e-09  -1.4755808e-03  -7.7243568e-03  -5.3392699e-03   2.1869278e-03   9.7506155e-03   2.2951330e-02   3.4906786e-02   3.5313810e-02   3.0771638e-02   2.8789957e-02
  -8.8200000e+01  -1.6390884e-08  -1.7804500e-03  -4.6985810e-03  -2.4502949e-03   4.0276843e-03   1.0906505e-02   2.3495350e-02   3.4982791e-02   3.5243610e-02   3.0736359e-02   2.8777667e-02
  -8.7750000e+01  -8.0136227e-08  -1.0106507e-03  -1.6220716e-03   3.6802126e-04   5.8102721e-03   1.2040901e-02   2.4027196e-02   3.5054918e-02   3.5173237e-02   3.0701233e-02   2.8765439e-02
  -8.7300000e+01   1.0022423e-06   1.1710776e-03   1.4824317e-03   3.1067689e-03   7.5354465e-03   1.3153804e-02   2.4546906e-02   3.5123201e-02   3.5102700e-02   3.0666259e-02   2.8753272e-02
  -8.6850000e+01   4.5934201e-05   4.2108201e-03   4.5975905e-03   5.7571329e-03   9.2041394e-03   1.4245206e-02   2.5054521e-02   3.5187674e-02   3.5032007e-02   3.0631437e-02   2.8741167e-02
  -8.6400000e+01   1.0206462e-03   7.4987493e-03   7.7090271e-03   8.3105633e-03   1.0817453e-02   1.5315095e-02   2.5550084e-02   3.5248371e-02   3.4961166e-02   3.0596770e-02   2.8729123e-02
  -8.5950000e+01   7.6535708e-03   1.0785010e-02   1.0803302e-02   1.0758966e-02   1.2376653e-02   1.6363452e-02   2.6033639e-02   3.5305328e-02   3.4890185e-02   3.0562256e-02   2.8717140e-02
  -8.5500000e+01   1.3753634e-02   1.4027073e-02   1.3866039e-02   1.3094902e-02   1.3883158e-02   1.7390254e-02   2.6505235e-02   3.5358578e-02   3.4819072e-02   3.0527896e-02   2.8705219e-02
  -8.5050000e+01   1.7310396e-02   1.7241497e-02   1.6879707e-02   1.5311797e-02   1.5338529e-02   1.8395470e-02   2.6964922e-02   3.5408158e-02   3.4747835e-02   3.0493691e-02   2.8693359e-02
  -8.4600000e+01   2.0810159e-02   2.0453750e-02   1.9820192e-02   1.7404133e-02   1.6744453e-02   1.9379067e-02   2.7412750e-02   3.5454101e-02   3.4676482e-02   3.0459641e-02   2.8681560e-02
  -8.4150000e+01   2.6469792e-02   2.3691403e-02   2.2651107e-02   1.9367635e-02   1.8102729e-02   2.0341008e-02   2.7848776e-02   3.5496445e-02   3.4605020e-02   3.0425746e-02   2.8669823e-02
  -8.3700000e+01   3.3692860e-02   2.6989364e-02   2.5315880e-02   2.1199424e-02   1.9415249e-02   2.1281251e-02   2.8273054e-02   3.5535224e-02   3.4533458e-02   3.0392007e-02   2.8658148e-02
  -8.3250000e+01   3.5128251e-02   3.0375877e-02   2.7732543e-02   2.2898142e-02   2.0683978e-02   2.2199751e-02   2.8685644e-02   3.5570474e-02   3.4461802e-02   3.0358424e-02   2.8646534e-02
  -8.2800000e+01   3.5208713e-02   3.3598479e-02   2.9804004e-02   2.4464033e-02   2.1910932e-02   2.3096463e-02   2.9086608e-02   3.5602232e-02   3.4390062e-02   3.0324998e-02   2.8634981e-02
  -8.2350000e+01   3.5211351e-02   3.5357501e-02   3.1454261e-02   2.5898991e-02   2.3098156e-02   2.3971338e-02   2.9476008e-02   3.5630533e-02   3.4318245e-02   3.0291729e-02   2.8623491e-02
  -8.1900000e+01   3.5211295e-02   3.5418128e-02   3.2671962e-02   2.7206562e-02   2.4247702e-02   2.4824328e-02   2.9853909e-02   3.5655415e-02   3.4246358e-02   3.0258618e-02   2.8612061e-02
  -8.1450000e+01   3.5211271e-02   3.5266058e-02   3.3518117e-02   2.8391910e-02   2.5361597e-02   2.5655385e-02   3.0220381e-02   3.5676914e-02   3.4174409e-02   3.0225664e-02   2.8600693e-02
  -8.1000000e+01   3.5211268e-02   3.5219439e-02   3.4088808e-02   2.9461761e-02   2.6441828e-02   2.6464460e-02   3.0575492e-02   3.5695066e-02   3.4102405e-02   3.0192869e-02   2.8589387e-02
  -8.0550000e+01   3.5211268e-02   3.5211314e-02   3.4472598e-02   3.0424305e-02   2.7490307e-02   2.7251508e-02   3.0919315e-02   3.5709910e-02   3.4030355e-02   3.0160233e-02   2.8578143e-02
  -8.0100000e+01   3.5211268e-02   3.5210729e-02   3.4732725e-02   3.1289087e-02   2.8508852e-02   2.8016485e-02   3.1251924e-02   3.5721482e-02   3.3958265e-02   3.0127755e-02   2.8566960e-02
  -7.9650000e+01   3.5211268e-02   3.5210995e-02   3.4909509e-02   3.2066872e-02   2.9499161e-02   2.8759350e-02   3.1573396e-02   3.5729820e-02   3.3886143e-02   3.0095437e-02   2.8555839e-02
  -7.9200000e+01   3.5211268e-02   3.5211168e-02   3.5028457e-02   3.2769492e-02   3.0462787e-02   2.9480068e-02   3.1883809e-02   3.5734962e-02   3.3813997e-02   3.0063279e-02   2.8544779e-02
  -7.8750000e+01   3.5211268e-02   3.5211237e-02   3.5106684e-02   3.3409673e-02   3.1401118e-02   3.0178608e-02   3.2183245e-02   3.5736944e-02   3.3741834e-02   3.0031280e-02   2.8533781e-02
  -7.8300000e+01   3.5211268e-02   3.5211260e-02   3.5156743e-02   3.4000835e-02   3.2315359e-02   3.0854945e-02   3.2471787e-02   3.5735806e-02   3.3669661e-02   2.9999443e-02   2.8522845e-02
  -7.7850000e+01   3.5211268e-02   3.5211267e-02   3.5188833e-02   3.4556868e-02   3.3206509e-02   3.1509060e-02   3.2749518e-02   3.5731585e-02   3.3597486e-02   2.9967766e-02   2.8511970e-02
  -7.7400000e+01   3.5211268e-02   3.5211268e-02   3.5212129e-02   3.5091884e-02   3.4075353e-02   3.2140942e-02   3.3016527e-02   3.5724320e-02   3.3525317e-02   2.9936251e-02   2.8501158e-02
  -7.6950000e+01   3.5211268e-02   3.5211269e-02   3.5235369e-02   3.5619930e-02   3.4922444e-02   3.2750590e-02   3.3272903e-02   3.5714049e-02   3.3453159e-02   2.9904898e-02   2.8490406e-02
  -7.6500000e+01   3.5211268e-02   3.5211276e-02   3.5266936e-02   3.6154685e-02   3.5748099e-02   3.3338011e-02   3.3518736e-02   3.5700811e-02   3.3381021e-02   2.9873707e-02   2.8479717e-02
  -7.6050000e+01   3.5211268e-02   3.5211301e-02   3.5315138e-02   3.6709131e-02   3.6552393e-02   3.3903221e-02   3.3754120e-02   3.5684644e-02   3.3308909e-02   2.9842678e-02   2.8469090e-02
  -7.5600000e+01   3.5211268e-02   3.5211370e-02   3.5389108e-02   3.7295200e-02   3.7335155e-02   3.4446248e-02   3.3979149e-02   3.5665587e-02   3.3236831e-02   2.9811812e-02   2.8458524e-02
  -7.5150000e+01   3.5211268e-02   3.5211522e-02   3.5500326e-02   3.7923428e-02   3.8095979e-02   3.4967130e-02   3.4193921e-02   3.5643681e-02   3.3164795e-02   2.9781109e-02   2.8448020e-02
  -7.4700000e+01   3.5211268e-02   3.5211615e-02   3.5665000e-02   3.8602596e-02   3.8834219e-02   3.5465920e-02   3.4398534e-02   3.5618962e-02   3.3092806e-02   2.9750570e-02   2.8437578e-02
  -7.4250000e+01   3.5211268e-02   3.5209960e-02   3.5908090e-02   3.9339396e-02   3.9549014e-02   3.5942679e-02   3.4593088e-02   3.5591472e-02   3.3020872e-02   2.9720195e-02   2.8427198e-02
  -7.3800000e+01   3.5211267e-02   3.5196372e-02   3.6269498e-02   4.0138124e-02   4.0239294e-02   3.6397486e-02   3.4777686e-02   3.5561250e-02   3.2949000e-02   2.9689984e-02   2.8416879e-02
  -7.3350000e+01   3.5211263e-02   3.5130313e-02   3.6809800e-02   4.1000417e-02   4.0903803e-02   3.6830430e-02   3.4952432e-02   3.5528334e-02   3.2877196e-02   2.9659937e-02   2.8406623e-02
  -7.2900000e+01   3.5211225e-02   3.4985836e-02   3.7606165e-02   4.1925052e-02   4.1541125e-02   3.7241615e-02   3.5117431e-02   3.5492765e-02   3.2805469e-02   2.9630056e-02   2.8396428e-02
  -7.2450000e+01   3.5211370e-02   3.5484692e-02   3.8727005e-02   4.2907816e-02   4.2149709e-02   3.7631160e-02   3.5272790e-02   3.5454583e-02   3.2733824e-02   2.9600340e-02   2.8386296e-02
  -7.2000000e+01   3.5231464e-02   3.7674620e-02   4.0193481e-02   4.3941474e-02   4.2727904e-02   3.7999199e-02   3.5418620e-02   3.5413828e-02   3.2662268e-02   2.9570790e-02   2.8376225e-02
  -7.1550000e+01   3.5878176e-02   4.0378555e-02   4.1963298e-02   4.5015815e-02   4.3273991e-02   3.8345878e-02   3.5555029e-02   3.5370539e-02   3.2590809e-02   2.9541406e-02   2.8366216e-02
  -7.1100000e+01   4.0980835e-02   4.3000530e-02   4.3955195e-02   4.6117813e-02   4.3786221e-02   3.8671363e-02   3.5682130e-02   3.5324756e-02   3.2519452e-02   2.9512188e-02   2.8356269e-02
  -7.0650000e+01   4.5345069e-02   4.5566123e-02   4.6086102e-02   4.7231880e-02   4.4262858e-02   3.8975830e-02   3.5800035e-02   3.5276521e-02   3.2448205e-02   2.9483137e-02   2.8346384e-02
  -7.0200000e+01   4.8050416e-02   4.8112952e-02   4.8289699e-02   4.8340209e-02   4.4702217e-02   3.9259474e-02   3.5908861e-02   3.5225873e-02   3.2377075e-02   2.9454253e-02   2.8336561e-02
  -6.9750000e+01   5.0605867e-02   5.0654742e-02   5.0514845e-02   4.9423203e-02   4.5102706e-02   3.9522503e-02   3.6008722e-02   3.5172853e-02   3.2306067e-02   2.9425537e-02   2.8326800e-02
  -6.9300000e+01   5.3156003e-02   5.3197655e-02   5.2715386e-02   5.0459972e-02   4.5462874e-02   3.9765142e-02   3.6099737e-02   3.5117501e-02   3.2235188e-02   2.9396988e-02   2.8317101e-02
  -6.8850000e+01   5.5708997e-02   5.5752587e-02   5.4838263e-02   5.1428892e-02   4.5781445e-02   3.9987629e-02   3.6182023e-02   3.5059858e-02   3.2164445e-02   2.9368607e-02   2.8307465e-02
  -6.8400000e+01   5.8264552e-02   5.8359801e-02   5.6813388e-02   5.2308202e-02   4.6057359e-02   4.0190218e-02   3.6255700e-02   3.4999964e-02   3.2093845e-02   2.9340395e-02   2.8297890e-02
  -6.7950000e+01   6.0832107e-02   6.1072790e-02   5.8553117e-02   5.3076632e-02   4.6289810e-02   4.0373178e-02   3.6320889e-02   3.4937861e-02   3.2023393e-02   2.9312352e-02   2.8288377e-02
  -6.7500000e+01   6.3380275e-02   6.3243058e-02   5.9973131e-02   5.3714044e-02   4.6478276e-02   4.0536790e-02   3.6377712e-02   3.4873589e-02   3.1953096e-02   2.9284477e-02   2.8278926e-02
  -6.7050000e+01   6.3390655e-02   6.3621828e-02   6.1030465e-02   5.4202083e-02   4.6622546e-02   4.0681350e-02   3.6426291e-02   3.4807188e-02   3.1882961e-02   2.9256772e-02   2.8269538e-02
  -6.6600000e+01   6.3380366e-02   6.3455664e-02   6.1744431e-02   5.4524809e-02   4.6722740e-02   4.0807169e-02   3.6466752e-02   3.4738701e-02   3.1812993e-02   2.9229237e-02   2.8260211e-02
  -6.6150000e+01   6.3380282e-02   6.3393192e-02   6.2175489e-02   5.4669324e-02   4.6779323e-02   4.0914570e-02   3.6499217e-02   3.4668167e-02   3.1743200e-02   2.9201872e-02   2.8250947e-02
  -6.5700000e+01   6.3380282e-02   6.3381044e-02   6.2385264e-02   5.4626355e-02   4.6793110e-02   4.1003886e-02   3.6523813e-02   3.4595629e-02   3.1673586e-02   2.9174677e-02   2.8241744e-02
  -6.5250000e+01   6.3380282e-02   6.3379403e-02   6.2411768e-02   5.4390799e-02   4.6765268e-02   4.1075466e-02   3.6540666e-02   3.4521126e-02   3.1604159e-02   2.9147653e-02   2.8232604e-02
  -6.4800000e+01   6.3380282e-02   6.3379195e-02   6.2263750e-02   5.3962204e-02   4.6697302e-02   4.1129667e-02   3.6549903e-02   3.4444700e-02   3.1534924e-02   2.9120799e-02   2.8223526e-02
  -6.4350000e+01   6.3380282e-02   6.3381375e-02   6.1920314e-02   5.3345161e-02   4.6591041e-02   4.1166859e-02   3.6551651e-02   3.4366392e-02   3.1465888e-02   2.9094117e-02   2.8214510e-02
  -6.3900000e+01   6.3380282e-02   6.3401593e-02   6.1325769e-02   5.2549586e-02   4.6448608e-02   4.1187420e-02   3.6546039e-02   3.4286244e-02   3.1397057e-02   2.9067607e-02   2.8205557e-02
  -6.3450000e+01   6.3380299e-02   6.3509368e-02   6.0380834e-02   5.1590840e-02   4.6272394e-02   4.1191741e-02   3.6533196e-02   3.4204295e-02   3.1328436e-02   2.9041269e-02   2.8196665e-02
  -6.3000000e+01   6.3380408e-02   6.3816839e-02   5.8946262e-02   5.0489677e-02   4.6065011e-02   4.1180217e-02   3.6513250e-02   3.4120589e-02   3.1260031e-02   2.9015102e-02   2.8187836e-02
  -6.2550000e+01   6.3380417e-02   6.3338613e-02   5.6884447e-02   4.9271954e-02   4.5829257e-02   4.1153255e-02   3.6486332e-02   3.4035165e-02   3.1191849e-02   2.8989109e-02   2.8179069e-02
  -6.2100000e+01   6.3363810e-02   5.9533537e-02   5.4136632e-02   4.7968095e-02   4.5568057e-02   4.1111267e-02   3.6452572e-02   3.3948066e-02   3.1123894e-02   2.8963288e-02   2.8170364e-02
  -6.1650000e+01   6.2960607e-02   5.4162844e-02   5.0773058e-02   4.6612284e-02   4.5284420e-02   4.1054673e-02   3.6412099e-02   3.3859331e-02   3.1056174e-02   2.8937640e-02   2.8161721e-02
  -6.1200000e+01   5.7991660e-02   4.8860692e-02   4.6961165e-02   4.5241386e-02   4.4981382e-02   4.0983899e-02   3.6365045e-02   3.3769003e-02   3.0988694e-02   2.8912166e-02   2.8153141e-02
  -6.0750000e+01   4.6007482e-02   4.3683290e-02   4.2890567e-02   4.3893624e-02   4.4661955e-02   4.0899376e-02   3.6311540e-02   3.3677123e-02   3.0921459e-02   2.8886865e-02   2.8144623e-02
  -6.0300000e+01   3.8895579e-02   3.8558942e-02   3.8726681e-02   4.2607045e-02   4.4329071e-02   4.0801537e-02   3.6251716e-02   3.3583731e-02   3.0854475e-02   2.8861738e-02   2.8136167e-02
  -5.9850000e+01   3.3584740e-02   3.3451637e-02   3.4610195e-02   4.1417859e-02   4.3985541e-02   4.0690823e-02   3.6185703e-02   3.3488869e-02   3.0787748e-02   2.8836786e-02   2.8127774e-02
  -5.9400000e+01   2.8024037e-02   2.8332045e-02   3.0682234e-02   4.0358719e-02   4.3634002e-02   4.0567675e-02   3.6113632e-02   3.3392579e-02   3.0721283e-02   2.8812008e-02   2.8119443e-02
  -5.8950000e+01   1.8477610e-02   2.3146338e-02   2.7119564e-02   3.9457055e-02   4.3276887e-02   4.0432537e-02   3.6035635e-02   3.3294900e-02   3.0655086e-02   2.8787405e-02   2.8111174e-02
  -5.8500000e+01   8.3622197e-03   1.7755784e-02   2.4169526e-02   3.8733574e-02   4.2916384e-02   4.0285855e-02   3.5951842e-02   3.3195875e-02   3.0589163e-02   2.8762977e-02   2.8102968e-02
  -5.8050000e+01   7.0902103e-03   1.2014901e-02   2.2156596e-02   3.8201032e-02   4.2554416e-02   4.0128075e-02   3.5862385e-02   3.3095543e-02   3.0523518e-02   2.8738724e-02   2.8094824e-02
  -5.7600000e+01   7.0426406e-03   7.7767918e-03   2.1410667e-02   3.7863380e-02   4.2192621e-02   3.9959644e-02   3.5767395e-02   3.2993947e-02   3.0458157e-02   2.8714647e-02   2.8086742e-02
  -5.7150000e+01   7.0502277e-03   1.0161095e-02   2.2112710e-02   3.7715376e-02   4.1832343e-02   3.9781008e-02   3.5667001e-02   3.2891127e-02   3.0393086e-02   2.8690746e-02   2.8078723e-02
  -5.6700000e+01   7.2740872e-03   1.6354215e-02   2.4177633e-02   3.7742711e-02   4.1474629e-02   3.9592610e-02   3.5561335e-02   3.2787123e-02   3.0328310e-02   2.8667022e-02   2.8070766e-02
  -5.6250000e+01   1.0777305e-02   2.2550708e-02   2.7303276e-02   3.7922667e-02   4.1120233e-02   3.9394895e-02   3.5450526e-02   3.2681977e-02   3.0263833e-02   2.8643473e-02   2.8062871e-02
  -5.5800000e+01   2.4339429e-02   2.8473232e-02   3.1127796e-02   3.8225294e-02   4.0769632e-02   3.9188301e-02   3.5334704e-02   3.2575730e-02   3.0199662e-02   2.8620102e-02   2.8055039e-02
  -5.5350000e+01   3.3685567e-02   3.4278637e-02   3.5342566e-02   3.8615042e-02   4.0423041e-02   3.8973266e-02   3.5213999e-02   3.2468421e-02   3.0135802e-02   2.8596907e-02   2.8047269e-02
  -5.4900000e+01   3.9849161e-02   4.0045448e-02   3.9710915e-02   3.9052748e-02   4.0080440e-02   3.8750223e-02   3.5088539e-02   3.2360092e-02   3.0072257e-02   2.8573890e-02   2.8039562e-02
  -5.4450000e+01   4.6212004e-02   4.5822503e-02   4.4033839e-02   3.9497859e-02   3.9741602e-02   3.8519601e-02   3.4958453e-02   3.2250783e-02   3.0009032e-02   2.8551050e-02   2.8031917e-02
  -5.4000000e+01   5.7229639e-02   5.1672965e-02   4.8101809e-02   3.9910744e-02   3.9406121e-02   3.8281823e-02   3.4823870e-02   3.2140534e-02   2.9946134e-02   2.8528389e-02   2.8024335e-02
  -5.3550000e+01   6.8807806e-02   5.7724883e-02   5.1650070e-02   4.0254939e-02   3.9073455e-02   3.8037307e-02   3.4684916e-02   3.2029386e-02   2.9883566e-02   2.8505905e-02   2.8016815e-02
  -5.3100000e+01   7.0356649e-02   6.4100066e-02   5.4341970e-02   4.0499177e-02   3.8742950e-02   3.7786465e-02   3.4541718e-02   3.1917379e-02   2.9821333e-02   2.8483599e-02   2.8009357e-02
  -5.2650000e+01   7.0421563e-02   6.9281176e-02   5.5827128e-02   4.0619063e-02   3.8413882e-02   3.7529703e-02   3.4394403e-02   3.1804552e-02   2.9759441e-02   2.8461472e-02   2.8001962e-02
  -5.2200000e+01   7.0418586e-02   6.8314989e-02   5.5887415e-02   4.0598289e-02   3.8085489e-02   3.7267420e-02   3.4243097e-02   3.1690946e-02   2.9697894e-02   2.8439524e-02   2.7994630e-02
  -5.1750000e+01   7.0289732e-02   6.2935166e-02   5.4564321e-02   4.0429300e-02   3.7756999e-02   3.7000006e-02   3.4087924e-02   3.1576601e-02   2.9636698e-02   2.8417755e-02   2.7987360e-02
  -5.1300000e+01   6.7993086e-02   5.7321352e-02   5.2129301e-02   4.0113385e-02   3.7427663e-02   3.6727845e-02   3.3929010e-02   3.1461556e-02   2.9575856e-02   2.8396165e-02   2.7980153e-02
  -5.0850000e+01   5.6436174e-02   5.1997113e-02   4.8931211e-02   3.9660192e-02   3.7096775e-02   3.6451311e-02   3.3766477e-02   3.1345850e-02   2.9515374e-02   2.8374755e-02   2.7973008e-02
  -5.0400000e+01   4.7380762e-02   4.6810326e-02   4.5272862e-02   3.9086724e-02   3.6763695e-02   3.6170771e-02   3.3600449e-02   3.1229524e-02   2.9455256e-02   2.8353524e-02   2.7965925e-02
  -4.9950000e+01   4.1781141e-02   4.1671338e-02   4.1380632e-02   3.8415892e-02   3.6427863e-02   3.5886581e-02   3.3431048e-02   3.1112617e-02   2.9395507e-02   2.8332473e-02   2.7958906e-02
  -4.9500000e+01   3.6090321e-02   3.6527898e-02   3.7431069e-02   3.7674751e-02   3.6088815e-02   3.5599089e-02   3.3258396e-02   3.0995167e-02   2.9336131e-02   2.8311603e-02   2.7951949e-02
  -4.9050000e+01   2.6330220e-02   3.1325563e-02   3.3592057e-02   3.6892549e-02   3.5746186e-02   3.5308634e-02   3.3082613e-02   3.0877214e-02   2.9277133e-02   2.8290913e-02   2.7945054e-02
  -4.8600000e+01   1.5717539e-02   2.5977138e-02   3.0060383e-02   3.6098735e-02   3.5399716e-02   3.5015542e-02   3.2903819e-02   3.0758796e-02   2.9218518e-02   2.8270404e-02   2.7938222e-02
  -4.8150000e+01   1.4157985e-02   2.0413441e-02   2.7079892e-02   3.5321063e-02   3.5049251e-02   3.4720132e-02   3.2722134e-02   3.0639953e-02   2.9160290e-02   2.8250076e-02   2.7931453e-02
  -4.7700000e+01   1.4086045e-02   1.5545685e-02   2.4909305e-02   3.4583915e-02   3.4694738e-02   3.4422710e-02   3.2537674e-02   3.0520722e-02   2.9102453e-02   2.8229929e-02   2.7924746e-02
  -4.7250000e+01   1.4085647e-02   1.4739734e-02   2.3725238e-02   3.3906960e-02   3.4336223e-02   3.4123573e-02   3.2350558e-02   3.0401142e-02   2.9045011e-02   2.8209963e-02   2.7918102e-02
  -4.6800000e+01   1.4132386e-02   1.7370443e-02   2.3525977e-02   3.3304211e-02   3.3973843e-02   3.3823006e-02   3.2160903e-02   3.0281251e-02   2.8987969e-02   2.8190179e-02   2.7911520e-02
  -4.6350000e+01   1.5053606e-02   2.0288091e-02   2.4138759e-02   3.2783526e-02   3.3607817e-02   3.3521281e-02   3.1968823e-02   3.0161087e-02   2.8931332e-02   2.8170577e-02   2.7905001e-02
  -4.5900000e+01   2.0575257e-02   2.2991957e-02   2.5322958e-02   3.2346564e-02   3.3238440e-02   3.3218663e-02   3.1774433e-02   3.0040688e-02   2.8875103e-02   2.8151157e-02   2.7898545e-02
  -4.5450000e+01   2.5333595e-02   2.5596909e-02   2.6863784e-02   3.1989166e-02   3.2866074e-02   3.2915400e-02   3.1577847e-02   2.9920092e-02   2.8819286e-02   2.8131919e-02   2.7892151e-02
  -4.5000000e+01   2.8169014e-02   2.8169510e-02   2.8601246e-02   3.1702096e-02   3.2491138e-02   3.2611733e-02   3.1379179e-02   2.9799335e-02   2.8763886e-02   2.8112864e-02   2.7885820e-02
  -4.4550000e+01   3.1004434e-02   3.0741686e-02   3.0415326e-02   3.1472071e-02   3.2114104e-02   3.2307887e-02   3.1178539e-02   2.9678455e-02   2.8708907e-02   2.8093991e-02   2.7879552e-02
  -4.4100000e+01   3.5762771e-02   3.3341467e-02   3.2199081e-02   3.1282987e-02   3.1735491e-02   3.2004078e-02   3.0976039e-02   2.9557489e-02   2.8654352e-02   2.8075301e-02   2.7873346e-02
  -4.3650000e+01   4.1284420e-02   3.6013073e-02   3.3833839e-02   3.1117226e-02   3.1355857e-02   3.1700507e-02   3.0771789e-02   2.9436473e-02   2.8600227e-02   2.8056795e-02   2.7867204e-02
  -4.3200000e+01   4.2205626e-02   3.8808670e-02   3.5175257e-02   3.0956958e-02   3.0975800e-02   3.1397366e-02   3.0565897e-02   2.9315445e-02   2.8546533e-02   2.8038471e-02   2.7861123e-02
  -4.2750000e+01   4.2252302e-02   4.1361021e-02   3.6067105e-02   3.0785340e-02   3.0595951e-02   3.1094831e-02   3.0358473e-02   2.9194439e-02   2.8493277e-02   2.8020332e-02   2.7855106e-02
  -4.2300000e+01   4.2252985e-02   4.1805253e-02   3.6394087e-02   3.0587546e-02   3.0216976e-02   3.0793068e-02   3.0149623e-02   2.9073494e-02   2.8440460e-02   2.8002375e-02   2.7849151e-02
  -4.1850000e+01   4.2225977e-02   3.9970873e-02   3.6141213e-02   3.0351554e-02   2.9839572e-02   3.0492230e-02   2.9939454e-02   2.8952643e-02   2.8388088e-02   2.7984603e-02   2.7843259e-02
  -4.1400000e+01   4.1641135e-02   3.7816313e-02   3.5397734e-02   3.0068677e-02   2.9464471e-02   3.0192457e-02   2.9728070e-02   2.8831924e-02   2.8336164e-02   2.7967015e-02   2.7837430e-02
  -4.0950000e+01   3.7661379e-02   3.5791206e-02   3.4300263e-02   2.9733811e-02   2.9092431e-02   2.9893878e-02   2.9515577e-02   2.8711370e-02   2.8284692e-02   2.7949611e-02   2.7831664e-02
  -4.0500000e+01   3.4001341e-02   3.3837025e-02   3.2974503e-02   2.9345427e-02   2.8724243e-02   2.9596609e-02   2.9302077e-02   2.8591017e-02   2.8233675e-02   2.7932392e-02   2.7825960e-02
  -4.0050000e+01   3.1867283e-02   3.1907892e-02   3.1513745e-02   2.8905316e-02   2.8360723e-02   2.9300752e-02   2.9087673e-02   2.8470901e-02   2.8183117e-02   2.7915357e-02   2.7820319e-02
  -3.9600000e+01   2.9767425e-02   2.9980921e-02   2.9984991e-02   2.8418159e-02   2.8002710e-02   2.9006401e-02   2.8872467e-02   2.8351055e-02   2.8133021e-02   2.7898508e-02   2.7814741e-02
  -3.9150000e+01   2.6371646e-02   2.8038555e-02   2.8443220e-02   2.7890947e-02   2.7651059e-02   2.8713634e-02   2.8656558e-02   2.8231514e-02   2.8083392e-02   2.7881843e-02   2.7809225e-02
  -3.8700000e+01   2.2037805e-02   2.6059866e-02   2.6944503e-02   2.7332342e-02   2.7306640e-02   2.8422521e-02   2.8440047e-02   2.8112312e-02   2.8034232e-02   2.7865363e-02   2.7803773e-02
  -3.8250000e+01   2.1176571e-02   2.4027987e-02   2.5554055e-02   2.6752005e-02   2.6970318e-02   2.8133118e-02   2.8223031e-02   2.7993482e-02   2.7985545e-02   2.7849069e-02   2.7798383e-02
  -3.7800000e+01   2.1128293e-02   2.2094433e-02   2.4342681e-02   2.6159965e-02   2.6642952e-02   2.7845472e-02   2.8005610e-02   2.7875059e-02   2.7937334e-02   2.7832961e-02   2.7793056e-02
  -3.7350000e+01   2.1126711e-02   2.1039021e-02   2.3365957e-02   2.5566069e-02   2.6325376e-02   2.7559618e-02   2.7787879e-02   2.7757075e-02   2.7889604e-02   2.7817038e-02   2.7787792e-02
  -3.6900000e+01   2.1126744e-02   2.1002643e-02   2.2637729e-02   2.4979537e-02   2.6018385e-02   2.7275584e-02   2.7569934e-02   2.7639563e-02   2.7842356e-02   2.7801301e-02   2.7782591e-02
  -3.6450000e+01   2.1126759e-02   2.1093883e-02   2.2125088e-02   2.4408654e-02   2.5722717e-02   2.6993384e-02   2.7351870e-02   2.7522555e-02   2.7795595e-02   2.7785751e-02   2.7777452e-02
  -3.6000000e+01   2.1126760e-02   2.1121846e-02   2.1771244e-02   2.3860596e-02   2.5439040e-02   2.6713027e-02   2.7133780e-02   2.7406085e-02   2.7749323e-02   2.7770387e-02   2.7772376e-02
  -3.5550000e+01   2.1126761e-02   2.1126700e-02   2.1521993e-02   2.3341390e-02   2.5167924e-02   2.6434511e-02   2.6915759e-02   2.7290183e-02   2.7703544e-02   2.7755209e-02   2.7767364e-02
  -3.5100000e+01   2.1126761e-02   2.1127005e-02   2.1336937e-02   2.2855994e-02   2.4909829e-02   2.6157828e-02   2.6697897e-02   2.7174883e-02   2.7658261e-02   2.7740217e-02   2.7762414e-02
  -3.4650000e+01   2.1126761e-02   2.1126832e-02   2.1187894e-02   2.2408461e-02   2.4665085e-02   2.5882963e-02   2.6480286e-02   2.7060214e-02   2.7613477e-02   2.7725413e-02   2.7757527e-02
  -3.4200000e+01   2.1126761e-02   2.1127303e-02   2.1053225e-02   2.2002164e-02   2.4433870e-02   2.5609894e-02   2.6263016e-02   2.6946209e-02   2.7569195e-02   2.7710796e-02   2.7752702e-02
  -3.3750000e+01   2.1126761e-02   2.1131551e-02   2.0912589e-02   2.1640049e-02   2.4216194e-02   2.5338594e-02   2.6046176e-02   2.6832897e-02   2.7525419e-02   2.7696365e-02   2.7747941e-02
  -3.3300000e+01   2.1126763e-02   2.1150643e-02   2.0743667e-02   2.1324869e-02   2.4011887e-02   2.5069031e-02   2.5829855e-02   2.6720310e-02   2.7482150e-02   2.7682122e-02   2.7743243e-02
  -3.2850000e+01   2.1126775e-02   2.1182224e-02   2.0522831e-02   2.1059377e-02   2.3820585e-02   2.4801171e-02   2.5614139e-02   2.6608477e-02   2.7439392e-02   2.7668066e-02   2.7738607e-02
  -3.2400000e+01   2.1126693e-02   2.1018404e-02   2.0231851e-02   2.0846452e-02   2.3641718e-02   2.4534976e-02   2.5399116e-02   2.6497429e-02   2.7397148e-02   2.7654198e-02   2.7734035e-02
  -3.1950000e+01   2.1120757e-02   2.0451939e-02   1.9867369e-02   2.0689120e-02   2.3474509e-02   2.4270406e-02   2.5184871e-02   2.6387194e-02   2.7355421e-02   2.7640518e-02   2.7729525e-02
  -3.1500000e+01   2.0961764e-02   1.9772627e-02   1.9443895e-02   2.0590487e-02   2.3317971e-02   2.4007421e-02   2.4971488e-02   2.6277801e-02   2.7314214e-02   2.7627025e-02   2.7725078e-02
  -3.1050000e+01   1.9697341e-02   1.9111419e-02   1.8986969e-02   2.0553550e-02   2.3170910e-02   2.3745980e-02   2.4759051e-02   2.6169281e-02   2.7273529e-02   2.7613721e-02   2.7720694e-02
  -3.0600000e+01   1.8504038e-02   1.8465559e-02   1.8524398e-02   2.0580920e-02   2.3031933e-02   2.3486045e-02   2.4547644e-02   2.6061660e-02   2.7233368e-02   2.7600605e-02   2.7716373e-02
  -3.0150000e+01   1.7808950e-02   1.7825963e-02   1.8083003e-02   2.0674456e-02   2.2899463e-02   2.3227578e-02   2.4337347e-02   2.5954967e-02   2.7193736e-02   2.7587677e-02   2.7712115e-02
  -2.9700000e+01   1.7145095e-02   1.7187588e-02   1.7691190e-02   2.0834846e-02   2.2771754e-02   2.2970546e-02   2.4128242e-02   2.5849230e-02   2.7154633e-02   2.7574937e-02   2.7707920e-02
  -2.9250000e+01   1.6256107e-02   1.6545348e-02   1.7385297e-02   2.1061164e-02   2.2646915e-02   2.2714918e-02   2.3920409e-02   2.5744476e-02   2.7116064e-02   2.7562386e-02   2.7703788e-02
  -2.8800000e+01   1.4758084e-02   1.5884568e-02   1.7218499e-02   2.1350451e-02   2.2522939e-02   2.2460668e-02   2.3713927e-02   2.5640732e-02   2.7078030e-02   2.7550024e-02   2.7699719e-02
  -2.8350000e+01   1.4136962e-02   1.5155734e-02   1.7268553e-02   2.1697341e-02   2.2397731e-02   2.2207779e-02   2.3508875e-02   2.5538025e-02   2.7040533e-02   2.7537850e-02   2.7695712e-02
  -2.7900000e+01   1.4086524e-02   1.4339919e-02   1.7632765e-02   2.2093796e-02   2.2269146e-02   2.1956235e-02   2.3305329e-02   2.5436380e-02   2.7003578e-02   2.7525866e-02   2.7691769e-02
  -2.7450000e+01   1.4084593e-02   1.4363139e-02   1.8396064e-02   2.2528973e-02   2.2135023e-02   2.1706031e-02   2.3103366e-02   2.5335825e-02   2.6967165e-02   2.7514071e-02   2.7687889e-02
  -2.7000000e+01   1.4104688e-02   1.6493287e-02   1.9582626e-02   2.2989257e-02   2.1993230e-02   2.1457169e-02   2.2903063e-02   2.5236384e-02   2.6931297e-02   2.7502465e-02   2.7684072e-02
  -2.6550000e+01   1.4751413e-02   1.9235646e-02   2.1135584e-02   2.3458466e-02   2.1841701e-02   2.1209659e-02   2.2704492e-02   2.5138083e-02   2.6895977e-02   2.7491048e-02   2.7680317e-02
  -2.6100000e+01   1.9854074e-02   2.1871062e-02   2.2947698e-02   2.3918259e-02   2.1678480e-02   2.0963520e-02   2.2507728e-02   2.5040946e-02   2.6861207e-02   2.7479821e-02   2.7676626e-02
  -2.5650000e+01   2.4218308e-02   2.4439089e-02   2.4907530e-02   2.4348706e-02   2.1501763e-02   2.0718781e-02   2.2312844e-02   2.4944998e-02   2.6826988e-02   2.7468783e-02   2.7672998e-02
  -2.5200000e+01   2.6923656e-02   2.6985981e-02   2.6921792e-02   2.4729027e-02   2.1309934e-02   2.0475480e-02   2.2119912e-02   2.4850263e-02   2.6793324e-02   2.7457936e-02   2.7669432e-02
  -2.4750000e+01   2.9479106e-02   2.9527559e-02   2.8911524e-02   2.5038432e-02   2.1101609e-02   2.0233666e-02   2.1929002e-02   2.4756764e-02   2.6760217e-02   2.7447278e-02   2.7665930e-02
  -2.4300000e+01   3.2029242e-02   3.2072108e-02   3.0795781e-02   2.5257048e-02   2.0875662e-02   1.9993395e-02   2.1740184e-02   2.4664526e-02   2.6727668e-02   2.7436810e-02   2.7662490e-02
  -2.3850000e+01   3.4582238e-02   3.4642048e-02   3.2470916e-02   2.5366849e-02   2.0631259e-02   1.9754737e-02   2.1553528e-02   2.4573570e-02   2.6695680e-02   2.7426532e-02   2.7659114e-02
  -2.3400000e+01   3.7137898e-02   3.7327290e-02   3.3792011e-02   2.5352547e-02   2.0367885e-02   1.9517771e-02   2.1369101e-02   2.4483919e-02   2.6664254e-02   2.7416444e-02   2.7655801e-02
  -2.2950000e+01   3.9718312e-02   4.0247966e-02   3.4575111e-02   2.5202382e-02   2.0085356e-02   1.9282584e-02   2.1186971e-02   2.4395595e-02   2.6633394e-02   2.7406547e-02   2.7652551e-02
  -2.2500000e+01   4.2253506e-02   4.1944767e-02   3.4647365e-02   2.4908751e-02   1.9783836e-02   1.9049273e-02   2.1007203e-02   2.4308621e-02   2.6603100e-02   2.7396840e-02   2.7649363e-02
  -2.2050000e+01   3.9078675e-02   3.9610705e-02   3.3934727e-02   2.4468641e-02   1.9463842e-02   1.8817947e-02   2.0829864e-02   2.4223017e-02   2.6573374e-02   2.7387323e-02   2.7646239e-02
  -2.1600000e+01   3.5858944e-02   3.6053316e-02   3.2509407e-02   2.3883834e-02   1.9126242e-02   1.8588721e-02   2.0655016e-02   2.4138804e-02   2.6544220e-02   2.7377998e-02   2.7643178e-02
  -2.1150000e+01   3.2664416e-02   3.2731866e-02   3.0542362e-02   2.3160873e-02   1.8772244e-02   1.8361719e-02   2.0482723e-02   2.4056003e-02   2.6515637e-02   2.7368862e-02   2.7640180e-02
  -2.0700000e+01   2.9473173e-02   2.9526166e-02   2.8215430e-02   2.2310789e-02   1.8403386e-02   1.8137071e-02   2.0313047e-02   2.3974634e-02   2.6487629e-02   2.7359918e-02   2.7637245e-02
  -2.0250000e+01   2.6285502e-02   2.6346148e-02   2.5670886e-02   2.1348633e-02   1.8021506e-02   1.7914917e-02   2.0146050e-02   2.3894717e-02   2.6460197e-02   2.7351165e-02   2.7634373e-02
  -1.9800000e+01   2.3091189e-02   2.3169003e-02   2.3008715e-02   2.0292818e-02   1.7628722e-02   1.7695400e-02   1.9981792e-02   2.3816270e-02   2.6433343e-02   2.7342602e-02   2.7631564e-02
  -1.9350000e+01   1.9709505e-02   1.9985873e-02   2.0304334e-02   1.9164352e-02   1.7227389e-02   1.7478669e-02   1.9820331e-02   2.3739313e-02   2.6407068e-02   2.7334231e-02   2.7628818e-02
  -1.8900000e+01   1.4254213e-02   1.6781468e-02   1.7627916e-02   1.7985990e-02   1.6820066e-02   1.7264878e-02   1.9661726e-02   2.3663865e-02   2.6381374e-02   2.7326051e-02   2.7626135e-02
  -1.8450000e+01   7.8758909e-03   1.3517490e-02   1.5059199e-02   1.6781363e-02   1.6409471e-02   1.7054183e-02   1.9506034e-02   2.3589943e-02   2.6356263e-02   2.7318062e-02   2.7623515e-02
  -1.8000000e+01   7.0675155e-03   1.0176012e-02   1.2691604e-02   1.5574138e-02   1.5998433e-02   1.6846743e-02   1.9353311e-02   2.3517565e-02   2.6331736e-02   2.7310264e-02   2.7620959e-02
  -1.7550000e+01   7.0423987e-03   7.3788248e-03   1.0615159e-02   1.4387232e-02   1.5589844e-02   1.6642719e-02   1.9203611e-02   2.3446749e-02   2.6307795e-02   2.7302658e-02   2.7618465e-02
  -1.7100000e+01   7.0401417e-03   6.2796209e-03   8.8801016e-03   1.3242135e-02   1.5186611e-02   1.6442269e-02   1.9056988e-02   2.3377510e-02   2.6284441e-02   2.7295244e-02   2.7616035e-02
  -1.6650000e+01   6.9897887e-03   5.7888824e-03   7.4726067e-03   1.2158340e-02   1.4791607e-02   1.6245553e-02   1.8913496e-02   2.3309867e-02   2.6261676e-02   2.7288021e-02   2.7613667e-02
  -1.6200000e+01   6.3686755e-03   5.2086912e-03   6.3311300e-03   1.1152905e-02   1.4407620e-02   1.6052730e-02   1.8773185e-02   2.3243834e-02   2.6239501e-02   2.7280990e-02   2.7611363e-02
  -1.5750000e+01   4.8706536e-03   4.5785146e-03   5.3854851e-03   1.0240146e-02   1.4037307e-02   1.5863952e-02   1.8636106e-02   2.3179427e-02   2.6217918e-02   2.7274150e-02   2.7609121e-02
  -1.5300000e+01   3.9816657e-03   3.9400718e-03   4.5832623e-03   9.4314458e-03   1.3683156e-02   1.5679371e-02   1.8502308e-02   2.3116662e-02   2.6196927e-02   2.7267503e-02   2.7606943e-02
  -1.4850000e+01   3.3178108e-03   3.3015845e-03   3.8955011e-03   8.7351763e-03   1.3347441e-02   1.5499134e-02   1.8371840e-02   2.3055553e-02   2.6176531e-02   2.7261047e-02   2.7604828e-02
  -1.4400000e+01   2.6227230e-03   2.6612896e-03   3.3135286e-03   8.1567145e-03   1.3032192e-02   1.5323380e-02   1.8244748e-02   2.2996114e-02   2.6156730e-02   2.7254783e-02   2.7602776e-02
  -1.3950000e+01   1.4294196e-03   2.0112133e-03   2.8469463e-03   7.6985329e-03   1.2739161e-02   1.5152244e-02   1.8121077e-02   2.2938360e-02   2.6137526e-02   2.7248711e-02   2.7600787e-02
  -1.3500000e+01   1.6499486e-04   1.3275738e-03   2.5246020e-03   7.3603533e-03   1.2469807e-02   1.4985853e-02   1.8000874e-02   2.2882304e-02   2.6118920e-02   2.7242832e-02   2.7598862e-02
  -1.3050000e+01   5.9875631e-06   5.8017217e-04   2.3930390e-03   7.1393497e-03   1.2225269e-02   1.4824327e-02   1.7884179e-02   2.2827959e-02   2.6100912e-02   2.7237144e-02   2.7596999e-02
  -1.2600000e+01   3.3694646e-08   7.8953365e-05   2.5025378e-03   7.0303912e-03   1.2006361e-02   1.4667778e-02   1.7771037e-02   2.2775338e-02   2.6083505e-02   2.7231649e-02   2.7595200e-02
  -1.2150000e+01   1.7830839e-06   7.3621420e-04   2.8793756e-03   7.0263184e-03   1.1813568e-02   1.4516308e-02   1.7661487e-02   2.2724452e-02   2.6066699e-02   2.7226346e-02   2.7593463e-02
  -1.1700000e+01   5.1520177e-05   2.0878994e-03   3.5050563e-03   7.1182474e-03   1.1647042e-02   1.4370012e-02   1.7555570e-02   2.2675315e-02   2.6050495e-02   2.7221235e-02   2.7591790e-02
  -1.1250000e+01   8.3001151e-04   3.4500455e-03   4.3248310e-03   7.2958968e-03   1.1506613e-02   1.4228975e-02   1.7453322e-02   2.2627936e-02   2.6034895e-02   2.7216317e-02   2.7590180e-02
  -1.0800000e+01   3.8438167e-03   4.7628501e-03   5.2751323e-03   7.5479324e-03   1.1391798e-02   1.4093273e-02   1.7354782e-02   2.2582328e-02   2.6019898e-02   2.7211592e-02   2.7588633e-02
  -1.0350000e+01   5.9207363e-03   6.0525546e-03   6.3031618e-03   7.8623224e-03   1.1301822e-02   1.3962972e-02   1.7259985e-02   2.2538500e-02   2.6005507e-02   2.7207058e-02   2.7587149e-02
  -9.9000000e+00   7.2904238e-03   7.3341734e-03   7.3701787e-03   8.2266951e-03   1.1235636e-02   1.3838130e-02   1.7168965e-02   2.2496463e-02   2.5991721e-02   2.7202718e-02   2.7585728e-02
  -9.4500000e+00   8.7043889e-03   8.6177911e-03   8.4459560e-03   8.6286897e-03   1.1191943e-02   1.3718797e-02   1.7081755e-02   2.2456227e-02   2.5978543e-02   2.7198569e-02   2.7584370e-02
  -9.0000000e+00   1.1152752e-02   9.9150217e-03   9.5014340e-03   9.0562892e-03   1.1169227e-02   1.3605011e-02   1.6998387e-02   2.2417800e-02   2.5965972e-02   2.7194614e-02   2.7583076e-02
  -8.5500000e+00   1.3725677e-02   1.1243323e-02   1.0502363e-02   9.4981251e-03   1.1165782e-02   1.3496804e-02   1.6918892e-02   2.2381191e-02   2.5954009e-02   2.7190851e-02   2.7581844e-02
  -8.1000000e+00   1.4069856e-02   1.2605963e-02   1.1406718e-02   9.9437427e-03   1.1179743e-02   1.3394200e-02   1.6843297e-02   2.2346410e-02   2.5942656e-02   2.7187281e-02   2.7580676e-02
  -7.6500000e+00   1.4084262e-02   1.3778878e-02   1.2171165e-02   1.0383818e-02   1.1209120e-02   1.3297216e-02   1.6771630e-02   2.2313463e-02   2.5931912e-02   2.7183904e-02   2.7579571e-02
  -7.2000000e+00   1.4084538e-02   1.4189599e-02   1.2767975e-02   1.0810317e-02   1.1251831e-02   1.3205862e-02   1.6703918e-02   2.2282359e-02   2.5921779e-02   2.7180719e-02   2.7578529e-02
  -6.7500000e+00   1.4084512e-02   1.4139894e-02   1.3199851e-02   1.1216600e-02   1.1305734e-02   1.3120140e-02   1.6640185e-02   2.2253104e-02   2.5912256e-02   2.7177728e-02   2.7577550e-02
  -6.3000000e+00   1.4084508e-02   1.4096463e-02   1.3496316e-02   1.1597452e-02   1.1368658e-02   1.3040049e-02   1.6580454e-02   2.2225705e-02   2.5903346e-02   2.7174929e-02   2.7576635e-02
  -5.8500000e+00   1.4084507e-02   1.4085874e-02   1.3695602e-02   1.1949069e-02   1.1438437e-02   1.2965583e-02   1.6524747e-02   2.2200169e-02   2.5895047e-02   2.7172323e-02   2.7575782e-02
  -5.4000000e+00   1.4084507e-02   1.4084334e-02   1.3829820e-02   1.2268974e-02   1.1512932e-02   1.2896731e-02   1.6473085e-02   2.2176501e-02   2.5887361e-02   2.7169910e-02   2.7574993e-02
  -4.9500000e+00   1.4084507e-02   1.4084326e-02   1.3920846e-02   1.2555903e-02   1.1590064e-02   1.2833480e-02   1.6425486e-02   2.2154707e-02   2.5880289e-02   2.7167690e-02   2.7574266e-02
  -4.5000000e+00   1.4084507e-02   1.4084428e-02   1.3982463e-02   1.2809637e-02   1.1667838e-02   1.2775813e-02   1.6381967e-02   2.2134791e-02   2.5873830e-02   2.7165663e-02   2.7573603e-02
  -4.0500000e+00   1.4084507e-02   1.4084480e-02   1.4023478e-02   1.3030829e-02   1.1744362e-02   1.2723714e-02   1.6342545e-02   2.2116758e-02   2.5867985e-02   2.7163829e-02   2.7573003e-02
  -3.6000000e+00   1.4084507e-02   1.4084499e-02   1.4049881e-02   1.3220803e-02   1.1817868e-02   1.2677164e-02   1.6307234e-02   2.2100613e-02   2.5862754e-02   2.7162188e-02   2.7572467e-02
  -3.1500000e+00   1.4084507e-02   1.4084505e-02   1.4066022e-02   1.3381356e-02   1.1886733e-02   1.2636144e-02   1.6276046e-02   2.2086358e-02   2.5858138e-02   2.7160739e-02   2.7571993e-02
  -2.7000000e+00   1.4084507e-02   1.4084507e-02   1.4075225e-02   1.3514568e-02   1.1949491e-02   1.2600635e-02   1.6248994e-02   2.2073997e-02   2.5854137e-02   2.7159484e-02   2.7571582e-02
  -2.2500000e+00   1.4084507e-02   1.4084507e-02   1.4080064e-02   1.3622621e-02   1.2004847e-02   1.2570622e-02   1.6226087e-02   2.2063533e-02   2.5850751e-02   2.7158422e-02   2.7571235e-02
  -1.8000000e+00   1.4084507e-02   1.4084507e-02   1.4082422e-02   1.3707639e-02   1.2051686e-02   1.2546089e-02   1.6207333e-02   2.2054969e-02   2.5847980e-02   2.7157554e-02   2.7570951e-02
  -1.3500000e+00   1.4084507e-02   1.4084507e-02   1.4083516e-02   1.3771550e-02   1.2089086e-02   1.2527022e-02   1.6192740e-02   2.2048306e-02   2.5845825e-02   2.7156878e-02   2.7570730e-02
  -9.0000000e-01   1.4084507e-02   1.4084507e-02   1.4084014e-02   1.3815970e-02   1.2116322e-02   1.2513411e-02   1.6182312e-02   2.2043545e-02   2.5844285e-02   2.7156395e-02   2.7570572e-02
  -4.5000000e-01   1.4084507e-02   1.4084507e-02   1.4084230e-02   1.3842117e-02   1.2132874e-02   1.2505247e-02   1.6176054e-02   2.2040688e-02   2.5843362e-02   2.7156105e-02   2.7570477e-02
   0.0000000e+00   1.4084507e-02   1.4084507e-02   1.4084290e-02   1.3850747e-02   1.2138426e-02   1.2502526e-02   1.6173968e-02   2.2039736e-02   2.5843054e-02   2.7156009e-02   2.7570446e-02
   4.5000000e-01   1.4084507e-02   1.4084507e-02   1.4084230e-02   1.3842117e-02   1.2132874e-02   1.2505247e-02   1.6176054e-02   2.2040688e-02   2.5843362e-02   2.7156105e-02   2.7570477e-02
   9.0000000e-01   1.4084507e-02   1.4084507e-02   1.4084014e-02   1.3815970e-02   1.2116322e-02   1.2513411e-02   1.6182312e-02   2.2043545e-02   2.5844285e-02   2.7156395e-02   2.7570572e-02
   1.3500000e+00   1.4084507e-02   1.4084507e-02   1.4083516e-02   1.3771550e-02   1.2089086e-02   1.2527022e-02   1.6192740e-02   2.2048306e-02   2.5845825e-02   2.7156878e-02   2.7570730e-02
   1.8000000e+00   1.4084507e-02   1.4084507e-02   1.4082422e-02   1.3707639e-02   1.2051686e-02   1.2546089e-02   1.6207333e-02   2.2054969e-02   2.5847980e-02   2.7157554e-02   2.7570951e-02
   2.2500000e+00   1.4084507e-02   1.4084507e-02   1.4080064e-02   1.3622621e-02   1.2004847e-02   1.2570622e-02   1.6226087e-02   2.2063533e-02   2.5850751e-02   2.7158422e-02   2.7571235e-02
   2.7000000e+00   1.4084507e-02   1.4084507e-02   1.4075225e-02   1.3514568e-02   1.1949491e-02   1.2600635e-02   1.6248994e-02   2.2073997e-02   2.5854137e-02   2.7159484e-02   2.7571582e-02
   3.1500000e+00   1.4084507e-02   1.4084505e-02   1.4066022e-02   1.3381356e-02   1.1886733e-02   1.2636144e-02   1.6276046e-02   2.2086358e-02   2.5858138e-02   2.7160739e-02   2.7571993e-02
   3.6000000e+00   1.4084507e-02   1.4084499e-02   1.4049881e-02   1.3220803e-02   1.1817868e-02   1.2677164e-02   1.6307234e-02   2.2100613e-02   2.5862754e-02   2.7162188e-02   2.7572467e-02
   4.0500000e+00   1.4084507e-02   1.4084480e-02   1.4023478e-02   1.3030829e-02   1.1744362e-02   1.2723714e-02   1.6342545e-02   2.2116758e-02   2.5867985e-02   2.7163829e-02   2.7573003e-02
   4.5000000e+00   1.4084507e-02   1.4084428e-02   1.3982463e-02   1.2809637e-02   1.1667838e-02   1.2775813e-02   1.6381967e-02   2.2134791e-02   2.5873830e-02   2.7165663e-02   2.7573603e-02
   4.9500000e+00   1.4084507e-02   1.4084326e-02   1.3920846e-02   1.2555903e-02   1.1590064e-02   1.2833480e-02   1.6425486e-02   2.2154707e-02   2.5880289e-02   2.7167690e-02   2.7574266e-02
   5.4000000e+00   1.4084507e-02   1.4084334e-02   1.3829820e-02   1.2268974e-02   1.1512932e-02   1.2896731e-02   1.6473085e-02   2.2176501e-02   2.5887361e-02   2.7169910e-02   2.7574993e-02
   5.8500000e+00   1.4084507e-02   1.4085874e-02   1.3695602e-02   1.1949069e-02   1.1438437e-02   1.2965583e-02   1.6524747e-02   2.2200169e-02   2.5895047e-02   2.7172323e-02   2.7575782e-02
   6.3000000e+00   1.4084508e-02   1.4096463e-02   1.3496316e-02   1.1597452e-02   1.1368658e-02   1.3040049e-02   1.6580454e-02   2.2225705e-02   2.5903346e-02   2.7174929e-02   2.7576635e-02
   6.7500000e+00   1.4084512e-02   1.4139894e-02   1.3199851e-02   1.1216600e-02   1.1305734e-02   1.3120140e-02   1.6640185e-02   2.2253104e-02   2.5912256e-02   2.7177728e-02   2.7577550e-02
   7.2000000e+00   1.4084538e-02   1.4189599e-02   1.2767975e-02   1.0810317e-02   1.1251831e-02   1.3205862e-02   1.6703918e-02   2.2282359e-02   2.5921779e-02   2.7180719e-02   2.7578529e-02
   7.6500000e+00   1.4084262e-02   1.3778878e-02   1.2171165e-02   1.0383818e-02   1.1209120e-02   1.3297216e-02   1.6771630e-02   2.2313463e-02   2.5931912e-02   2.7183904e-02   2.7579571e-02
   8.1000000e+00   1.4069856e-02   1.2605963e-02   1.1406718e-02   9.9437427e-03   1.1179743e-02   1.3394200e-02   1.6843297e-02   2.2346410e-02   2.5942656e-02   2.7187281e-02   2.7580676e-02
   8.5500000e+00   1.3725677e-02   1.1243323e-02   1.0502363e-02   9.4981251e-03   1.1165782e-02   1.3496804e-02   1.6918892e-02   2.2381191e-02   2.5954009e-02   2.7190851e-02   2.7581844e-02
   9.0000000e+00   1.1152752e-02   9.9150217e-03   9.5014340e-03   9.0562892e-03   1.1169227e-02   1.3605011e-02   1.6998387e-02   2.2417800e-02   2.5965972e-02   2.7194614e-02   2.7583076e-02
   9.4500000e+00   8.7043889e-03   8.6177911e-03   8.4459560e-03   8.6286897e-03   1.1191943e-02   1.3718797e-02   1.7081755e-02   2.2456227e-02   2.5978543e-02   2.7198569e-02   2.7584370e-02
   9.9000000e+00   7.2904238e-03   7.3341734e-03   7.3701787e-03   8.2266951e-03   1.1235636e-02   1.3838130e-02   1.7168965e-02   2.2496463e-02   2.5991721e-02   2.7202718e-02   2.7585728e-02
   1.0350000e+01   5.9207363e-03   6.0525546e-03   6.3031618e-03   7.8623224e-03   1.1301822e-02   1.3962972e-02   1.7259985e-02   2.2538500e-02   2.6005507e-02   2.7207058e-02   2.7587149e-02
   1.0800000e+01   3.8438167e-03   4.7628501e-03   5.2751323e-03   7.5479324e-03   1.1391798e-02   1.4093273e-02   1.7354782e-02   2.2582328e-02   2.6019898e-02   2.7211592e-02   2.7588633e-02
   1.1250000e+01   8.3001151e-04   3.4500455e-03   4.3248310e-03   7.2958968e-03   1.1506613e-02   1.4228975e-02   1.7453322e-02   2.2627936e-02   2.6034895e-02   2.7216317e-02   2.7590180e-02
   1.1700000e+01   5.1520177e-05   2.0878994e-03   3.5050563e-03   7.1182474e-03   1.1647042e-02   1.4370012e-02   1.7555570e-02   2.2675315e-02   2.6050495e-02   2.7221235e-02   2.7591790e-02
   1.2150000e+01   1.7830839e-06   7.3621420e-04   2.8793756e-03   7.0263184e-03   1.1813568e-02   1.4516308e-02   1.7661487e-02   2.2724452e-02   2.6066699e-02   2.7226346e-02   2.7593463e-02
   1.2600000e+01   3.3694646e-08   7.8953365e-05   2.5025378e-03   7.0303912e-03   1.2006361e-02   1.4667778e-02   1.7771037e-02   2.2775338e-02   2.6083505e-02   2.7231649e-02   2.7595200e-02
   1.3050000e+01   5.9875631e-06   5.8017217e-04   2.3930390e-03   7.1393497e-03   1.2225269e-02   1.4824327e-02   1.7884179e-02   2.2827959e-02   2.6100912e-02   2.7237144e-02   2.7596999e-02
   1.3500000e+01   1.6499486e-04   1.3275738e-03   2.5246020e-03   7.3603533e-03   1.2469807e-02   1.4985853e-02   1.8000874e-02   2.2882304e-02   2.6118920e-02   2.7242832e-02   2.7598862e-02
   1.3950000e+01   1.4294196e-03   2.0112133e-03   2.8469463e-03   7.6985329e-03   1.2739161e-02   1.5152244e-02   1.8121077e-02   2.2938360e-02   2.6137526e-02   2.7248711e-02   2.7600787e-02
   1.4400000e+01   2.6227230e-03   2.6612896e-03   3.3135286e-03   8.1567145e-03   1.3032192e-02   1.5323380e-02   1.8244748e-02   2.2996114e-02   2.6156730e-02   2.7254783e-02   2.7602776e-02
   1.4850000e+01   3.3178108e-03   3.3015845e-03   3.8955011e-03   8.7351763e-03   1.3347441e-02   1.5499134e-02   1.8371840e-02   2.3055553e-02   2.6176531e-02   2.7261047e-02   2.7604828e-02
   1.5300000e+01   3.9816657e-03   3.9400718e-03   4.5832623e-03   9.4314458e-03   1.3683156e-02   1.5679371e-02   1.8502308e-02   2.3116662e-02   2.6196927e-02   2.7267503e-02   2.7606943e-02
   1.5750000e+01   4.8706536e-03   4.5785146e-03   5.3854851e-03   1.0240146e-02   1.4037307e-02   1.5863952e-02   1.8636106e-02   2.3179427e-02   2.6217918e-02   2.7274150e-02   2.7609121e-02
   1.6200000e+01   6.3686755e-03   5.2086912e-03   6.3311300e-03   1.1152905e-02   1.4407620e-02   1.6052730e-02   1.8773185e-02   2.3243834e-02   2.6239501e-02   2.7280990e-02   2.7611363e-02
   1.6650000e+01   6.9897887e-03   5.7888824e-03   7.4726067e-03   1.2158340e-02   1.4791607e-02   1.6245553e-02   1.8913496e-02   2.3309867e-02   2.6261676e-02   2.7288021e-02   2.7613667e-02
   1.7100000e+01   7.0401417e-03   6.2796209e-03   8.8801016e-03   1.3242135e-02   1.5186611e-02   1.6442269e-02   1.9056988e-02   2.3377510e-02   2.6284441e-02   2.7295244e-02   2.7616035e-02
   1.7550000e+01   7.0423987e-03   7.3788248e-03   1.0615159e-02   1.4387232e-02   1.5589844e-02   1.6642719e-02   1.9203611e-02   2.3446749e-02   2.6307795e-02   2.7302658e-02   2.7618465e-02
   1.8000000e+01   7.0675155e-03   1.0176012e-02   1.2691604e-02   1.5574138e-02   1.5998433e-02   1.6846743e-02   1.9353311e-02   2.3517565e-02   2.6331736e-02   2.7310264e-02   2.7620959e-02
   1.8450000e+01   7.8758909e-03   1.3517490e-02   1.5059199e-02   1.6781363e-02   1.6409471e-02   1.7054183e-02   1.9506034e-02   2.3589943e-02   2.6356263e-02   2.7318062e-02   2.7623515e-02
   1.8900000e+01   1.4254213e-02   1.6781468e-02   1.7627916e-02   1.7985990e-02   1.6820066e-02   1.7264878e-02   1.9661726e-02   2.3663865e-02   2.6381374e-02   2.7326051e-02   2.7626135e-02
   1.9350000e+01   1.9709505e-02   1.9985873e-02   2.0304334e-02   1.9164352e-02   1.7227389e-02   1.7478669e-02   1.9820331e-02   2.3739313e-02   2.6407068e-02   2.7334231e-02   2.7628818e-02
   1.9800000e+01   2.3091189e-02   2.3169003e-02   2.3008715e-02   2.0292818e-02   1.7628722e-02   1.7695400e-02   1.9981792e-02   2.3816270e-02   2.6433343e-02   2.7342602e-02   2.7631564e-02
   2.0250000e+01   2.6285502e-02   2.6346148e-02   2.5670886e-02   2.1348633e-02   1.8021506e-02   1.7914917e-02   2.0146050e-02   2.3894717e-02   2.6460197e-02   2.7351165e-02   2.7634373e-02
   2.0700000e+01   2.9473173e-02   2.9526166e-02   2.8215430e-02   2.2310789e-02   1.8403386e-02   1.8137071e-02   2.0313047e-02   2.3974634e-02   2.6487629e-02   2.7359918e-02   2.7637245e-02
   2.1150000e+01   3.2664416e-02   3.2731866e-02   3.0542362e-02   2.3160873e-02   1.8772244e-02   1.8361719e-02   2.0482723e-02   2.4056003e-02   2.6515637e-02   2.7368862e-02   2.7640180e-02
   2.1600000e+01   3.5858944e-02   3.6053316e-02   3.2509407e-02   2.3883834e-02   1.9126242e-02   1.8588721e-02   2.0655016e-02   2.4138804e-02   2.6544220e-02   2.7377998e-02   2.7643178e-02
   2.2050000e+01   3.9078675e-02   3.9610705e-02   3.3934727e-02   2.4468641e-02   1.9463842e-02   1.8817947e-02   2.0829864e-02   2.4223017e-02   2.6573374e-02   2.7387323e-02   2.7646239e-02
   2.2500000e+01   4.2253506e-02   4.1944767e-02   3.4647365e-02   2.4908751e-02   1.9783836e-02   1.9049273e-02   2.1007203e-02   2.4308621e-02   2.6603100e-02   2.7396840e-02   2.7649363e-02
   2.2950000e+01   3.9718312e-02   4.0247966e-02   3.4575111e-02   2.5202382e-02   2.0085356e-02   1.9282584e-02   2.1186971e-02   2.4395595e-02   2.6633394e-02   2.7406547e-02   2.7652551e-02
   2.3400000e+01   3.7137898e-02   3.7327290e-02   3.3792011e-02   2.5352547e-02   2.0367885e-02   1.9517771e-02   2.1369101e-02   2.4483919e-02   2.6664254e-02   2.7416444e-02   2.7655801e-02
   2.3850000e+01   3.4582238e-02   3.4642048e-02   3.2470916e-02   2.5366849e-02   2.0631259e-02   1.9754737e-02   2.1553528e-02   2.4573570e-02   2.6695680e-02   2.7426532e-02   2.7659114e-02
   2.4300000e+01   3.2029242e-02   3.2072108e-02   3.0795781e-02   2.5257048e-02   2.0875662e-02   1.9993395e-02   2.1740184e-02   2.4664526e-02   2.6727668e-02   2.7436810e-02   2.7662490e-02
   2.4750000e+01   2.9479106e-02   2.9527559e-02   2.8911524e-02   2.5038432e-02   2.1101609e-02   2.0233666e-02   2.1929002e-02   2.4756764e-02   2.6760217e-02   2.7447278e-02   2.7665930e-02
   2.5200000e+01   2.6923656e-02   2.6985981e-02   2.6921792e-02   2.4729027e-02   2.1309934e-02   2.0475480e-02   2.2119912e-02   2.4850263e-02   2.6793324e-02   2.7457936e-02   2.7669432e-02
   2.5650000e+01   2.4218308e-02   2.4439089e-02   2.4907530e-02   2.4348706e-02   2.1501763e-02   2.0718781e-02   2.2312844e-02   2.4944998e-02   2.6826988e-02   2.7468783e-02   2.7672998e-02
   2.6100000e+01   1.9854074e-02   2.1871062e-02   2.2947698e-02   2.3918259e-02   2.1678480e-02   2.0963520e-02   2.2507728e-02   2.5040946e-02   2.6861207e-02   2.7479821e-02   2.7676626e-02
   2.6550000e+01   1.4751413e-02   1.9235646e-02   2.1135584e-02   2.3458466e-02   2.1841701e-02   2.1209659e-02   2.2704492e-02   2.5138083e-02   2.6895977e-02   2.7491048e-02   2.7680317e-02
   2.7000000e+01   1.4104688e-02   1.6493287e-02   1.9582626e-02   2.2989257e-02   2.1993230e-02   2.1457169e-02   2.2903063e-02   2.5236384e-02   2.6931297e-02   2.7502465e-02   2.7684072e-02
   2.7450000e+01   1.4084593e-02   1.4363139e-02   1.8396064e-02   2.2528973e-02   2.2135023e-02   2.1706031e-02   2.3103366e-02   2.5335825e-02   2.6967165e-02   2.7514071e-02   2.7687889e-02
   2.7900000e+01   1.4086524e-02   1.4339919e-02   1.7632765e-02   2.2093796e-02   2.2269146e-02   2.1956235e-02   2.3305329e-02   2.5436380e-02   2.7003578e-02   2.7525866e-02   2.7691769e-02
   2.8350000e+01   1.4136962e-02   1.5155734e-02   1.7268553e-02   2.1697341e-02   2.2397731e-02   2.2207779e-02   2.3508875e-02   2.5538025e-02   2.7040533e-02   2.7537850e-02   2.7695712e-02
   2.8800000e+01   1.4758084e-02   1.5884568e-02   1.7218499e-02   2.1350451e-02   2.2522939e-02   2.2460668e-02   2.3713927e-02   2.5640732e-02   2.7078030e-02   2.7550024e-02   2.7699719e-02
   2.9250000e+01   1.6256107e-02   1.6545348e-02   1.7385297e-02   2.1061164e-02   2.2646915e-02   2.2714918e-02   2.3920409e-02   2.5744476e-02   2.7116064e-02   2.7562386e-02   2.7703788e-02
   2.9700000e+01   1.7145095e-02   1.7187588e-02   1.7691190e-02   2.0834846e-02   2.2771754e-02   2.2970546e-02   2.4128242e-02   2.5849230e-02   2.7154633e-02   2.7574937e-02   2.7707920e-02
   3.0150000e+01   1.7808950e-02   1.7825963e-02   1.8083003e-02   2.0674456e-02   2.2899463e-02   2.3227578e-02   2.4337347e-02   2.5954967e-02   2.7193736e-02   2.7587677e-02   2.7712115e-02
   3.0600000e+01   1.8504038e-02   1.8465559e-02   1.8524398e-02   2.0580920e-02   2.3031933e-02   2.3486045e-02   2.4547644e-02   2.6061660e-02   2.7233368e-02   2.7600605e-02   2.7716373e-02
   3.1050000e+01   1.9697341e-02   1.9111419e-02   1.8986969e-02   2.0553550e-02   2.3170910e-02   2.3745980e-02   2.4759051e-02   2.6169281e-02   2.7273529e-02   2.7613721e-02   2.7720694e-02
   3.1500000e+01   2.0961764e-02   1.9772627e-02   1.9443895e-02   2.0590487e-02   2.3317971e-02   2.4007421e-02   2.4971488e-02   2.6277801e-02   2.7314214e-02   2.7627025e-02   2.7725078e-02
   3.1950000e+01   2.1120757e-02   2.0451939e-02   1.9867369e-02   2.0689120e-02   2.3474509e-02   2.4270406e-02   2.5184871e-02   2.6387194e-02   2.7355421e-02   2.7640518e-02   2.7729525e-02
   3.2400000e+01   2.1126693e-02   2.1018404e-02   2.0231851e-02   2.0846452e-02   2.3641718e-02   2.4534976e-02   2.5399116e-02   2.6497429e-02   2.7397148e-02   2.7654198e-02   2.7734035e-02
   3.2850000e+01   2.1126775e-02   2.1182224e-02   2.0522831e-02   2.1059377e-02   2.3820585e-02   2.4801171e-02   2.5614139e-02   2.6608477e-02   2.7439392e-02   2.7668066e-02   2.7738607e-02
   3.3300000e+01   2.1126763e-02   2.1150643e-02   2.0743667e-02   2.1324869e-02   2.4011887e-02   2.5069031e-02   2.5829855e-02   2.6720310e-02   2.7482150e-02   2.7682122e-02   2.7743243e-02
   3.3750000e+01   2.1126761e-02   2.1131551e-02   2.0912589e-02   2.1640049e-02   2.4216194e-02   2.5338594e-02   2.6046176e-02   2.6832897e-02   2.7525419e-02   2.7696365e-02   2.7747941e-02
   3.4200000e+01   2.1126761e-02   2.1127303e-02   2.1053225e-02   2.2002164e-02   2.4433870e-02   2.5609894e-02   2.6263016e-02   2.6946209e-02   2.7569195e-02   2.7710796e-02   2.7752702e-02
   3.4650000e+01   2.1126761e-02   2.1126832e-02   2.1187894e-02   2.2408461e-02   2.4665085e-02   2.5882963e-02   2.6480286e-02   2.7060214e-02   2.7613477e-02   2.7725413e-02   2.7757527e-02
   3.5100000e+01   2.1126761e-02   2.1127005e-02   2.1336937e-02   2.2855994e-02   2.4909829e-02   2.6157828e-02   2.6697897e-02   2.7174883e-02   2.7658261e-02   2.7740217e-02   2.7762414e-02
   3.5550000e+01   2.1126761e-02   2.1126700e-02   2.1521993e-02   2.3341390e-02   2.5167924e-02   2.6434511e-02   2.6915759e-02   2.7290183e-02   2.7703544e-02   2.7755209e-02   2.7767364e-02
   3.6000000e+01   2.1126760e-02   2.1121846e-02   2.1771244e-02   2.3860596e-02   2.5439040e-02   2.6713027e-02   2.7133780e-02   2.7406085e-02   2.7749323e-02   2.7770387e-02   2.7772376e-02
   3.6450000e+01   2.1126759e-02   2.1093883e-02   2.2125088e-02   2.4408654e-02   2.5722717e-02   2.6993384e-02   2.7351870e-02   2.7522555e-02   2.7795595e-02   2.7785751e-02   2.7777452e-02
   3.6900000e+01   2.1126744e-02   2.1002643e-02   2.2637729e-02   2.4979537e-02   2.6018385e-02   2.7275584e-02   2.7569934e-02   2.7639563e-02   2.7842356e-02   2.7801301e-02   2.7782591e-02
   3.7350000e+01   2.1126711e-02   2.1039021e-02   2.3365957e-02   2.5566069e-02   2.6325376e-02   2.7559618e-02   2.7787879e-02   2.7757075e-02   2.7889604e-02   2.7817038e-02   2.7787792e-02
   3.7800000e+01   2.1128293e-02   2.2094433e-02   2.4342681e-02   2.6159965e-02   2.6642952e-02   2.7845472e-02   2.8005610e-02   2.7875059e-02   2.7937334e-02   2.7832961e-02   2.7793056e-02
   3.8250000e+01   2.1176571e-02   2.4027987e-02   2.5554055e-02   2.6752005e-02   2.6970318e-02   2.8133118e-02   2.8223031e-02   2.7993482e-02   2.7985545e-02   2.7849069e-02   2.7798383e-02
   3.8700000e+01   2.2037805e-02   2.6059866e-02   2.6944503e-02   2.7332342e-02   2.7306640e-02   2.8422521e-02   2.8440047e-02   2.8112312e-02   2.8034232e-02   2.7865363e-02   2.7803773e-02
   3.9150000e+01   2.6371646e-02   2.8038555e-02   2.8443220e-02   2.7890947e-02   2.7651059e-02   2.8713634e-02   2.8656558e-02   2.8231514e-02   2.8083392e-02   2.7881843e-02   2.7809225e-02
   3.9600000e+01   2.9767425e-02   2.9980921e-02   2.9984991e-02   2.8418159e-02   2.8002710e-02   2.9006401e-02   2.8872467e-02   2.8351055e-02   2.8133021e-02   2.7898508e-02   2.7814741e-02
   4.0050000e+01   3.1867283e-02   3.1907892e-02   3.1513745e-02   2.8905316e-02   2.8360723e-02   2.9300752e-02   2.9087673e-02   2.8470901e-02   2.8183117e-02   2.7915357e-02   2.7820319e-02
   4.0500000e+01   3.4001341e-02   3.3837025e-02   3.2974503e-02   2.9345427e-02   2.8724243e-02   2.9596609e-02   2.9302077e-02   2.8591017e-02   2.8233675e-02   2.7932392e-02   2.7825960e-02
   4.0950000e+01   3.7661379e-02   3.5791206e-02   3.4300263e-02   2.9733811e-02   2.9092431e-02   2.9893878e-02   2.9515577e-02   2.8711370e-02   2.8284692e-02   2.7949611e-02   2.7831664e-02
   4.1400000e+01   4.1641135e-02   3.7816313e-02   3.5397734e-02   3.0068677e-02   2.9464471e-02   3.0192457e-02   2.9728070e-02   2.8831924e-02   2.8336164e-02   2.7967015e-02   2.7837430e-02
   4.1850000e+01   4.2225977e-02   3.9970873e-02   3.6141213e-02   3.0351554e-02   2.9839572e-02   3.0492230e-02   2.9939454e-02   2.8952643e-02   2.8388088e-02   2.7984603e-02   2.7843259e-02
   4.2300000e+01   4.2252985e-02   4.1805253e-02   3.6394087e-02   3.0587546e-02   3.0216976e-02   3.0793068e-02   3.0149623e-02   2.9073494e-02   2.8440460e-02   2.8002375e-02   2.7849151e-02
   4.2750000e+01   4.2252302e-02   4.1361021e-02   3.6067105e-02   3.0785340e-02   3.0595951e-02   3.1094831e-02   3.0358473e-02   2.9194439e-02   2.8493277e-02   2.8020332e-02   2.7855106e-02
   4.3200000e+01   4.2205626e-02   3.8808670e-02   3.5175257e-02   3.0956958e-02   3.0975800e-02   3.1397366e-02   3.0565897e-02   2.9315445e-02   2.8546533e-02   2.8038471e-02   2.7861123e-02
   4.3650000e+01   4.1284420e-02   3.6013073e-02   3.3833839e-02   3.1117226e-02   3.1355857e-02   3.1700507e-02   3.0771789e-02   2.9436473e-02   2.8600227e-02   2.8056795e-02   2.7867204e-02
   4.4100000e+01   3.5762771e-02   3.3341467e-02   3.2199081e-02   3.1282987e-02   3.1735491e-02   3.2004078e-02   3.0976039e-02   2.9557489e-02   2.8654352e-02   2.8075301e-02   2.7873346e-02
   4.4550000e+01   3.1004434e-02   3.0741686e-02   3.0415326e-02   3.1472071e-02   3.2114104e-02   3.2307887e-02   3.1178539e-02   2.9678455e-02   2.8708907e-02   2.8093991e-02   2.7879552e-02
   4.5000000e+01   2.8169014e-02   2.8169510e-02   2.8601246e-02   3.1702096e-02   3.2491138e-02   3.2611733e-02   3.1379179e-02   2.9799335e-02   2.8763886e-02   2.8112864e-02   2.7885820e-02
   4.5450000e+01   2.5333595e-02   2.5596909e-02   2.6863784e-02   3.1989166e-02   3.2866074e-02   3.2915400e-02   3.1577847e-02   2.9920092e-02   2.8819286e-02   2.8131919e-02   2.7892151e-02
   4.5900000e+01   2.0575257e-02   2.2991957e-02   2.5322958e-02   3.2346564e-02   3.3238440e-02   3.3218663e-02   3.1774433e-02   3.0040688e-02   2.8875103e-02   2.8151157e-02   2.7898545e-02
   4.6350000e+01   1.5053606e-02   2.0288091e-02   2.4138759e-02   3.2783526e-02   3.3607817e-02   3.3521281e-02   3.1968823e-02   3.0161087e-02   2.8931332e-02   2.8170577e-02   2.7905001e-02
   4.6800000e+01   1.4132386e-02   1.7370443e-02   2.3525977e-02   3.3304211e-02   3.3973843e-02   3.3823006e-02   3.2160903e-02   3.0281251e-02   2.8987969e-02   2.8190179e-02   2.7911520e-02
   4.7250000e+01   1.4085647e-02   1.4739734e-02   2.3725238e-02   3.3906960e-02   3.4336223e-02   3.4123573e-02   3.2350558e-02   3.0401142e-02   2.9045011e-02   2.8209963e-02   2.7918102e-02
   4.7700000e+01   1.4086045e-02   1.5545685e-02   2.4909305e-02   3.4583915e-02   3.4694738e-02   3.4422710e-02   3.2537674e-02   3.0520722e-02   2.9102453e-02   2.8229929e-02   2.7924746e-02
   4.8150000e+01   1.4157985e-02   2.0413441e-02   2.7079892e-02   3.5321063e-02   3.5049251e-02   3.4720132e-02   3.2722134e-02   3.0639953e-02   2.9160290e-02   2.8250076e-02   2.7931453e-02
   4.8600000e+01   1.5717539e-02   2.5977138e-02   3.0060383e-02   3.6098735e-02   3.5399716e-02   3.5015542e-02   3.2903819e-02   3.0758796e-02   2.9218518e-02   2.8270404e-02   2.7938222e-02
   4.9050000e+01   2.6330220e-02   3.1325563e-02   3.3592057e-02   3.6892549e-02   3.5746186e-02   3.5308634e-02   3.3082613e-02   3.0877214e-02   2.9277133e-02   2.8290913e-02   2.7945054e-02
   4.9500000e+01   3.6090321e-02   3.6527898e-02   3.7431069e-02   3.7674751e-02   3.6088815e-02   3.5599089e-02   3.3258396e-02   3.0995167e-02   2.9336131e-02   2.8311603e-02   2.7951949e-02
   4.9950000e+01   4.1781141e-02   4.1671338e-02   4.1380632e-02   3.8415892e-02   3.6427863e-02   3.5886581e-02   3.3431048e-02   3.1112617e-02   2.9395507e-02   2.8332473e-02   2.7958906e-02
   5.0400000e+01   4.7380762e-02   4.6810326e-02   4.5272862e-02   3.9086724e-02   3.6763695e-02   3.6170771e-02   3.3600449e-02   3.1229524e-02   2.9455256e-02   2.8353524e-02   2.7965925e-02
   5.0850000e+01   5.6436174e-02   5.1997113e-02   4.8931211e-02   3.9660192e-02   3.7096775e-02   3.6451311e-02   3.3766477e-02   3.1345850e-02   2.9515374e-02   2.8374755e-02   2.7973008e-02
   5.1300000e+01   6.7993086e-02   5.7321352e-02   5.2129301e-02   4.0113385e-02   3.7427663e-02   3.6727845e-02   3.3929010e-02   3.1461556e-02   2.9575856e-02   2.8396165e-02   2.7980153e-02
   5.1750000e+01   7.0289732e-02   6.2935166e-02   5.4564321e-02   4.0429300e-02   3.7756999e-02   3.7000006e-02   3.4087924e-02   3.1576601e-02   2.9636698e-02   2.8417755e-02   2.7987360e-02
   5.2200000e+01   7.0418586e-02   6.8314989e-02   5.5887415e-02   4.0598289e-02   3.8085489e-02   3.7267420e-02   3.4243097e-02   3.1690946e-02   2.9697894e-02   2.8439524e-02   2.7994630e-02
   5.2650000e+01   7.0421563e-02   6.9281176e-02   5.5827128e-02   4.0619063e-02   3.8413882e-02   3.7529703e-02   3.4394403e-02   3.1804552e-02   2.9759441e-02   2.8461472e-02   2.8001962e-02
   5.3100000e+01   7.0356649e-02   6.4100066e-02   5.4341970e-02   4.0499177e-02   3.8742950e-02   3.7786465e-02   3.4541718e-02   3.1917379e-02   2.9821333e-02   2.8483599e-02   2.8009357e-02
   5.3550000e+01   6.8807806e-02   5.7724883e-02   5.1650070e-02   4.0254939e-02   3.9073455e-02   3.8037307e-02   3.4684916e-02   3.2029386e-02   2.9883566e-02   2.8505905e-02   2.8016815e-02
   5.4000000e+01   5.7229639e-02   5.1672965e-02   4.8101809e-02   3.9910744e-02   3.9406121e-02   3.8281823e-02   3.4823870e-02   3.2140534e-02   2.9946134e-02   2.8528389e-02   2.8024335e-02
   5.4450000e+01   4.6212004e-02   4.5822503e-02   4.4033839e-02   3.9497859e-02   3.9741602e-02   3.8519601e-02   3.4958453e-02   3.2250783e-02   3.0009032e-02   2.8551050e-02   2.8031917e-02
   5.4900000e+01   3.9849161e-02   4.0045448e-02   3.9710915e-02   3.9052748e-02   4.0080440e-02   3.8750223e-02   3.5088539e-02   3.2360092e-02   3.0072257e-02   2.8573890e-02   2.8039562e-02
   5.5350000e+01   3.3685567e-02   3.4278637e-02   3.5342566e-02   3.8615042e-02   4.0423041e-02   3.8973266e-02   3.5213999e-02   3.2468421e-02   3.0135802e-02   2.8596907e-02   2.8047269e-02
   5.5800000e+01   2.4339429e-02   2.8473232e-02   3.1127796e-02   3.8225294e-02   4.0769632e-02   3.9188301e-02   3.5334704e-02   3.2575730e-02   3.0199662e-02   2.8620102e-02   2.8055039e-02
   5.6250000e+01   1.0777305e-02   2.2550708e-02   2.7303276e-02   3.7922667e-02   4.1120233e-02   3.9394895e-02   3.5450526e-02   3.2681977e-02   3.0263833e-02   2.8643473e-02   2.8062871e-02
   5.6700000e+01   7.2740872e-03   1.6354215e-02   2.4177633e-02   3.7742711e-02   4.1474629e-02   3.9592610e-02   3.5561335e-02   3.2787123e-02   3.0328310e-02   2.8667022e-02   2.8070766e-02
   5.7150000e+01   7.0502277e-03   1.0161095e-02   2.2112710e-02   3.7715376e-02   4.1832343e-02   3.9781008e-02   3.5667001e-02   3.2891127e-02   3.0393086e-02   2.8690746e-02   2.8078723e-02
   5.7600000e+01   7.0426406e-03   7.7767918e-03   2.1410667e-02   3.7863380e-02   4.2192621e-02   3.9959644e-02   3.5767395e-02   3.2993947e-02   3.0458157e-02   2.8714647e-02   2.8086742e-02
   5.8050000e+01   7.0902103e-03   1.2014901e-02   2.2156596e-02   3.8201032e-02   4.2554416e-02   4.0128075e-02   3.5862385e-02   3.3095543e-02   3.0523518e-02   2.8738724e-02   2.8094824e-02
   5.8500000e+01   8.3622197e-03   1.7755784e-02   2.4169526e-02   3.8733574e-02   4.2916384e-02   4.0285855e-02   3.5951842e-02   3.3195875e-02   3.0589163e-02   2.8762977e-02   2.8102968e-02
   5.8950000e+01   1.8477610e-02   2.3146338e-02   2.7119564e-02   3.9457055e-02   4.3276887e-02   4.0432537e-02   3.6035635e-02   3.3294900e-02   3.0655086e-02   2.8787405e-02   2.8111174e-02
   5.9400000e+01   2.8024037e-02   2.8332045e-02   3.0682234e-02   4.0358719e-02   4.3634002e-02   4.0567675e-02   3.6113632e-02   3.3392579e-02   3.0721283e-02   2.8812008e-02   2.8119443e-02
   5.9850000e+01   3.3584740e-02   3.3451637e-02   3.4610195e-02   4.1417859e-02   4.3985541e-02   4.0690823e-02   3.6185703e-02   3.3488869e-02   3.0787748e-02   2.8836786e-02   2.8127774e-02
   6.0300000e+01   3.8895579e-02   3.8558942e-02   3.8726681e-02   4.2607045e-02   4.4329071e-02   4.0801537e-02   3.6251716e-02   3.3583731e-02   3.0854475e-02   2.8861738e-02   2.8136167e-02
   6.0750000e+01   4.6007482e-02   4.3683290e-02   4.2890567e-02   4.3893624e-02   4.4661955e-02   4.0899376e-02   3.6311540e-02   3.3677123e-02   3.0921459e-02   2.8886865e-02   2.8144623e-02
   6.1200000e+01   5.7991660e-02   4.8860692e-02   4.6961165e-02   4.5241386e-02   4.4981382e-02   4.0983899e-02   3.6365045e-02   3.3769003e-02   3.0988694e-02   2.8912166e-02   2.8153141e-02
   6.1650000e+01   6.2960607e-02   5.4162844e-02   5.0773058e-02   4.6612284e-02   4.5284420e-02   4.1054673e-02   3.6412099e-02   3.3859331e-02   3.1056174e-02   2.8937640e-02   2.8161721e-02
   6.2100000e+01   6.3363810e-02   5.9533537e-02   5.4136632e-02   4.7968095e-02   4.5568057e-02   4.1111267e-02   3.6452572e-02   3.3948066e-02   3.1123894e-02   2.8963288e-02   2.8170364e-02
   6.2550000e+01   6.3380417e-02   6.3338613e-02   5.6884447e-02   4.9271954e-02   4.5829257e-02   4.1153255e-02   3.6486332e-02   3.4035165e-02   3.1191849e-02   2.8989109e-02   2.8179069e-02
   6.3000000e+01   6.3380408e-02   6.3816839e-02   5.8946262e-02   5.0489677e-02   4.6065011e-02   4.1180217e-02   3.6513250e-02   3.4120589e-02   3.1260031e-02   2.9015102e-02   2.8187836e-02
   6.3450000e+01   6.3380299e-02   6.3509368e-02   6.0380834e-02   5.1590840e-02   4.6272394e-02   4.1191741e-02   3.6533196e-02   3.4204295e-02   3.1328436e-02   2.9041269e-02   2.8196665e-02
   6.3900000e+01   6.3380282e-02   6.3401593e-02   6.1325769e-02   5.2549586e-02   4.6448608e-02   4.1187420e-02   3.6546039e-02   3.4286244e-02   3.1397057e-02   2.9067607e-02   2.8205557e-02
   6.4350000e+01   6.3380282e-02   6.3381375e-02   6.1920314e-02   5.3345161e-02   4.6591041e-02   4.1166859e-02   3.6551651e-02   3.4366392e-02   3.1465888e-02   2.9094117e-02   2.8214510e-02
   6.4800000e+01   6.3380282e-02   6.3379195e-02   6.2263750e-02   5.3962204e-02   4.6697302e-02   4.1129667e-02   3.6549903e-02   3.4444700e-02   3.1534924e-02   2.9120799e-02   2.8223526e-02
   6.5250000e+01   6.3380282e-02   6.3379403e-02   6.2411768e-02   5.4390799e-02   4.6765268e-02   4.1075466e-02   3.6540666e-02   3.4521126e-02   3.1604159e-02   2.9147653e-02   2.8232604e-02
   6.5700000e+01   6.3380282e-02   6.3381044e-02   6.2385264e-02   5.4626355e-02   4.6793110e-02   4.1003886e-02   3.6523813e-02   3.4595629e-02   3.1673586e-02   2.9174677e-02   2.8241744e-02
   6.6150000e+01   6.3380282e-02   6.3393192e-02   6.2175489e-02   5.4669324e-02   4.6779323e-02   4.0914570e-02   3.6499217e-02   3.4668167e-02   3.1743200e-02   2.9201872e-02   2.8250947e-02
   6.6600000e+01   6.3380366e-02   6.3455664e-02   6.1744431e-02   5.4524809e-02   4.6722740e-02   4.0807169e-02   3.6466752e-02   3.4738701e-02   3.1812993e-02   2.9229237e-02   2.8260211e-02
   6.7050000e+01   6.3390655e-02   6.3621828e-02   6.1030465e-02   5.4202083e-02   4.6622546e-02   4.0681350e-02   3.6426291e-02   3.4807188e-02   3.1882961e-02   2.9256772e-02   2.8269538e-02
   6.7500000e+01   6.3380275e-02   6.3243058e-02   5.9973131e-02   5.3714044e-02   4.6478276e-02   4.0536790e-02   3.6377712e-02   3.4873589e-02   3.1953096e-02   2.9284477e-02   2.8278926e-02
   6.7950000e+01   6.0832107e-02   6.1072790e-02   5.8553117e-02   5.3076632e-02   4.6289810e-02   4.0373178e-02   3.6320889e-02   3.4937861e-02   3.2023393e-02   2.9312352e-02   2.8288377e-02
   6.8400000e+01   5.8264552e-02   5.8359801e-02   5.6813388e-02   5.2308202e-02   4.6057359e-02   4.0190218e-02   3.6255700e-02   3.4999964e-02   3.2093845e-02   2.9340395e-02   2.8297890e-02
   6.8850000e+01   5.5708997e-02   5.5752587e-02   5.4838263e-02   5.1428892e-02   4.5781445e-02   3.9987629e-02   3.6182023e-02   3.5059858e-02   3.2164445e-02   2.9368607e-02   2.8307465e-02
   6.9300000e+01   5.3156003e-02   5.3197655e-02   5.2715386e-02   5.0459972e-02   4.5462874e-02   3.9765142e-02   3.6099737e-02   3.5117501e-02   3.2235188e-02   2.9396988e-02   2.8317101e-02
   6.9750000e+01   5.0605867e-02   5.0654742e-02   5.0514845e-02   4.9423203e-02   4.5102706e-02   3.9522503e-02   3.6008722e-02   3.5172853e-02   3.2306067e-02   2.9425537e-02   2.8326800e-02
   7.0200000e+01   4.8050416e-02   4.8112952e-02   4.8289699e-02   4.8340209e-02   4.4702217e-02   3.9259474e-02   3.5908861e-02   3.5225873e-02   3.2377075e-02   2.9454253e-02   2.8336561e-02
   7.0650000e+01   4.5345069e-02   4.5566123e-02   4.6086102e-02   4.7231880e-02   4.4262858e-02   3.8975830e-02   3.5800035e-02   3.5276521e-02   3.2448205e-02   2.9483137e-02   2.8346384e-02
   7.1100000e+01   4.0980835e-02   4.3000530e-02   4.3955195e-02   4.6117813e-02   4.3786221e-02   3.8671363e-02   3.5682130e-02   3.5324756e-02   3.2519452e-02   2.9512188e-02   2.8356269e-02
   7.1550000e+01   3.5878176e-02   4.0378555e-02   4.1963298e-02   4.5015815e-02   4.3273991e-02   3.8345878e-02   3.5555029e-02   3.5370539e-02   3.2590809e-02   2.9541406e-02   2.8366216e-02
   7.2000000e+01   3.5231464e-02   3.7674620e-02   4.0193481e-02   4.3941474e-02   4.2727904e-02   3.7999199e-02   3.5418620e-02   3.5413828e-02   3.2662268e-02   2.9570790e-02   2.8376225e-02
   7.2450000e+01   3.5211370e-02   3.5484692e-02   3.8727005e-02   4.2907816e-02   4.2149709e-02   3.7631160e-02   3.5272790e-02   3.5454583e-02   3.2733824e-02   2.9600340e-02   2.8386296e-02
   7.2900000e+01   3.5211225e-02   3.4985836e-02   3.7606165e-02   4.1925052e-02   4.1541125e-02   3.7241615e-02   3.5117431e-02   3.5492765e-02   3.2805469e-02   2.9630056e-02   2.8396428e-02
   7.3350000e+01   3.5211263e-02   3.5130313e-02   3.6809800e-02   4.1000417e-02   4.0903803e-02   3.6830430e-02   3.4952432e-02   3.5528334e-02   3.2877196e-02   2.9659937e-02   2.8406623e-02
   7.3800000e+01   3.5211267e-02   3.5196372e-02   3.6269498e-02   4.0138124e-02   4.0239294e-02   3.6397486e-02   3.4777686e-02   3.5561250e-02   3.2949000e-02   2.9689984e-02   2.8416879e-02
   7.4250000e+01   3.5211268e-02   3.5209960e-02   3.5908090e-02   3.9339396e-02   3.9549014e-02   3.5942679e-02   3.4593088e-02   3.5591472e-02   3.3020872e-02   2.9720195e-02   2.8427198e-02
   7.4700000e+01   3.5211268e-02   3.5211615e-02   3.5665000e-02   3.8602596e-02   3.8834219e-02   3.5465920e-02   3.4398534e-02   3.5618962e-02   3.3092806e-02   2.9750570e-02   2.8437578e-02
   7.5150000e+01   3.5211268e-02   3.5211522e-02   3.5500326e-02   3.7923428e-02   3.8095979e-02   3.4967130e-02   3.4193921e-02   3.5643681e-02   3.3164795e-02   2.9781109e-02   2.8448020e-02
   7.5600000e+01   3.5211268e-02   3.5211370e-02   3.5389108e-02   3.7295200e-02   3.7335155e-02   3.4446248e-02   3.3979149e-02   3.5665587e-02   3.3236831e-02   2.9811812e-02   2.8458524e-02
   7.6050000e+01   3.5211268e-02   3.5211301e-02   3.5315138e-02   3.6709131e-02   3.6552393e-02   3.3903221e-02   3.3754120e-02   3.5684644e-02   3.3308909e-02   2.9842678e-02   2.8469090e-02
   7.6500000e+01   3.5211268e-02   3.5211276e-02   3.5266936e-02   3.6154685e-02   3.5748099e-02   3.3338011e-02   3.3518736e-02   3.5700811e-02   3.3381021e-02   2.9873707e-02   2.8479717e-02
   7.6950000e+01   3.5211268e-02   3.5211269e-02   3.5235369e-02   3.5619930e-02   3.4922444e-02   3.2750590e-02   3.3272903e-02   3.5714049e-02   3.3453159e-02   2.9904898e-02   2.8490406e-02
   7.7400000e+01   3.5211268e-02   3.5211268e-02   3.5212129e-02   3.5091884e-02   3.4075353e-02   3.2140942e-02   3.3016527e-02   3.5724320e-02   3.3525317e-02   2.9936251e-02   2.8501158e-02
   7.7850000e+01   3.5211268e-02   3.5211267e-02   3.5188833e-02   3.4556868e-02   3.3206509e-02   3.1509060e-02   3.2749518e-02   3.5731585e-02   3.3597486e-02   2.9967766e-02   2.8511970e-02
   7.8300000e+01   3.5211268e-02   3.5211260e-02   3.5156743e-02   3.4000835e-02   3.2315359e-02   3.0854945e-02   3.2471787e-02   3.5735806e-02   3.3669661e-02   2.9999443e-02   2.8522845e-02
   7.8750000e+01   3.5211268e-02   3.5211237e-02   3.5106684e-02   3.3409673e-02   3.1401118e-02   3.0178608e-02   3.2183245e-02   3.5736944e-02   3.3741834e-02   3.0031280e-02   2.8533781e-02
   7.9200000e+01   3.5211268e-02   3.5211168e-02   3.5028457e-02   3.2769492e-02   3.0462787e-02   2.9480068e-02   3.1883809e-02   3.5734962e-02   3.3813997e-02   3.0063279e-02   2.8544779e-02
   7.9650000e+01   3.5211268e-02   3.5210995e-02   3.4909509e-02   3.2066872e-02   2.9499161e-02   2.8759350e-02   3.1573396e-02   3.5729820e-02   3.3886143e-02   3.0095437e-02   2.8555839e-02
   8.0100000e+01   3.5211268e-02   3.5210729e-02   3.4732725e-02   3.1289087e-02   2.8508852e-02   2.8016485e-02   3.1251924e-02   3.5721482e-02   3.3958265e-02   3.0127755e-02   2.8566960e-02
   8.0550000e+01   3.5211268e-02   3.5211314e-02   3.4472598e-02   3.0424305e-02   2.7490307e-02   2.7251508e-02   3.0919315e-02   3.5709910e-02   3.4030355e-02   3.0160233e-02   2.8578143e-02
   8.1000000e+01   3.5211268e-02   3.5219439e-02   3.4088808e-02   2.9461761e-02   2.6441828e-02   2.6464460e-02   3.0575492e-02   3.5695066e-02   3.4102405e-02   3.0192869e-02   2.8589387e-02
   8.1450000e+01   3.5211271e-02   3.5266058e-02   3.3518117e-02   2.8391910e-02   2.5361597e-02   2.5655385e-02   3.0220381e-02   3.5676914e-02   3.4174409e-02   3.0225664e-02   2.8600693e-02
   8.1900000e+01   3.5211295e-02   3.5418128e-02   3.2671962e-02   2.7206562e-02   2.4247702e-02   2.4824328e-02   2.9853909e-02   3.5655415e-02   3.4246358e-02   3.0258618e-02   2.8612061e-02
   8.2350000e+01   3.5211351e-02   3.5357501e-02   3.1454261e-02   2.5898991e-02   2.3098156e-02   2.3971338e-02   2.9476008e-02   3.5630533e-02   3.4318245e-02   3.0291729e-02   2.8623491e-02
   8.2800000e+01   3.5208713e-02   3.3598479e-02   2.9804004e-02   2.4464033e-02   2.1910932e-02   2.3096463e-02   2.9086608e-02   3.5602232e-02   3.4390062e-02   3.0324998e-02   2.8634981e-02
   8.3250000e+01   3.5128251e-02   3.0375877e-02   2.7732543e-02   2.2898142e-02   2.0683978e-02   2.2199751e-02   2.8685644e-02   3.5570474e-02   3.4461802e-02   3.0358424e-02   2.8646534e-02
   8.3700000e+01   3.3692860e-02   2.6989364e-02   2.5315880e-02   2.1199424e-02   1.9415249e-02   2.1281251e-02   2.8273054e-02   3.5535224e-02   3.4533458e-02   3.0392007e-02   2.8658148e-02
   8.4150000e+01   2.6469792e-02   2.3691403e-02   2.2651107e-02   1.9367635e-02   1.8102729e-02   2.0341008e-02   2.7848776e-02   3.5496445e-02   3.4605020e-02   3.0425746e-02   2.8669823e-02
   8.4600000e+01   2.0810159e-02   2.0453750e-02   1.9820192e-02   1.7404133e-02   1.6744453e-02   1.9379067e-02   2.7412750e-02   3.5454101e-02   3.4676482e-02   3.0459641e-02   2.8681560e-02
   8.5050000e+01   1.7310396e-02   1.7241497e-02   1.6879707e-02   1.5311797e-02   1.5338529e-02   1.8395470e-02   2.6964922e-02   3.5408158e-02   3.4747835e-02   3.0493691e-02   2.8693359e-02
   8.5500000e+01   1.3753634e-02   1.4027073e-02   1.3866039e-02   1.3094902e-02   1.3883158e-02   1.7390254e-02   2.6505235e-02   3.5358578e-02   3.4819072e-02   3.0527896e-02   2.8705219e-02
   8.5950000e+01   7.6535708e-03   1.0785010e-02   1.0803302e-02   1.0758966e-02   1.2376653e-02   1.6363452e-02   2.6033639e-02   3.5305328e-02   3.4890185e-02   3.0562256e-02   2.8717140e-02
   8.6400000e+01   1.0206462e-03   7.4987493e-03   7.7090271e-03   8.3105633e-03   1.0817453e-02   1.5315095e-02   2.5550084e-02   3.5248371e-02   3.4961166e-02   3.0596770e-02   2.8729123e-02
   8.6850000e+01   4.5934201e-05   4.2108201e-03   4.5975905e-03   5.7571329e-03   9.2041394e-03   1.4245206e-02   2.5054521e-02   3.5187674e-02   3.5032007e-02   3.0631437e-02   2.8741167e-02
   8.7300000e+01   1.0022423e-06   1.1710776e-03   1.4824317e-03   3.1067689e-03   7.5354465e-03   1.3153804e-02   2.4546906e-02   3.5123201e-02   3.5102700e-02   3.0666259e-02   2.8753272e-02
   8.7750000e+01  -8.0136227e-08  -1.0106507e-03  -1.6220716e-03   3.6802126e-04   5.8102721e-03   1.2040901e-02   2.4027196e-02   3.5054918e-02   3.5173237e-02   3.0701233e-02   2.8765439e-02
   8.8200000e+01  -1.6390884e-08  -1.7804500e-03  -4.6985810e-03  -2.4502949e-03   4.0276843e-03   1.0906505e-02   2.3495350e-02   3.4982791e-02   3.5243610e-02   3.0736359e-02   2.8777667e-02
   8.8650000e+01  -1.9693801e-09  -1.4755808e-03  -7.7243568e-03  -5.3392699e-03   2.1869278e-03   9.7506155e-03   2.2951330e-02   3.4906786e-02   3.5313810e-02   3.0771638e-02   2.8789957e-02
   8.9100000e+01  -2.0368482e-10  -9.0494964e-04  -1.0668274e-02  -8.2900468e-03   2.8742685e-04   8.5732261e-03   2.2395098e-02   3.4826869e-02   3.5383831e-02   3.0807068e-02   2.8802308e-02
   8.9550000e+01  -1.9719803e-11  -4.7833760e-04  -1.3487328e-02  -1.1293941e-02  -1.6712129e-03   7.3743238e-03   2.1826622e-02   3.4743007e-02   3.5453662e-02   3.0842649e-02   2.8814720e-02
   9.0000000e+01  -1.8443039e-12  -2.3423704e-04  -1.6122950e-02  -1.4342532e-02  -3.6892049e-03   6.1538886e-03   2.1245869e-02   3.4655166e-02   3.5523298e-02   3.0878381e-02   2.8827193e-02
