  -9.0000000e+01   0.0000000e+00 -1.2887749e-127  -2.2614231e-44  -5.3284576e-16  -2.2117866e-06  -2.1833842e-03  -1.2027212e-02  -3.1839653e-03   1.1794785e-02   2.0900643e-02   2.5170468e-02
  -8.9550000e+01   0.0000000e+00 -8.4963496e-125  -1.4440698e-43  -9.5815398e-16  -2.5563890e-06  -2.1993865e-03  -1.1629020e-02  -2.7058603e-03   1.2010092e-02   2.0985301e-02   2.5201895e-02
  -8.9100000e+01   0.0000000e+00 -5.1841266e-122  -8.9455623e-43  -1.7093329e-15  -2.9429665e-06  -2.2107737e-03  -1.1222767e-02  -2.2301423e-03   1.2224014e-02   2.1069511e-02   2.5233164e-02
  -8.8650000e+01   0.0000000e+00 -2.7270611e-119  -5.3452507e-42  -3.0223735e-15  -3.3735370e-06  -2.2171415e-03  -1.0808541e-02  -1.7568525e-03   1.2436555e-02   2.1153275e-02   2.5264274e-02
  -8.8200000e+01   0.0000000e+00 -1.0678183e-116  -3.0511053e-41  -5.2903029e-15  -3.8492335e-06  -2.2180710e-03  -1.0386440e-02  -1.2860314e-03   1.2647716e-02   2.1236591e-02   2.5295225e-02
  -8.7750000e+01   0.0000000e+00 -2.0831930e-114  -1.6358282e-40  -9.1533596e-15  -4.3699191e-06  -2.2131285e-03  -9.9565627e-03  -8.1771900e-04   1.2857502e-02   2.1319461e-02   2.5326018e-02
  -8.7300000e+01  1.4080871e-321  5.6186486e-112  -7.9751198e-40  -1.5625418e-14  -4.9337033e-06  -2.2018665e-03  -9.5190194e-03  -3.5195479e-04   1.3065915e-02   2.1401885e-02   2.5356652e-02
  -8.6850000e+01  1.3699407e-312  7.0136387e-109  -3.2760388e-39  -2.6252260e-14  -5.5363423e-06  -2.1838238e-03  -9.0739245e-03   1.1122250e-04   1.3272958e-02   2.1483864e-02   2.5387128e-02
  -8.6400000e+01  5.5184483e-304  3.8042701e-106  -8.4954201e-39  -4.3265258e-14  -6.1705036e-06  -2.1585265e-03  -8.6213995e-03   5.7177469e-04   1.3478634e-02   2.1565397e-02   2.5417445e-02
  -8.5950000e+01  7.3514888e-296  1.5367066e-103   2.4027921e-38  -6.9614201e-14  -6.8248712e-06  -2.1254888e-03  -8.1615724e-03   1.0296643e-03   1.3682946e-02   2.1646484e-02   2.5447603e-02
  -8.5500000e+01  2.1835904e-288  4.7099506e-101   5.9964441e-37  -1.0858222e-13  -7.4830671e-06  -2.0842135e-03  -7.6945777e-03   1.4848544e-03   1.3885898e-02   2.1727127e-02   2.5477603e-02
  -8.5050000e+01  1.6946840e-281   6.5540431e-99   6.0915386e-36  -1.6229960e-13  -8.1223631e-06  -2.0341932e-03  -7.2205564e-03   1.9373088e-03   1.4087492e-02   2.1807325e-02   2.5507445e-02
  -8.4600000e+01 -5.5438503e-273  -5.4244143e-96   4.9595199e-35  -2.2768244e-13  -8.7121520e-06  -1.9749118e-03  -6.7396562e-03   2.3869919e-03   1.4287732e-02   2.1887080e-02   2.5537128e-02
  -8.4150000e+01 -9.2067561e-265  -6.7933039e-93   3.8221585e-34  -2.8675484e-13  -9.2121493e-06  -1.9058446e-03  -6.2520308e-03   2.8338688e-03   1.4486620e-02   2.1966390e-02   2.5566652e-02
  -8.3700000e+01 -3.7823845e-257  -4.9269272e-90   3.1701008e-33  -2.8528594e-13  -9.5702927e-06  -1.8264606e-03  -5.7578405e-03   3.2779054e-03   1.4684161e-02   2.2045257e-02   2.5596018e-02
  -8.3250000e+01 -4.7873584e-250  -2.5389630e-87   2.9893764e-32  -8.7957022e-14  -9.7203055e-06  -1.7362235e-03  -5.2572521e-03   3.7190682e-03   1.4880357e-02   2.2123680e-02   2.5625226e-02
  -8.2800000e+01 -3.3376892e-243  -6.3667278e-85   2.9815734e-31   6.1231544e-13  -9.5788921e-06  -1.6345928e-03  -4.7504382e-03   4.1573242e-03   1.5075211e-02   2.2201661e-02   2.5654275e-02
  -8.2350000e+01  2.8141430e-236   1.2672686e-82   2.8251306e-30   2.4725528e-12  -9.0425317e-06  -1.5210260e-03  -4.2375779e-03   4.5926415e-03   1.5268727e-02   2.2279199e-02   2.5683166e-02
  -8.1900000e+01  1.9903235e-228   8.8609406e-80   2.3950007e-29   6.8415824e-12  -7.9838387e-06  -1.3949796e-03  -3.7188564e-03   5.0249887e-03   1.5460908e-02   2.2356295e-02   2.5711898e-02
  -8.1450000e+01  5.5040629e-221   2.0062479e-77   1.7905854e-28   1.6402808e-11  -6.2474613e-06  -1.2559113e-03  -3.1944646e-03   5.4543350e-03   1.5651757e-02   2.2432949e-02   2.5740472e-02
  -8.1000000e+01  4.9673266e-214   3.2048975e-75   1.1902449e-27   3.6361320e-11  -3.6454930e-06  -1.1032817e-03  -2.6645996e-03   5.8806506e-03   1.5841277e-02   2.2509161e-02   2.5768888e-02
  -8.0550000e+01  9.4927571e-208   3.9353778e-73   7.1433099e-27   7.6601266e-11   4.7624548e-08  -9.3655610e-04  -2.1294640e-03   6.3039064e-03   1.6029473e-02   2.2584932e-02   2.5797145e-02
  -8.0100000e+01  6.7667173e-202   2.6720945e-71   3.9392793e-26   1.5554869e-10   5.1007193e-06  -7.5520641e-04  -1.5892661e-03   6.7240738e-03   1.6216346e-02   2.2660262e-02   2.5825244e-02
  -7.9650000e+01 -6.5786694e-195  -4.4167266e-69   2.0446491e-25   3.0699217e-10   1.1832033e-05  -5.5871339e-04  -1.0442200e-03   7.1411252e-03   1.6401901e-02   2.2735151e-02   2.5853185e-02
  -7.9200000e+01 -7.7937344e-188  -2.5713536e-66   1.0420829e-24   5.9196662e-10   2.0615888e-05  -3.4656864e-04  -4.9454482e-04   7.5550338e-03   1.6586141e-02   2.2809599e-02   2.5880967e-02
  -7.8750000e+01 -2.5343967e-181  -7.5234383e-64   5.5765831e-24   1.1191927e-09   3.1889856e-05  -1.1827671e-04   5.9534944e-05   7.9657733e-03   1.6769070e-02   2.2883608e-02   2.5908591e-02
  -7.8300000e+01 -2.3178548e-175  -1.5690525e-61   3.3108542e-23   2.0797887e-09   4.6162400e-05   1.2664268e-04   6.1778974e-04   8.3733184e-03   1.6950690e-02   2.2957177e-02   2.5936057e-02
  -7.7850000e+01 -1.1753008e-169  -1.7514604e-59   2.1311404e-22   3.8054841e-09   6.4020943e-05   3.8865239e-04   1.1799851e-03   8.7776446e-03   1.7131005e-02   2.3030306e-02   2.5963365e-02
  -7.7400000e+01  3.6331258e-164   8.7301092e-58   1.3657340e-21   6.8650334e-09   8.6140285e-05   6.6819566e-04   1.7458818e-03   9.1787280e-03   1.7310018e-02   2.3102996e-02   2.5990514e-02
  -7.6950000e+01  2.3654069e-157   3.2364512e-55   8.1147957e-21   1.2221901e-08   1.1329129e-04   9.6569383e-04   2.3152362e-03   9.5765457e-03   1.7487733e-02   2.3175247e-02   2.6017505e-02
  -7.6500000e+01  4.4622295e-151   2.9329000e-53   4.3421495e-20   2.1488923e-08   1.4634973e-04   1.2815441e-03   2.8878002e-03   9.9710754e-03   1.7664154e-02   2.3247059e-02   2.6044338e-02
  -7.6050000e+01  2.5956708e-145   1.8343237e-51   2.0920910e-19   3.7334359e-08   1.8630512e-04   1.6161171e-03   3.4633215e-03   1.0362296e-02   1.7839284e-02   2.3318434e-02   2.6071012e-02
  -7.5600000e+01  3.0534043e-140   8.9706005e-50   9.1876449e-19   6.4121080e-08   2.3426943e-04   1.9697549e-03   4.0415439e-03   1.0750186e-02   1.8013126e-02   2.3389370e-02   2.6097529e-02
  -7.5150000e+01  1.6652434e-135   2.7762199e-48   3.7394351e-18   1.0889964e-07   2.9148540e-04   2.3427688e-03   4.6222075e-03   1.1134727e-02   1.8185683e-02   2.3459868e-02   2.6123887e-02
  -7.4700000e+01 -5.3867572e-130  -8.1083608e-47   1.4418525e-17   1.8293092e-07   3.5933428e-04   2.7354368e-03   5.2050489e-03   1.1515899e-02   1.8356960e-02   2.3529929e-02   2.6150087e-02
  -7.4250000e+01 -4.8029504e-124  -2.5805675e-44   5.4485470e-17   3.0398944e-07   4.3934272e-04   3.1480017e-03   5.7898013e-03   1.1893684e-02   1.8526960e-02   2.3599553e-02   2.6176129e-02
  -7.3800000e+01 -1.4358445e-118  -3.0898329e-42   2.1184960e-16   4.9980026e-07   5.3318849e-04   3.5806691e-03   6.3761951e-03   1.2268065e-02   1.8695686e-02   2.3668739e-02   2.6202013e-02
  -7.3350000e+01 -1.0520830e-113  -2.6183338e-40   8.8334089e-16   8.1309626e-07   6.4270471e-04   4.0336053e-03   6.9639577e-03   1.2639025e-02   1.8863141e-02   2.3737490e-02   2.6227739e-02
  -7.2900000e+01 -3.8559434e-109  -1.2839475e-38   3.9160999e-15   1.3089545e-06   7.6988224e-04   4.5069356e-03   7.5528140e-03   1.3006549e-02   1.9029330e-02   2.3805804e-02   2.6253307e-02
  -7.2450000e+01  3.3545696e-105   1.3730471e-37   1.7395996e-14   2.0852852e-06   9.1686984e-04   5.0007418e-03   8.1424866e-03   1.3370622e-02   1.9194256e-02   2.3873681e-02   2.6278716e-02
  -7.2000000e+01   2.6695964e-99   3.2373939e-35   7.2866458e-14   3.2876064e-06   1.0859717e-03   5.5150614e-03   8.7326962e-03   1.3731229e-02   1.9357923e-02   2.3941124e-02   2.6303968e-02
  -7.1550000e+01   3.3860337e-94   1.1707503e-33   2.7908023e-13   5.1295391e-06   1.2796418e-03   6.0498854e-03   9.3231615e-03   1.4088359e-02   1.9520333e-02   2.4008130e-02   2.6329062e-02
  -7.1100000e+01   1.1210496e-89   2.8568196e-32   9.7368150e-13   7.9207933e-06   1.5004754e-03   6.6051569e-03   9.9135999e-03   1.4441997e-02   1.9681491e-02   2.4074702e-02   2.6353997e-02
  -7.0650000e+01   7.3901407e-86   5.5479991e-31   3.1257971e-12   1.2104758e-05   1.7511957e-03   7.1807698e-03   1.0503728e-02   1.4792133e-02   1.9841399e-02   2.4140838e-02   2.6378774e-02
  -7.0200000e+01   2.7655336e-82   7.5598302e-30   9.3769305e-12   1.8308135e-05   2.0346374e-03   7.7765675e-03   1.1093260e-02   1.5138756e-02   2.0000063e-02   2.4206540e-02   2.6403394e-02
  -6.9750000e+01  -2.8676848e-78  -1.6307585e-29   2.6800379e-11   2.7405297e-05   2.3537251e-03   8.3923422e-03   1.1681912e-02   1.5481857e-02   2.0157484e-02   2.4271808e-02   2.6427855e-02
  -6.9300000e+01  -2.1195581e-73  -6.5893500e-27   7.4932563e-11   4.0600150e-05   2.7114475e-03   9.0278332e-03   1.2269397e-02   1.5821425e-02   2.0313668e-02   2.4336642e-02   2.6452159e-02
  -6.8850000e+01  -9.8719241e-69  -3.3225620e-25   2.1210097e-10   5.9528143e-05   3.1108265e-03   9.6827269e-03   1.2855429e-02   1.6157454e-02   2.0468616e-02   2.4401041e-02   2.6476304e-02
  -6.8400000e+01  -3.9675270e-64  -1.1514671e-23   6.2602665e-10   8.6380586e-05   3.5548823e-03   1.0356656e-02   1.3439724e-02   1.6489935e-02   2.0622334e-02   2.4465007e-02   2.6500291e-02
  -6.7950000e+01  -1.1869370e-59  -2.4497091e-22   1.9252392e-09   1.2405252e-04   4.0465925e-03   1.1049198e-02   1.4021996e-02   1.6818862e-02   2.0774824e-02   2.4528540e-02   2.6524121e-02
  -6.7500000e+01   6.3464704e-61   2.7513062e-22   5.9388831e-09   1.7631390e-04   4.5888487e-03   1.1759877e-02   1.4601961e-02   1.7144230e-02   2.0926090e-02   2.4591640e-02   2.6547793e-02
  -6.7050000e+01   1.7390966e-52   8.3940025e-20   1.7522661e-08   2.4800178e-04   5.1844080e-03   1.2488163e-02   1.5179337e-02   1.7466033e-02   2.1076136e-02   2.4654307e-02   2.6571306e-02
  -6.6600000e+01   8.5186181e-50   1.2176174e-18   4.8028508e-08   3.4522839e-04   5.8358418e-03   1.3233468e-02   1.5753841e-02   1.7784267e-02   2.1224965e-02   2.4716542e-02   2.6594662e-02
  -6.6150000e+01   3.1101936e-47   1.1681926e-17   1.2152024e-07   4.7559655e-04   6.5454823e-03   1.3995155e-02   1.6325194e-02   1.8098930e-02   2.1372581e-02   2.4778344e-02   2.6617860e-02
  -6.5700000e+01   9.9415193e-45   9.0964825e-17   2.8600871e-07   6.4840968e-04   7.3153677e-03   1.4772528e-02   1.6893118e-02   1.8410019e-02   2.1518987e-02   2.4839715e-02   2.6640900e-02
  -6.5250000e+01   2.5064608e-42   5.4362212e-16   6.3463475e-07   8.7485942e-04   8.1471867e-03   1.5564842e-02   1.7457338e-02   1.8717532e-02   2.1664187e-02   2.4900654e-02   2.6663782e-02
  -6.4800000e+01  -9.1618593e-40   1.1145145e-15   1.3489920e-06   1.1681688e-03   9.0422248e-03   1.6371297e-02   1.8017582e-02   1.9021469e-02   2.1808185e-02   2.4961161e-02   2.6686506e-02
  -6.4350000e+01  -5.2146825e-36  -3.6428444e-14   2.7986447e-06   1.5436650e-03   1.0001312e-02   1.7191041e-02   1.8573580e-02   1.9321829e-02   2.1950984e-02   2.5021237e-02   2.6709072e-02
  -6.3900000e+01  -1.1829514e-32  -8.3995856e-13   5.7874923e-06   2.0187518e-03   1.1024776e-02   1.8023175e-02   1.9125065e-02   1.9618614e-02   2.2092588e-02   2.5080882e-02   2.6731481e-02
  -6.3450000e+01  -5.2369597e-30  -1.1790295e-11   1.2140770e-05   2.6127513e-03   1.2112396e-02   1.8866748e-02   1.9671775e-02   1.9911825e-02   2.2233000e-02   2.5140097e-02   2.6753732e-02
  -6.3000000e+01  -6.0294225e-28  -1.0162229e-10   2.5886447e-05   3.3465836e-03   1.3263373e-02   1.9720762e-02   2.0213451e-02   2.0201464e-02   2.2372224e-02   2.5198881e-02   2.6775825e-02
  -6.2550000e+01  -1.0468637e-26  -4.6680974e-11   5.5004732e-05   4.2422597e-03   1.4476294e-02   2.0584175e-02   2.0749838e-02   2.0487536e-02   2.2510264e-02   2.5257235e-02   2.6797760e-02
  -6.2100000e+01   1.8900268e-23   4.9834190e-09   1.1300582e-04   5.3221680e-03   1.5749119e-02   2.1455901e-02   2.1280686e-02   2.0770042e-02   2.2647122e-02   2.5315159e-02   2.6819537e-02
  -6.1650000e+01   7.5186781e-21   3.0976980e-08   2.1947974e-04   6.6081498e-03   1.7079168e-02   2.2334809e-02   2.1805750e-02   2.1048990e-02   2.2782803e-02   2.5372653e-02   2.6841156e-02
  -6.1200000e+01   1.5015476e-18   1.2126947e-07   4.0015260e-04   8.1203731e-03   1.8463127e-02   2.3219734e-02   2.2324788e-02   2.1324383e-02   2.2917311e-02   2.5429718e-02   2.6862618e-02
  -6.0750000e+01   7.4493261e-17   3.8836961e-07   6.8810535e-04   9.8760311e-03   1.9897061e-02   2.4109469e-02   2.2837566e-02   2.1596229e-02   2.3050648e-02   2.5486353e-02   2.6883922e-02
  -6.0300000e+01   1.4659495e-15   1.0352124e-06   1.1273629e-03   1.1887918e-02   2.1376435e-02   2.5002775e-02   2.3343854e-02   2.1864534e-02   2.3182818e-02   2.5542560e-02   2.6905069e-02
  -5.9850000e+01  -3.6089697e-15   1.9074644e-06   1.7801405e-03   1.4162952e-02   2.2896161e-02   2.5898380e-02   2.3843428e-02   2.2129307e-02   2.3313825e-02   2.5598338e-02   2.6926057e-02
  -5.9400000e+01  -5.5815150e-12  -1.2524946e-06   2.7406675e-03   1.6700733e-02   2.4450639e-02   2.6794985e-02   2.4336070e-02   2.2390556e-02   2.3443673e-02   2.5653687e-02   2.6946888e-02
  -5.8950000e+01  -7.3104822e-10  -3.7296169e-05   4.1587154e-03   1.9492258e-02   2.6033822e-02   2.7691263e-02   2.4821570e-02   2.2648290e-02   2.3572364e-02   2.5708608e-02   2.6967561e-02
  -5.8500000e+01  -1.8476853e-08  -2.3589502e-04   6.2674291e-03   2.2518895e-02   2.7639283e-02   2.8585865e-02   2.5299720e-02   2.2902519e-02   2.3699903e-02   2.5763102e-02   2.6988076e-02
  -5.8050000e+01  -1.4280453e-07  -8.4004847e-04   9.3849685e-03   2.5751760e-02   2.9260297e-02   2.9477422e-02   2.5770325e-02   2.3153254e-02   2.3826292e-02   2.5817167e-02   2.7008434e-02
  -5.7600000e+01  -2.9801252e-07  -2.6095579e-04   1.3835991e-02   2.9151599e-02   3.0889923e-02   3.0364549e-02   2.6233192e-02   2.3400506e-02   2.3951536e-02   2.5870805e-02   2.7028634e-02
  -5.7150000e+01   1.5950875e-05   7.0261313e-03   1.9787853e-02   3.2669272e-02   3.2521098e-02   3.1245851e-02   2.6688138e-02   2.3644289e-02   2.4075638e-02   2.5924015e-02   2.7048677e-02
  -5.6700000e+01   4.5725951e-04   1.8742000e-02   2.7126843e-02   3.6246895e-02   3.4146726e-02   3.2119919e-02   2.7134985e-02   2.3884613e-02   2.4198602e-02   2.5976799e-02   2.7068561e-02
  -5.6250000e+01   7.3663535e-03   3.0661394e-02   3.5508482e-02   3.9819661e-02   3.5759777e-02   3.2985344e-02   2.7573566e-02   2.4121494e-02   2.4320430e-02   2.6029155e-02   2.7088288e-02
  -5.5800000e+01   3.4113873e-02   4.2274216e-02   4.4520110e-02   4.3318284e-02   3.7353376e-02   3.3840711e-02   2.8003719e-02   2.4354945e-02   2.4441126e-02   2.6081085e-02   2.7107858e-02
  -5.5350000e+01   5.2546535e-02   5.3714631e-02   5.3794980e-02   4.6671987e-02   3.8920894e-02   3.4684611e-02   2.8425291e-02   2.4584981e-02   2.4560695e-02   2.6132589e-02   2.7127270e-02
  -5.4900000e+01   6.4702511e-02   6.5088182e-02   6.3024736e-02   4.9811871e-02   4.0456036e-02   3.5515639e-02   2.8838137e-02   2.4811617e-02   2.4679138e-02   2.6183666e-02   2.7146524e-02
  -5.4450000e+01   7.7251451e-02   7.6482768e-02   7.1910423e-02   5.2674487e-02   4.1952908e-02   3.6332403e-02   2.9242119e-02   2.5034871e-02   2.4796460e-02   2.6234318e-02   2.7165620e-02
  -5.4000000e+01   9.8980677e-02   8.8024729e-02   8.0089575e-02   5.5205357e-02   4.3406094e-02   3.7133522e-02   2.9637111e-02   2.5254758e-02   2.4912665e-02   2.6284543e-02   2.7184559e-02
  -5.3550000e+01   1.2181540e-01   9.9978971e-02   8.7061315e-02   5.7362220e-02   4.4810704e-02   3.7917635e-02   3.0022993e-02   2.5471296e-02   2.5027755e-02   2.6334343e-02   2.7203341e-02
  -5.3100000e+01   1.2487007e-01   1.1261227e-01   9.2161943e-02   5.9117734e-02   4.6162424e-02   3.8683404e-02   3.0399652e-02   2.5684502e-02   2.5141733e-02   2.6383718e-02   2.7221965e-02
  -5.2650000e+01   1.2499812e-01   1.2280667e-01   9.4692350e-02   6.0461418e-02   4.7457545e-02   3.9429517e-02   3.0766988e-02   2.5894397e-02   2.5254604e-02   2.6432667e-02   2.7240431e-02
  -5.2200000e+01   1.2499120e-01   1.2020730e-01   9.4226048e-02   6.1400631e-02   4.8692980e-02   4.0154691e-02   3.1124907e-02   2.6100998e-02   2.5366371e-02   2.6481192e-02   2.7258740e-02
  -5.1750000e+01   1.2470534e-01   1.0832597e-01   9.0876151e-02   6.1960462e-02   4.9866274e-02   4.0857679e-02   3.1473324e-02   2.6304326e-02   2.5477037e-02   2.6529292e-02   2.7276891e-02
  -5.1300000e+01   1.1960966e-01   9.5918534e-02   8.5233850e-02   6.2182492e-02   5.0975591e-02   4.1537272e-02   3.1812165e-02   2.6504400e-02   2.5586605e-02   2.6576968e-02   2.7294885e-02
  -5.0850000e+01   9.3967761e-02   8.4117238e-02   7.8051542e-02   6.2122450e-02   5.2019700e-02   4.2192301e-02   3.2141363e-02   2.6701242e-02   2.5695078e-02   2.6624219e-02   2.7312721e-02
  -5.0400000e+01   7.3876066e-02   7.2611048e-02   6.9988536e-02   6.1846889e-02   5.2997939e-02   4.2821646e-02   3.2460862e-02   2.6894873e-02   2.5802461e-02   2.6671046e-02   2.7330400e-02
  -4.9950000e+01   6.1451908e-02   6.1209412e-02   6.1552688e-02   6.1429095e-02   5.3910180e-02   4.3424234e-02   3.2770613e-02   2.7085316e-02   2.5908756e-02   2.6717450e-02   2.7347921e-02
  -4.9500000e+01   4.8825399e-02   4.9796686e-02   5.3163801e-02   6.0944495e-02   5.4756774e-02   4.3999045e-02   3.3070579e-02   2.7272591e-02   2.6013966e-02   2.6763429e-02   2.7365285e-02
  -4.9050000e+01   2.7170176e-02   3.8242525e-02   4.5252405e-02   6.0465880e-02   5.5538500e-02   4.4545117e-02   3.3360729e-02   2.7456723e-02   2.6118096e-02   2.6808986e-02   2.7382491e-02
  -4.8600000e+01   3.6232846e-03   2.6306762e-02   3.8354726e-02   6.0058780e-02   5.6256502e-02   4.5061546e-02   3.3641045e-02   2.7637735e-02   2.6221147e-02   2.6854118e-02   2.7399540e-02
  -4.8150000e+01   1.6299324e-04   1.3720321e-02   3.3157068e-02   5.9777341e-02   5.6912227e-02   4.5547491e-02   3.3911514e-02   2.7815650e-02   2.6323124e-02   2.6898828e-02   2.7416431e-02
  -4.7700000e+01   3.2671010e-06   2.8881449e-03   3.0395114e-02   5.9660998e-02   5.7507355e-02   4.6002177e-02   3.4172137e-02   2.7990493e-02   2.6424029e-02   2.6943115e-02   2.7433165e-02
  -4.7250000e+01   5.3409411e-06   3.7498915e-03   3.0563655e-02   5.9732206e-02   5.8043734e-02   4.6424899e-02   3.4422919e-02   2.8162288e-02   2.6523866e-02   2.6986980e-02   2.7449741e-02
  -4.6800000e+01   2.1252138e-04   1.5145502e-02   3.3630291e-02   5.9995406e-02   5.8523318e-02   4.6815019e-02   3.4663879e-02   2.8331061e-02   2.6622638e-02   2.7030421e-02   2.7466160e-02
  -4.6350000e+01   4.3003836e-03   2.7659333e-02   3.9056050e-02   6.0437313e-02   5.8948099e-02   4.7171978e-02   3.4895041e-02   2.8496838e-02   2.6720348e-02   2.7073441e-02   2.7482421e-02
  -4.5900000e+01   2.8802705e-02   3.9543366e-02   4.6098858e-02   6.1028512e-02   5.9320053e-02   4.7495291e-02   3.5116440e-02   2.8659644e-02   2.6816999e-02   2.7116038e-02   2.7498526e-02
  -4.5450000e+01   4.9917826e-02   5.1084876e-02   5.4087205e-02   6.1726228e-02   5.9641080e-02   4.7784548e-02   3.5328120e-02   2.8819506e-02   2.6912594e-02   2.7158214e-02   2.7514472e-02
  -4.5000000e+01   6.2500000e-02   6.2500000e-02   6.2500000e-02   6.2478084e-02   5.9912959e-02   4.8039425e-02   3.5530134e-02   2.8976450e-02   2.7007137e-02   2.7199968e-02   2.7530262e-02
  -4.4550000e+01   7.5082174e-02   7.3915124e-02   7.0912795e-02   6.3226543e-02   6.0137300e-02   4.8259676e-02   3.5722541e-02   2.9130503e-02   2.7100631e-02   2.7241300e-02   2.7545893e-02
  -4.4100000e+01   9.6197295e-02   8.5456634e-02   7.8901141e-02   6.3913687e-02   6.0315509e-02   4.8445138e-02   3.5905413e-02   2.9281693e-02   2.7193077e-02   2.7282211e-02   2.7561368e-02
  -4.3650000e+01   1.2069962e-01   9.7340667e-02   8.5943950e-02   6.4485983e-02   6.0448755e-02   4.8595736e-02   3.6078826e-02   2.9430048e-02   2.7284481e-02   2.7322700e-02   2.7576685e-02
  -4.3200000e+01   1.2478748e-01   1.0985450e-01   9.1369708e-02   6.4898658e-02   6.0537942e-02   4.8711478e-02   3.6242867e-02   2.9575596e-02   2.7374844e-02   2.7362769e-02   2.7591845e-02
  -4.2750000e+01   1.2499466e-01   1.2125011e-01   9.4436342e-02   6.5119338e-02   6.0583694e-02   4.8792459e-02   3.6397631e-02   2.9718364e-02   2.7464170e-02   2.7402417e-02   2.7606847e-02
  -4.2300000e+01   1.2499673e-01   1.2211186e-01   9.4604876e-02   6.5130681e-02   6.0586340e-02   4.8838863e-02   3.6543218e-02   2.9858382e-02   2.7552461e-02   2.7441644e-02   2.7621692e-02
  -4.1850000e+01   1.2483701e-01   1.1127968e-01   9.1842905e-02   6.4931780e-02   6.0545908e-02   4.8850961e-02   3.6679741e-02   2.9995679e-02   2.7639721e-02   2.7480450e-02   2.7636380e-02
  -4.1400000e+01   1.2137672e-01   9.8693238e-02   8.6645203e-02   6.4538240e-02   6.0462127e-02   4.8829110e-02   3.6807314e-02   3.0130283e-02   2.7725953e-02   2.7518837e-02   2.7650910e-02
  -4.0950000e+01   9.7829824e-02   8.6757475e-02   7.9747422e-02   6.3980917e-02   6.0334429e-02   4.8773758e-02   3.6926065e-02   3.0262224e-02   2.7811158e-02   2.7556803e-02   2.7665284e-02
  -4.0500000e+01   7.6174601e-02   7.5203314e-02   7.1835803e-02   6.3303412e-02   6.0161968e-02   4.8685438e-02   3.7036124e-02   3.0391531e-02   2.7895342e-02   2.7594349e-02   2.7679499e-02
  -4.0050000e+01   6.3548092e-02   6.3790588e-02   6.3446449e-02   6.2558529e-02   5.9943637e-02   4.8564771e-02   3.7137630e-02   3.0518234e-02   2.7978505e-02   2.7631475e-02   2.7693558e-02
  -3.9600000e+01   5.1123934e-02   5.2388952e-02   5.5009648e-02   6.1803967e-02   5.9678093e-02   4.8412464e-02   3.7230728e-02   3.0642364e-02   2.8060651e-02   2.7668182e-02   2.7707459e-02
  -3.9150000e+01   3.1032239e-02   4.0882762e-02   4.6944692e-02   6.1097577e-02   5.9363793e-02   4.8229310e-02   3.7315571e-02   3.0763950e-02   2.8141784e-02   2.7704469e-02   2.7721203e-02
  -3.8700000e+01   5.3903418e-03   2.9081466e-02   3.9758292e-02   6.0492562e-02   5.8999030e-02   4.8016182e-02   3.7392316e-02   3.0883022e-02   2.8221904e-02   2.7740337e-02   2.7734789e-02
  -3.8250000e+01   2.9466291e-04   1.6674034e-02   3.4107180e-02   6.0032975e-02   5.8581984e-02   4.7774037e-02   3.7461128e-02   3.0999611e-02   2.8301017e-02   2.7775785e-02   2.7748219e-02
  -3.7800000e+01   8.7956715e-06   4.7927032e-03   3.0738292e-02   5.9749877e-02   5.8110768e-02   4.7503912e-02   3.7522175e-02   3.1113748e-02   2.8379123e-02   2.7810815e-02   2.7761491e-02
  -3.7350000e+01   1.8841267e-06   2.1933339e-03   3.0232707e-02   5.9658429e-02   5.7583486e-02   4.7206920e-02   3.7575632e-02   3.1225463e-02   2.8456226e-02   2.7845426e-02   2.7774605e-02
  -3.6900000e+01   1.2993078e-04   1.2387717e-02   3.2687601e-02   5.9756169e-02   5.6998299e-02   4.6884249e-02   3.7621680e-02   3.1334786e-02   2.8532329e-02   2.7879618e-02   2.7787563e-02
  -3.6450000e+01   3.1846028e-03   2.5020975e-02   3.7654474e-02   6.0022568e-02   5.6353489e-02   4.6537158e-02   3.7660503e-02   3.1441749e-02   2.8607434e-02   2.7913391e-02   2.7800363e-02
  -3.6000000e+01   2.6019323e-02   3.6975075e-02   4.4405678e-02   6.0419923e-02   5.5647527e-02   4.6166974e-02   3.7692290e-02   3.1546383e-02   2.8681544e-02   2.7946746e-02   2.7813006e-02
  -3.5550000e+01   4.7748549e-02   4.8516647e-02   5.2240256e-02   6.0895502e-02   5.4879145e-02   4.5775091e-02   3.7717233e-02   3.1648718e-02   2.8754661e-02   2.7979683e-02   2.7825492e-02
  -3.5100000e+01   6.0297489e-02   5.9910425e-02   6.0606323e-02   6.1384762e-02   5.4047409e-02   4.5362959e-02   3.7735531e-02   3.1748785e-02   2.8826789e-02   2.8012201e-02   2.7837820e-02
  -3.4650000e+01   7.2453465e-02   7.1283725e-02   6.9066842e-02   6.1815412e-02   5.3151789e-02   4.4932088e-02   3.7747384e-02   3.1846616e-02   2.8897929e-02   2.8044302e-02   2.7849992e-02
  -3.4200000e+01   9.0886127e-02   8.2734338e-02   7.7206550e-02   6.2111996e-02   5.2192225e-02   4.4484039e-02   3.7752995e-02   3.1942241e-02   2.8968085e-02   2.8075985e-02   2.7862006e-02
  -3.3750000e+01   1.1763365e-01   9.4423305e-02   8.4531475e-02   6.2200685e-02   5.1169193e-02   4.4020418e-02   3.7752572e-02   3.2035691e-02   2.9037258e-02   2.8107250e-02   2.7873862e-02
  -3.3300000e+01   1.2454278e-01   1.0668184e-01   9.0397395e-02   6.2013903e-02   5.0083764e-02   4.3542874e-02   3.7746322e-02   3.2126997e-02   2.9105451e-02   2.8138098e-02   2.7885562e-02
  -3.2850000e+01   1.2498430e-01   1.1895834e-01   9.4049049e-02   6.1494504e-02   4.8937649e-02   4.3053092e-02   3.7734459e-02   3.2216191e-02   2.9172668e-02   2.8168528e-02   2.7897105e-02
  -3.2400000e+01   1.2499910e-01   1.2333762e-01   9.4855952e-02   6.0599187e-02   4.7733243e-02   4.2552787e-02   3.7717194e-02   3.2303302e-02   2.9238909e-02   2.8198541e-02   2.7908490e-02
  -3.1950000e+01   1.2489358e-01   1.1386193e-01   9.2641162e-02   5.9300958e-02   4.6473655e-02   4.2043698e-02   3.7694744e-02   3.2388362e-02   2.9304178e-02   2.8228136e-02   2.7919718e-02
  -3.1500000e+01   1.2207132e-01   1.0119987e-01   8.7783673e-02   5.7590494e-02   4.5162724e-02   4.1527582e-02   3.7667323e-02   3.2471402e-02   2.9368476e-02   2.8257315e-02   2.7930789e-02
  -3.1050000e+01   9.9627802e-02   8.9264400e-02   8.0973909e-02   5.5476373e-02   4.3805028e-02   4.1006207e-02   3.7635150e-02   3.2552451e-02   2.9431807e-02   2.8286077e-02   2.7941703e-02
  -3.0600000e+01   7.8446667e-02   7.7763118e-02   7.2891539e-02   5.2984201e-02   4.2405872e-02   4.0481349e-02   3.7598441e-02   3.2631541e-02   2.9494173e-02   2.8314422e-02   2.7952459e-02
  -3.0150000e+01   6.6108859e-02   6.6404419e-02   6.4055945e-02   5.0154764e-02   4.0971270e-02   3.9954778e-02   3.7557415e-02   3.2708702e-02   2.9555575e-02   2.8342350e-02   2.7963059e-02
  -2.9700000e+01   5.4325434e-02   5.5072476e-02   5.4840410e-02   4.7041393e-02   3.9507908e-02   3.9428257e-02   3.7512290e-02   3.2783964e-02   2.9616017e-02   2.8369862e-02   2.7973501e-02
  -2.9250000e+01   3.8545899e-02   4.3702749e-02   4.5546021e-02   4.3706769e-02   3.8023095e-02   3.8903534e-02   3.7463282e-02   3.2857357e-02   2.9675500e-02   2.8396958e-02   2.7983786e-02
  -2.8800000e+01   1.1956004e-02   3.2215355e-02   3.6476657e-02   4.0219412e-02   3.6524706e-02   3.8382334e-02   3.7410609e-02   3.2928912e-02   2.9734026e-02   2.8423637e-02   2.7993914e-02
  -2.8350000e+01   9.3115245e-04   2.0451193e-02   2.7992748e-02   3.6650120e-02   3.5021107e-02   3.7866352e-02   3.7354486e-02   3.2998657e-02   2.9791598e-02   2.8449900e-02   2.8003885e-02
  -2.7900000e+01   3.6546179e-05   8.5349645e-03   2.0508525e-02   3.3068572e-02   3.3521075e-02   3.7357245e-02   3.7295127e-02   3.3066622e-02   2.9848219e-02   2.8475747e-02   2.8013698e-02
  -2.7450000e+01  -3.0028201e-07   9.2451460e-05   1.4387800e-02   2.9540316e-02   3.2033703e-02   3.6856630e-02   3.7232746e-02   3.3132837e-02   2.9903889e-02   2.8501178e-02   2.8023355e-02
  -2.7000000e+01  -2.8116285e-07  -9.6861457e-04   9.7766783e-03   2.6124270e-02   3.0568307e-02   3.6366068e-02   3.7167553e-02   3.3197331e-02   2.9958611e-02   2.8526194e-02   2.8032854e-02
  -2.6550000e+01  -3.8191165e-08  -2.8643011e-04   6.5328175e-03   2.2870862e-02   2.9134321e-02   3.5887069e-02   3.7099757e-02   3.3260132e-02   3.0012388e-02   2.8550793e-02   2.8042197e-02
  -2.6100000e+01  -1.3464913e-09  -4.7356459e-05   4.3365416e-03   1.9820837e-02   2.7741189e-02   3.5421076e-02   3.7029564e-02   3.3321269e-02   3.0065220e-02   2.8574978e-02   2.8051382e-02
  -2.5650000e+01  -9.1416566e-12  -2.6462259e-06   2.8610863e-03   1.7004744e-02   2.6398258e-02   3.4969462e-02   3.6957177e-02   3.3380772e-02   3.0117111e-02   2.8598746e-02   2.8060410e-02
  -2.5200000e+01  -1.7159125e-14   1.8504005e-06   1.8625738e-03   1.4443026e-02   2.5114667e-02   3.4533527e-02   3.6882797e-02   3.3438667e-02   3.0168062e-02   2.8622099e-02   2.8069281e-02
  -2.4750000e+01   1.5393753e-15   1.0908749e-06   1.1836480e-03   1.2146655e-02   2.3899243e-02   3.4114488e-02   3.6806621e-02   3.3494983e-02   3.0218075e-02   2.8645037e-02   2.8077995e-02
  -2.4300000e+01   9.0700558e-17   4.1965298e-07   7.2575971e-04   1.0118185e-02   2.2760396e-02   3.3713476e-02   3.6728844e-02   3.3549747e-02   3.0267152e-02   2.8667560e-02   2.8086552e-02
  -2.3850000e+01   4.4187004e-18   1.3384596e-07   4.2436497e-04   8.3531128e-03   2.1706018e-02   3.3331532e-02   3.6649655e-02   3.3602986e-02   3.0315295e-02   2.8689668e-02   2.8094951e-02
  -2.3400000e+01   1.8916042e-19   3.5525240e-08   2.3412611e-04   6.8414224e-03   2.0743391e-02   3.2969601e-02   3.6569240e-02   3.3654728e-02   3.0362506e-02   2.8711361e-02   2.8103194e-02
  -2.2950000e+01   6.0384637e-21   6.3317620e-09   1.2115232e-04   5.5692112e-03   1.9879100e-02   3.2628530e-02   3.6487783e-02   3.3704999e-02   3.0408786e-02   2.8732639e-02   2.8111279e-02
  -2.2500000e+01   5.1688802e-28   7.8469416e-11   5.9105930e-05   4.5202977e-03   1.9118952e-02   3.2309060e-02   3.6405460e-02   3.3753825e-02   3.0454138e-02   2.8753502e-02   2.8119208e-02
  -2.2050000e+01  -1.0079396e-25  -1.1717190e-10   2.7773786e-05   3.6777377e-03   1.8467905e-02   3.2011832e-02   3.6322446e-02   3.3801233e-02   3.0498562e-02   2.8773951e-02   2.8126979e-02
  -2.1600000e+01  -5.2692434e-29  -1.4233746e-11   1.2992881e-05   3.0251883e-03   1.7930009e-02   3.1737376e-02   3.6238909e-02   3.3847248e-02   3.0542061e-02   2.8793985e-02   2.8134594e-02
  -2.1150000e+01  -2.0498516e-32  -1.0372964e-12   6.2553035e-06   2.5480808e-03   1.7508348e-02   3.1486114e-02   3.6155014e-02   3.3891895e-02   3.0584637e-02   2.8813604e-02   2.8142051e-02
  -2.0700000e+01  -6.8561403e-36  -4.8309429e-14   3.2419957e-06   2.2345743e-03   1.7205001e-02   3.1258358e-02   3.6070921e-02   3.3935199e-02   3.0626291e-02   2.8832809e-02   2.8149351e-02
  -2.0250000e+01  -1.3476211e-39   1.2163835e-15   2.0596755e-06   2.0762786e-03   1.7021007e-02   3.1054307e-02   3.5986784e-02   3.3977184e-02   3.0667024e-02   2.8851600e-02   2.8156494e-02
  -1.9800000e+01  -9.1362197e-40   1.6784588e-15   2.0215717e-06   2.0687384e-03   1.6956344e-02   3.0874054e-02   3.5902752e-02   3.4017875e-02   3.0706839e-02   2.8869977e-02   2.8163480e-02
  -1.9350000e+01  -5.2146825e-36  -3.6330300e-14   3.1034725e-06   2.2116802e-03   1.7009919e-02   3.0717577e-02   3.5818971e-02   3.4057295e-02   3.0745736e-02   2.8887939e-02   2.8170310e-02
  -1.8900000e+01  -1.1829514e-32  -8.3994580e-13   5.9180149e-06   2.5090198e-03   1.7179562e-02   3.0584748e-02   3.5735579e-02   3.4095468e-02   3.0783718e-02   2.8905488e-02   2.8176982e-02
  -1.8450000e+01  -5.2369597e-30  -1.1790294e-11   1.2192853e-05   2.9686329e-03   1.7462046e-02   3.0475334e-02   3.5652712e-02   3.4132417e-02   3.0820786e-02   2.8922622e-02   2.8183497e-02
  -1.8000000e+01  -6.0294225e-28  -1.0162229e-10   2.5905653e-05   3.6018880e-03   1.7853104e-02   3.0388993e-02   3.5570497e-02   3.4168163e-02   3.0856941e-02   2.8939343e-02   2.8189855e-02
  -1.7550000e+01  -1.0468637e-26  -4.6680974e-11   5.5011304e-05   4.4229416e-03   1.8347465e-02   3.0325284e-02   3.5489059e-02   3.4202730e-02   3.0892185e-02   2.8955649e-02   2.8196055e-02
  -1.7100000e+01   1.8900268e-23   4.9834190e-09   1.1300796e-04   5.4478001e-03   1.8938905e-02   3.0283670e-02   3.5408516e-02   3.4236137e-02   3.0926518e-02   2.8971542e-02   2.8202099e-02
  -1.6650000e+01   7.5186781e-21   3.0976980e-08   2.1948044e-04   6.6931584e-03   1.9620306e-02   3.0263517e-02   3.5328982e-02   3.4268408e-02   3.0959943e-02   2.8987021e-02   2.8207986e-02
  -1.6200000e+01   1.5015476e-18   1.2126947e-07   4.0015283e-04   8.1750366e-03   2.0383728e-02   3.0264103e-02   3.5250564e-02   3.4299562e-02   3.0992461e-02   2.9002087e-02   2.8213716e-02
  -1.5750000e+01   7.4493261e-17   3.8836961e-07   6.8810543e-04   9.9072499e-03   2.1220494e-02   3.0284620e-02   3.5173366e-02   3.4329619e-02   3.1024073e-02   2.9016739e-02   2.8219289e-02
  -1.5300000e+01   1.4659495e-15   1.0352124e-06   1.1273630e-03   1.1899764e-02   2.2121291e-02   3.0324183e-02   3.5097486e-02   3.4358599e-02   3.1054780e-02   2.9030977e-02   2.8224705e-02
  -1.4850000e+01  -3.6089697e-15   1.9074644e-06   1.7801405e-03   1.4157009e-02   2.3076277e-02   3.0381830e-02   3.5023016e-02   3.4386522e-02   3.1084584e-02   2.9044803e-02   2.8229964e-02
  -1.4400000e+01  -5.5815150e-12  -1.2524946e-06   2.7406675e-03   1.6676236e-02   2.4075200e-02   3.0456534e-02   3.4950045e-02   3.4413406e-02   3.1113485e-02   2.9058214e-02   2.8235065e-02
  -1.3950000e+01  -7.3104822e-10  -3.7296169e-05   4.1587152e-03   1.9446031e-02   2.5107528e-02   3.0547204e-02   3.4878655e-02   3.4439270e-02   3.1141485e-02   2.9071213e-02   2.8240010e-02
  -1.3500000e+01  -1.8476853e-08  -2.3589502e-04   6.2674286e-03   2.2445094e-02   2.6162588e-02   3.0652696e-02   3.4808926e-02   3.4464130e-02   3.1168585e-02   2.9083798e-02   2.8244798e-02
  -1.3050000e+01  -1.4280453e-07  -8.4004847e-04   9.3849670e-03   2.5641417e-02   2.7229708e-02   3.0771816e-02   3.4740929e-02   3.4488006e-02   3.1194786e-02   2.9095970e-02   2.8249429e-02
  -1.2600000e+01  -2.9801252e-07  -2.6095579e-04   1.3835986e-02   2.8991951e-02   2.8298362e-02   3.0903327e-02   3.4674736e-02   3.4510912e-02   3.1220089e-02   2.9107729e-02   2.8253902e-02
  -1.2150000e+01   1.5950875e-05   7.0261313e-03   1.9787839e-02   3.2442882e-02   2.9358323e-02   3.1045960e-02   3.4610410e-02   3.4532866e-02   3.1244495e-02   2.9119075e-02   2.8258219e-02
  -1.1700000e+01   4.5725951e-04   1.8742000e-02   2.7126804e-02   3.5930560e-02   3.0399806e-02   3.1198416e-02   3.4548013e-02   3.4553882e-02   3.1268005e-02   2.9130008e-02   2.8262379e-02
  -1.1250000e+01   7.3663535e-03   3.0661394e-02   3.5508381e-02   3.9383101e-02   3.1413613e-02   3.1359373e-02   3.4487600e-02   3.4573978e-02   3.1290621e-02   2.9140528e-02   2.8266382e-02
  -1.0800000e+01   3.4113873e-02   4.2274216e-02   4.4519870e-02   4.2722643e-02   3.2391266e-02   3.1527498e-02   3.4429224e-02   3.4593166e-02   3.1312341e-02   2.9150635e-02   2.8270228e-02
  -1.0350000e+01   5.2546535e-02   5.3714631e-02   5.3794440e-02   4.5868172e-02   3.3325132e-02   3.1701448e-02   3.4372935e-02   3.4611461e-02   3.1333169e-02   2.9160329e-02   2.8273916e-02
  -9.9000000e+00   6.4702511e-02   6.5088182e-02   6.3023579e-02   4.8738787e-02   3.4208533e-02   3.1879881e-02   3.4318776e-02   3.4628877e-02   3.1353104e-02   2.9169610e-02   2.8277448e-02
  -9.4500000e+00   7.7251451e-02   7.6482768e-02   7.1908011e-02   5.1257246e-02   3.5035840e-02   3.2061461e-02   3.4266789e-02   3.4645427e-02   3.1372148e-02   2.9178478e-02   2.8280823e-02
  -9.0000000e+00   9.8980677e-02   8.8024729e-02   8.0084589e-02   5.3353586e-02   3.5802543e-02   3.2244861e-02   3.4217014e-02   3.4661122e-02   3.1390301e-02   2.9186934e-02   2.8284041e-02
  -8.5500000e+00   1.2181540e-01   9.9978971e-02   8.7050895e-02   5.4968605e-02   3.6505307e-02   3.2428776e-02   3.4169485e-02   3.4675976e-02   3.1407563e-02   2.9194977e-02   2.8287102e-02
  -8.1000000e+00   1.2487007e-01   1.1261227e-01   9.2139804e-02   5.6056989e-02   3.7141994e-02   3.2611925e-02   3.4124233e-02   3.4689999e-02   3.1423937e-02   2.9202607e-02   2.8290006e-02
  -7.6500000e+00   1.2499812e-01   1.2280667e-01   9.4645250e-02   5.6589877e-02   3.7711670e-02   3.2793055e-02   3.4081289e-02   3.4703203e-02   3.1439421e-02   2.9209825e-02   2.8292753e-02
  -7.2000000e+00   1.2499120e-01   1.2020729e-01   9.4128560e-02   5.6556693e-02   3.8214575e-02   3.2970953e-02   3.4040680e-02   3.4715597e-02   3.1454017e-02   2.9216630e-02   2.8295343e-02
  -6.7500000e+00   1.2470534e-01   1.0832594e-01   9.0684629e-02   5.5966126e-02   3.8652076e-02   3.3144443e-02   3.4002428e-02   3.4727191e-02   3.1467726e-02   2.9223022e-02   2.8297776e-02
  -6.3000000e+00   1.1960966e-01   9.5918438e-02   8.4880309e-02   5.4846183e-02   3.9026589e-02   3.3312399e-02   3.3966557e-02   3.4737994e-02   3.1480548e-02   2.9229002e-02   2.8300052e-02
  -5.8500000e+00   9.3967761e-02   8.4116918e-02   7.7436694e-02   5.3243328e-02   3.9341476e-02   3.3473742e-02   3.3933085e-02   3.4748015e-02   3.1492483e-02   2.9234570e-02   2.8302171e-02
  -5.4000000e+00   7.3876066e-02   7.2610156e-02   6.8971841e-02   5.1220762e-02   3.9600926e-02   3.3627452e-02   3.3902030e-02   3.4757262e-02   3.1503532e-02   2.9239725e-02   2.8304133e-02
  -4.9500000e+00   6.1451908e-02   6.1207551e-02   5.9936167e-02   4.8855963e-02   3.9809808e-02   3.3772566e-02   3.3873409e-02   3.4765741e-02   3.1513695e-02   2.9244467e-02   2.8305938e-02
  -4.5000000e+00   4.8825399e-02   4.9796039e-02   5.0663899e-02   4.6237646e-02   3.9973516e-02   3.3908185e-02   3.3847234e-02   3.4773461e-02   3.1522974e-02   2.9248797e-02   2.8307586e-02
  -4.0500000e+00   2.7170176e-02   3.8264723e-02   4.1450870e-02   4.3462325e-02   4.0097793e-02   3.4033477e-02   3.3823518e-02   3.4780426e-02   3.1531367e-02   2.9252714e-02   2.8309077e-02
  -3.6000000e+00   3.6232928e-03   2.6466804e-02   3.2622094e-02   4.0630665e-02   4.0188560e-02   3.4147680e-02   3.3802272e-02   3.4786644e-02   3.1538877e-02   2.9256220e-02   2.8310411e-02
  -3.1500000e+00   1.6306568e-04   1.4364326e-02   2.4566141e-02   3.7843803e-02   4.0251728e-02   3.4250104e-02   3.3783506e-02   3.4792118e-02   3.1545502e-02   2.9259312e-02   2.8311589e-02
  -2.7000000e+00   3.5577587e-06   3.5958311e-03   1.7692935e-02   3.5199810e-02   4.0293019e-02   3.4340134e-02   3.3767226e-02   3.4796853e-02   3.1551243e-02   2.9261993e-02   2.8312609e-02
  -2.2500000e+00  -2.8421294e-07  -8.4231895e-04   1.2294362e-02   3.2790417e-02   4.0317797e-02   3.4417233e-02   3.3753440e-02   3.4800853e-02   3.1556100e-02   2.9264260e-02   2.8313472e-02
  -1.8000000e+00  -5.7461888e-08  -5.6414880e-04   8.4041843e-03   3.0698115e-02   4.0330905e-02   3.4480944e-02   3.3742153e-02   3.4804121e-02   3.1560074e-02   2.9266116e-02   2.8314178e-02
  -1.3500000e+00  -5.9275242e-09  -1.3086599e-04   5.8097581e-03   2.8993685e-02   4.0336518e-02   3.4530890e-02   3.3733369e-02   3.4806661e-02   3.1563165e-02   2.9267559e-02   2.8314728e-02
  -9.0000000e-01  -1.9663451e-10  -1.6346843e-05   4.2067339e-03   2.7734196e-02   4.0338019e-02   3.4566777e-02   3.3727093e-02   3.4808473e-02   3.1565373e-02   2.9268590e-02   2.8315120e-02
  -4.5000000e-01  -1.3801137e-12   2.0123827e-06   3.3428103e-03   2.6961476e-02   4.0337902e-02   3.4588393e-02   3.3723327e-02   3.4809560e-02   3.1566697e-02   2.9269209e-02   2.8315356e-02
   0.0000000e+00   2.1196452e-14   3.5178805e-06   3.0703855e-03   2.6701045e-02   4.0337692e-02   3.4595613e-02   3.3722071e-02   3.4809922e-02   3.1567139e-02   2.9269415e-02   2.8315434e-02
   4.5000000e-01  -1.3801137e-12   2.0123827e-06   3.3428103e-03   2.6961476e-02   4.0337902e-02   3.4588393e-02   3.3723327e-02   3.4809560e-02   3.1566697e-02   2.9269209e-02   2.8315356e-02
   9.0000000e-01  -1.9663451e-10  -1.6346843e-05   4.2067339e-03   2.7734196e-02   4.0338019e-02   3.4566777e-02   3.3727093e-02   3.4808473e-02   3.1565373e-02   2.9268590e-02   2.8315120e-02
   1.3500000e+00  -5.9275242e-09  -1.3086599e-04   5.8097581e-03   2.8993685e-02   4.0336518e-02   3.4530890e-02   3.3733369e-02   3.4806661e-02   3.1563165e-02   2.9267559e-02   2.8314728e-02
   1.8000000e+00  -5.7461888e-08  -5.6414880e-04   8.4041843e-03   3.0698115e-02   4.0330905e-02   3.4480944e-02   3.3742153e-02   3.4804121e-02   3.1560074e-02   2.9266116e-02   2.8314178e-02
   2.2500000e+00  -2.8421294e-07  -8.4231895e-04   1.2294362e-02   3.2790417e-02   4.0317797e-02   3.4417233e-02   3.3753440e-02   3.4800853e-02   3.1556100e-02   2.9264260e-02   2.8313472e-02
   2.7000000e+00   3.5577587e-06   3.5958311e-03   1.7692935e-02   3.5199810e-02   4.0293019e-02   3.4340134e-02   3.3767226e-02   3.4796853e-02   3.1551243e-02   2.9261993e-02   2.8312609e-02
   3.1500000e+00   1.6306568e-04   1.4364326e-02   2.4566141e-02   3.7843803e-02   4.0251728e-02   3.4250104e-02   3.3783506e-02   3.4792118e-02   3.1545502e-02   2.9259312e-02   2.8311589e-02
   3.6000000e+00   3.6232928e-03   2.6466804e-02   3.2622094e-02   4.0630665e-02   4.0188560e-02   3.4147680e-02   3.3802272e-02   3.4786644e-02   3.1538877e-02   2.9256220e-02   2.8310411e-02
   4.0500000e+00   2.7170176e-02   3.8264723e-02   4.1450870e-02   4.3462325e-02   4.0097793e-02   3.4033477e-02   3.3823518e-02   3.4780426e-02   3.1531367e-02   2.9252714e-02   2.8309077e-02
   4.5000000e+00   4.8825399e-02   4.9796039e-02   5.0663899e-02   4.6237646e-02   3.9973516e-02   3.3908185e-02   3.3847234e-02   3.4773461e-02   3.1522974e-02   2.9248797e-02   2.8307586e-02
   4.9500000e+00   6.1451908e-02   6.1207551e-02   5.9936167e-02   4.8855963e-02   3.9809808e-02   3.3772566e-02   3.3873409e-02   3.4765741e-02   3.1513695e-02   2.9244467e-02   2.8305938e-02
   5.4000000e+00   7.3876066e-02   7.2610156e-02   6.8971841e-02   5.1220762e-02   3.9600926e-02   3.3627452e-02   3.3902030e-02   3.4757262e-02   3.1503532e-02   2.9239725e-02   2.8304133e-02
   5.8500000e+00   9.3967761e-02   8.4116918e-02   7.7436694e-02   5.3243328e-02   3.9341476e-02   3.3473742e-02   3.3933085e-02   3.4748015e-02   3.1492483e-02   2.9234570e-02   2.8302171e-02
   6.3000000e+00   1.1960966e-01   9.5918438e-02   8.4880309e-02   5.4846183e-02   3.9026589e-02   3.3312399e-02   3.3966557e-02   3.4737994e-02   3.1480548e-02   2.9229002e-02   2.8300052e-02
   6.7500000e+00   1.2470534e-01   1.0832594e-01   9.0684629e-02   5.5966126e-02   3.8652076e-02   3.3144443e-02   3.4002428e-02   3.4727191e-02   3.1467726e-02   2.9223022e-02   2.8297776e-02
   7.2000000e+00   1.2499120e-01   1.2020729e-01   9.4128560e-02   5.6556693e-02   3.8214575e-02   3.2970953e-02   3.4040680e-02   3.4715597e-02   3.1454017e-02   2.9216630e-02   2.8295343e-02
   7.6500000e+00   1.2499812e-01   1.2280667e-01   9.4645250e-02   5.6589877e-02   3.7711670e-02   3.2793055e-02   3.4081289e-02   3.4703203e-02   3.1439421e-02   2.9209825e-02   2.8292753e-02
   8.1000000e+00   1.2487007e-01   1.1261227e-01   9.2139804e-02   5.6056989e-02   3.7141994e-02   3.2611925e-02   3.4124233e-02   3.4689999e-02   3.1423937e-02   2.9202607e-02   2.8290006e-02
   8.5500000e+00   1.2181540e-01   9.9978971e-02   8.7050895e-02   5.4968605e-02   3.6505307e-02   3.2428776e-02   3.4169485e-02   3.4675976e-02   3.1407563e-02   2.9194977e-02   2.8287102e-02
   9.0000000e+00   9.8980677e-02   8.8024729e-02   8.0084589e-02   5.3353586e-02   3.5802543e-02   3.2244861e-02   3.4217014e-02   3.4661122e-02   3.1390301e-02   2.9186934e-02   2.8284041e-02
   9.4500000e+00   7.7251451e-02   7.6482768e-02   7.1908011e-02   5.1257246e-02   3.5035840e-02   3.2061461e-02   3.4266789e-02   3.4645427e-02   3.1372148e-02   2.9178478e-02   2.8280823e-02
   9.9000000e+00   6.4702511e-02   6.5088182e-02   6.3023579e-02   4.8738787e-02   3.4208533e-02   3.1879881e-02   3.4318776e-02   3.4628877e-02   3.1353104e-02   2.9169610e-02   2.8277448e-02
   1.0350000e+01   5.2546535e-02   5.3714631e-02   5.3794440e-02   4.5868172e-02   3.3325132e-02   3.1701448e-02   3.4372935e-02   3.4611461e-02   3.1333169e-02   2.9160329e-02   2.8273916e-02
   1.0800000e+01   3.4113873e-02   4.2274216e-02   4.4519870e-02   4.2722643e-02   3.2391266e-02   3.1527498e-02   3.4429224e-02   3.4593166e-02   3.1312341e-02   2.9150635e-02   2.8270228e-02
   1.1250000e+01   7.3663535e-03   3.0661394e-02   3.5508381e-02   3.9383101e-02   3.1413613e-02   3.1359373e-02   3.4487600e-02   3.4573978e-02   3.1290621e-02   2.9140528e-02   2.8266382e-02
   1.1700000e+01   4.5725951e-04   1.8742000e-02   2.7126804e-02   3.5930560e-02   3.0399806e-02   3.1198416e-02   3.4548013e-02   3.4553882e-02   3.1268005e-02   2.9130008e-02   2.8262379e-02
   1.2150000e+01   1.5950875e-05   7.0261313e-03   1.9787839e-02   3.2442882e-02   2.9358323e-02   3.1045960e-02   3.4610410e-02   3.4532866e-02   3.1244495e-02   2.9119075e-02   2.8258219e-02
   1.2600000e+01  -2.9801252e-07  -2.6095579e-04   1.3835986e-02   2.8991951e-02   2.8298362e-02   3.0903327e-02   3.4674736e-02   3.4510912e-02   3.1220089e-02   2.9107729e-02   2.8253902e-02
   1.3050000e+01  -1.4280453e-07  -8.4004847e-04   9.3849670e-03   2.5641417e-02   2.7229708e-02   3.0771816e-02   3.4740929e-02   3.4488006e-02   3.1194786e-02   2.9095970e-02   2.8249429e-02
   1.3500000e+01  -1.8476853e-08  -2.3589502e-04   6.2674286e-03   2.2445094e-02   2.6162588e-02   3.0652696e-02   3.4808926e-02   3.4464130e-02   3.1168585e-02   2.9083798e-02   2.8244798e-02
   1.3950000e+01  -7.3104822e-10  -3.7296169e-05   4.1587152e-03   1.9446031e-02   2.5107528e-02   3.0547204e-02   3.4878655e-02   3.4439270e-02   3.1141485e-02   2.9071213e-02   2.8240010e-02
   1.4400000e+01  -5.5815150e-12  -1.2524946e-06   2.7406675e-03   1.6676236e-02   2.4075200e-02   3.0456534e-02   3.4950045e-02   3.4413406e-02   3.1113485e-02   2.9058214e-02   2.8235065e-02
   1.4850000e+01  -3.6089697e-15   1.9074644e-06   1.7801405e-03   1.4157009e-02   2.3076277e-02   3.0381830e-02   3.5023016e-02   3.4386522e-02   3.1084584e-02   2.9044803e-02   2.8229964e-02
   1.5300000e+01   1.4659495e-15   1.0352124e-06   1.1273630e-03   1.1899764e-02   2.2121291e-02   3.0324183e-02   3.5097486e-02   3.4358599e-02   3.1054780e-02   2.9030977e-02   2.8224705e-02
   1.5750000e+01   7.4493261e-17   3.8836961e-07   6.8810543e-04   9.9072499e-03   2.1220494e-02   3.0284620e-02   3.5173366e-02   3.4329619e-02   3.1024073e-02   2.9016739e-02   2.8219289e-02
   1.6200000e+01   1.5015476e-18   1.2126947e-07   4.0015283e-04   8.1750366e-03   2.0383728e-02   3.0264103e-02   3.5250564e-02   3.4299562e-02   3.0992461e-02   2.9002087e-02   2.8213716e-02
   1.6650000e+01   7.5186781e-21   3.0976980e-08   2.1948044e-04   6.6931584e-03   1.9620306e-02   3.0263517e-02   3.5328982e-02   3.4268408e-02   3.0959943e-02   2.8987021e-02   2.8207986e-02
   1.7100000e+01   1.8900268e-23   4.9834190e-09   1.1300796e-04   5.4478001e-03   1.8938905e-02   3.0283670e-02   3.5408516e-02   3.4236137e-02   3.0926518e-02   2.8971542e-02   2.8202099e-02
   1.7550000e+01  -1.0468637e-26  -4.6680974e-11   5.5011304e-05   4.4229416e-03   1.8347465e-02   3.0325284e-02   3.5489059e-02   3.4202730e-02   3.0892185e-02   2.8955649e-02   2.8196055e-02
   1.8000000e+01  -6.0294225e-28  -1.0162229e-10   2.5905653e-05   3.6018880e-03   1.7853104e-02   3.0388993e-02   3.5570497e-02   3.4168163e-02   3.0856941e-02   2.8939343e-02   2.8189855e-02
   1.8450000e+01  -5.2369597e-30  -1.1790294e-11   1.2192853e-05   2.9686329e-03   1.7462046e-02   3.0475334e-02   3.5652712e-02   3.4132417e-02   3.0820786e-02   2.8922622e-02   2.8183497e-02
   1.8900000e+01  -1.1829514e-32  -8.3994580e-13   5.9180149e-06   2.5090198e-03   1.7179562e-02   3.0584748e-02   3.5735579e-02   3.4095468e-02   3.0783718e-02   2.8905488e-02   2.8176982e-02
   1.9350000e+01  -5.2146825e-36  -3.6330300e-14   3.1034725e-06   2.2116802e-03   1.7009919e-02   3.0717577e-02   3.5818971e-02   3.4057295e-02   3.0745736e-02   2.8887939e-02   2.8170310e-02
   1.9800000e+01  -9.1362197e-40   1.6784588e-15   2.0215717e-06   2.0687384e-03   1.6956344e-02   3.0874054e-02   3.5902752e-02   3.4017875e-02   3.0706839e-02   2.8869977e-02   2.8163480e-02
   2.0250000e+01  -1.3476211e-39   1.2163835e-15   2.0596755e-06   2.0762786e-03   1.7021007e-02   3.1054307e-02   3.5986784e-02   3.3977184e-02   3.0667024e-02   2.8851600e-02   2.8156494e-02
   2.0700000e+01  -6.8561403e-36  -4.8309429e-14   3.2419957e-06   2.2345743e-03   1.7205001e-02   3.1258358e-02   3.6070921e-02   3.3935199e-02   3.0626291e-02   2.8832809e-02   2.8149351e-02
   2.1150000e+01  -2.0498516e-32  -1.0372964e-12   6.2553035e-06   2.5480808e-03   1.7508348e-02   3.1486114e-02   3.6155014e-02   3.3891895e-02   3.0584637e-02   2.8813604e-02   2.8142051e-02
   2.1600000e+01  -5.2692434e-29  -1.4233746e-11   1.2992881e-05   3.0251883e-03   1.7930009e-02   3.1737376e-02   3.6238909e-02   3.3847248e-02   3.0542061e-02   2.8793985e-02   2.8134594e-02
   2.2050000e+01  -1.0079396e-25  -1.1717190e-10   2.7773786e-05   3.6777377e-03   1.8467905e-02   3.2011832e-02   3.6322446e-02   3.3801233e-02   3.0498562e-02   2.8773951e-02   2.8126979e-02
   2.2500000e+01   5.1688802e-28   7.8469416e-11   5.9105930e-05   4.5202977e-03   1.9118952e-02   3.2309060e-02   3.6405460e-02   3.3753825e-02   3.0454138e-02   2.8753502e-02   2.8119208e-02
   2.2950000e+01   6.0384637e-21   6.3317620e-09   1.2115232e-04   5.5692112e-03   1.9879100e-02   3.2628530e-02   3.6487783e-02   3.3704999e-02   3.0408786e-02   2.8732639e-02   2.8111279e-02
   2.3400000e+01   1.8916042e-19   3.5525240e-08   2.3412611e-04   6.8414224e-03   2.0743391e-02   3.2969601e-02   3.6569240e-02   3.3654728e-02   3.0362506e-02   2.8711361e-02   2.8103194e-02
   2.3850000e+01   4.4187004e-18   1.3384596e-07   4.2436497e-04   8.3531128e-03   2.1706018e-02   3.3331532e-02   3.6649655e-02   3.3602986e-02   3.0315295e-02   2.8689668e-02   2.8094951e-02
   2.4300000e+01   9.0700558e-17   4.1965298e-07   7.2575971e-04   1.0118185e-02   2.2760396e-02   3.3713476e-02   3.6728844e-02   3.3549747e-02   3.0267152e-02   2.8667560e-02   2.8086552e-02
   2.4750000e+01   1.5393753e-15   1.0908749e-06   1.1836480e-03   1.2146655e-02   2.3899243e-02   3.4114488e-02   3.6806621e-02   3.3494983e-02   3.0218075e-02   2.8645037e-02   2.8077995e-02
   2.5200000e+01  -1.7159125e-14   1.8504005e-06   1.8625738e-03   1.4443026e-02   2.5114667e-02   3.4533527e-02   3.6882797e-02   3.3438667e-02   3.0168062e-02   2.8622099e-02   2.8069281e-02
   2.5650000e+01  -9.1416566e-12  -2.6462259e-06   2.8610863e-03   1.7004744e-02   2.6398258e-02   3.4969462e-02   3.6957177e-02   3.3380772e-02   3.0117111e-02   2.8598746e-02   2.8060410e-02
   2.6100000e+01  -1.3464913e-09  -4.7356459e-05   4.3365416e-03   1.9820837e-02   2.7741189e-02   3.5421076e-02   3.7029564e-02   3.3321269e-02   3.0065220e-02   2.8574978e-02   2.8051382e-02
   2.6550000e+01  -3.8191165e-08  -2.8643011e-04   6.5328175e-03   2.2870862e-02   2.9134321e-02   3.5887069e-02   3.7099757e-02   3.3260132e-02   3.0012388e-02   2.8550793e-02   2.8042197e-02
   2.7000000e+01  -2.8116285e-07  -9.6861457e-04   9.7766783e-03   2.6124270e-02   3.0568307e-02   3.6366068e-02   3.7167553e-02   3.3197331e-02   2.9958611e-02   2.8526194e-02   2.8032854e-02
   2.7450000e+01  -3.0028201e-07   9.2451460e-05   1.4387800e-02   2.9540316e-02   3.2033703e-02   3.6856630e-02   3.7232746e-02   3.3132837e-02   2.9903889e-02   2.8501178e-02   2.8023355e-02
   2.7900000e+01   3.6546179e-05   8.5349645e-03   2.0508525e-02   3.3068572e-02   3.3521075e-02   3.7357245e-02   3.7295127e-02   3.3066622e-02   2.9848219e-02   2.8475747e-02   2.8013698e-02
   2.8350000e+01   9.3115245e-04   2.0451193e-02   2.7992748e-02   3.6650120e-02   3.5021107e-02   3.7866352e-02   3.7354486e-02   3.2998657e-02   2.9791598e-02   2.8449900e-02   2.8003885e-02
   2.8800000e+01   1.1956004e-02   3.2215355e-02   3.6476657e-02   4.0219412e-02   3.6524706e-02   3.8382334e-02   3.7410609e-02   3.2928912e-02   2.9734026e-02   2.8423637e-02   2.7993914e-02
   2.9250000e+01   3.8545899e-02   4.3702749e-02   4.5546021e-02   4.3706769e-02   3.8023095e-02   3.8903534e-02   3.7463282e-02   3.2857357e-02   2.9675500e-02   2.8396958e-02   2.7983786e-02
   2.9700000e+01   5.4325434e-02   5.5072476e-02   5.4840410e-02   4.7041393e-02   3.9507908e-02   3.9428257e-02   3.7512290e-02   3.2783964e-02   2.9616017e-02   2.8369862e-02   2.7973501e-02
   3.0150000e+01   6.6108859e-02   6.6404419e-02   6.4055945e-02   5.0154764e-02   4.0971270e-02   3.9954778e-02   3.7557415e-02   3.2708702e-02   2.9555575e-02   2.8342350e-02   2.7963059e-02
   3.0600000e+01   7.8446667e-02   7.7763118e-02   7.2891539e-02   5.2984201e-02   4.2405872e-02   4.0481349e-02   3.7598441e-02   3.2631541e-02   2.9494173e-02   2.8314422e-02   2.7952459e-02
   3.1050000e+01   9.9627802e-02   8.9264400e-02   8.0973909e-02   5.5476373e-02   4.3805028e-02   4.1006207e-02   3.7635150e-02   3.2552451e-02   2.9431807e-02   2.8286077e-02   2.7941703e-02
   3.1500000e+01   1.2207132e-01   1.0119987e-01   8.7783673e-02   5.7590494e-02   4.5162724e-02   4.1527582e-02   3.7667323e-02   3.2471402e-02   2.9368476e-02   2.8257315e-02   2.7930789e-02
   3.1950000e+01   1.2489358e-01   1.1386193e-01   9.2641162e-02   5.9300958e-02   4.6473655e-02   4.2043698e-02   3.7694744e-02   3.2388362e-02   2.9304178e-02   2.8228136e-02   2.7919718e-02
   3.2400000e+01   1.2499910e-01   1.2333762e-01   9.4855952e-02   6.0599187e-02   4.7733243e-02   4.2552787e-02   3.7717194e-02   3.2303302e-02   2.9238909e-02   2.8198541e-02   2.7908490e-02
   3.2850000e+01   1.2498430e-01   1.1895834e-01   9.4049049e-02   6.1494504e-02   4.8937649e-02   4.3053092e-02   3.7734459e-02   3.2216191e-02   2.9172668e-02   2.8168528e-02   2.7897105e-02
   3.3300000e+01   1.2454278e-01   1.0668184e-01   9.0397395e-02   6.2013903e-02   5.0083764e-02   4.3542874e-02   3.7746322e-02   3.2126997e-02   2.9105451e-02   2.8138098e-02   2.7885562e-02
   3.3750000e+01   1.1763365e-01   9.4423305e-02   8.4531475e-02   6.2200685e-02   5.1169193e-02   4.4020418e-02   3.7752572e-02   3.2035691e-02   2.9037258e-02   2.8107250e-02   2.7873862e-02
   3.4200000e+01   9.0886127e-02   8.2734338e-02   7.7206550e-02   6.2111996e-02   5.2192225e-02   4.4484039e-02   3.7752995e-02   3.1942241e-02   2.8968085e-02   2.8075985e-02   2.7862006e-02
   3.4650000e+01   7.2453465e-02   7.1283725e-02   6.9066842e-02   6.1815412e-02   5.3151789e-02   4.4932088e-02   3.7747384e-02   3.1846616e-02   2.8897929e-02   2.8044302e-02   2.7849992e-02
   3.5100000e+01   6.0297489e-02   5.9910425e-02   6.0606323e-02   6.1384762e-02   5.4047409e-02   4.5362959e-02   3.7735531e-02   3.1748785e-02   2.8826789e-02   2.8012201e-02   2.7837820e-02
   3.5550000e+01   4.7748549e-02   4.8516647e-02   5.2240256e-02   6.0895502e-02   5.4879145e-02   4.5775091e-02   3.7717233e-02   3.1648718e-02   2.8754661e-02   2.7979683e-02   2.7825492e-02
   3.6000000e+01   2.6019323e-02   3.6975075e-02   4.4405678e-02   6.0419923e-02   5.5647527e-02   4.6166974e-02   3.7692290e-02   3.1546383e-02   2.8681544e-02   2.7946746e-02   2.7813006e-02
   3.6450000e+01   3.1846028e-03   2.5020975e-02   3.7654474e-02   6.0022568e-02   5.6353489e-02   4.6537158e-02   3.7660503e-02   3.1441749e-02   2.8607434e-02   2.7913391e-02   2.7800363e-02
   3.6900000e+01   1.2993078e-04   1.2387717e-02   3.2687601e-02   5.9756169e-02   5.6998299e-02   4.6884249e-02   3.7621680e-02   3.1334786e-02   2.8532329e-02   2.7879618e-02   2.7787563e-02
   3.7350000e+01   1.8841267e-06   2.1933339e-03   3.0232707e-02   5.9658429e-02   5.7583486e-02   4.7206920e-02   3.7575632e-02   3.1225463e-02   2.8456226e-02   2.7845426e-02   2.7774605e-02
   3.7800000e+01   8.7956715e-06   4.7927032e-03   3.0738292e-02   5.9749877e-02   5.8110768e-02   4.7503912e-02   3.7522175e-02   3.1113748e-02   2.8379123e-02   2.7810815e-02   2.7761491e-02
   3.8250000e+01   2.9466291e-04   1.6674034e-02   3.4107180e-02   6.0032975e-02   5.8581984e-02   4.7774037e-02   3.7461128e-02   3.0999611e-02   2.8301017e-02   2.7775785e-02   2.7748219e-02
   3.8700000e+01   5.3903418e-03   2.9081466e-02   3.9758292e-02   6.0492562e-02   5.8999030e-02   4.8016182e-02   3.7392316e-02   3.0883022e-02   2.8221904e-02   2.7740337e-02   2.7734789e-02
   3.9150000e+01   3.1032239e-02   4.0882762e-02   4.6944692e-02   6.1097577e-02   5.9363793e-02   4.8229310e-02   3.7315571e-02   3.0763950e-02   2.8141784e-02   2.7704469e-02   2.7721203e-02
   3.9600000e+01   5.1123934e-02   5.2388952e-02   5.5009648e-02   6.1803967e-02   5.9678093e-02   4.8412464e-02   3.7230728e-02   3.0642364e-02   2.8060651e-02   2.7668182e-02   2.7707459e-02
   4.0050000e+01   6.3548092e-02   6.3790588e-02   6.3446449e-02   6.2558529e-02   5.9943637e-02   4.8564771e-02   3.7137630e-02   3.0518234e-02   2.7978505e-02   2.7631475e-02   2.7693558e-02
   4.0500000e+01   7.6174601e-02   7.5203314e-02   7.1835803e-02   6.3303412e-02   6.0161968e-02   4.8685438e-02   3.7036124e-02   3.0391531e-02   2.7895342e-02   2.7594349e-02   2.7679499e-02
   4.0950000e+01   9.7829824e-02   8.6757475e-02   7.9747422e-02   6.3980917e-02   6.0334429e-02   4.8773758e-02   3.6926065e-02   3.0262224e-02   2.7811158e-02   2.7556803e-02   2.7665284e-02
   4.1400000e+01   1.2137672e-01   9.8693238e-02   8.6645203e-02   6.4538240e-02   6.0462127e-02   4.8829110e-02   3.6807314e-02   3.0130283e-02   2.7725953e-02   2.7518837e-02   2.7650910e-02
   4.1850000e+01   1.2483701e-01   1.1127968e-01   9.1842905e-02   6.4931780e-02   6.0545908e-02   4.8850961e-02   3.6679741e-02   2.9995679e-02   2.7639721e-02   2.7480450e-02   2.7636380e-02
   4.2300000e+01   1.2499673e-01   1.2211186e-01   9.4604876e-02   6.5130681e-02   6.0586340e-02   4.8838863e-02   3.6543218e-02   2.9858382e-02   2.7552461e-02   2.7441644e-02   2.7621692e-02
   4.2750000e+01   1.2499466e-01   1.2125011e-01   9.4436342e-02   6.5119338e-02   6.0583694e-02   4.8792459e-02   3.6397631e-02   2.9718364e-02   2.7464170e-02   2.7402417e-02   2.7606847e-02
   4.3200000e+01   1.2478748e-01   1.0985450e-01   9.1369708e-02   6.4898658e-02   6.0537942e-02   4.8711478e-02   3.6242867e-02   2.9575596e-02   2.7374844e-02   2.7362769e-02   2.7591845e-02
   4.3650000e+01   1.2069962e-01   9.7340667e-02   8.5943950e-02   6.4485983e-02   6.0448755e-02   4.8595736e-02   3.6078826e-02   2.9430048e-02   2.7284481e-02   2.7322700e-02   2.7576685e-02
   4.4100000e+01   9.6197295e-02   8.5456634e-02   7.8901141e-02   6.3913687e-02   6.0315509e-02   4.8445138e-02   3.5905413e-02   2.9281693e-02   2.7193077e-02   2.7282211e-02   2.7561368e-02
   4.4550000e+01   7.5082174e-02   7.3915124e-02   7.0912795e-02   6.3226543e-02   6.0137300e-02   4.8259676e-02   3.5722541e-02   2.9130503e-02   2.7100631e-02   2.7241300e-02   2.7545893e-02
   4.5000000e+01   6.2500000e-02   6.2500000e-02   6.2500000e-02   6.2478084e-02   5.9912959e-02   4.8039425e-02   3.5530134e-02   2.8976450e-02   2.7007137e-02   2.7199968e-02   2.7530262e-02
   4.5450000e+01   4.9917826e-02   5.1084876e-02   5.4087205e-02   6.1726228e-02   5.9641080e-02   4.7784548e-02   3.5328120e-02   2.8819506e-02   2.6912594e-02   2.7158214e-02   2.7514472e-02
   4.5900000e+01   2.8802705e-02   3.9543366e-02   4.6098858e-02   6.1028512e-02   5.9320053e-02   4.7495291e-02   3.5116440e-02   2.8659644e-02   2.6816999e-02   2.7116038e-02   2.7498526e-02
   4.6350000e+01   4.3003836e-03   2.7659333e-02   3.9056050e-02   6.0437313e-02   5.8948099e-02   4.7171978e-02   3.4895041e-02   2.8496838e-02   2.6720348e-02   2.7073441e-02   2.7482421e-02
   4.6800000e+01   2.1252138e-04   1.5145502e-02   3.3630291e-02   5.9995406e-02   5.8523318e-02   4.6815019e-02   3.4663879e-02   2.8331061e-02   2.6622638e-02   2.7030421e-02   2.7466160e-02
   4.7250000e+01   5.3409411e-06   3.7498915e-03   3.0563655e-02   5.9732206e-02   5.8043734e-02   4.6424899e-02   3.4422919e-02   2.8162288e-02   2.6523866e-02   2.6986980e-02   2.7449741e-02
   4.7700000e+01   3.2671010e-06   2.8881449e-03   3.0395114e-02   5.9660998e-02   5.7507355e-02   4.6002177e-02   3.4172137e-02   2.7990493e-02   2.6424029e-02   2.6943115e-02   2.7433165e-02
   4.8150000e+01   1.6299324e-04   1.3720321e-02   3.3157068e-02   5.9777341e-02   5.6912227e-02   4.5547491e-02   3.3911514e-02   2.7815650e-02   2.6323124e-02   2.6898828e-02   2.7416431e-02
   4.8600000e+01   3.6232846e-03   2.6306762e-02   3.8354726e-02   6.0058780e-02   5.6256502e-02   4.5061546e-02   3.3641045e-02   2.7637735e-02   2.6221147e-02   2.6854118e-02   2.7399540e-02
   4.9050000e+01   2.7170176e-02   3.8242525e-02   4.5252405e-02   6.0465880e-02   5.5538500e-02   4.4545117e-02   3.3360729e-02   2.7456723e-02   2.6118096e-02   2.6808986e-02   2.7382491e-02
   4.9500000e+01   4.8825399e-02   4.9796686e-02   5.3163801e-02   6.0944495e-02   5.4756774e-02   4.3999045e-02   3.3070579e-02   2.7272591e-02   2.6013966e-02   2.6763429e-02   2.7365285e-02
   4.9950000e+01   6.1451908e-02   6.1209412e-02   6.1552688e-02   6.1429095e-02   5.3910180e-02   4.3424234e-02   3.2770613e-02   2.7085316e-02   2.5908756e-02   2.6717450e-02   2.7347921e-02
   5.0400000e+01   7.3876066e-02   7.2611048e-02   6.9988536e-02   6.1846889e-02   5.2997939e-02   4.2821646e-02   3.2460862e-02   2.6894873e-02   2.5802461e-02   2.6671046e-02   2.7330400e-02
   5.0850000e+01   9.3967761e-02   8.4117238e-02   7.8051542e-02   6.2122450e-02   5.2019700e-02   4.2192301e-02   3.2141363e-02   2.6701242e-02   2.5695078e-02   2.6624219e-02   2.7312721e-02
   5.1300000e+01   1.1960966e-01   9.5918534e-02   8.5233850e-02   6.2182492e-02   5.0975591e-02   4.1537272e-02   3.1812165e-02   2.6504400e-02   2.5586605e-02   2.6576968e-02   2.7294885e-02
   5.1750000e+01   1.2470534e-01   1.0832597e-01   9.0876151e-02   6.1960462e-02   4.9866274e-02   4.0857679e-02   3.1473324e-02   2.6304326e-02   2.5477037e-02   2.6529292e-02   2.7276891e-02
   5.2200000e+01   1.2499120e-01   1.2020730e-01   9.4226048e-02   6.1400631e-02   4.8692980e-02   4.0154691e-02   3.1124907e-02   2.6100998e-02   2.5366371e-02   2.6481192e-02   2.7258740e-02
   5.2650000e+01   1.2499812e-01   1.2280667e-01   9.4692350e-02   6.0461418e-02   4.7457545e-02   3.9429517e-02   3.0766988e-02   2.5894397e-02   2.5254604e-02   2.6432667e-02   2.7240431e-02
   5.3100000e+01   1.2487007e-01   1.1261227e-01   9.2161943e-02   5.9117734e-02   4.6162424e-02   3.8683404e-02   3.0399652e-02   2.5684502e-02   2.5141733e-02   2.6383718e-02   2.7221965e-02
   5.3550000e+01   1.2181540e-01   9.9978971e-02   8.7061315e-02   5.7362220e-02   4.4810704e-02   3.7917635e-02   3.0022993e-02   2.5471296e-02   2.5027755e-02   2.6334343e-02   2.7203341e-02
   5.4000000e+01   9.8980677e-02   8.8024729e-02   8.0089575e-02   5.5205357e-02   4.3406094e-02   3.7133522e-02   2.9637111e-02   2.5254758e-02   2.4912665e-02   2.6284543e-02   2.7184559e-02
   5.4450000e+01   7.7251451e-02   7.6482768e-02   7.1910423e-02   5.2674487e-02   4.1952908e-02   3.6332403e-02   2.9242119e-02   2.5034871e-02   2.4796460e-02   2.6234318e-02   2.7165620e-02
   5.4900000e+01   6.4702511e-02   6.5088182e-02   6.3024736e-02   4.9811871e-02   4.0456036e-02   3.5515639e-02   2.8838137e-02   2.4811617e-02   2.4679138e-02   2.6183666e-02   2.7146524e-02
   5.5350000e+01   5.2546535e-02   5.3714631e-02   5.3794980e-02   4.6671987e-02   3.8920894e-02   3.4684611e-02   2.8425291e-02   2.4584981e-02   2.4560695e-02   2.6132589e-02   2.7127270e-02
   5.5800000e+01   3.4113873e-02   4.2274216e-02   4.4520110e-02   4.3318284e-02   3.7353376e-02   3.3840711e-02   2.8003719e-02   2.4354945e-02   2.4441126e-02   2.6081085e-02   2.7107858e-02
   5.6250000e+01   7.3663535e-03   3.0661394e-02   3.5508482e-02   3.9819661e-02   3.5759777e-02   3.2985344e-02   2.7573566e-02   2.4121494e-02   2.4320430e-02   2.6029155e-02   2.7088288e-02
   5.6700000e+01   4.5725951e-04   1.8742000e-02   2.7126843e-02   3.6246895e-02   3.4146726e-02   3.2119919e-02   2.7134985e-02   2.3884613e-02   2.4198602e-02   2.5976799e-02   2.7068561e-02
   5.7150000e+01   1.5950875e-05   7.0261313e-03   1.9787853e-02   3.2669272e-02   3.2521098e-02   3.1245851e-02   2.6688138e-02   2.3644289e-02   2.4075638e-02   2.5924015e-02   2.7048677e-02
   5.7600000e+01  -2.9801252e-07  -2.6095579e-04   1.3835991e-02   2.9151599e-02   3.0889923e-02   3.0364549e-02   2.6233192e-02   2.3400506e-02   2.3951536e-02   2.5870805e-02   2.7028634e-02
   5.8050000e+01  -1.4280453e-07  -8.4004847e-04   9.3849685e-03   2.5751760e-02   2.9260297e-02   2.9477422e-02   2.5770325e-02   2.3153254e-02   2.3826292e-02   2.5817167e-02   2.7008434e-02
   5.8500000e+01  -1.8476853e-08  -2.3589502e-04   6.2674291e-03   2.2518895e-02   2.7639283e-02   2.8585865e-02   2.5299720e-02   2.2902519e-02   2.3699903e-02   2.5763102e-02   2.6988076e-02
   5.8950000e+01  -7.3104822e-10  -3.7296169e-05   4.1587154e-03   1.9492258e-02   2.6033822e-02   2.7691263e-02   2.4821570e-02   2.2648290e-02   2.3572364e-02   2.5708608e-02   2.6967561e-02
   5.9400000e+01  -5.5815150e-12  -1.2524946e-06   2.7406675e-03   1.6700733e-02   2.4450639e-02   2.6794985e-02   2.4336070e-02   2.2390556e-02   2.3443673e-02   2.5653687e-02   2.6946888e-02
   5.9850000e+01  -3.6089697e-15   1.9074644e-06   1.7801405e-03   1.4162952e-02   2.2896161e-02   2.5898380e-02   2.3843428e-02   2.2129307e-02   2.3313825e-02   2.5598338e-02   2.6926057e-02
   6.0300000e+01   1.4659495e-15   1.0352124e-06   1.1273629e-03   1.1887918e-02   2.1376435e-02   2.5002775e-02   2.3343854e-02   2.1864534e-02   2.3182818e-02   2.5542560e-02   2.6905069e-02
   6.0750000e+01   7.4493261e-17   3.8836961e-07   6.8810535e-04   9.8760311e-03   1.9897061e-02   2.4109469e-02   2.2837566e-02   2.1596229e-02   2.3050648e-02   2.5486353e-02   2.6883922e-02
   6.1200000e+01   1.5015476e-18   1.2126947e-07   4.0015260e-04   8.1203731e-03   1.8463127e-02   2.3219734e-02   2.2324788e-02   2.1324383e-02   2.2917311e-02   2.5429718e-02   2.6862618e-02
   6.1650000e+01   7.5186781e-21   3.0976980e-08   2.1947974e-04   6.6081498e-03   1.7079168e-02   2.2334809e-02   2.1805750e-02   2.1048990e-02   2.2782803e-02   2.5372653e-02   2.6841156e-02
   6.2100000e+01   1.8900268e-23   4.9834190e-09   1.1300582e-04   5.3221680e-03   1.5749119e-02   2.1455901e-02   2.1280686e-02   2.0770042e-02   2.2647122e-02   2.5315159e-02   2.6819537e-02
   6.2550000e+01  -1.0468637e-26  -4.6680974e-11   5.5004732e-05   4.2422597e-03   1.4476294e-02   2.0584175e-02   2.0749838e-02   2.0487536e-02   2.2510264e-02   2.5257235e-02   2.6797760e-02
   6.3000000e+01  -6.0294225e-28  -1.0162229e-10   2.5886447e-05   3.3465836e-03   1.3263373e-02   1.9720762e-02   2.0213451e-02   2.0201464e-02   2.2372224e-02   2.5198881e-02   2.6775825e-02
   6.3450000e+01  -5.2369597e-30  -1.1790295e-11   1.2140770e-05   2.6127513e-03   1.2112396e-02   1.8866748e-02   1.9671775e-02   1.9911825e-02   2.2233000e-02   2.5140097e-02   2.6753732e-02
   6.3900000e+01  -1.1829514e-32  -8.3995856e-13   5.7874923e-06   2.0187518e-03   1.1024776e-02   1.8023175e-02   1.9125065e-02   1.9618614e-02   2.2092588e-02   2.5080882e-02   2.6731481e-02
   6.4350000e+01  -5.2146825e-36  -3.6428444e-14   2.7986447e-06   1.5436650e-03   1.0001312e-02   1.7191041e-02   1.8573580e-02   1.9321829e-02   2.1950984e-02   2.5021237e-02   2.6709072e-02
   6.4800000e+01  -9.1618593e-40   1.1145145e-15   1.3489920e-06   1.1681688e-03   9.0422248e-03   1.6371297e-02   1.8017582e-02   1.9021469e-02   2.1808185e-02   2.4961161e-02   2.6686506e-02
   6.5250000e+01   2.5064608e-42   5.4362212e-16   6.3463475e-07   8.7485942e-04   8.1471867e-03   1.5564842e-02   1.7457338e-02   1.8717532e-02   2.1664187e-02   2.4900654e-02   2.6663782e-02
   6.5700000e+01   9.9415193e-45   9.0964825e-17   2.8600871e-07   6.4840968e-04   7.3153677e-03   1.4772528e-02   1.6893118e-02   1.8410019e-02   2.1518987e-02   2.4839715e-02   2.6640900e-02
   6.6150000e+01   3.1101936e-47   1.1681926e-17   1.2152024e-07   4.7559655e-04   6.5454823e-03   1.3995155e-02   1.6325194e-02   1.8098930e-02   2.1372581e-02   2.4778344e-02   2.6617860e-02
   6.6600000e+01   8.5186181e-50   1.2176174e-18   4.8028508e-08   3.4522839e-04   5.8358418e-03   1.3233468e-02   1.5753841e-02   1.7784267e-02   2.1224965e-02   2.4716542e-02   2.6594662e-02
   6.7050000e+01   1.7390966e-52   8.3940025e-20   1.7522661e-08   2.4800178e-04   5.1844080e-03   1.2488163e-02   1.5179337e-02   1.7466033e-02   2.1076136e-02   2.4654307e-02   2.6571306e-02
   6.7500000e+01   6.3464704e-61   2.7513062e-22   5.9388831e-09   1.7631390e-04   4.5888487e-03   1.1759877e-02   1.4601961e-02   1.7144230e-02   2.0926090e-02   2.4591640e-02   2.6547793e-02
   6.7950000e+01  -1.1869370e-59  -2.4497091e-22   1.9252392e-09   1.2405252e-04   4.0465925e-03   1.1049198e-02   1.4021996e-02   1.6818862e-02   2.0774824e-02   2.4528540e-02   2.6524121e-02
   6.8400000e+01  -3.9675270e-64  -1.1514671e-23   6.2602665e-10   8.6380586e-05   3.5548823e-03   1.0356656e-02   1.3439724e-02   1.6489935e-02   2.0622334e-02   2.4465007e-02   2.6500291e-02
   6.8850000e+01  -9.8719241e-69  -3.3225620e-25   2.1210097e-10   5.9528143e-05   3.1108265e-03   9.6827269e-03   1.2855429e-02   1.6157454e-02   2.0468616e-02   2.4401041e-02   2.6476304e-02
   6.9300000e+01  -2.1195581e-73  -6.5893500e-27   7.4932563e-11   4.0600150e-05   2.7114475e-03   9.0278332e-03   1.2269397e-02   1.5821425e-02   2.0313668e-02   2.4336642e-02   2.6452159e-02
   6.9750000e+01  -2.8676848e-78  -1.6307585e-29   2.6800379e-11   2.7405297e-05   2.3537251e-03   8.3923422e-03   1.1681912e-02   1.5481857e-02   2.0157484e-02   2.4271808e-02   2.6427855e-02
   7.0200000e+01   2.7655336e-82   7.5598302e-30   9.3769305e-12   1.8308135e-05   2.0346374e-03   7.7765675e-03   1.1093260e-02   1.5138756e-02   2.0000063e-02   2.4206540e-02   2.6403394e-02
   7.0650000e+01   7.3901407e-86   5.5479991e-31   3.1257971e-12   1.2104758e-05   1.7511957e-03   7.1807698e-03   1.0503728e-02   1.4792133e-02   1.9841399e-02   2.4140838e-02   2.6378774e-02
   7.1100000e+01   1.1210496e-89   2.8568196e-32   9.7368150e-13   7.9207933e-06   1.5004754e-03   6.6051569e-03   9.9135999e-03   1.4441997e-02   1.9681491e-02   2.4074702e-02   2.6353997e-02
   7.1550000e+01   3.3860337e-94   1.1707503e-33   2.7908023e-13   5.1295391e-06   1.2796418e-03   6.0498854e-03   9.3231615e-03   1.4088359e-02   1.9520333e-02   2.4008130e-02   2.6329062e-02
   7.2000000e+01   2.6695964e-99   3.2373939e-35   7.2866458e-14   3.2876064e-06   1.0859717e-03   5.5150614e-03   8.7326962e-03   1.3731229e-02   1.9357923e-02   2.3941124e-02   2.6303968e-02
   7.2450000e+01  3.3545696e-105   1.3730471e-37   1.7395996e-14   2.0852852e-06   9.1686984e-04   5.0007418e-03   8.1424866e-03   1.3370622e-02   1.9194256e-02   2.3873681e-02   2.6278716e-02
   7.2900000e+01 -3.8559434e-109  -1.2839475e-38   3.9160999e-15   1.3089545e-06   7.6988224e-04   4.5069356e-03   7.5528140e-03   1.3006549e-02   1.9029330e-02   2.3805804e-02   2.6253307e-02
   7.3350000e+01 -1.0520830e-113  -2.6183338e-40   8.8334089e-16   8.1309626e-07   6.4270471e-04   4.0336053e-03   6.9639577e-03   1.2639025e-02   1.8863141e-02   2.3737490e-02   2.6227739e-02
   7.3800000e+01 -1.4358445e-118  -3.0898329e-42   2.1184960e-16   4.9980026e-07   5.3318849e-04   3.5806691e-03   6.3761951e-03   1.2268065e-02   1.8695686e-02   2.3668739e-02   2.6202013e-02
   7.4250000e+01 -4.8029504e-124  -2.5805675e-44   5.4485470e-17   3.0398944e-07   4.3934272e-04   3.1480017e-03   5.7898013e-03   1.1893684e-02   1.8526960e-02   2.3599553e-02   2.6176129e-02
   7.4700000e+01 -5.3867572e-130  -8.1083608e-47   1.4418525e-17   1.8293092e-07   3.5933428e-04   2.7354368e-03   5.2050489e-03   1.1515899e-02   1.8356960e-02   2.3529929e-02   2.6150087e-02
   7.5150000e+01  1.6652434e-135   2.7762199e-48   3.7394351e-18   1.0889964e-07   2.9148540e-04   2.3427688e-03   4.6222075e-03   1.1134727e-02   1.8185683e-02   2.3459868e-02   2.6123887e-02
   7.5600000e+01  3.0534043e-140   8.9706005e-50   9.1876449e-19   6.4121080e-08   2.3426943e-04   1.9697549e-03   4.0415439e-03   1.0750186e-02   1.8013126e-02   2.3389370e-02   2.6097529e-02
   7.6050000e+01  2.5956708e-145   1.8343237e-51   2.0920910e-19   3.7334359e-08   1.8630512e-04   1.6161171e-03   3.4633215e-03   1.0362296e-02   1.7839284e-02   2.3318434e-02   2.6071012e-02
   7.6500000e+01  4.4622295e-151   2.9329000e-53   4.3421495e-20   2.1488923e-08   1.4634973e-04   1.2815441e-03   2.8878002e-03   9.9710754e-03   1.7664154e-02   2.3247059e-02   2.6044338e-02
   7.6950000e+01  2.3654069e-157   3.2364512e-55   8.1147957e-21   1.2221901e-08   1.1329129e-04   9.6569383e-04   2.3152362e-03   9.5765457e-03   1.7487733e-02   2.3175247e-02   2.6017505e-02
   7.7400000e+01  3.6331258e-164   8.7301092e-58   1.3657340e-21   6.8650334e-09   8.6140285e-05   6.6819566e-04   1.7458818e-03   9.1787280e-03   1.7310018e-02   2.3102996e-02   2.5990514e-02
   7.7850000e+01 -1.1753008e-169  -1.7514604e-59   2.1311404e-22   3.8054841e-09   6.4020943e-05   3.8865239e-04   1.1799851e-03   8.7776446e-03   1.7131005e-02   2.3030306e-02   2.5963365e-02
   7.8300000e+01 -2.3178548e-175  -1.5690525e-61   3.3108542e-23   2.0797887e-09   4.6162400e-05   1.2664268e-04   6.1778974e-04   8.3733184e-03   1.6950690e-02   2.2957177e-02   2.5936057e-02
   7.8750000e+01 -2.5343967e-181  -7.5234383e-64   5.5765831e-24   1.1191927e-09   3.1889856e-05  -1.1827671e-04   5.9534944e-05   7.9657733e-03   1.6769070e-02   2.2883608e-02   2.5908591e-02
   7.9200000e+01 -7.7937344e-188  -2.5713536e-66   1.0420829e-24   5.9196662e-10   2.0615888e-05  -3.4656864e-04  -4.9454482e-04   7.5550338e-03   1.6586141e-02   2.2809599e-02   2.5880967e-02
   7.9650000e+01 -6.5786694e-195  -4.4167266e-69   2.0446491e-25   3.0699217e-10   1.1832033e-05  -5.5871339e-04  -1.0442200e-03   7.1411252e-03   1.6401901e-02   2.2735151e-02   2.5853185e-02
   8.0100000e+01  6.7667173e-202   2.6720945e-71   3.9392793e-26   1.5554869e-10   5.1007193e-06  -7.5520641e-04  -1.5892661e-03   6.7240738e-03   1.6216346e-02   2.2660262e-02   2.5825244e-02
   8.0550000e+01  9.4927571e-208   3.9353778e-73   7.1433099e-27   7.6601266e-11   4.7624548e-08  -9.3655610e-04  -2.1294640e-03   6.3039064e-03   1.6029473e-02   2.2584932e-02   2.5797145e-02
   8.1000000e+01  4.9673266e-214   3.2048975e-75   1.1902449e-27   3.6361320e-11  -3.6454930e-06  -1.1032817e-03  -2.6645996e-03   5.8806506e-03   1.5841277e-02   2.2509161e-02   2.5768888e-02
   8.1450000e+01  5.5040629e-221   2.0062479e-77   1.7905854e-28   1.6402808e-11  -6.2474613e-06  -1.2559113e-03  -3.1944646e-03   5.4543350e-03   1.5651757e-02   2.2432949e-02   2.5740472e-02
   8.1900000e+01  1.9903235e-228   8.8609406e-80   2.3950007e-29   6.8415824e-12  -7.9838387e-06  -1.3949796e-03  -3.7188564e-03   5.0249887e-03   1.5460908e-02   2.2356295e-02   2.5711898e-02
   8.2350000e+01  2.8141430e-236   1.2672686e-82   2.8251306e-30   2.4725528e-12  -9.0425317e-06  -1.5210260e-03  -4.2375779e-03   4.5926415e-03   1.5268727e-02   2.2279199e-02   2.5683166e-02
   8.2800000e+01 -3.3376892e-243  -6.3667278e-85   2.9815734e-31   6.1231544e-13  -9.5788921e-06  -1.6345928e-03  -4.7504382e-03   4.1573242e-03   1.5075211e-02   2.2201661e-02   2.5654275e-02
   8.3250000e+01 -4.7873584e-250  -2.5389630e-87   2.9893764e-32  -8.7957022e-14  -9.7203055e-06  -1.7362235e-03  -5.2572521e-03   3.7190682e-03   1.4880357e-02   2.2123680e-02   2.5625226e-02
   8.3700000e+01 -3.7823845e-257  -4.9269272e-90   3.1701008e-33  -2.8528594e-13  -9.5702927e-06  -1.8264606e-03  -5.7578405e-03   3.2779054e-03   1.4684161e-02   2.2045257e-02   2.5596018e-02
   8.4150000e+01 -9.2067561e-265  -6.7933039e-93   3.8221585e-34  -2.8675484e-13  -9.2121493e-06  -1.9058446e-03  -6.2520308e-03   2.8338688e-03   1.4486620e-02   2.1966390e-02   2.5566652e-02
   8.4600000e+01 -5.5438503e-273  -5.4244143e-96   4.9595199e-35  -2.2768244e-13  -8.7121520e-06  -1.9749118e-03  -6.7396562e-03   2.3869919e-03   1.4287732e-02   2.1887080e-02   2.5537128e-02
   8.5050000e+01  1.6946840e-281   6.5540431e-99   6.0915386e-36  -1.6229960e-13  -8.1223631e-06  -2.0341932e-03  -7.2205564e-03   1.9373088e-03   1.4087492e-02   2.1807325e-02   2.5507445e-02
   8.5500000e+01  2.1835904e-288  4.7099506e-101   5.9964441e-37  -1.0858222e-13  -7.4830671e-06  -2.0842135e-03  -7.6945777e-03   1.4848544e-03   1.3885898e-02   2.1727127e-02   2.5477603e-02
   8.5950000e+01  7.3514888e-296  1.5367066e-103   2.4027921e-38  -6.9614201e-14  -6.8248712e-06  -2.1254888e-03  -8.1615724e-03   1.0296643e-03   1.3682946e-02   2.1646484e-02   2.5447603e-02
   8.6400000e+01  5.5184483e-304  3.8042701e-106  -8.4954201e-39  -4.3265258e-14  -6.1705036e-06  -2.1585265e-03  -8.6213995e-03   5.7177469e-04   1.3478634e-02   2.1565397e-02   2.5417445e-02
   8.6850000e+01  1.3699407e-312  7.0136387e-109  -3.2760388e-39  -2.6252260e-14  -5.5363423e-06  -2.1838238e-03  -9.0739245e-03   1.1122250e-04   1.3272958e-02   2.1483864e-02   2.5387128e-02
   8.7300000e+01  1.4080871e-321  5.6186486e-112  -7.9751198e-40  -1.5625418e-14  -4.9337033e-06  -2.2018665e-03  -9.5190194e-03  -3.5195479e-04   1.3065915e-02   2.1401885e-02   2.5356652e-02
   8.7750000e+01   0.0000000e+00 -2.0831930e-114  -1.6358282e-40  -9.1533596e-15  -4.3699191e-06  -2.2131285e-03  -9.9565627e-03  -8.1771900e-04   1.2857502e-02   2.1319461e-02   2.5326018e-02
   8.8200000e+01   0.0000000e+00 -1.0678183e-116  -3.0511053e-41  -5.2903029e-15  -3.8492335e-06  -2.2180710e-03  -1.0386440e-02  -1.2860314e-03   1.2647716e-02   2.1236591e-02   2.5295225e-02
   8.8650000e+01   0.0000000e+00 -2.7270611e-119  -5.3452507e-42  -3.0223735e-15  -3.3735370e-06  -2.2171415e-03  -1.0808541e-02  -1.7568525e-03   1.2436555e-02   2.1153275e-02   2.5264274e-02
   8.9100000e+01   0.0000000e+00 -5.1841266e-122  -8.9455623e-43  -1.7093329e-15  -2.9429665e-06  -2.2107737e-03  -1.1222767e-02  -2.2301423e-03   1.2224014e-02   2.1069511e-02   2.5233164e-02
   8.9550000e+01   0.0000000e+00 -8.4963496e-125  -1.4440698e-43  -9.5815398e-16  -2.5563890e-06  -2.1993865e-03  -1.1629020e-02  -2.7058603e-03   1.2010092e-02   2.0985301e-02   2.5201895e-02
   9.0000000e+01   0.0000000e+00 -1.2887749e-127  -2.2614231e-44  -5.3284576e-16  -2.2117866e-06  -2.1833842e-03  -1.2027212e-02  -3.1839653e-03   1.1794785e-02   2.0900643e-02   2.5170468e-02
