  -9.0000000e+01  -8.7297049e-14  -1.1087220e-05  -7.6613798e-04  -1.1131965e-03  -3.1488737e-03  -1.0068847e-02  -4.5806719e-03   1.7879850e-02   2.7123282e-02   2.7241978e-02   2.7438849e-02
  -8.9550000e+01  -9.3340403e-13  -2.2641313e-05  -6.4195650e-04  -9.5819171e-04  -2.8980214e-03  -9.4062096e-03  -3.6742821e-03   1.8252224e-02   2.7169275e-02   2.7251195e-02   2.7443124e-02
  -8.9100000e+01  -9.6410814e-12  -4.2834284e-05  -5.0903675e-04  -7.9810839e-04  -2.6355107e-03  -8.7274609e-03  -2.7724228e-03   1.8618563e-02   2.7214279e-02   2.7260322e-02   2.7447375e-02
  -8.8650000e+01  -9.3217326e-11  -6.9844162e-05  -3.7003719e-04  -6.3224210e-04  -2.3605275e-03  -8.0326525e-03  -1.8753590e-03   1.8978881e-02   2.7258302e-02   2.7269361e-02   2.7451603e-02
  -8.8200000e+01  -7.7583516e-10  -8.4274650e-05  -2.2681158e-04  -4.5983210e-04  -2.0722160e-03  -7.3218628e-03  -9.8335587e-04   1.9333192e-02   2.7301357e-02   2.7278311e-02   2.7455807e-02
  -8.7750000e+01  -3.7931147e-09  -4.7837495e-05  -8.0554593e-05  -2.8006779e-04  -1.7696787e-03  -6.5951976e-03  -9.6677741e-05   1.9681515e-02   2.7343453e-02   2.7287173e-02   2.7459988e-02
  -8.7300000e+01   4.7439468e-08   5.5431070e-05   6.8069315e-05  -9.2096330e-05  -1.4519785e-03  -5.8527915e-03   7.8441150e-04   2.0023864e-02   2.7384601e-02   2.7295948e-02   2.7464146e-02
  -8.6850000e+01   2.1742188e-06   1.9931277e-04   2.1883013e-04   1.0496855e-04  -1.1181401e-03  -5.0948082e-03   1.6596489e-03   2.0360259e-02   2.7424811e-02   2.7304636e-02   2.7468281e-02
  -8.6400000e+01   4.8310585e-05   3.5494358e-04   3.7187303e-04   3.1203724e-04  -7.6715277e-04  -4.3214415e-03   2.5287724e-03   2.0690718e-02   2.7464095e-02   2.7313239e-02   2.7472392e-02
  -8.5950000e+01   3.6226902e-04   5.1050011e-04   5.2769675e-04   5.3003508e-04  -3.9797354e-04  -3.5329157e-03   3.3915214e-03   2.1015262e-02   2.7502462e-02   2.7321757e-02   2.7476480e-02
  -8.5500000e+01   6.5100533e-04   6.6397621e-04   6.8717857e-04   7.5989428e-04  -9.5312808e-06  -2.7294866e-03   4.2476365e-03   2.1333909e-02   2.7539923e-02   2.7330190e-02   2.7480545e-02
  -8.5050000e+01   8.1935877e-04   8.1616164e-04   8.5167733e-04   1.0025479e-03   3.9926860e-04  -1.9114418e-03   5.0968601e-03   2.1646683e-02   2.7576488e-02   2.7338539e-02   2.7484587e-02
  -8.4600000e+01   9.8501421e-04   9.6820555e-04   1.0232834e-03   1.2589273e-03   8.2953866e-04  -1.0791013e-03   5.9389365e-03   2.1953605e-02   2.7612168e-02   2.7346805e-02   2.7488606e-02
  -8.4150000e+01   1.2529035e-03   1.1209079e-03   1.2053102e-03   1.5299641e-03   1.2824031e-03  -2.3281766e-04   6.7736118e-03   2.2254698e-02   2.7646972e-02   2.7354988e-02   2.7492601e-02
  -8.3700000e+01   1.5947952e-03   1.2732522e-03   1.4030224e-03   1.8165975e-03   1.7589906e-03   6.2702314e-04   7.6006345e-03   2.2549987e-02   2.7680912e-02   2.7363090e-02   2.7496574e-02
  -8.3250000e+01   1.6627354e-03   1.4181290e-03   1.6241414e-03   2.1197888e-03   2.2604268e-03   1.5000019e-03   8.4197557e-03   2.2839496e-02   2.7713998e-02   2.7371110e-02   2.7500524e-02
  -8.2800000e+01   1.6665348e-03   1.5530202e-03   1.8779186e-03   2.4405422e-03   2.7878253e-03   2.3856659e-03   9.2307289e-03   2.3123251e-02   2.7746239e-02   2.7379049e-02   2.7504450e-02
  -8.2350000e+01   1.6667578e-03   1.7820869e-03   2.1717524e-03   2.7799334e-03   3.3422787e-03   3.2835287e-03   1.0033311e-02   2.3401278e-02   2.7777646e-02   2.7386908e-02   2.7508354e-02
  -8.1900000e+01   1.6718690e-03   2.2013421e-03   2.5070538e-03   3.1391449e-03   3.9248487e-03   4.1930702e-03   1.0827261e-02   2.3673605e-02   2.7808229e-02   2.7394687e-02   2.7512234e-02
  -8.1450000e+01   1.7940514e-03   2.6778845e-03   2.8784495e-03   3.5195069e-03   4.5365555e-03   5.1137369e-03   1.1612341e-02   2.3940259e-02   2.7837999e-02   2.7402387e-02   2.7516092e-02
  -8.1000000e+01   2.7074396e-03   3.1472352e-03   3.2772691e-03   3.9225424e-03   5.1783672e-03   6.0449418e-03   1.2388320e-02   2.4201271e-02   2.7866965e-02   2.7410009e-02   2.7519927e-02
  -8.0550000e+01   3.5766086e-03   3.6073960e-03   3.6956136e-03   4.3500154e-03   5.8511881e-03   6.9860650e-03   1.3154965e-02   2.4456668e-02   2.7895138e-02   2.7417553e-02   2.7523739e-02
  -8.0100000e+01   4.0785662e-03   4.0631118e-03   4.1281462e-03   4.8039777e-03   6.5558478e-03   7.9364537e-03   1.3912052e-02   2.4706483e-02   2.7922527e-02   2.7425021e-02   2.7527528e-02
  -7.9650000e+01   4.5648053e-03   4.5181174e-03   4.5720280e-03   5.2868121e-03   7.2930885e-03   8.8954232e-03   1.4659358e-02   2.4950746e-02   2.7949143e-02   2.7432411e-02   2.7531294e-02
  -7.9200000e+01   5.3021117e-03   4.9752228e-03   5.0264264e-03   5.8012681e-03   8.0635544e-03   9.8622571e-03   1.5396666e-02   2.5189490e-02   2.7974995e-02   2.7439726e-02   2.7535037e-02
  -7.8750000e+01   6.3720124e-03   5.4356878e-03   5.4923422e-03   6.3504860e-03   8.8677791e-03   1.0836208e-02   1.6123762e-02   2.5422746e-02   2.8000094e-02   2.7446965e-02   2.7538758e-02
  -7.8300000e+01   6.6483744e-03   5.8943805e-03   5.9727107e-03   6.9380041e-03   9.7061744e-03   1.1816499e-02   1.6840438e-02   2.5650550e-02   2.8024449e-02   2.7454129e-02   2.7542456e-02
  -7.7850000e+01   6.6660152e-03   6.3331162e-03   6.4721470e-03   7.5677449e-03   1.0579019e-02   1.2802323e-02   1.7546491e-02   2.5872935e-02   2.8048071e-02   2.7461219e-02   2.7546131e-02
  -7.7400000e+01   6.6667423e-03   6.7796827e-03   6.9955921e-03   8.2439761e-03   1.1486449e-02   1.3792846e-02   1.8241721e-02   2.6089936e-02   2.8070968e-02   2.7468236e-02   2.7549784e-02
  -7.6950000e+01   6.6723558e-03   7.3391031e-03   7.5463052e-03   8.9712433e-03   1.2428445e-02   1.4787206e-02   1.8925936e-02   2.6301590e-02   2.8093152e-02   2.7475179e-02   2.7553414e-02
  -7.6500000e+01   6.8228645e-03   7.9580329e-03   8.1251725e-03   9.7542711e-03   1.3404826e-02   1.5784516e-02   1.9598948e-02   2.6507933e-02   2.8114632e-02   2.7482050e-02   2.7557021e-02
  -7.6050000e+01   8.0198506e-03   8.5760795e-03   8.7323154e-03   1.0597834e-02   1.4415237e-02   1.6783864e-02   2.0260574e-02   2.6709002e-02   2.8135416e-02   2.7488848e-02   2.7560606e-02
  -7.5600000e+01   9.1495111e-03   9.1861865e-03   9.3695174e-03   1.1506598e-02   1.5459145e-02   1.7784315e-02   2.0910638e-02   2.6904835e-02   2.8155516e-02   2.7495576e-02   2.7564168e-02
  -7.5150000e+01   9.8075275e-03   9.7918418e-03   1.0042018e-02   1.2484938e-02   1.6535829e-02   1.8784912e-02   2.1548970e-02   2.7095472e-02   2.8174941e-02   2.7502233e-02   2.7567707e-02
  -7.4700000e+01   1.0435977e-02   1.0396388e-02   1.0760049e-02   1.3536736e-02   1.7644376e-02   1.9784679e-02   2.2175406e-02   2.7280951e-02   2.8193700e-02   2.7508819e-02   2.7571224e-02
  -7.4250000e+01   1.1277552e-02   1.1001169e-02   1.1541443e-02   1.4665174e-02   1.8783678e-02   2.0782621e-02   2.2789787e-02   2.7461312e-02   2.8211803e-02   2.7515336e-02   2.7574719e-02
  -7.3800000e+01   1.2695680e-02   1.1600187e-02   1.2416046e-02   1.5872528e-02   1.9952424e-02   2.1777727e-02   2.3391961e-02   2.7636597e-02   2.8229259e-02   2.7521783e-02   2.7578191e-02
  -7.3350000e+01   1.3283667e-02   1.2161174e-02   1.3430000e-02   1.7159978e-02   2.1149105e-02   2.2768970e-02   2.3981785e-02   2.7806847e-02   2.8246078e-02   2.7528162e-02   2.7581641e-02
  -7.2900000e+01   1.3331342e-02   1.2651388e-02   1.4642655e-02   1.8527446e-02   2.2372006e-02   2.3755312e-02   2.4559119e-02   2.7972104e-02   2.8262269e-02   2.7534472e-02   2.7585068e-02
  -7.2450000e+01   1.3333453e-02   1.3603422e-02   1.6107247e-02   1.9973477e-02   2.3619217e-02   2.4735703e-02   2.5123832e-02   2.8132410e-02   2.8277843e-02   2.7540716e-02   2.7588472e-02
  -7.2000000e+01   1.3353663e-02   1.5862715e-02   1.7841433e-02   2.1495167e-02   2.4888628e-02   2.5709085e-02   2.5675801e-02   2.8287810e-02   2.8292807e-02   2.7546892e-02   2.7591855e-02
  -7.1550000e+01   1.4004134e-02   1.8546045e-02   1.9814818e-02   2.3088145e-02   2.6177936e-02   2.6674392e-02   2.6214908e-02   2.8438346e-02   2.8307171e-02   2.7553001e-02   2.7595215e-02
  -7.1100000e+01   1.9136557e-02   2.1170582e-02   2.1967752e-02   2.4746621e-02   2.7484655e-02   2.7630554e-02   2.6741042e-02   2.8584064e-02   2.8320946e-02   2.7559045e-02   2.7598553e-02
  -7.0650000e+01   2.3526248e-02   2.3748804e-02   2.4240044e-02   2.6463486e-02   2.8806121e-02   2.8576501e-02   2.7254103e-02   2.8725009e-02   2.8334139e-02   2.7565023e-02   2.7601868e-02
  -7.0200000e+01   2.6247377e-02   2.6310358e-02   2.6585692e-02   2.8230460e-02   3.0139505e-02   2.9511159e-02   2.7753994e-02   2.8861226e-02   2.8346760e-02   2.7570936e-02   2.7605161e-02
  -6.9750000e+01   2.8817734e-02   2.8867112e-02   2.8972600e-02   3.0038287e-02   3.1481823e-02   3.0433459e-02   2.8240629e-02   2.8992762e-02   2.8358818e-02   2.7576785e-02   2.7608432e-02
  -6.9300000e+01   3.1382746e-02   3.1423943e-02   3.1376514e-02   3.1876961e-02   3.2829950e-02   3.1342336e-02   2.8713927e-02   2.9119663e-02   2.8370322e-02   2.7582570e-02   2.7611680e-02
  -6.8850000e+01   3.3950633e-02   3.3985260e-02   3.3774812e-02   3.3735971e-02   3.4180637e-02   3.2236731e-02   2.9173817e-02   2.9241978e-02   2.8381282e-02   2.7588292e-02   2.7614907e-02
  -6.8400000e+01   3.6521035e-02   3.6563365e-02   3.6141897e-02   3.5604547e-02   3.5530529e-02   3.3115594e-02   2.9620235e-02   2.9359753e-02   2.8391706e-02   2.7593951e-02   2.7618111e-02
  -6.7950000e+01   3.9096263e-02   3.9174214e-02   3.8448177e-02   3.7471913e-02   3.6876178e-02   3.3977888e-02   3.0053125e-02   2.9473038e-02   2.8401602e-02   2.7599547e-02   2.7621293e-02
  -6.7500000e+01   4.1666665e-02   4.1626071e-02   4.0665810e-02   3.9327519e-02   3.8214068e-02   3.4822588e-02   3.0472438e-02   2.9581881e-02   2.8410981e-02   2.7605082e-02   2.7624453e-02
  -6.7050000e+01   4.3486304e-02   4.3547944e-02   4.2779835e-02   4.1161252e-02   3.9540631e-02   3.5648688e-02   3.0878135e-02   2.9686333e-02   2.8419851e-02   2.7610555e-02   2.7627591e-02
  -6.6600000e+01   4.5298920e-02   4.5307048e-02   4.4794440e-02   4.2963620e-02   4.0852271e-02   3.6455198e-02   3.1270183e-02   2.9786441e-02   2.8428221e-02   2.7615967e-02   2.7630706e-02
  -6.6150000e+01   4.7113279e-02   4.7095382e-02   4.6726749e-02   4.4725909e-02   4.2145379e-02   3.7241150e-02   3.1648560e-02   2.9882258e-02   2.8436099e-02   2.7621319e-02   2.7633800e-02
  -6.5700000e+01   4.8925905e-02   4.8897306e-02   4.8594873e-02   4.6440304e-02   4.3416359e-02   3.8005600e-02   3.2013248e-02   2.9973835e-02   2.8443494e-02   2.7626611e-02   2.7636872e-02
  -6.5250000e+01   5.0736501e-02   5.0701454e-02   5.0410396e-02   4.8099980e-02   4.4661644e-02   3.8747628e-02   3.2364242e-02   3.0061221e-02   2.8450414e-02   2.7631844e-02   2.7639921e-02
  -6.4800000e+01   5.2550871e-02   5.2506291e-02   5.2176622e-02   4.9699161e-02   4.5877720e-02   3.9466343e-02   3.2701541e-02   3.0144469e-02   2.8456869e-02   2.7637018e-02   2.7642949e-02
  -6.4350000e+01   5.4471668e-02   5.4314514e-02   5.3888545e-02   5.1233155e-02   4.7061139e-02   4.0160884e-02   3.3025154e-02   3.0223632e-02   2.8462867e-02   2.7642133e-02   2.7645954e-02
  -6.3900000e+01   5.7570274e-02   5.6134364e-02   5.5531582e-02   5.2698353e-02   4.8208541e-02   4.0830424e-02   3.3335099e-02   3.0298761e-02   2.8468417e-02   2.7647190e-02   2.7648938e-02
  -6.3450000e+01   6.1193160e-02   5.7986427e-02   5.7079225e-02   5.4092208e-02   4.9316671e-02   4.1474167e-02   3.3631401e-02   3.0369909e-02   2.8473526e-02   2.7652190e-02   2.7651899e-02
  -6.3000000e+01   6.1652316e-02   5.9878941e-02   5.8493858e-02   5.5413179e-02   5.0382390e-02   4.2091357e-02   3.3914093e-02   3.0437131e-02   2.8478203e-02   2.7657133e-02   2.7654839e-02
  -6.2550000e+01   6.1666582e-02   6.1476234e-02   5.9737493e-02   5.6660646e-02   5.1402693e-02   4.2681276e-02   3.4183218e-02   3.0500479e-02   2.8482457e-02   2.7662019e-02   2.7657757e-02
  -6.2100000e+01   6.1668159e-02   6.2168122e-02   6.0791901e-02   5.7834797e-02   5.2374723e-02   4.3243247e-02   3.4438824e-02   3.0560007e-02   2.8486295e-02   2.7666849e-02   2.7660653e-02
  -6.1650000e+01   6.1703916e-02   6.2542195e-02   6.1671655e-02   5.8936476e-02   5.3295780e-02   4.3776633e-02   3.4680971e-02   3.0615770e-02   2.8489727e-02   2.7671623e-02   2.7663527e-02
  -6.1200000e+01   6.2144907e-02   6.2965870e-02   6.2415543e-02   5.9967006e-02   5.4163331e-02   4.4280846e-02   3.4909723e-02   3.0667822e-02   2.8492759e-02   2.7676342e-02   2.7666379e-02
  -6.0750000e+01   6.3208503e-02   6.3415746e-02   6.3066357e-02   6.0927988e-02   5.4975026e-02   4.4755342e-02   3.5125155e-02   3.0716218e-02   2.8495402e-02   2.7681007e-02   2.7669209e-02
  -6.0300000e+01   6.3839684e-02   6.3869429e-02   6.3657844e-02   6.1821077e-02   5.5728700e-02   4.5199625e-02   3.5327349e-02   3.0761014e-02   2.8497661e-02   2.7685617e-02   2.7672018e-02
  -5.9850000e+01   6.4311021e-02   6.4322867e-02   6.4212974e-02   6.2647748e-02   5.6422385e-02   4.5613249e-02   3.5516393e-02   3.0802264e-02   2.8499546e-02   2.7690173e-02   2.7674804e-02
  -5.9400000e+01   6.4804533e-02   6.4776985e-02   6.4747458e-02   6.3409077e-02   5.7054318e-02   4.5995819e-02   3.5692385e-02   3.0840025e-02   2.8501064e-02   2.7694676e-02   2.7677570e-02
  -5.8950000e+01   6.5651779e-02   6.5233241e-02   6.5273644e-02   6.4105526e-02   5.7622946e-02   4.6346994e-02   3.5855431e-02   3.0874352e-02   2.8502224e-02   2.7699126e-02   2.7680313e-02
  -5.8500000e+01   6.6549518e-02   6.5689493e-02   6.5803244e-02   6.4736764e-02   5.8126933e-02   4.6666486e-02   3.6005642e-02   3.0905302e-02   2.8503033e-02   2.7703523e-02   2.7683034e-02
  -5.8050000e+01   6.6662395e-02   6.6131538e-02   6.6348260e-02   6.5301544e-02   5.8565169e-02   4.6954059e-02   3.6143138e-02   3.0932930e-02   2.8503498e-02   2.7707868e-02   2.7685734e-02
  -5.7600000e+01   6.6666599e-02   6.6572336e-02   6.6919122e-02   6.5797621e-02   5.8936771e-02   4.7209537e-02   3.6268047e-02   3.0957295e-02   2.8503629e-02   2.7712162e-02   2.7688412e-02
  -5.7150000e+01   6.6667740e-02   6.7174454e-02   6.7520190e-02   6.6221756e-02   5.9241091e-02   4.7432799e-02   3.6380503e-02   3.0978451e-02   2.8503431e-02   2.7716404e-02   2.7691069e-02
  -5.6700000e+01   6.6697152e-02   6.7933083e-02   6.8146306e-02   6.6569780e-02   5.9477721e-02   4.7623780e-02   3.6480647e-02   3.0996457e-02   2.8502914e-02   2.7720595e-02   2.7693704e-02
  -5.6250000e+01   6.7157757e-02   6.8714133e-02   6.8784098e-02   6.6836745e-02   5.9646495e-02   4.7782476e-02   3.6568627e-02   3.1011369e-02   2.8502084e-02   2.7724736e-02   2.7696317e-02
  -5.5800000e+01   6.8940925e-02   6.9485243e-02   6.9416248e-02   6.7017146e-02   5.9747492e-02   4.7908937e-02   3.6644599e-02   3.1023244e-02   2.8500950e-02   2.7728827e-02   2.7698909e-02
  -5.5350000e+01   7.0169769e-02   7.0247447e-02   7.0024060e-02   6.7105196e-02   5.9781041e-02   4.8003275e-02   3.6708724e-02   3.1032140e-02   2.8499518e-02   2.7732868e-02   2.7701479e-02
  -5.4900000e+01   7.0980167e-02   7.1005568e-02   7.0586533e-02   6.7095167e-02   5.9747719e-02   4.8065658e-02   3.6761171e-02   3.1038114e-02   2.8497796e-02   2.7736860e-02   2.7704027e-02
  -5.4450000e+01   7.1816763e-02   7.1765516e-02   7.1076371e-02   6.6981753e-02   5.9648351e-02   4.8096312e-02   3.6802114e-02   3.1041224e-02   2.8495791e-02   2.7740803e-02   2.7706554e-02
  -5.4000000e+01   7.3265379e-02   7.2538842e-02   7.1453241e-02   6.6760443e-02   5.9484008e-02   4.8095522e-02   3.6831733e-02   3.1041527e-02   2.8493511e-02   2.7744698e-02   2.7709060e-02
  -5.3550000e+01   7.4787695e-02   7.3357863e-02   7.1655666e-02   6.6427878e-02   5.9256007e-02   4.8063627e-02   3.6850215e-02   3.1039081e-02   2.8490963e-02   2.7748545e-02   2.7711544e-02
  -5.3100000e+01   7.4991351e-02   7.4272065e-02   7.1598627e-02   6.5982173e-02   5.8965899e-02   4.8001027e-02   3.6857752e-02   3.1033944e-02   2.8488153e-02   2.7752344e-02   2.7714006e-02
  -5.2650000e+01   7.4999914e-02   7.4922995e-02   7.1190773e-02   6.5423171e-02   5.8615467e-02   4.7908171e-02   3.6854542e-02   3.1026173e-02   2.8485090e-02   2.7756096e-02   2.7716447e-02
  -5.2200000e+01   7.4998204e-02   7.3917100e-02   7.0375454e-02   6.4752615e-02   5.8206717e-02   4.7785567e-02   3.6840789e-02   3.1015827e-02   2.8481780e-02   2.7759801e-02   2.7718866e-02
  -5.1750000e+01   7.4941061e-02   7.1599645e-02   6.9166322e-02   6.3974222e-02   5.7741862e-02   4.7633773e-02   3.6816701e-02   3.1002962e-02   2.8478231e-02   2.7763460e-02   2.7721265e-02
  -5.1300000e+01   7.3921931e-02   6.9169531e-02   6.7639257e-02   6.3093651e-02   5.7223312e-02   4.7453397e-02   3.6782491e-02   3.0987637e-02   2.8474448e-02   2.7767073e-02   2.7723641e-02
  -5.0850000e+01   6.8793552e-02   6.6821737e-02   6.5890153e-02   6.2118377e-02   5.6653660e-02   4.7245099e-02   3.6738378e-02   3.0969910e-02   2.8470440e-02   2.7770640e-02   2.7725996e-02
  -5.0400000e+01   6.4775213e-02   6.4522153e-02   6.4000669e-02   6.1057457e-02   5.6035662e-02   4.7009583e-02   3.6684585e-02   3.0949838e-02   2.8466212e-02   2.7774161e-02   2.7728330e-02
  -4.9950000e+01   6.2290382e-02   6.2241550e-02   6.2029537e-02   5.9921225e-02   5.5372217e-02   4.6747601e-02   3.6621338e-02   3.0927478e-02   2.8461772e-02   2.7777638e-02   2.7730643e-02
  -4.9500000e+01   5.9765080e-02   5.9959241e-02   6.0019155e-02   5.8720936e-02   5.4666350e-02   4.6459946e-02   3.6548869e-02   3.0902889e-02   2.8457126e-02   2.7781070e-02   2.7732934e-02
  -4.9050000e+01   5.5434035e-02   5.7655048e-02   5.8005386e-02   5.7468364e-02   5.3921191e-02   4.6147451e-02   3.6467413e-02   3.0876128e-02   2.8452282e-02   2.7784458e-02   2.7735204e-02
  -4.8600000e+01   5.0724659e-02   5.5308307e-02   5.6025758e-02   5.6175404e-02   5.3139945e-02   4.5810989e-02   3.6377209e-02   3.0847252e-02   2.8447245e-02   2.7787802e-02   2.7737452e-02
  -4.8150000e+01   5.0032620e-02   5.2932974e-02   5.4123539e-02   5.4853689e-02   5.2325878e-02   4.5451466e-02   3.6278500e-02   3.0816319e-02   2.8442022e-02   2.7791103e-02   2.7739679e-02
  -4.7700000e+01   5.0000739e-02   5.0785217e-02   5.2343278e-02   5.3514240e-02   5.1482287e-02   4.5069822e-02   3.6171531e-02   3.0783386e-02   2.8436620e-02   2.7794360e-02   2.7741885e-02
  -4.7250000e+01   4.9999418e-02   4.9402929e-02   5.0715847e-02   5.2167185e-02   5.0612476e-02   4.4667027e-02   3.6056551e-02   3.0748510e-02   2.8431045e-02   2.7797574e-02   2.7744070e-02
  -4.6800000e+01   4.9980148e-02   4.8420927e-02   4.9243539e-02   5.0821539e-02   4.9719737e-02   4.4244077e-02   3.5933811e-02   3.0711747e-02   2.8425303e-02   2.7800746e-02   2.7746233e-02
  -4.6350000e+01   4.9598629e-02   4.7380035e-02   4.7901507e-02   4.9485063e-02   4.8807323e-02   4.3801992e-02   3.5803565e-02   3.0673155e-02   2.8419401e-02   2.7803876e-02   2.7748375e-02
  -4.5900000e+01   4.7311747e-02   4.6304355e-02   4.6654329e-02   4.8164203e-02   4.7878428e-02   4.3341813e-02   3.5666069e-02   3.0632790e-02   2.8413344e-02   2.7806965e-02   2.7750496e-02
  -4.5450000e+01   4.5341003e-02   4.5232283e-02   4.5471101e-02   4.6864097e-02   4.6936164e-02   4.2864601e-02   3.5521581e-02   3.0590708e-02   2.8407140e-02   2.7810011e-02   2.7752595e-02
  -4.5000000e+01   4.4166667e-02   4.4166854e-02   4.4330421e-02   4.5588652e-02   4.5983546e-02   4.2371430e-02   3.5370362e-02   3.0546967e-02   2.8400794e-02   2.7813017e-02   2.7754674e-02
  -4.4550000e+01   4.2992330e-02   4.3101265e-02   4.3218799e-02   4.4340661e-02   4.5023469e-02   4.1863386e-02   3.5212673e-02   3.0501620e-02   2.8394313e-02   2.7815982e-02   2.7756731e-02
  -4.4100000e+01   4.1021586e-02   4.2027234e-02   4.2127723e-02   4.3121970e-02   4.4058698e-02   4.1341565e-02   3.5048776e-02   3.0454726e-02   2.8387701e-02   2.7818906e-02   2.7758767e-02
  -4.3650000e+01   3.8734704e-02   4.0939339e-02   4.1051534e-02   4.1933650e-02   4.3091850e-02   4.0807071e-02   3.4878935e-02   3.0406338e-02   2.8380966e-02   2.7821791e-02   2.7760782e-02
  -4.3200000e+01   3.8353179e-02   3.9852230e-02   3.9986240e-02   4.0776182e-02   4.2125385e-02   4.0261009e-02   3.4703416e-02   3.0356513e-02   2.8374113e-02   2.7824635e-02   2.7762776e-02
  -4.2750000e+01   3.8333885e-02   3.8840557e-02   3.8928885e-02   3.9649633e-02   4.1161599e-02   3.9704485e-02   3.4522482e-02   3.0305305e-02   2.8367147e-02   2.7827440e-02   2.7764749e-02
  -4.2300000e+01   3.8332974e-02   3.7931671e-02   3.7877301e-02   3.8553815e-02   4.0202613e-02   3.9138606e-02   3.4336400e-02   3.0252768e-02   2.8360076e-02   2.7830206e-02   2.7766700e-02
  -4.1850000e+01   3.8318107e-02   3.6932554e-02   3.6830180e-02   3.7488412e-02   3.9250371e-02   3.8564471e-02   3.4145435e-02   3.0198959e-02   2.8352903e-02   2.7832933e-02   2.7768631e-02
  -4.1400000e+01   3.7995159e-02   3.5848152e-02   3.5787259e-02   3.6453077e-02   3.8306637e-02   3.7983176e-02   3.3949851e-02   3.0143929e-02   2.8345636e-02   2.7835622e-02   2.7770540e-02
  -4.0950000e+01   3.5797450e-02   3.4759855e-02   3.4749357e-02   3.5447502e-02   3.7372997e-02   3.7395805e-02   3.3749915e-02   3.0087735e-02   2.8338279e-02   2.7838272e-02   2.7772429e-02
  -4.0500000e+01   3.3776296e-02   3.3685670e-02   3.3718291e-02   3.4471446e-02   3.6450858e-02   3.6803433e-02   3.3545889e-02   3.0030428e-02   2.8330838e-02   2.7840884e-02   2.7774296e-02
  -4.0050000e+01   3.2597822e-02   3.2620588e-02   3.2696907e-02   3.3524736e-02   3.5541453e-02   3.6207119e-02   3.3338036e-02   2.9972063e-02   2.8323319e-02   2.7843459e-02   2.7776142e-02
  -3.9600000e+01   3.1438234e-02   3.1556264e-02   3.1689492e-02   3.2607245e-02   3.4645846e-02   3.5607909e-02   3.3126619e-02   2.9912691e-02   2.8315727e-02   2.7845996e-02   2.7777967e-02
  -3.9150000e+01   2.9563009e-02   3.0484068e-02   3.0702742e-02   3.1718849e-02   3.3764943e-02   3.5006831e-02   3.2911898e-02   2.9852367e-02   2.8308066e-02   2.7848496e-02   2.7779772e-02
  -3.8700000e+01   2.7169766e-02   2.9395103e-02   2.9747242e-02   3.0859374e-02   3.2899491e-02   3.4404896e-02   3.2694131e-02   2.9791140e-02   2.8300344e-02   2.7850959e-02   2.7781555e-02
  -3.8250000e+01   2.6694175e-02   2.8288455e-02   2.8838483e-02   3.0028537e-02   3.2050098e-02   3.3803091e-02   3.2473575e-02   2.9729065e-02   2.8292563e-02   2.7853386e-02   2.7783317e-02
  -3.7800000e+01   2.6667524e-02   2.7238345e-02   2.7994930e-02   2.9225890e-02   3.1217238e-02   3.3202386e-02   3.2250484e-02   2.9666191e-02   2.8284731e-02   2.7855777e-02   2.7785058e-02
  -3.7350000e+01   2.6666552e-02   2.6509716e-02   2.7231057e-02   2.8450778e-02   3.0401261e-02   3.2603724e-02   3.2025111e-02   2.9602571e-02   2.8276852e-02   2.7858132e-02   2.7786779e-02
  -3.6900000e+01   2.6661457e-02   2.6073243e-02   2.6548905e-02   2.7702307e-02   2.9602408e-02   3.2008026e-02   3.1797704e-02   2.9538253e-02   2.8268930e-02   2.7860451e-02   2.7788478e-02
  -3.6450000e+01   2.6539281e-02   2.5639888e-02   2.5936557e-02   2.6979327e-02   2.8820823e-02   3.1416189e-02   3.1568511e-02   2.9473290e-02   2.8260972e-02   2.7862734e-02   2.7790156e-02
  -3.6000000e+01   2.5625894e-02   2.5183777e-02   2.5375309e-02   2.6280445e-02   2.8056563e-02   3.0829081e-02   3.1337774e-02   2.9407730e-02   2.8252981e-02   2.7864983e-02   2.7791814e-02
  -3.5550000e+01   2.4756725e-02   2.4725924e-02   2.4847811e-02   2.5604044e-02   2.7309613e-02   3.0247545e-02   3.1105733e-02   2.9341623e-02   2.8244963e-02   2.7867197e-02   2.7793451e-02
  -3.5100000e+01   2.4254767e-02   2.4270374e-02   2.4341395e-02   2.4948328e-02   2.6579898e-02   2.9672397e-02   3.0872625e-02   2.9275018e-02   2.8236922e-02   2.7869376e-02   2.7795066e-02
  -3.4650000e+01   2.3768528e-02   2.3815294e-02   2.3847461e-02   2.4311374e-02   2.5867294e-02   2.9104424e-02   3.0638683e-02   2.9207962e-02   2.8228863e-02   2.7871520e-02   2.7796661e-02
  -3.4200000e+01   2.3031222e-02   2.3358139e-02   2.3359689e-02   2.3691201e-02   2.5171643e-02   2.8544384e-02   3.0404135e-02   2.9140506e-02   2.8220791e-02   2.7873631e-02   2.7798235e-02
  -3.3750000e+01   2.1961321e-02   2.2897654e-02   2.2872458e-02   2.3085830e-02   2.4492760e-02   2.7993007e-02   3.0169206e-02   2.9072694e-02   2.8212711e-02   2.7875708e-02   2.7799788e-02
  -3.3300000e+01   2.1684959e-02   2.2438955e-02   2.2379840e-02   2.2493360e-02   2.3830451e-02   2.7450993e-02   2.9934116e-02   2.9004576e-02   2.8204626e-02   2.7877751e-02   2.7801320e-02
  -3.2850000e+01   2.1667318e-02   2.2000217e-02   2.1875567e-02   2.1912027e-02   2.3184517e-02   2.6919011e-02   2.9699080e-02   2.8936197e-02   2.8196541e-02   2.7879761e-02   2.7802832e-02
  -3.2400000e+01   2.1666591e-02   2.1553651e-02   2.1354443e-02   2.1340253e-02   2.2554769e-02   2.6397703e-02   2.9464311e-02   2.8867603e-02   2.8188462e-02   2.7881737e-02   2.7804322e-02
  -3.1950000e+01   2.1660977e-02   2.0994232e-02   2.0814514e-02   2.0776698e-02   2.1941033e-02   2.5887678e-02   2.9230012e-02   2.8798841e-02   2.8180391e-02   2.7883681e-02   2.7805792e-02
  -3.1500000e+01   2.1510469e-02   2.0375308e-02   2.0257813e-02   2.0220281e-02   2.1343164e-02   2.5389515e-02   2.8996387e-02   2.8729954e-02   2.8172334e-02   2.7885592e-02   2.7807241e-02
  -3.1050000e+01   2.0313483e-02   1.9757281e-02   1.9688763e-02   1.9670198e-02   2.0761049e-02   2.4903764e-02   2.8763629e-02   2.8660989e-02   2.8164295e-02   2.7887471e-02   2.7808669e-02
  -3.0600000e+01   1.9183822e-02   1.9147231e-02   1.9111986e-02   1.9125924e-02   2.0194616e-02   2.4430940e-02   2.8531931e-02   2.8591988e-02   2.8156277e-02   2.7889318e-02   2.7810077e-02
  -3.0150000e+01   1.8525806e-02   1.8541702e-02   1.8531241e-02   1.8587202e-02   1.9643841e-02   2.3971533e-02   2.8301476e-02   2.8522996e-02   2.8148286e-02   2.7891132e-02   2.7811463e-02
  -2.9700000e+01   1.7897356e-02   1.7937234e-02   1.7949513e-02   1.8054019e-02   1.9108752e-02   2.3525996e-02   2.8072444e-02   2.8454055e-02   2.8140324e-02   2.7892915e-02   2.7812829e-02
  -2.9250000e+01   1.7055781e-02   1.7331082e-02   1.7369596e-02   1.7526584e-02   1.8589435e-02   2.3094755e-02   2.7845009e-02   2.8385207e-02   2.8132396e-02   2.7894666e-02   2.7814174e-02
  -2.8800000e+01   1.5637654e-02   1.6720808e-02   1.6794767e-02   1.7005288e-02   1.8086037e-02   2.2678203e-02   2.7619337e-02   2.8316496e-02   2.8124506e-02   2.7896386e-02   2.7815498e-02
  -2.8350000e+01   1.5049662e-02   1.6105103e-02   1.6229324e-02   1.6490676e-02   1.7598767e-02   2.2276699e-02   2.7395592e-02   2.8247961e-02   2.8116657e-02   2.7898075e-02   2.7816802e-02
  -2.7900000e+01   1.5001957e-02   1.5495213e-02   1.5678445e-02   1.5983409e-02   1.7127900e-02   2.1890574e-02   2.7173929e-02   2.8179645e-02   2.8108855e-02   2.7899733e-02   2.7818085e-02
  -2.7450000e+01   1.4999966e-02   1.4956398e-02   1.5146749e-02   1.5484235e-02   1.6673779e-02   2.1520125e-02   2.6954497e-02   2.8111586e-02   2.8101101e-02   2.7901361e-02   2.7819347e-02
  -2.7000000e+01   1.4996400e-02   1.4511095e-02   1.4636053e-02   1.4993965e-02   1.6236811e-02   2.1165616e-02   2.6737439e-02   2.8043826e-02   2.8093400e-02   2.7902958e-02   2.7820588e-02
  -2.6550000e+01   1.4881622e-02   1.4067529e-02   1.4144463e-02   1.4513452e-02   1.5817469e-02   2.0827280e-02   2.6522894e-02   2.7976402e-02   2.8085756e-02   2.7904524e-02   2.7821809e-02
  -2.6100000e+01   1.3975902e-02   1.3614876e-02   1.3667893e-02   1.4043580e-02   1.5416291e-02   2.0505316e-02   2.6310991e-02   2.7909354e-02   2.8078172e-02   2.7906061e-02   2.7823009e-02
  -2.5650000e+01   1.3201250e-02   1.3161860e-02   1.3202359e-02   1.3585257e-02   1.5033875e-02   2.0199891e-02   2.6101856e-02   2.7842720e-02   2.8070651e-02   2.7907568e-02   2.7824188e-02
  -2.5200000e+01   1.2721051e-02   1.2710020e-02   1.2745202e-02   1.3139420e-02   1.4670876e-02   1.9911137e-02   2.5895607e-02   2.7776536e-02   2.8063198e-02   2.7909044e-02   2.7825347e-02
  -2.4750000e+01   1.2267459e-02   1.2258796e-02   1.2295223e-02   1.2707036e-02   1.4328002e-02   1.9639154e-02   2.5692356e-02   2.7710840e-02   2.8055815e-02   2.7910492e-02   2.7826485e-02
  -2.4300000e+01   1.1814809e-02   1.1807551e-02   1.1852517e-02   1.2289115e-02   1.4006009e-02   1.9384007e-02   2.5492208e-02   2.7645668e-02   2.8048505e-02   2.7911910e-02   2.7827603e-02
  -2.3850000e+01   1.1361653e-02   1.1355458e-02   1.1418508e-02   1.1886723e-02   1.3705694e-02   1.9145727e-02   2.5295263e-02   2.7581055e-02   2.8041273e-02   2.7913299e-02   2.7828699e-02
  -2.3400000e+01   1.0908052e-02   1.0900059e-02   1.0996163e-02   1.1500997e-02   1.3427887e-02   1.8924310e-02   2.5101615e-02   2.7517036e-02   2.8034120e-02   2.7914659e-02   2.7829775e-02
  -2.2950000e+01   1.0453529e-02   1.0438163e-02   1.0589834e-02   1.1133162e-02   1.3173445e-02   1.8719719e-02   2.4911349e-02   2.7453646e-02   2.8027051e-02   2.7915990e-02   2.7830831e-02
  -2.2500000e+01   1.0000000e-02   1.0008119e-02   1.0203955e-02   1.0784545e-02   1.2943242e-02   1.8531880e-02   2.4724547e-02   2.7390919e-02   2.8020068e-02   2.7917292e-02   2.7831866e-02
  -2.2050000e+01   9.6966248e-03   9.6840719e-03   9.8407645e-03   1.0456589e-02   1.2738158e-02   1.8360684e-02   2.4541284e-02   2.7328887e-02   2.8013175e-02   2.7918566e-02   2.7832880e-02
  -2.1600000e+01   9.3946237e-03   9.3925270e-03   9.4990598e-03   1.0150866e-02   1.2559071e-02   1.8205987e-02   2.4361627e-02   2.7267583e-02   2.8006373e-02   2.7919812e-02   2.7833873e-02
  -2.1150000e+01   9.0922313e-03   9.0950889e-03   9.1754243e-03   9.8690840e-03   1.2406845e-02   1.8067610e-02   2.4185640e-02   2.7207040e-02   2.7999667e-02   2.7921029e-02   2.7834846e-02
  -2.0700000e+01   8.7901270e-03   8.7948925e-03   8.8665715e-03   9.6130960e-03   1.2282318e-02   1.7945337e-02   2.4013380e-02   2.7147287e-02   2.7993059e-02   2.7922219e-02   2.7835799e-02
  -2.0250000e+01   8.4883609e-03   8.4942278e-03   8.5708258e-03   9.3848987e-03   1.2186291e-02   1.7838919e-02   2.3844897e-02   2.7088357e-02   2.7986552e-02   2.7923380e-02   2.7836731e-02
  -1.9800000e+01   8.1859659e-03   8.1934355e-03   8.2885410e-03   9.1866305e-03   1.2119512e-02   1.7748070e-02   2.3680237e-02   2.7030278e-02   2.7980148e-02   2.7924514e-02   2.7837642e-02
  -1.9350000e+01   7.8658331e-03   7.8919736e-03   8.0223237e-03   9.0205634e-03   1.2082667e-02   1.7672468e-02   2.3519441e-02   2.6973081e-02   2.7973850e-02   2.7925620e-02   2.7838533e-02
  -1.8900000e+01   7.3493988e-03   7.5877703e-03   7.7777044e-03   8.8890885e-03   1.2076365e-02   1.7611758e-02   2.3362543e-02   2.6916794e-02   2.7967661e-02   2.7926699e-02   2.7839403e-02
  -1.8450000e+01   6.7455836e-03   7.2743114e-03   7.5641217e-03   8.7946962e-03   1.2101122e-02   1.7565550e-02   2.3209572e-02   2.6861445e-02   2.7961583e-02   2.7927751e-02   2.7840252e-02
  -1.8000000e+01   6.6690529e-03   6.9452487e-03   7.3948563e-03   8.7399490e-03   1.2157353e-02   1.7533420e-02   2.3060554e-02   2.6807062e-02   2.7955619e-02   2.7928775e-02   2.7841081e-02
  -1.7550000e+01   6.6666748e-03   6.7002545e-03   7.2836722e-03   8.7274481e-03   1.2245354e-02   1.7514911e-02   2.2915508e-02   2.6753671e-02   2.7949771e-02   2.7929773e-02   2.7841890e-02
  -1.7100000e+01   6.6671489e-03   6.7537907e-03   7.2382708e-03   8.7597929e-03   1.2365291e-02   1.7509533e-02   2.2774450e-02   2.6701299e-02   2.7944041e-02   2.7930743e-02   2.7842678e-02
  -1.6650000e+01   6.6790815e-03   6.9297734e-03   7.2559690e-03   8.8395332e-03   1.2517189e-02   1.7516765e-02   2.2637390e-02   2.6649971e-02   2.7938432e-02   2.7931687e-02   2.7843445e-02
  -1.6200000e+01   6.8260800e-03   7.0944566e-03   7.3265550e-03   8.9691149e-03   1.2700917e-02   1.7536057e-02   2.2504335e-02   2.6599712e-02   2.7932946e-02   2.7932604e-02   2.7844192e-02
  -1.5750000e+01   7.1806120e-03   7.2492619e-03   7.4391683e-03   9.1508186e-03   1.2916181e-02   1.7566827e-02   2.2375287e-02   2.6550546e-02   2.7927585e-02   2.7933495e-02   2.7844918e-02
  -1.5300000e+01   7.3910058e-03   7.4011317e-03   7.5870530e-03   9.3866927e-03   1.3162512e-02   1.7608469e-02   2.2250246e-02   2.6502497e-02   2.7922351e-02   2.7934359e-02   2.7845624e-02
  -1.4850000e+01   7.5481181e-03   7.5523179e-03   7.7689057e-03   9.6784813e-03   1.3439258e-02   1.7660348e-02   2.2129206e-02   2.6455588e-02   2.7917247e-02   2.7935197e-02   2.7846309e-02
  -1.4400000e+01   7.7126222e-03   7.7033700e-03   7.9891338e-03   1.0027550e-02   1.3745577e-02   1.7721805e-02   2.2012159e-02   2.6409840e-02   2.7912273e-02   2.7936009e-02   2.7846974e-02
  -1.3950000e+01   7.9950373e-03   7.8523870e-03   8.2589899e-03   1.0434808e-02   1.4080434e-02   1.7792160e-02   2.1899094e-02   2.6365277e-02   2.7907433e-02   2.7936795e-02   2.7847618e-02
  -1.3500000e+01   8.2942821e-03   7.9876919e-03   8.5985779e-03   1.0900642e-02   1.4442592e-02   1.7870711e-02   2.1789997e-02   2.6321918e-02   2.7902728e-02   2.7937554e-02   2.7848242e-02
  -1.3050000e+01   8.3318972e-03   8.0840201e-03   9.0368507e-03   1.1424844e-02   1.4830617e-02   1.7956737e-02   2.1684851e-02   2.6279784e-02   2.7898160e-02   2.7938288e-02   2.7848845e-02
  -1.2600000e+01   8.3332856e-03   8.2798536e-03   9.6044194e-03   1.2006561e-02   1.5242872e-02   1.8049502e-02   2.1583636e-02   2.6238895e-02   2.7893730e-02   2.7938996e-02   2.7849428e-02
  -1.2150000e+01   8.3350381e-03   9.0959144e-03   1.0318492e-02   1.2644250e-02   1.5677524e-02   1.8148256e-02   2.1486331e-02   2.6199269e-02   2.7889441e-02   2.7939679e-02   2.7849990e-02
  -1.1700000e+01   8.3821082e-03   1.0338137e-02   1.1171419e-02   1.3335659e-02   1.6132547e-02   1.8252238e-02   2.1392913e-02   2.6160925e-02   2.7885293e-02   2.7940335e-02   2.7850532e-02
  -1.1250000e+01   9.1190777e-03   1.1605035e-02   1.2135366e-02   1.4077819e-02   1.6605729e-02   1.8360678e-02   2.1303357e-02   2.6123880e-02   2.7881289e-02   2.7940967e-02   2.7851053e-02
  -1.0800000e+01   1.1972146e-02   1.2842773e-02   1.3177632e-02   1.4867054e-02   1.7094681e-02   1.8472800e-02   2.1217635e-02   2.6088152e-02   2.7877430e-02   2.7941573e-02   2.7851554e-02
  -1.0350000e+01   1.3938297e-02   1.4063079e-02   1.4271849e-02   1.5699016e-02   1.7596848e-02   1.8587825e-02   2.1135720e-02   2.6053757e-02   2.7873717e-02   2.7942153e-02   2.7852035e-02
  -9.9000000e+00   1.5234935e-02   1.5276462e-02   1.5400365e-02   1.6568720e-02   1.8109523e-02   1.8704974e-02   2.1057584e-02   2.6020710e-02   2.7870152e-02   2.7942708e-02   2.7852495e-02
  -9.4500000e+00   1.6573488e-02   1.6491452e-02   1.6552061e-02   1.7470607e-02   1.8629864e-02   1.8823473e-02   2.0983196e-02   2.5989027e-02   2.7866737e-02   2.7943238e-02   2.7852934e-02
  -9.0000000e+00   1.8891272e-02   1.7716446e-02   1.7719713e-02   1.8398605e-02   1.9154911e-02   1.8942550e-02   2.0912527e-02   2.5958721e-02   2.7863471e-02   2.7943743e-02   2.7853353e-02
  -8.5500000e+00   2.1326973e-02   1.8956261e-02   1.8898242e-02   1.9346196e-02   1.9681603e-02   1.9061446e-02   2.0845546e-02   2.5929808e-02   2.7860357e-02   2.7944223e-02   2.7853752e-02
  -8.1000000e+00   2.1652787e-02   2.0188646e-02   2.0083741e-02   2.0306491e-02   2.0206804e-02   1.9179412e-02   2.0782224e-02   2.5902298e-02   2.7857396e-02   2.7944678e-02   2.7854130e-02
  -7.6500000e+00   2.1666403e-02   2.1321964e-02   2.1272915e-02   2.1272305e-02   2.0727321e-02   1.9295715e-02   2.0722528e-02   2.5876206e-02   2.7854589e-02   2.7945108e-02   2.7854487e-02
  -7.2000000e+00   2.1667663e-02   2.2376863e-02   2.2462706e-02   2.2236232e-02   2.1239935e-02   1.9409641e-02   2.0666431e-02   2.5851542e-02   2.7851937e-02   2.7945513e-02   2.7854824e-02
  -6.7500000e+00   2.1698107e-02   2.3550099e-02   2.3650023e-02   2.3190720e-02   2.1741416e-02   1.9520496e-02   2.0613901e-02   2.5828318e-02   2.7849441e-02   2.7945893e-02   2.7855141e-02
  -6.3000000e+00   2.2241637e-02   2.4791336e-02   2.4831515e-02   2.4128152e-02   2.2228560e-02   1.9627612e-02   2.0564911e-02   2.5806544e-02   2.7847101e-02   2.7946249e-02   2.7855437e-02
  -5.8500000e+00   2.4976772e-02   2.6030116e-02   2.6003307e-02   2.5040922e-02   2.2698208e-02   1.9730349e-02   2.0519433e-02   2.5786229e-02   2.7844919e-02   2.7946580e-02   2.7855713e-02
  -5.4000000e+00   2.7119886e-02   2.7254589e-02   2.7160578e-02   2.5921514e-02   2.3147273e-02   1.9828095e-02   2.0477440e-02   2.5767383e-02   2.7842895e-02   2.7946886e-02   2.7855969e-02
  -4.9500000e+00   2.8445130e-02   2.8470852e-02   2.8296841e-02   2.6762584e-02   2.3572771e-02   1.9920272e-02   2.0438907e-02   2.5750014e-02   2.7841031e-02   2.7947167e-02   2.7856204e-02
  -4.5000000e+00   2.9791957e-02   2.9688273e-02   2.9402599e-02   2.7557038e-02   2.3971844e-02   2.0006339e-02   2.0403809e-02   2.5734129e-02   2.7839327e-02   2.7947424e-02   2.7856418e-02
  -4.0500000e+00   3.2101848e-02   3.0918378e-02   3.0463005e-02   2.8298117e-02   2.4341784e-02   2.0085793e-02   2.0372126e-02   2.5719737e-02   2.7837783e-02   2.7947656e-02   2.7856612e-02
  -3.6000000e+00   3.4613515e-02   3.2176859e-02   3.1454742e-02   2.8979468e-02   2.4680061e-02   2.0158169e-02   2.0343835e-02   2.5706842e-02   2.7836399e-02   2.7947864e-02   2.7856786e-02
  -3.1500000e+00   3.4982606e-02   3.3467802e-02   3.2344610e-02   2.9595222e-02   2.4984341e-02   2.0223048e-02   2.0318918e-02   2.5695451e-02   2.7835178e-02   2.7948047e-02   2.7856939e-02
  -2.7000000e+00   3.4999621e-02   3.4616444e-02   3.3095179e-02   3.0140061e-02   2.5252513e-02   2.0280053e-02   2.0297358e-02   2.5685568e-02   2.7834118e-02   2.7948206e-02   2.7857072e-02
  -2.2500000e+00   3.5000030e-02   3.5089847e-02   3.3680188e-02   3.0609273e-02   2.5482705e-02   2.0328856e-02   2.0279141e-02   2.5677199e-02   2.7833221e-02   2.7948340e-02   2.7857184e-02
  -1.8000000e+00   3.5000006e-02   3.5060176e-02   3.4099605e-02   3.0998805e-02   2.5673302e-02   2.0369174e-02   2.0264254e-02   2.5670346e-02   2.7832487e-02   2.7948450e-02   2.7857276e-02
  -1.3500000e+00   3.5000001e-02   3.5013959e-02   3.4378417e-02   3.1305299e-02   2.5822961e-02   2.0400775e-02   2.0252686e-02   2.5665013e-02   2.7831915e-02   2.7948536e-02   2.7857348e-02
  -9.0000000e-01   3.5000000e-02   3.5001744e-02   3.4550349e-02   3.1526119e-02   2.5930625e-02   2.0423478e-02   2.0244429e-02   2.5661202e-02   2.7831507e-02   2.7948597e-02   2.7857399e-02
  -4.5000000e-01   3.5000000e-02   3.4999785e-02   3.4642908e-02   3.1659371e-02   2.5995530e-02   2.0437152e-02   2.0239477e-02   2.5658915e-02   2.7831262e-02   2.7948633e-02   2.7857429e-02
   0.0000000e+00   3.5000000e-02   3.4999625e-02   3.4672082e-02   3.1703916e-02   2.6017216e-02   2.0441718e-02   2.0237827e-02   2.5658152e-02   2.7831180e-02   2.7948646e-02   2.7857440e-02
   4.5000000e-01   3.5000000e-02   3.4999785e-02   3.4642908e-02   3.1659371e-02   2.5995530e-02   2.0437152e-02   2.0239477e-02   2.5658915e-02   2.7831262e-02   2.7948633e-02   2.7857429e-02
   9.0000000e-01   3.5000000e-02   3.5001744e-02   3.4550349e-02   3.1526119e-02   2.5930625e-02   2.0423478e-02   2.0244429e-02   2.5661202e-02   2.7831507e-02   2.7948597e-02   2.7857399e-02
   1.3500000e+00   3.5000001e-02   3.5013959e-02   3.4378417e-02   3.1305299e-02   2.5822961e-02   2.0400775e-02   2.0252686e-02   2.5665013e-02   2.7831915e-02   2.7948536e-02   2.7857348e-02
   1.8000000e+00   3.5000006e-02   3.5060176e-02   3.4099605e-02   3.0998805e-02   2.5673302e-02   2.0369174e-02   2.0264254e-02   2.5670346e-02   2.7832487e-02   2.7948450e-02   2.7857276e-02
   2.2500000e+00   3.5000030e-02   3.5089847e-02   3.3680188e-02   3.0609273e-02   2.5482705e-02   2.0328856e-02   2.0279141e-02   2.5677199e-02   2.7833221e-02   2.7948340e-02   2.7857184e-02
   2.7000000e+00   3.4999621e-02   3.4616444e-02   3.3095179e-02   3.0140061e-02   2.5252513e-02   2.0280053e-02   2.0297358e-02   2.5685568e-02   2.7834118e-02   2.7948206e-02   2.7857072e-02
   3.1500000e+00   3.4982606e-02   3.3467802e-02   3.2344610e-02   2.9595222e-02   2.4984341e-02   2.0223048e-02   2.0318918e-02   2.5695451e-02   2.7835178e-02   2.7948047e-02   2.7856939e-02
   3.6000000e+00   3.4613515e-02   3.2176859e-02   3.1454742e-02   2.8979468e-02   2.4680061e-02   2.0158169e-02   2.0343835e-02   2.5706842e-02   2.7836399e-02   2.7947864e-02   2.7856786e-02
   4.0500000e+00   3.2101848e-02   3.0918378e-02   3.0463005e-02   2.8298117e-02   2.4341784e-02   2.0085793e-02   2.0372126e-02   2.5719737e-02   2.7837783e-02   2.7947656e-02   2.7856612e-02
   4.5000000e+00   2.9791957e-02   2.9688273e-02   2.9402599e-02   2.7557038e-02   2.3971844e-02   2.0006339e-02   2.0403809e-02   2.5734129e-02   2.7839327e-02   2.7947424e-02   2.7856418e-02
   4.9500000e+00   2.8445130e-02   2.8470852e-02   2.8296841e-02   2.6762584e-02   2.3572771e-02   1.9920272e-02   2.0438907e-02   2.5750014e-02   2.7841031e-02   2.7947167e-02   2.7856204e-02
   5.4000000e+00   2.7119886e-02   2.7254589e-02   2.7160578e-02   2.5921514e-02   2.3147273e-02   1.9828095e-02   2.0477440e-02   2.5767383e-02   2.7842895e-02   2.7946886e-02   2.7855969e-02
   5.8500000e+00   2.4976772e-02   2.6030116e-02   2.6003307e-02   2.5040922e-02   2.2698208e-02   1.9730349e-02   2.0519433e-02   2.5786229e-02   2.7844919e-02   2.7946580e-02   2.7855713e-02
   6.3000000e+00   2.2241637e-02   2.4791336e-02   2.4831515e-02   2.4128152e-02   2.2228560e-02   1.9627612e-02   2.0564911e-02   2.5806544e-02   2.7847101e-02   2.7946249e-02   2.7855437e-02
   6.7500000e+00   2.1698107e-02   2.3550099e-02   2.3650023e-02   2.3190720e-02   2.1741416e-02   1.9520496e-02   2.0613901e-02   2.5828318e-02   2.7849441e-02   2.7945893e-02   2.7855141e-02
   7.2000000e+00   2.1667663e-02   2.2376863e-02   2.2462706e-02   2.2236232e-02   2.1239935e-02   1.9409641e-02   2.0666431e-02   2.5851542e-02   2.7851937e-02   2.7945513e-02   2.7854824e-02
   7.6500000e+00   2.1666403e-02   2.1321964e-02   2.1272915e-02   2.1272305e-02   2.0727321e-02   1.9295715e-02   2.0722528e-02   2.5876206e-02   2.7854589e-02   2.7945108e-02   2.7854487e-02
   8.1000000e+00   2.1652787e-02   2.0188646e-02   2.0083741e-02   2.0306491e-02   2.0206804e-02   1.9179412e-02   2.0782224e-02   2.5902298e-02   2.7857396e-02   2.7944678e-02   2.7854130e-02
   8.5500000e+00   2.1326973e-02   1.8956261e-02   1.8898242e-02   1.9346196e-02   1.9681603e-02   1.9061446e-02   2.0845546e-02   2.5929808e-02   2.7860357e-02   2.7944223e-02   2.7853752e-02
   9.0000000e+00   1.8891272e-02   1.7716446e-02   1.7719713e-02   1.8398605e-02   1.9154911e-02   1.8942550e-02   2.0912527e-02   2.5958721e-02   2.7863471e-02   2.7943743e-02   2.7853353e-02
   9.4500000e+00   1.6573488e-02   1.6491452e-02   1.6552061e-02   1.7470607e-02   1.8629864e-02   1.8823473e-02   2.0983196e-02   2.5989027e-02   2.7866737e-02   2.7943238e-02   2.7852934e-02
   9.9000000e+00   1.5234935e-02   1.5276462e-02   1.5400365e-02   1.6568720e-02   1.8109523e-02   1.8704974e-02   2.1057584e-02   2.6020710e-02   2.7870152e-02   2.7942708e-02   2.7852495e-02
   1.0350000e+01   1.3938297e-02   1.4063079e-02   1.4271849e-02   1.5699016e-02   1.7596848e-02   1.8587825e-02   2.1135720e-02   2.6053757e-02   2.7873717e-02   2.7942153e-02   2.7852035e-02
   1.0800000e+01   1.1972146e-02   1.2842773e-02   1.3177632e-02   1.4867054e-02   1.7094681e-02   1.8472800e-02   2.1217635e-02   2.6088152e-02   2.7877430e-02   2.7941573e-02   2.7851554e-02
   1.1250000e+01   9.1190777e-03   1.1605035e-02   1.2135366e-02   1.4077819e-02   1.6605729e-02   1.8360678e-02   2.1303357e-02   2.6123880e-02   2.7881289e-02   2.7940967e-02   2.7851053e-02
   1.1700000e+01   8.3821082e-03   1.0338137e-02   1.1171419e-02   1.3335659e-02   1.6132547e-02   1.8252238e-02   2.1392913e-02   2.6160925e-02   2.7885293e-02   2.7940335e-02   2.7850532e-02
   1.2150000e+01   8.3350381e-03   9.0959144e-03   1.0318492e-02   1.2644250e-02   1.5677524e-02   1.8148256e-02   2.1486331e-02   2.6199269e-02   2.7889441e-02   2.7939679e-02   2.7849990e-02
   1.2600000e+01   8.3332856e-03   8.2798536e-03   9.6044194e-03   1.2006561e-02   1.5242872e-02   1.8049502e-02   2.1583636e-02   2.6238895e-02   2.7893730e-02   2.7938996e-02   2.7849428e-02
   1.3050000e+01   8.3318972e-03   8.0840201e-03   9.0368507e-03   1.1424844e-02   1.4830617e-02   1.7956737e-02   2.1684851e-02   2.6279784e-02   2.7898160e-02   2.7938288e-02   2.7848845e-02
   1.3500000e+01   8.2942821e-03   7.9876919e-03   8.5985779e-03   1.0900642e-02   1.4442592e-02   1.7870711e-02   2.1789997e-02   2.6321918e-02   2.7902728e-02   2.7937554e-02   2.7848242e-02
   1.3950000e+01   7.9950373e-03   7.8523870e-03   8.2589899e-03   1.0434808e-02   1.4080434e-02   1.7792160e-02   2.1899094e-02   2.6365277e-02   2.7907433e-02   2.7936795e-02   2.7847618e-02
   1.4400000e+01   7.7126222e-03   7.7033700e-03   7.9891338e-03   1.0027550e-02   1.3745577e-02   1.7721805e-02   2.2012159e-02   2.6409840e-02   2.7912273e-02   2.7936009e-02   2.7846974e-02
   1.4850000e+01   7.5481181e-03   7.5523179e-03   7.7689057e-03   9.6784813e-03   1.3439258e-02   1.7660348e-02   2.2129206e-02   2.6455588e-02   2.7917247e-02   2.7935197e-02   2.7846309e-02
   1.5300000e+01   7.3910058e-03   7.4011317e-03   7.5870530e-03   9.3866927e-03   1.3162512e-02   1.7608469e-02   2.2250246e-02   2.6502497e-02   2.7922351e-02   2.7934359e-02   2.7845624e-02
   1.5750000e+01   7.1806120e-03   7.2492619e-03   7.4391683e-03   9.1508186e-03   1.2916181e-02   1.7566827e-02   2.2375287e-02   2.6550546e-02   2.7927585e-02   2.7933495e-02   2.7844918e-02
   1.6200000e+01   6.8260800e-03   7.0944566e-03   7.3265550e-03   8.9691149e-03   1.2700917e-02   1.7536057e-02   2.2504335e-02   2.6599712e-02   2.7932946e-02   2.7932604e-02   2.7844192e-02
   1.6650000e+01   6.6790815e-03   6.9297734e-03   7.2559690e-03   8.8395332e-03   1.2517189e-02   1.7516765e-02   2.2637390e-02   2.6649971e-02   2.7938432e-02   2.7931687e-02   2.7843445e-02
   1.7100000e+01   6.6671489e-03   6.7537907e-03   7.2382708e-03   8.7597929e-03   1.2365291e-02   1.7509533e-02   2.2774450e-02   2.6701299e-02   2.7944041e-02   2.7930743e-02   2.7842678e-02
   1.7550000e+01   6.6666748e-03   6.7002545e-03   7.2836722e-03   8.7274481e-03   1.2245354e-02   1.7514911e-02   2.2915508e-02   2.6753671e-02   2.7949771e-02   2.7929773e-02   2.7841890e-02
   1.8000000e+01   6.6690529e-03   6.9452487e-03   7.3948563e-03   8.7399490e-03   1.2157353e-02   1.7533420e-02   2.3060554e-02   2.6807062e-02   2.7955619e-02   2.7928775e-02   2.7841081e-02
   1.8450000e+01   6.7455836e-03   7.2743114e-03   7.5641217e-03   8.7946962e-03   1.2101122e-02   1.7565550e-02   2.3209572e-02   2.6861445e-02   2.7961583e-02   2.7927751e-02   2.7840252e-02
   1.8900000e+01   7.3493988e-03   7.5877703e-03   7.7777044e-03   8.8890885e-03   1.2076365e-02   1.7611758e-02   2.3362543e-02   2.6916794e-02   2.7967661e-02   2.7926699e-02   2.7839403e-02
   1.9350000e+01   7.8658331e-03   7.8919736e-03   8.0223237e-03   9.0205634e-03   1.2082667e-02   1.7672468e-02   2.3519441e-02   2.6973081e-02   2.7973850e-02   2.7925620e-02   2.7838533e-02
   1.9800000e+01   8.1859659e-03   8.1934355e-03   8.2885410e-03   9.1866305e-03   1.2119512e-02   1.7748070e-02   2.3680237e-02   2.7030278e-02   2.7980148e-02   2.7924514e-02   2.7837642e-02
   2.0250000e+01   8.4883609e-03   8.4942278e-03   8.5708258e-03   9.3848987e-03   1.2186291e-02   1.7838919e-02   2.3844897e-02   2.7088357e-02   2.7986552e-02   2.7923380e-02   2.7836731e-02
   2.0700000e+01   8.7901270e-03   8.7948925e-03   8.8665715e-03   9.6130960e-03   1.2282318e-02   1.7945337e-02   2.4013380e-02   2.7147287e-02   2.7993059e-02   2.7922219e-02   2.7835799e-02
   2.1150000e+01   9.0922313e-03   9.0950889e-03   9.1754243e-03   9.8690840e-03   1.2406845e-02   1.8067610e-02   2.4185640e-02   2.7207040e-02   2.7999667e-02   2.7921029e-02   2.7834846e-02
   2.1600000e+01   9.3946237e-03   9.3925270e-03   9.4990598e-03   1.0150866e-02   1.2559071e-02   1.8205987e-02   2.4361627e-02   2.7267583e-02   2.8006373e-02   2.7919812e-02   2.7833873e-02
   2.2050000e+01   9.6966248e-03   9.6840719e-03   9.8407645e-03   1.0456589e-02   1.2738158e-02   1.8360684e-02   2.4541284e-02   2.7328887e-02   2.8013175e-02   2.7918566e-02   2.7832880e-02
   2.2500000e+01   1.0000000e-02   1.0008119e-02   1.0203955e-02   1.0784545e-02   1.2943242e-02   1.8531880e-02   2.4724547e-02   2.7390919e-02   2.8020068e-02   2.7917292e-02   2.7831866e-02
   2.2950000e+01   1.0453529e-02   1.0438163e-02   1.0589834e-02   1.1133162e-02   1.3173445e-02   1.8719719e-02   2.4911349e-02   2.7453646e-02   2.8027051e-02   2.7915990e-02   2.7830831e-02
   2.3400000e+01   1.0908052e-02   1.0900059e-02   1.0996163e-02   1.1500997e-02   1.3427887e-02   1.8924310e-02   2.5101615e-02   2.7517036e-02   2.8034120e-02   2.7914659e-02   2.7829775e-02
   2.3850000e+01   1.1361653e-02   1.1355458e-02   1.1418508e-02   1.1886723e-02   1.3705694e-02   1.9145727e-02   2.5295263e-02   2.7581055e-02   2.8041273e-02   2.7913299e-02   2.7828699e-02
   2.4300000e+01   1.1814809e-02   1.1807551e-02   1.1852517e-02   1.2289115e-02   1.4006009e-02   1.9384007e-02   2.5492208e-02   2.7645668e-02   2.8048505e-02   2.7911910e-02   2.7827603e-02
   2.4750000e+01   1.2267459e-02   1.2258796e-02   1.2295223e-02   1.2707036e-02   1.4328002e-02   1.9639154e-02   2.5692356e-02   2.7710840e-02   2.8055815e-02   2.7910492e-02   2.7826485e-02
   2.5200000e+01   1.2721051e-02   1.2710020e-02   1.2745202e-02   1.3139420e-02   1.4670876e-02   1.9911137e-02   2.5895607e-02   2.7776536e-02   2.8063198e-02   2.7909044e-02   2.7825347e-02
   2.5650000e+01   1.3201250e-02   1.3161860e-02   1.3202359e-02   1.3585257e-02   1.5033875e-02   2.0199891e-02   2.6101856e-02   2.7842720e-02   2.8070651e-02   2.7907568e-02   2.7824188e-02
   2.6100000e+01   1.3975902e-02   1.3614876e-02   1.3667893e-02   1.4043580e-02   1.5416291e-02   2.0505316e-02   2.6310991e-02   2.7909354e-02   2.8078172e-02   2.7906061e-02   2.7823009e-02
   2.6550000e+01   1.4881622e-02   1.4067529e-02   1.4144463e-02   1.4513452e-02   1.5817469e-02   2.0827280e-02   2.6522894e-02   2.7976402e-02   2.8085756e-02   2.7904524e-02   2.7821809e-02
   2.7000000e+01   1.4996400e-02   1.4511095e-02   1.4636053e-02   1.4993965e-02   1.6236811e-02   2.1165616e-02   2.6737439e-02   2.8043826e-02   2.8093400e-02   2.7902958e-02   2.7820588e-02
   2.7450000e+01   1.4999966e-02   1.4956398e-02   1.5146749e-02   1.5484235e-02   1.6673779e-02   2.1520125e-02   2.6954497e-02   2.8111586e-02   2.8101101e-02   2.7901361e-02   2.7819347e-02
   2.7900000e+01   1.5001957e-02   1.5495213e-02   1.5678445e-02   1.5983409e-02   1.7127900e-02   2.1890574e-02   2.7173929e-02   2.8179645e-02   2.8108855e-02   2.7899733e-02   2.7818085e-02
   2.8350000e+01   1.5049662e-02   1.6105103e-02   1.6229324e-02   1.6490676e-02   1.7598767e-02   2.2276699e-02   2.7395592e-02   2.8247961e-02   2.8116657e-02   2.7898075e-02   2.7816802e-02
   2.8800000e+01   1.5637654e-02   1.6720808e-02   1.6794767e-02   1.7005288e-02   1.8086037e-02   2.2678203e-02   2.7619337e-02   2.8316496e-02   2.8124506e-02   2.7896386e-02   2.7815498e-02
   2.9250000e+01   1.7055781e-02   1.7331082e-02   1.7369596e-02   1.7526584e-02   1.8589435e-02   2.3094755e-02   2.7845009e-02   2.8385207e-02   2.8132396e-02   2.7894666e-02   2.7814174e-02
   2.9700000e+01   1.7897356e-02   1.7937234e-02   1.7949513e-02   1.8054019e-02   1.9108752e-02   2.3525996e-02   2.8072444e-02   2.8454055e-02   2.8140324e-02   2.7892915e-02   2.7812829e-02
   3.0150000e+01   1.8525806e-02   1.8541702e-02   1.8531241e-02   1.8587202e-02   1.9643841e-02   2.3971533e-02   2.8301476e-02   2.8522996e-02   2.8148286e-02   2.7891132e-02   2.7811463e-02
   3.0600000e+01   1.9183822e-02   1.9147231e-02   1.9111986e-02   1.9125924e-02   2.0194616e-02   2.4430940e-02   2.8531931e-02   2.8591988e-02   2.8156277e-02   2.7889318e-02   2.7810077e-02
   3.1050000e+01   2.0313483e-02   1.9757281e-02   1.9688763e-02   1.9670198e-02   2.0761049e-02   2.4903764e-02   2.8763629e-02   2.8660989e-02   2.8164295e-02   2.7887471e-02   2.7808669e-02
   3.1500000e+01   2.1510469e-02   2.0375308e-02   2.0257813e-02   2.0220281e-02   2.1343164e-02   2.5389515e-02   2.8996387e-02   2.8729954e-02   2.8172334e-02   2.7885592e-02   2.7807241e-02
   3.1950000e+01   2.1660977e-02   2.0994232e-02   2.0814514e-02   2.0776698e-02   2.1941033e-02   2.5887678e-02   2.9230012e-02   2.8798841e-02   2.8180391e-02   2.7883681e-02   2.7805792e-02
   3.2400000e+01   2.1666591e-02   2.1553651e-02   2.1354443e-02   2.1340253e-02   2.2554769e-02   2.6397703e-02   2.9464311e-02   2.8867603e-02   2.8188462e-02   2.7881737e-02   2.7804322e-02
   3.2850000e+01   2.1667318e-02   2.2000217e-02   2.1875567e-02   2.1912027e-02   2.3184517e-02   2.6919011e-02   2.9699080e-02   2.8936197e-02   2.8196541e-02   2.7879761e-02   2.7802832e-02
   3.3300000e+01   2.1684959e-02   2.2438955e-02   2.2379840e-02   2.2493360e-02   2.3830451e-02   2.7450993e-02   2.9934116e-02   2.9004576e-02   2.8204626e-02   2.7877751e-02   2.7801320e-02
   3.3750000e+01   2.1961321e-02   2.2897654e-02   2.2872458e-02   2.3085830e-02   2.4492760e-02   2.7993007e-02   3.0169206e-02   2.9072694e-02   2.8212711e-02   2.7875708e-02   2.7799788e-02
   3.4200000e+01   2.3031222e-02   2.3358139e-02   2.3359689e-02   2.3691201e-02   2.5171643e-02   2.8544384e-02   3.0404135e-02   2.9140506e-02   2.8220791e-02   2.7873631e-02   2.7798235e-02
   3.4650000e+01   2.3768528e-02   2.3815294e-02   2.3847461e-02   2.4311374e-02   2.5867294e-02   2.9104424e-02   3.0638683e-02   2.9207962e-02   2.8228863e-02   2.7871520e-02   2.7796661e-02
   3.5100000e+01   2.4254767e-02   2.4270374e-02   2.4341395e-02   2.4948328e-02   2.6579898e-02   2.9672397e-02   3.0872625e-02   2.9275018e-02   2.8236922e-02   2.7869376e-02   2.7795066e-02
   3.5550000e+01   2.4756725e-02   2.4725924e-02   2.4847811e-02   2.5604044e-02   2.7309613e-02   3.0247545e-02   3.1105733e-02   2.9341623e-02   2.8244963e-02   2.7867197e-02   2.7793451e-02
   3.6000000e+01   2.5625894e-02   2.5183777e-02   2.5375309e-02   2.6280445e-02   2.8056563e-02   3.0829081e-02   3.1337774e-02   2.9407730e-02   2.8252981e-02   2.7864983e-02   2.7791814e-02
   3.6450000e+01   2.6539281e-02   2.5639888e-02   2.5936557e-02   2.6979327e-02   2.8820823e-02   3.1416189e-02   3.1568511e-02   2.9473290e-02   2.8260972e-02   2.7862734e-02   2.7790156e-02
   3.6900000e+01   2.6661457e-02   2.6073243e-02   2.6548905e-02   2.7702307e-02   2.9602408e-02   3.2008026e-02   3.1797704e-02   2.9538253e-02   2.8268930e-02   2.7860451e-02   2.7788478e-02
   3.7350000e+01   2.6666552e-02   2.6509716e-02   2.7231057e-02   2.8450778e-02   3.0401261e-02   3.2603724e-02   3.2025111e-02   2.9602571e-02   2.8276852e-02   2.7858132e-02   2.7786779e-02
   3.7800000e+01   2.6667524e-02   2.7238345e-02   2.7994930e-02   2.9225890e-02   3.1217238e-02   3.3202386e-02   3.2250484e-02   2.9666191e-02   2.8284731e-02   2.7855777e-02   2.7785058e-02
   3.8250000e+01   2.6694175e-02   2.8288455e-02   2.8838483e-02   3.0028537e-02   3.2050098e-02   3.3803091e-02   3.2473575e-02   2.9729065e-02   2.8292563e-02   2.7853386e-02   2.7783317e-02
   3.8700000e+01   2.7169766e-02   2.9395103e-02   2.9747242e-02   3.0859374e-02   3.2899491e-02   3.4404896e-02   3.2694131e-02   2.9791140e-02   2.8300344e-02   2.7850959e-02   2.7781555e-02
   3.9150000e+01   2.9563009e-02   3.0484068e-02   3.0702742e-02   3.1718849e-02   3.3764943e-02   3.5006831e-02   3.2911898e-02   2.9852367e-02   2.8308066e-02   2.7848496e-02   2.7779772e-02
   3.9600000e+01   3.1438234e-02   3.1556264e-02   3.1689492e-02   3.2607245e-02   3.4645846e-02   3.5607909e-02   3.3126619e-02   2.9912691e-02   2.8315727e-02   2.7845996e-02   2.7777967e-02
   4.0050000e+01   3.2597822e-02   3.2620588e-02   3.2696907e-02   3.3524736e-02   3.5541453e-02   3.6207119e-02   3.3338036e-02   2.9972063e-02   2.8323319e-02   2.7843459e-02   2.7776142e-02
   4.0500000e+01   3.3776296e-02   3.3685670e-02   3.3718291e-02   3.4471446e-02   3.6450858e-02   3.6803433e-02   3.3545889e-02   3.0030428e-02   2.8330838e-02   2.7840884e-02   2.7774296e-02
   4.0950000e+01   3.5797450e-02   3.4759855e-02   3.4749357e-02   3.5447502e-02   3.7372997e-02   3.7395805e-02   3.3749915e-02   3.0087735e-02   2.8338279e-02   2.7838272e-02   2.7772429e-02
   4.1400000e+01   3.7995159e-02   3.5848152e-02   3.5787259e-02   3.6453077e-02   3.8306637e-02   3.7983176e-02   3.3949851e-02   3.0143929e-02   2.8345636e-02   2.7835622e-02   2.7770540e-02
   4.1850000e+01   3.8318107e-02   3.6932554e-02   3.6830180e-02   3.7488412e-02   3.9250371e-02   3.8564471e-02   3.4145435e-02   3.0198959e-02   2.8352903e-02   2.7832933e-02   2.7768631e-02
   4.2300000e+01   3.8332974e-02   3.7931671e-02   3.7877301e-02   3.8553815e-02   4.0202613e-02   3.9138606e-02   3.4336400e-02   3.0252768e-02   2.8360076e-02   2.7830206e-02   2.7766700e-02
   4.2750000e+01   3.8333885e-02   3.8840557e-02   3.8928885e-02   3.9649633e-02   4.1161599e-02   3.9704485e-02   3.4522482e-02   3.0305305e-02   2.8367147e-02   2.7827440e-02   2.7764749e-02
   4.3200000e+01   3.8353179e-02   3.9852230e-02   3.9986240e-02   4.0776182e-02   4.2125385e-02   4.0261009e-02   3.4703416e-02   3.0356513e-02   2.8374113e-02   2.7824635e-02   2.7762776e-02
   4.3650000e+01   3.8734704e-02   4.0939339e-02   4.1051534e-02   4.1933650e-02   4.3091850e-02   4.0807071e-02   3.4878935e-02   3.0406338e-02   2.8380966e-02   2.7821791e-02   2.7760782e-02
   4.4100000e+01   4.1021586e-02   4.2027234e-02   4.2127723e-02   4.3121970e-02   4.4058698e-02   4.1341565e-02   3.5048776e-02   3.0454726e-02   2.8387701e-02   2.7818906e-02   2.7758767e-02
   4.4550000e+01   4.2992330e-02   4.3101265e-02   4.3218799e-02   4.4340661e-02   4.5023469e-02   4.1863386e-02   3.5212673e-02   3.0501620e-02   2.8394313e-02   2.7815982e-02   2.7756731e-02
   4.5000000e+01   4.4166667e-02   4.4166854e-02   4.4330421e-02   4.5588652e-02   4.5983546e-02   4.2371430e-02   3.5370362e-02   3.0546967e-02   2.8400794e-02   2.7813017e-02   2.7754674e-02
   4.5450000e+01   4.5341003e-02   4.5232283e-02   4.5471101e-02   4.6864097e-02   4.6936164e-02   4.2864601e-02   3.5521581e-02   3.0590708e-02   2.8407140e-02   2.7810011e-02   2.7752595e-02
   4.5900000e+01   4.7311747e-02   4.6304355e-02   4.6654329e-02   4.8164203e-02   4.7878428e-02   4.3341813e-02   3.5666069e-02   3.0632790e-02   2.8413344e-02   2.7806965e-02   2.7750496e-02
   4.6350000e+01   4.9598629e-02   4.7380035e-02   4.7901507e-02   4.9485063e-02   4.8807323e-02   4.3801992e-02   3.5803565e-02   3.0673155e-02   2.8419401e-02   2.7803876e-02   2.7748375e-02
   4.6800000e+01   4.9980148e-02   4.8420927e-02   4.9243539e-02   5.0821539e-02   4.9719737e-02   4.4244077e-02   3.5933811e-02   3.0711747e-02   2.8425303e-02   2.7800746e-02   2.7746233e-02
   4.7250000e+01   4.9999418e-02   4.9402929e-02   5.0715847e-02   5.2167185e-02   5.0612476e-02   4.4667027e-02   3.6056551e-02   3.0748510e-02   2.8431045e-02   2.7797574e-02   2.7744070e-02
   4.7700000e+01   5.0000739e-02   5.0785217e-02   5.2343278e-02   5.3514240e-02   5.1482287e-02   4.5069822e-02   3.6171531e-02   3.0783386e-02   2.8436620e-02   2.7794360e-02   2.7741885e-02
   4.8150000e+01   5.0032620e-02   5.2932974e-02   5.4123539e-02   5.4853689e-02   5.2325878e-02   4.5451466e-02   3.6278500e-02   3.0816319e-02   2.8442022e-02   2.7791103e-02   2.7739679e-02
   4.8600000e+01   5.0724659e-02   5.5308307e-02   5.6025758e-02   5.6175404e-02   5.3139945e-02   4.5810989e-02   3.6377209e-02   3.0847252e-02   2.8447245e-02   2.7787802e-02   2.7737452e-02
   4.9050000e+01   5.5434035e-02   5.7655048e-02   5.8005386e-02   5.7468364e-02   5.3921191e-02   4.6147451e-02   3.6467413e-02   3.0876128e-02   2.8452282e-02   2.7784458e-02   2.7735204e-02
   4.9500000e+01   5.9765080e-02   5.9959241e-02   6.0019155e-02   5.8720936e-02   5.4666350e-02   4.6459946e-02   3.6548869e-02   3.0902889e-02   2.8457126e-02   2.7781070e-02   2.7732934e-02
   4.9950000e+01   6.2290382e-02   6.2241550e-02   6.2029537e-02   5.9921225e-02   5.5372217e-02   4.6747601e-02   3.6621338e-02   3.0927478e-02   2.8461772e-02   2.7777638e-02   2.7730643e-02
   5.0400000e+01   6.4775213e-02   6.4522153e-02   6.4000669e-02   6.1057457e-02   5.6035662e-02   4.7009583e-02   3.6684585e-02   3.0949838e-02   2.8466212e-02   2.7774161e-02   2.7728330e-02
   5.0850000e+01   6.8793552e-02   6.6821737e-02   6.5890153e-02   6.2118377e-02   5.6653660e-02   4.7245099e-02   3.6738378e-02   3.0969910e-02   2.8470440e-02   2.7770640e-02   2.7725996e-02
   5.1300000e+01   7.3921931e-02   6.9169531e-02   6.7639257e-02   6.3093651e-02   5.7223312e-02   4.7453397e-02   3.6782491e-02   3.0987637e-02   2.8474448e-02   2.7767073e-02   2.7723641e-02
   5.1750000e+01   7.4941061e-02   7.1599645e-02   6.9166322e-02   6.3974222e-02   5.7741862e-02   4.7633773e-02   3.6816701e-02   3.1002962e-02   2.8478231e-02   2.7763460e-02   2.7721265e-02
   5.2200000e+01   7.4998204e-02   7.3917100e-02   7.0375454e-02   6.4752615e-02   5.8206717e-02   4.7785567e-02   3.6840789e-02   3.1015827e-02   2.8481780e-02   2.7759801e-02   2.7718866e-02
   5.2650000e+01   7.4999914e-02   7.4922995e-02   7.1190773e-02   6.5423171e-02   5.8615467e-02   4.7908171e-02   3.6854542e-02   3.1026173e-02   2.8485090e-02   2.7756096e-02   2.7716447e-02
   5.3100000e+01   7.4991351e-02   7.4272065e-02   7.1598627e-02   6.5982173e-02   5.8965899e-02   4.8001027e-02   3.6857752e-02   3.1033944e-02   2.8488153e-02   2.7752344e-02   2.7714006e-02
   5.3550000e+01   7.4787695e-02   7.3357863e-02   7.1655666e-02   6.6427878e-02   5.9256007e-02   4.8063627e-02   3.6850215e-02   3.1039081e-02   2.8490963e-02   2.7748545e-02   2.7711544e-02
   5.4000000e+01   7.3265379e-02   7.2538842e-02   7.1453241e-02   6.6760443e-02   5.9484008e-02   4.8095522e-02   3.6831733e-02   3.1041527e-02   2.8493511e-02   2.7744698e-02   2.7709060e-02
   5.4450000e+01   7.1816763e-02   7.1765516e-02   7.1076371e-02   6.6981753e-02   5.9648351e-02   4.8096312e-02   3.6802114e-02   3.1041224e-02   2.8495791e-02   2.7740803e-02   2.7706554e-02
   5.4900000e+01   7.0980167e-02   7.1005568e-02   7.0586533e-02   6.7095167e-02   5.9747719e-02   4.8065658e-02   3.6761171e-02   3.1038114e-02   2.8497796e-02   2.7736860e-02   2.7704027e-02
   5.5350000e+01   7.0169769e-02   7.0247447e-02   7.0024060e-02   6.7105196e-02   5.9781041e-02   4.8003275e-02   3.6708724e-02   3.1032140e-02   2.8499518e-02   2.7732868e-02   2.7701479e-02
   5.5800000e+01   6.8940925e-02   6.9485243e-02   6.9416248e-02   6.7017146e-02   5.9747492e-02   4.7908937e-02   3.6644599e-02   3.1023244e-02   2.8500950e-02   2.7728827e-02   2.7698909e-02
   5.6250000e+01   6.7157757e-02   6.8714133e-02   6.8784098e-02   6.6836745e-02   5.9646495e-02   4.7782476e-02   3.6568627e-02   3.1011369e-02   2.8502084e-02   2.7724736e-02   2.7696317e-02
   5.6700000e+01   6.6697152e-02   6.7933083e-02   6.8146306e-02   6.6569780e-02   5.9477721e-02   4.7623780e-02   3.6480647e-02   3.0996457e-02   2.8502914e-02   2.7720595e-02   2.7693704e-02
   5.7150000e+01   6.6667740e-02   6.7174454e-02   6.7520190e-02   6.6221756e-02   5.9241091e-02   4.7432799e-02   3.6380503e-02   3.0978451e-02   2.8503431e-02   2.7716404e-02   2.7691069e-02
   5.7600000e+01   6.6666599e-02   6.6572336e-02   6.6919122e-02   6.5797621e-02   5.8936771e-02   4.7209537e-02   3.6268047e-02   3.0957295e-02   2.8503629e-02   2.7712162e-02   2.7688412e-02
   5.8050000e+01   6.6662395e-02   6.6131538e-02   6.6348260e-02   6.5301544e-02   5.8565169e-02   4.6954059e-02   3.6143138e-02   3.0932930e-02   2.8503498e-02   2.7707868e-02   2.7685734e-02
   5.8500000e+01   6.6549518e-02   6.5689493e-02   6.5803244e-02   6.4736764e-02   5.8126933e-02   4.6666486e-02   3.6005642e-02   3.0905302e-02   2.8503033e-02   2.7703523e-02   2.7683034e-02
   5.8950000e+01   6.5651779e-02   6.5233241e-02   6.5273644e-02   6.4105526e-02   5.7622946e-02   4.6346994e-02   3.5855431e-02   3.0874352e-02   2.8502224e-02   2.7699126e-02   2.7680313e-02
   5.9400000e+01   6.4804533e-02   6.4776985e-02   6.4747458e-02   6.3409077e-02   5.7054318e-02   4.5995819e-02   3.5692385e-02   3.0840025e-02   2.8501064e-02   2.7694676e-02   2.7677570e-02
   5.9850000e+01   6.4311021e-02   6.4322867e-02   6.4212974e-02   6.2647748e-02   5.6422385e-02   4.5613249e-02   3.5516393e-02   3.0802264e-02   2.8499546e-02   2.7690173e-02   2.7674804e-02
   6.0300000e+01   6.3839684e-02   6.3869429e-02   6.3657844e-02   6.1821077e-02   5.5728700e-02   4.5199625e-02   3.5327349e-02   3.0761014e-02   2.8497661e-02   2.7685617e-02   2.7672018e-02
   6.0750000e+01   6.3208503e-02   6.3415746e-02   6.3066357e-02   6.0927988e-02   5.4975026e-02   4.4755342e-02   3.5125155e-02   3.0716218e-02   2.8495402e-02   2.7681007e-02   2.7669209e-02
   6.1200000e+01   6.2144907e-02   6.2965870e-02   6.2415543e-02   5.9967006e-02   5.4163331e-02   4.4280846e-02   3.4909723e-02   3.0667822e-02   2.8492759e-02   2.7676342e-02   2.7666379e-02
   6.1650000e+01   6.1703916e-02   6.2542195e-02   6.1671655e-02   5.8936476e-02   5.3295780e-02   4.3776633e-02   3.4680971e-02   3.0615770e-02   2.8489727e-02   2.7671623e-02   2.7663527e-02
   6.2100000e+01   6.1668159e-02   6.2168122e-02   6.0791901e-02   5.7834797e-02   5.2374723e-02   4.3243247e-02   3.4438824e-02   3.0560007e-02   2.8486295e-02   2.7666849e-02   2.7660653e-02
   6.2550000e+01   6.1666582e-02   6.1476234e-02   5.9737493e-02   5.6660646e-02   5.1402693e-02   4.2681276e-02   3.4183218e-02   3.0500479e-02   2.8482457e-02   2.7662019e-02   2.7657757e-02
   6.3000000e+01   6.1652316e-02   5.9878941e-02   5.8493858e-02   5.5413179e-02   5.0382390e-02   4.2091357e-02   3.3914093e-02   3.0437131e-02   2.8478203e-02   2.7657133e-02   2.7654839e-02
   6.3450000e+01   6.1193160e-02   5.7986427e-02   5.7079225e-02   5.4092208e-02   4.9316671e-02   4.1474167e-02   3.3631401e-02   3.0369909e-02   2.8473526e-02   2.7652190e-02   2.7651899e-02
   6.3900000e+01   5.7570274e-02   5.6134364e-02   5.5531582e-02   5.2698353e-02   4.8208541e-02   4.0830424e-02   3.3335099e-02   3.0298761e-02   2.8468417e-02   2.7647190e-02   2.7648938e-02
   6.4350000e+01   5.4471668e-02   5.4314514e-02   5.3888545e-02   5.1233155e-02   4.7061139e-02   4.0160884e-02   3.3025154e-02   3.0223632e-02   2.8462867e-02   2.7642133e-02   2.7645954e-02
   6.4800000e+01   5.2550871e-02   5.2506291e-02   5.2176622e-02   4.9699161e-02   4.5877720e-02   3.9466343e-02   3.2701541e-02   3.0144469e-02   2.8456869e-02   2.7637018e-02   2.7642949e-02
   6.5250000e+01   5.0736501e-02   5.0701454e-02   5.0410396e-02   4.8099980e-02   4.4661644e-02   3.8747628e-02   3.2364242e-02   3.0061221e-02   2.8450414e-02   2.7631844e-02   2.7639921e-02
   6.5700000e+01   4.8925905e-02   4.8897306e-02   4.8594873e-02   4.6440304e-02   4.3416359e-02   3.8005600e-02   3.2013248e-02   2.9973835e-02   2.8443494e-02   2.7626611e-02   2.7636872e-02
   6.6150000e+01   4.7113279e-02   4.7095382e-02   4.6726749e-02   4.4725909e-02   4.2145379e-02   3.7241150e-02   3.1648560e-02   2.9882258e-02   2.8436099e-02   2.7621319e-02   2.7633800e-02
   6.6600000e+01   4.5298920e-02   4.5307048e-02   4.4794440e-02   4.2963620e-02   4.0852271e-02   3.6455198e-02   3.1270183e-02   2.9786441e-02   2.8428221e-02   2.7615967e-02   2.7630706e-02
   6.7050000e+01   4.3486304e-02   4.3547944e-02   4.2779835e-02   4.1161252e-02   3.9540631e-02   3.5648688e-02   3.0878135e-02   2.9686333e-02   2.8419851e-02   2.7610555e-02   2.7627591e-02
   6.7500000e+01   4.1666665e-02   4.1626071e-02   4.0665810e-02   3.9327519e-02   3.8214068e-02   3.4822588e-02   3.0472438e-02   2.9581881e-02   2.8410981e-02   2.7605082e-02   2.7624453e-02
   6.7950000e+01   3.9096263e-02   3.9174214e-02   3.8448177e-02   3.7471913e-02   3.6876178e-02   3.3977888e-02   3.0053125e-02   2.9473038e-02   2.8401602e-02   2.7599547e-02   2.7621293e-02
   6.8400000e+01   3.6521035e-02   3.6563365e-02   3.6141897e-02   3.5604547e-02   3.5530529e-02   3.3115594e-02   2.9620235e-02   2.9359753e-02   2.8391706e-02   2.7593951e-02   2.7618111e-02
   6.8850000e+01   3.3950633e-02   3.3985260e-02   3.3774812e-02   3.3735971e-02   3.4180637e-02   3.2236731e-02   2.9173817e-02   2.9241978e-02   2.8381282e-02   2.7588292e-02   2.7614907e-02
   6.9300000e+01   3.1382746e-02   3.1423943e-02   3.1376514e-02   3.1876961e-02   3.2829950e-02   3.1342336e-02   2.8713927e-02   2.9119663e-02   2.8370322e-02   2.7582570e-02   2.7611680e-02
   6.9750000e+01   2.8817734e-02   2.8867112e-02   2.8972600e-02   3.0038287e-02   3.1481823e-02   3.0433459e-02   2.8240629e-02   2.8992762e-02   2.8358818e-02   2.7576785e-02   2.7608432e-02
   7.0200000e+01   2.6247377e-02   2.6310358e-02   2.6585692e-02   2.8230460e-02   3.0139505e-02   2.9511159e-02   2.7753994e-02   2.8861226e-02   2.8346760e-02   2.7570936e-02   2.7605161e-02
   7.0650000e+01   2.3526248e-02   2.3748804e-02   2.4240044e-02   2.6463486e-02   2.8806121e-02   2.8576501e-02   2.7254103e-02   2.8725009e-02   2.8334139e-02   2.7565023e-02   2.7601868e-02
   7.1100000e+01   1.9136557e-02   2.1170582e-02   2.1967752e-02   2.4746621e-02   2.7484655e-02   2.7630554e-02   2.6741042e-02   2.8584064e-02   2.8320946e-02   2.7559045e-02   2.7598553e-02
   7.1550000e+01   1.4004134e-02   1.8546045e-02   1.9814818e-02   2.3088145e-02   2.6177936e-02   2.6674392e-02   2.6214908e-02   2.8438346e-02   2.8307171e-02   2.7553001e-02   2.7595215e-02
   7.2000000e+01   1.3353663e-02   1.5862715e-02   1.7841433e-02   2.1495167e-02   2.4888628e-02   2.5709085e-02   2.5675801e-02   2.8287810e-02   2.8292807e-02   2.7546892e-02   2.7591855e-02
   7.2450000e+01   1.3333453e-02   1.3603422e-02   1.6107247e-02   1.9973477e-02   2.3619217e-02   2.4735703e-02   2.5123832e-02   2.8132410e-02   2.8277843e-02   2.7540716e-02   2.7588472e-02
   7.2900000e+01   1.3331342e-02   1.2651388e-02   1.4642655e-02   1.8527446e-02   2.2372006e-02   2.3755312e-02   2.4559119e-02   2.7972104e-02   2.8262269e-02   2.7534472e-02   2.7585068e-02
   7.3350000e+01   1.3283667e-02   1.2161174e-02   1.3430000e-02   1.7159978e-02   2.1149105e-02   2.2768970e-02   2.3981785e-02   2.7806847e-02   2.8246078e-02   2.7528162e-02   2.7581641e-02
   7.3800000e+01   1.2695680e-02   1.1600187e-02   1.2416046e-02   1.5872528e-02   1.9952424e-02   2.1777727e-02   2.3391961e-02   2.7636597e-02   2.8229259e-02   2.7521783e-02   2.7578191e-02
   7.4250000e+01   1.1277552e-02   1.1001169e-02   1.1541443e-02   1.4665174e-02   1.8783678e-02   2.0782621e-02   2.2789787e-02   2.7461312e-02   2.8211803e-02   2.7515336e-02   2.7574719e-02
   7.4700000e+01   1.0435977e-02   1.0396388e-02   1.0760049e-02   1.3536736e-02   1.7644376e-02   1.9784679e-02   2.2175406e-02   2.7280951e-02   2.8193700e-02   2.7508819e-02   2.7571224e-02
   7.5150000e+01   9.8075275e-03   9.7918418e-03   1.0042018e-02   1.2484938e-02   1.6535829e-02   1.8784912e-02   2.1548970e-02   2.7095472e-02   2.8174941e-02   2.7502233e-02   2.7567707e-02
   7.5600000e+01   9.1495111e-03   9.1861865e-03   9.3695174e-03   1.1506598e-02   1.5459145e-02   1.7784315e-02   2.0910638e-02   2.6904835e-02   2.8155516e-02   2.7495576e-02   2.7564168e-02
   7.6050000e+01   8.0198506e-03   8.5760795e-03   8.7323154e-03   1.0597834e-02   1.4415237e-02   1.6783864e-02   2.0260574e-02   2.6709002e-02   2.8135416e-02   2.7488848e-02   2.7560606e-02
   7.6500000e+01   6.8228645e-03   7.9580329e-03   8.1251725e-03   9.7542711e-03   1.3404826e-02   1.5784516e-02   1.9598948e-02   2.6507933e-02   2.8114632e-02   2.7482050e-02   2.7557021e-02
   7.6950000e+01   6.6723558e-03   7.3391031e-03   7.5463052e-03   8.9712433e-03   1.2428445e-02   1.4787206e-02   1.8925936e-02   2.6301590e-02   2.8093152e-02   2.7475179e-02   2.7553414e-02
   7.7400000e+01   6.6667423e-03   6.7796827e-03   6.9955921e-03   8.2439761e-03   1.1486449e-02   1.3792846e-02   1.8241721e-02   2.6089936e-02   2.8070968e-02   2.7468236e-02   2.7549784e-02
   7.7850000e+01   6.6660152e-03   6.3331162e-03   6.4721470e-03   7.5677449e-03   1.0579019e-02   1.2802323e-02   1.7546491e-02   2.5872935e-02   2.8048071e-02   2.7461219e-02   2.7546131e-02
   7.8300000e+01   6.6483744e-03   5.8943805e-03   5.9727107e-03   6.9380041e-03   9.7061744e-03   1.1816499e-02   1.6840438e-02   2.5650550e-02   2.8024449e-02   2.7454129e-02   2.7542456e-02
   7.8750000e+01   6.3720124e-03   5.4356878e-03   5.4923422e-03   6.3504860e-03   8.8677791e-03   1.0836208e-02   1.6123762e-02   2.5422746e-02   2.8000094e-02   2.7446965e-02   2.7538758e-02
   7.9200000e+01   5.3021117e-03   4.9752228e-03   5.0264264e-03   5.8012681e-03   8.0635544e-03   9.8622571e-03   1.5396666e-02   2.5189490e-02   2.7974995e-02   2.7439726e-02   2.7535037e-02
   7.9650000e+01   4.5648053e-03   4.5181174e-03   4.5720280e-03   5.2868121e-03   7.2930885e-03   8.8954232e-03   1.4659358e-02   2.4950746e-02   2.7949143e-02   2.7432411e-02   2.7531294e-02
   8.0100000e+01   4.0785662e-03   4.0631118e-03   4.1281462e-03   4.8039777e-03   6.5558478e-03   7.9364537e-03   1.3912052e-02   2.4706483e-02   2.7922527e-02   2.7425021e-02   2.7527528e-02
   8.0550000e+01   3.5766086e-03   3.6073960e-03   3.6956136e-03   4.3500154e-03   5.8511881e-03   6.9860650e-03   1.3154965e-02   2.4456668e-02   2.7895138e-02   2.7417553e-02   2.7523739e-02
   8.1000000e+01   2.7074396e-03   3.1472352e-03   3.2772691e-03   3.9225424e-03   5.1783672e-03   6.0449418e-03   1.2388320e-02   2.4201271e-02   2.7866965e-02   2.7410009e-02   2.7519927e-02
   8.1450000e+01   1.7940514e-03   2.6778845e-03   2.8784495e-03   3.5195069e-03   4.5365555e-03   5.1137369e-03   1.1612341e-02   2.3940259e-02   2.7837999e-02   2.7402387e-02   2.7516092e-02
   8.1900000e+01   1.6718690e-03   2.2013421e-03   2.5070538e-03   3.1391449e-03   3.9248487e-03   4.1930702e-03   1.0827261e-02   2.3673605e-02   2.7808229e-02   2.7394687e-02   2.7512234e-02
   8.2350000e+01   1.6667578e-03   1.7820869e-03   2.1717524e-03   2.7799334e-03   3.3422787e-03   3.2835287e-03   1.0033311e-02   2.3401278e-02   2.7777646e-02   2.7386908e-02   2.7508354e-02
   8.2800000e+01   1.6665348e-03   1.5530202e-03   1.8779186e-03   2.4405422e-03   2.7878253e-03   2.3856659e-03   9.2307289e-03   2.3123251e-02   2.7746239e-02   2.7379049e-02   2.7504450e-02
   8.3250000e+01   1.6627354e-03   1.4181290e-03   1.6241414e-03   2.1197888e-03   2.2604268e-03   1.5000019e-03   8.4197557e-03   2.2839496e-02   2.7713998e-02   2.7371110e-02   2.7500524e-02
   8.3700000e+01   1.5947952e-03   1.2732522e-03   1.4030224e-03   1.8165975e-03   1.7589906e-03   6.2702314e-04   7.6006345e-03   2.2549987e-02   2.7680912e-02   2.7363090e-02   2.7496574e-02
   8.4150000e+01   1.2529035e-03   1.1209079e-03   1.2053102e-03   1.5299641e-03   1.2824031e-03  -2.3281766e-04   6.7736118e-03   2.2254698e-02   2.7646972e-02   2.7354988e-02   2.7492601e-02
   8.4600000e+01   9.8501421e-04   9.6820555e-04   1.0232834e-03   1.2589273e-03   8.2953866e-04  -1.0791013e-03   5.9389365e-03   2.1953605e-02   2.7612168e-02   2.7346805e-02   2.7488606e-02
   8.5050000e+01   8.1935877e-04   8.1616164e-04   8.5167733e-04   1.0025479e-03   3.9926860e-04  -1.9114418e-03   5.0968601e-03   2.1646683e-02   2.7576488e-02   2.7338539e-02   2.7484587e-02
   8.5500000e+01   6.5100533e-04   6.6397621e-04   6.8717857e-04   7.5989428e-04  -9.5312808e-06  -2.7294866e-03   4.2476365e-03   2.1333909e-02   2.7539923e-02   2.7330190e-02   2.7480545e-02
   8.5950000e+01   3.6226902e-04   5.1050011e-04   5.2769675e-04   5.3003508e-04  -3.9797354e-04  -3.5329157e-03   3.3915214e-03   2.1015262e-02   2.7502462e-02   2.7321757e-02   2.7476480e-02
   8.6400000e+01   4.8310585e-05   3.5494358e-04   3.7187303e-04   3.1203724e-04  -7.6715277e-04  -4.3214415e-03   2.5287724e-03   2.0690718e-02   2.7464095e-02   2.7313239e-02   2.7472392e-02
   8.6850000e+01   2.1742188e-06   1.9931277e-04   2.1883013e-04   1.0496855e-04  -1.1181401e-03  -5.0948082e-03   1.6596489e-03   2.0360259e-02   2.7424811e-02   2.7304636e-02   2.7468281e-02
   8.7300000e+01   4.7439468e-08   5.5431070e-05   6.8069315e-05  -9.2096330e-05  -1.4519785e-03  -5.8527915e-03   7.8441150e-04   2.0023864e-02   2.7384601e-02   2.7295948e-02   2.7464146e-02
   8.7750000e+01  -3.7931147e-09  -4.7837495e-05  -8.0554593e-05  -2.8006779e-04  -1.7696787e-03  -6.5951976e-03  -9.6677741e-05   1.9681515e-02   2.7343453e-02   2.7287173e-02   2.7459988e-02
   8.8200000e+01  -7.7583516e-10  -8.4274650e-05  -2.2681158e-04  -4.5983210e-04  -2.0722160e-03  -7.3218628e-03  -9.8335587e-04   1.9333192e-02   2.7301357e-02   2.7278311e-02   2.7455807e-02
   8.8650000e+01  -9.3217326e-11  -6.9844162e-05  -3.7003719e-04  -6.3224210e-04  -2.3605275e-03  -8.0326525e-03  -1.8753590e-03   1.8978881e-02   2.7258302e-02   2.7269361e-02   2.7451603e-02
   8.9100000e+01  -9.6410814e-12  -4.2834284e-05  -5.0903675e-04  -7.9810839e-04  -2.6355107e-03  -8.7274609e-03  -2.7724228e-03   1.8618563e-02   2.7214279e-02   2.7260322e-02   2.7447375e-02
   8.9550000e+01  -9.3340403e-13  -2.2641313e-05  -6.4195650e-04  -9.5819171e-04  -2.8980214e-03  -9.4062096e-03  -3.6742821e-03   1.8252224e-02   2.7169275e-02   2.7251195e-02   2.7443124e-02
   9.0000000e+01  -8.7297049e-14  -1.1087220e-05  -7.6613798e-04  -1.1131965e-03  -3.1488737e-03  -1.0068847e-02  -4.5806719e-03   1.7879850e-02   2.7123282e-02   2.7241978e-02   2.7438849e-02
