  -9.0000000e+01  -2.1833842e-03
  -8.9550000e+01  -2.1993865e-03
  -8.9100000e+01  -2.2107737e-03
  -8.8650000e+01  -2.2171415e-03
  -8.8200000e+01  -2.2180710e-03
  -8.7750000e+01  -2.2131285e-03
  -8.7300000e+01  -2.2018665e-03
  -8.6850000e+01  -2.1838238e-03
  -8.6400000e+01  -2.1585265e-03
  -8.5950000e+01  -2.1254888e-03
  -8.5500000e+01  -2.0842135e-03
  -8.5050000e+01  -2.0341932e-03
  -8.4600000e+01  -1.9749118e-03
  -8.4150000e+01  -1.9058446e-03
  -8.3700000e+01  -1.8264606e-03
  -8.3250000e+01  -1.7362235e-03
  -8.2800000e+01  -1.6345928e-03
  -8.2350000e+01  -1.5210260e-03
  -8.1900000e+01  -1.3949796e-03
  -8.1450000e+01  -1.2559113e-03
  -8.1000000e+01  -1.1032817e-03
  -8.0550000e+01  -9.3655610e-04
  -8.0100000e+01  -7.5520641e-04
  -7.9650000e+01  -5.5871339e-04
  -7.9200000e+01  -3.4656864e-04
  -7.8750000e+01  -1.1827671e-04
  -7.8300000e+01   1.2664268e-04
  -7.7850000e+01   3.8865239e-04
  -7.7400000e+01   6.6819566e-04
  -7.6950000e+01   9.6569383e-04
  -7.6500000e+01   1.2815441e-03
  -7.6050000e+01   1.6161171e-03
  -7.5600000e+01   1.9697549e-03
  -7.5150000e+01   2.3427688e-03
  -7.4700000e+01   2.7354368e-03
  -7.4250000e+01   3.1480017e-03
  -7.3800000e+01   3.5806691e-03
  -7.3350000e+01   4.0336053e-03
  -7.2900000e+01   4.5069356e-03
  -7.2450000e+01   5.0007418e-03
  -7.2000000e+01   5.5150614e-03
  -7.1550000e+01   6.0498854e-03
  -7.1100000e+01   6.6051569e-03
  -7.0650000e+01   7.1807698e-03
  -7.0200000e+01   7.7765675e-03
  -6.9750000e+01   8.3923422e-03
  -6.9300000e+01   9.0278332e-03
  -6.8850000e+01   9.6827269e-03
  -6.8400000e+01   1.0356656e-02
  -6.7950000e+01   1.1049198e-02
  -6.7500000e+01   1.1759877e-02
  -6.7050000e+01   1.2488163e-02
  -6.6600000e+01   1.3233468e-02
  -6.6150000e+01   1.3995155e-02
  -6.5700000e+01   1.4772528e-02
  -6.5250000e+01   1.5564842e-02
  -6.4800000e+01   1.6371297e-02
  -6.4350000e+01   1.7191041e-02
  -6.3900000e+01   1.8023175e-02
  -6.3450000e+01   1.8866748e-02
  -6.3000000e+01   1.9720762e-02
  -6.2550000e+01   2.0584175e-02
  -6.2100000e+01   2.1455901e-02
  -6.1650000e+01   2.2334809e-02
  -6.1200000e+01   2.3219734e-02
  -6.0750000e+01   2.4109469e-02
  -6.0300000e+01   2.5002775e-02
  -5.9850000e+01   2.5898380e-02
  -5.9400000e+01   2.6794985e-02
  -5.8950000e+01   2.7691263e-02
  -5.8500000e+01   2.8585865e-02
  -5.8050000e+01   2.9477422e-02
  -5.7600000e+01   3.0364549e-02
  -5.7150000e+01   3.1245851e-02
  -5.6700000e+01   3.2119919e-02
  -5.6250000e+01   3.2985344e-02
  -5.5800000e+01   3.3840711e-02
  -5.5350000e+01   3.4684611e-02
  -5.4900000e+01   3.5515639e-02
  -5.4450000e+01   3.6332403e-02
  -5.4000000e+01   3.7133522e-02
  -5.3550000e+01   3.7917635e-02
  -5.3100000e+01   3.8683404e-02
  -5.2650000e+01   3.9429517e-02
  -5.2200000e+01   4.0154691e-02
  -5.1750000e+01   4.0857679e-02
  -5.1300000e+01   4.1537272e-02
  -5.0850000e+01   4.2192301e-02
  -5.0400000e+01   4.2821646e-02
  -4.9950000e+01   4.3424234e-02
  -4.9500000e+01   4.3999045e-02
  -4.9050000e+01   4.4545117e-02
  -4.8600000e+01   4.5061546e-02
  -4.8150000e+01   4.5547491e-02
  -4.7700000e+01   4.6002177e-02
  -4.7250000e+01   4.6424899e-02
  -4.6800000e+01   4.6815019e-02
  -4.6350000e+01   4.7171978e-02
  -4.5900000e+01   4.7495291e-02
  -4.5450000e+01   4.7784548e-02
  -4.5000000e+01   4.8039425e-02
  -4.4550000e+01   4.8259676e-02
  -4.4100000e+01   4.8445138e-02
  -4.3650000e+01   4.8595736e-02
  -4.3200000e+01   4.8711478e-02
  -4.2750000e+01   4.8792459e-02
  -4.2300000e+01   4.8838863e-02
  -4.1850000e+01   4.8850961e-02
  -4.1400000e+01   4.8829110e-02
  -4.0950000e+01   4.8773758e-02
  -4.0500000e+01   4.8685438e-02
  -4.0050000e+01   4.8564771e-02
  -3.9600000e+01   4.8412464e-02
  -3.9150000e+01   4.8229310e-02
  -3.8700000e+01   4.8016182e-02
  -3.8250000e+01   4.7774037e-02
  -3.7800000e+01   4.7503912e-02
  -3.7350000e+01   4.7206920e-02
  -3.6900000e+01   4.6884249e-02
  -3.6450000e+01   4.6537158e-02
  -3.6000000e+01   4.6166974e-02
  -3.5550000e+01   4.5775091e-02
  -3.5100000e+01   4.5362959e-02
  -3.4650000e+01   4.4932088e-02
  -3.4200000e+01   4.4484039e-02
  -3.3750000e+01   4.4020418e-02
  -3.3300000e+01   4.3542874e-02
  -3.2850000e+01   4.3053092e-02
  -3.2400000e+01   4.2552787e-02
  -3.1950000e+01   4.2043698e-02
  -3.1500000e+01   4.1527582e-02
  -3.1050000e+01   4.1006207e-02
  -3.0600000e+01   4.0481349e-02
  -3.0150000e+01   3.9954778e-02
  -2.9700000e+01   3.9428257e-02
  -2.9250000e+01   3.8903534e-02
  -2.8800000e+01   3.8382334e-02
  -2.8350000e+01   3.7866352e-02
  -2.7900000e+01   3.7357245e-02
  -2.7450000e+01   3.6856630e-02
  -2.7000000e+01   3.6366068e-02
  -2.6550000e+01   3.5887069e-02
  -2.6100000e+01   3.5421076e-02
  -2.5650000e+01   3.4969462e-02
  -2.5200000e+01   3.4533527e-02
  -2.4750000e+01   3.4114488e-02
  -2.4300000e+01   3.3713476e-02
  -2.3850000e+01   3.3331532e-02
  -2.3400000e+01   3.2969601e-02
  -2.2950000e+01   3.2628530e-02
  -2.2500000e+01   3.2309060e-02
  -2.2050000e+01   3.2011832e-02
  -2.1600000e+01   3.1737376e-02
  -2.1150000e+01   3.1486114e-02
  -2.0700000e+01   3.1258358e-02
  -2.0250000e+01   3.1054307e-02
  -1.9800000e+01   3.0874054e-02
  -1.9350000e+01   3.0717577e-02
  -1.8900000e+01   3.0584748e-02
  -1.8450000e+01   3.0475334e-02
  -1.8000000e+01   3.0388993e-02
  -1.7550000e+01   3.0325284e-02
  -1.7100000e+01   3.0283670e-02
  -1.6650000e+01   3.0263517e-02
  -1.6200000e+01   3.0264103e-02
  -1.5750000e+01   3.0284620e-02
  -1.5300000e+01   3.0324183e-02
  -1.4850000e+01   3.0381830e-02
  -1.4400000e+01   3.0456534e-02
  -1.3950000e+01   3.0547204e-02
  -1.3500000e+01   3.0652696e-02
  -1.3050000e+01   3.0771816e-02
  -1.2600000e+01   3.0903327e-02
  -1.2150000e+01   3.1045960e-02
  -1.1700000e+01   3.1198416e-02
  -1.1250000e+01   3.1359373e-02
  -1.0800000e+01   3.1527498e-02
  -1.0350000e+01   3.1701448e-02
  -9.9000000e+00   3.1879881e-02
  -9.4500000e+00   3.2061461e-02
  -9.0000000e+00   3.2244861e-02
  -8.5500000e+00   3.2428776e-02
  -8.1000000e+00   3.2611925e-02
  -7.6500000e+00   3.2793055e-02
  -7.2000000e+00   3.2970953e-02
  -6.7500000e+00   3.3144443e-02
  -6.3000000e+00   3.3312399e-02
  -5.8500000e+00   3.3473742e-02
  -5.4000000e+00   3.3627452e-02
  -4.9500000e+00   3.3772566e-02
  -4.5000000e+00   3.3908185e-02
  -4.0500000e+00   3.4033477e-02
  -3.6000000e+00   3.4147680e-02
  -3.1500000e+00   3.4250104e-02
  -2.7000000e+00   3.4340134e-02
  -2.2500000e+00   3.4417233e-02
  -1.8000000e+00   3.4480944e-02
  -1.3500000e+00   3.4530890e-02
  -9.0000000e-01   3.4566777e-02
  -4.5000000e-01   3.4588393e-02
   0.0000000e+00   3.4595613e-02
   4.5000000e-01   3.4588393e-02
   9.0000000e-01   3.4566777e-02
   1.3500000e+00   3.4530890e-02
   1.8000000e+00   3.4480944e-02
   2.2500000e+00   3.4417233e-02
   2.7000000e+00   3.4340134e-02
   3.1500000e+00   3.4250104e-02
   3.6000000e+00   3.4147680e-02
   4.0500000e+00   3.4033477e-02
   4.5000000e+00   3.3908185e-02
   4.9500000e+00   3.3772566e-02
   5.4000000e+00   3.3627452e-02
   5.8500000e+00   3.3473742e-02
   6.3000000e+00   3.3312399e-02
   6.7500000e+00   3.3144443e-02
   7.2000000e+00   3.2970953e-02
   7.6500000e+00   3.2793055e-02
   8.1000000e+00   3.2611925e-02
   8.5500000e+00   3.2428776e-02
   9.0000000e+00   3.2244861e-02
   9.4500000e+00   3.2061461e-02
   9.9000000e+00   3.1879881e-02
   1.0350000e+01   3.1701448e-02
   1.0800000e+01   3.1527498e-02
   1.1250000e+01   3.1359373e-02
   1.1700000e+01   3.1198416e-02
   1.2150000e+01   3.1045960e-02
   1.2600000e+01   3.0903327e-02
   1.3050000e+01   3.0771816e-02
   1.3500000e+01   3.0652696e-02
   1.3950000e+01   3.0547204e-02
   1.4400000e+01   3.0456534e-02
   1.4850000e+01   3.0381830e-02
   1.5300000e+01   3.0324183e-02
   1.5750000e+01   3.0284620e-02
   1.6200000e+01   3.0264103e-02
   1.6650000e+01   3.0263517e-02
   1.7100000e+01   3.0283670e-02
   1.7550000e+01   3.0325284e-02
   1.8000000e+01   3.0388993e-02
   1.8450000e+01   3.0475334e-02
   1.8900000e+01   3.0584748e-02
   1.9350000e+01   3.0717577e-02
   1.9800000e+01   3.0874054e-02
   2.0250000e+01   3.1054307e-02
   2.0700000e+01   3.1258358e-02
   2.1150000e+01   3.1486114e-02
   2.1600000e+01   3.1737376e-02
   2.2050000e+01   3.2011832e-02
   2.2500000e+01   3.2309060e-02
   2.2950000e+01   3.2628530e-02
   2.3400000e+01   3.2969601e-02
   2.3850000e+01   3.3331532e-02
   2.4300000e+01   3.3713476e-02
   2.4750000e+01   3.4114488e-02
   2.5200000e+01   3.4533527e-02
   2.5650000e+01   3.4969462e-02
   2.6100000e+01   3.5421076e-02
   2.6550000e+01   3.5887069e-02
   2.7000000e+01   3.6366068e-02
   2.7450000e+01   3.6856630e-02
   2.7900000e+01   3.7357245e-02
   2.8350000e+01   3.7866352e-02
   2.8800000e+01   3.8382334e-02
   2.9250000e+01   3.8903534e-02
   2.9700000e+01   3.9428257e-02
   3.0150000e+01   3.9954778e-02
   3.0600000e+01   4.0481349e-02
   3.1050000e+01   4.1006207e-02
   3.1500000e+01   4.1527582e-02
   3.1950000e+01   4.2043698e-02
   3.2400000e+01   4.2552787e-02
   3.2850000e+01   4.3053092e-02
   3.3300000e+01   4.3542874e-02
   3.3750000e+01   4.4020418e-02
   3.4200000e+01   4.4484039e-02
   3.4650000e+01   4.4932088e-02
   3.5100000e+01   4.5362959e-02
   3.5550000e+01   4.5775091e-02
   3.6000000e+01   4.6166974e-02
   3.6450000e+01   4.6537158e-02
   3.6900000e+01   4.6884249e-02
   3.7350000e+01   4.7206920e-02
   3.7800000e+01   4.7503912e-02
   3.8250000e+01   4.7774037e-02
   3.8700000e+01   4.8016182e-02
   3.9150000e+01   4.8229310e-02
   3.9600000e+01   4.8412464e-02
   4.0050000e+01   4.8564771e-02
   4.0500000e+01   4.8685438e-02
   4.0950000e+01   4.8773758e-02
   4.1400000e+01   4.8829110e-02
   4.1850000e+01   4.8850961e-02
   4.2300000e+01   4.8838863e-02
   4.2750000e+01   4.8792459e-02
   4.3200000e+01   4.8711478e-02
   4.3650000e+01   4.8595736e-02
   4.4100000e+01   4.8445138e-02
   4.4550000e+01   4.8259676e-02
   4.5000000e+01   4.8039425e-02
   4.5450000e+01   4.7784548e-02
   4.5900000e+01   4.7495291e-02
   4.6350000e+01   4.7171978e-02
   4.6800000e+01   4.6815019e-02
   4.7250000e+01   4.6424899e-02
   4.7700000e+01   4.6002177e-02
   4.8150000e+01   4.5547491e-02
   4.8600000e+01   4.5061546e-02
   4.9050000e+01   4.4545117e-02
   4.9500000e+01   4.3999045e-02
   4.9950000e+01   4.3424234e-02
   5.0400000e+01   4.2821646e-02
   5.0850000e+01   4.2192301e-02
   5.1300000e+01   4.1537272e-02
   5.1750000e+01   4.0857679e-02
   5.2200000e+01   4.0154691e-02
   5.2650000e+01   3.9429517e-02
   5.3100000e+01   3.8683404e-02
   5.3550000e+01   3.7917635e-02
   5.4000000e+01   3.7133522e-02
   5.4450000e+01   3.6332403e-02
   5.4900000e+01   3.5515639e-02
   5.5350000e+01   3.4684611e-02
   5.5800000e+01   3.3840711e-02
   5.6250000e+01   3.2985344e-02
   5.6700000e+01   3.2119919e-02
   5.7150000e+01   3.1245851e-02
   5.7600000e+01   3.0364549e-02
   5.8050000e+01   2.9477422e-02
   5.8500000e+01   2.8585865e-02
   5.8950000e+01   2.7691263e-02
   5.9400000e+01   2.6794985e-02
   5.9850000e+01   2.5898380e-02
   6.0300000e+01   2.5002775e-02
   6.0750000e+01   2.4109469e-02
   6.1200000e+01   2.3219734e-02
   6.1650000e+01   2.2334809e-02
   6.2100000e+01   2.1455901e-02
   6.2550000e+01   2.0584175e-02
   6.3000000e+01   1.9720762e-02
   6.3450000e+01   1.8866748e-02
   6.3900000e+01   1.8023175e-02
   6.4350000e+01   1.7191041e-02
   6.4800000e+01   1.6371297e-02
   6.5250000e+01   1.5564842e-02
   6.5700000e+01   1.4772528e-02
   6.6150000e+01   1.3995155e-02
   6.6600000e+01   1.3233468e-02
   6.7050000e+01   1.2488163e-02
   6.7500000e+01   1.1759877e-02
   6.7950000e+01   1.1049198e-02
   6.8400000e+01   1.0356656e-02
   6.8850000e+01   9.6827269e-03
   6.9300000e+01   9.0278332e-03
   6.9750000e+01   8.3923422e-03
   7.0200000e+01   7.7765675e-03
   7.0650000e+01   7.1807698e-03
   7.1100000e+01   6.6051569e-03
   7.1550000e+01   6.0498854e-03
   7.2000000e+01   5.5150614e-03
   7.2450000e+01   5.0007418e-03
   7.2900000e+01   4.5069356e-03
   7.3350000e+01   4.0336053e-03
   7.3800000e+01   3.5806691e-03
   7.4250000e+01   3.1480017e-03
   7.4700000e+01   2.7354368e-03
   7.5150000e+01   2.3427688e-03
   7.5600000e+01   1.9697549e-03
   7.6050000e+01   1.6161171e-03
   7.6500000e+01   1.2815441e-03
   7.6950000e+01   9.6569383e-04
   7.7400000e+01   6.6819566e-04
   7.7850000e+01   3.8865239e-04
   7.8300000e+01   1.2664268e-04
   7.8750000e+01  -1.1827671e-04
   7.9200000e+01  -3.4656864e-04
   7.9650000e+01  -5.5871339e-04
   8.0100000e+01  -7.5520641e-04
   8.0550000e+01  -9.3655610e-04
   8.1000000e+01  -1.1032817e-03
   8.1450000e+01  -1.2559113e-03
   8.1900000e+01  -1.3949796e-03
   8.2350000e+01  -1.5210260e-03
   8.2800000e+01  -1.6345928e-03
   8.3250000e+01  -1.7362235e-03
   8.3700000e+01  -1.8264606e-03
   8.4150000e+01  -1.9058446e-03
   8.4600000e+01  -1.9749118e-03
   8.5050000e+01  -2.0341932e-03
   8.5500000e+01  -2.0842135e-03
   8.5950000e+01  -2.1254888e-03
   8.6400000e+01  -2.1585265e-03
   8.6850000e+01  -2.1838238e-03
   8.7300000e+01  -2.2018665e-03
   8.7750000e+01  -2.2131285e-03
   8.8200000e+01  -2.2180710e-03
   8.8650000e+01  -2.2171415e-03
   8.9100000e+01  -2.2107737e-03
   8.9550000e+01  -2.1993865e-03
   9.0000000e+01  -2.1833842e-03
