  -9.0000000e+01  -1.9691064e-13  -2.5008767e-05  -1.7213979e-03  -1.5746301e-03  -2.0677189e-03  -3.6778327e-03  -4.1187386e-03   6.0834929e-03   1.6649818e-02   2.2954450e-02   2.5935850e-02
  -8.9550000e+01  -2.1054226e-12  -5.1070631e-05  -1.4400008e-03  -1.2538946e-03  -1.7840211e-03  -3.2832435e-03  -3.6091507e-03   6.4463345e-03   1.6802302e-02   2.3014065e-02   2.5958071e-02
  -8.9100000e+01  -2.1746800e-11  -9.6618684e-05  -1.1390193e-03  -9.3776123e-04  -1.4958091e-03  -2.8854593e-03  -3.0990254e-03   6.8064015e-03   1.6953748e-02   2.3073362e-02   2.5980180e-02
  -8.8650000e+01  -2.1026464e-10  -1.5754321e-04  -8.2470662e-04  -6.2683410e-04  -1.2026397e-03  -2.4844677e-03  -2.5884466e-03   7.1636839e-03   1.7104158e-02   2.3132340e-02   2.6002177e-02
  -8.8200000e+01  -1.7500041e-09  -1.9009316e-04  -5.0165426e-04  -3.2164364e-04  -9.0408538e-04  -2.0802550e-03  -2.0775004e-03   7.5181724e-03   1.7253537e-02   2.3190999e-02   2.6024062e-02
  -8.7750000e+01  -8.5558979e-09  -1.0790406e-04  -1.7318523e-04  -2.2615454e-05  -5.9973933e-04  -1.6728063e-03  -1.5662753e-03   7.8698578e-03   1.7401888e-02   2.3249341e-02   2.6045834e-02
  -8.7300000e+01   1.0700632e-07   1.2503234e-04   1.5827292e-04   2.6996539e-04  -2.8921961e-04  -1.2621052e-03  -1.0548617e-03   8.2187315e-03   1.7549213e-02   2.3307365e-02   2.6067494e-02
  -8.6850000e+01   4.9042530e-06   4.4957628e-04   4.9086973e-04   5.5599374e-04   2.7826217e-05  -8.4813420e-04  -5.4335224e-04   8.5647852e-03   1.7695517e-02   2.3365072e-02   2.6089041e-02
  -8.6400000e+01   1.0897124e-04   8.0061835e-04   8.2307183e-04   8.3558606e-04   3.5171679e-04  -4.3087403e-04  -3.1841639e-05   8.9080112e-03   1.7840801e-02   2.3422461e-02   2.6110477e-02
  -8.5950000e+01   8.1714816e-04   1.1514822e-03   1.1534478e-03   1.1091224e-03   6.8273294e-04  -1.0304168e-05   4.7957335e-04   9.2484021e-03   1.7985071e-02   2.3479534e-02   2.6131800e-02
  -8.5500000e+01   1.4684331e-03   1.4976273e-03   1.4804701e-03   1.3772861e-03   1.0211140e-03   4.1359735e-04   9.9079395e-04   9.5859508e-03   1.8128328e-02   2.3536290e-02   2.6153010e-02
  -8.5050000e+01   1.8481777e-03   1.8408214e-03   1.8022809e-03   1.6410983e-03   1.3670547e-03   8.4085386e-04   1.5017194e-03   9.9206508e-03   1.8270576e-02   2.3592730e-02   2.6174109e-02
  -8.4600000e+01   2.2218366e-03   2.1837838e-03   2.1163348e-03   1.9019440e-03   1.7207019e-03   1.2714900e-03   2.0122470e-03   1.0252496e-02   1.8411819e-02   2.3648855e-02   2.6195095e-02
  -8.4150000e+01   2.8260981e-03   2.5294581e-03   2.4188084e-03   2.1615857e-03   2.0821532e-03   1.7055316e-03   2.5222723e-03   1.0581481e-02   1.8552059e-02   2.3704663e-02   2.6215969e-02
  -8.3700000e+01   3.5972828e-03   2.8815712e-03   2.7038005e-03   2.4221630e-03   2.4514546e-03   2.1430056e-03   3.0316887e-03   1.0907600e-02   1.8691301e-02   2.3760156e-02   2.6236731e-02
  -8.3250000e+01   3.7505351e-03   3.2431388e-03   2.9628723e-03   2.6861729e-03   2.8286003e-03   2.5839396e-03   3.5403882e-03   1.1230849e-02   1.8829547e-02   2.3815334e-02   2.6257381e-02
  -8.2800000e+01   3.7591257e-03   3.5872060e-03   3.1863176e-03   2.9564306e-03   3.2135320e-03   3.0283621e-03   4.0482609e-03   1.1551222e-02   1.8966800e-02   2.3870197e-02   2.6277918e-02
  -8.2350000e+01   3.7594074e-03   3.7750114e-03   3.3672388e-03   3.2360091e-03   3.6061401e-03   3.4763021e-03   4.5551952e-03   1.1868717e-02   1.9103065e-02   2.3924746e-02   2.6298344e-02
  -8.1900000e+01   3.7594014e-03   3.7814857e-03   3.5063394e-03   3.5281565e-03   4.0062648e-03   3.9277885e-03   5.0610781e-03   1.2183330e-02   1.9238344e-02   2.3978980e-02   2.6318657e-02
  -8.1450000e+01   3.7593988e-03   3.7652549e-03   3.6127777e-03   3.8361921e-03   4.4136983e-03   4.3828502e-03   5.5657950e-03   1.2495057e-02   1.9372640e-02   2.4032901e-02   2.6338858e-02
  -8.1000000e+01   3.7593985e-03   3.7602946e-03   3.7002415e-03   4.1633841e-03   4.8281883e-03   4.8415156e-03   6.0692297e-03   1.2803896e-02   1.9505957e-02   2.4086507e-02   2.6358947e-02
  -8.0550000e+01   3.7593985e-03   3.7594739e-03   3.7826656e-03   4.5128103e-03   5.2494413e-03   5.3038121e-03   6.5712649e-03   1.3109844e-02   1.9638298e-02   2.4139800e-02   2.6378924e-02
  -8.0100000e+01   3.7593985e-03   3.7595087e-03   3.8729319e-03   4.8872077e-03   5.6771274e-03   5.7697659e-03   7.0717820e-03   1.3412901e-02   1.9769667e-02   2.4192780e-02   2.6398789e-02
  -7.9650000e+01   3.7593985e-03   3.7595671e-03   3.9843048e-03   5.2888165e-03   6.1108855e-03   6.2394014e-03   7.5706611e-03   1.3713064e-02   1.9900066e-02   2.4245447e-02   2.6418542e-02
  -7.9200000e+01   3.7593985e-03   3.7583587e-03   4.1334749e-03   5.7192257e-03   6.5503293e-03   6.7127407e-03   8.0677813e-03   1.4010333e-02   2.0029500e-02   2.4297802e-02   2.6438182e-02
  -7.8750000e+01   3.7593982e-03   3.7492059e-03   4.3445444e-03   6.1792300e-03   6.9950533e-03   7.1898029e-03   8.5630205e-03   1.4304707e-02   2.0157971e-02   2.4349844e-02   2.6457711e-02
  -7.8300000e+01   3.7593942e-03   3.7084095e-03   4.6521080e-03   6.6687090e-03   7.4446400e-03   7.6706041e-03   9.0562560e-03   1.4596186e-02   2.0285482e-02   2.4401573e-02   2.6477128e-02
  -7.7850000e+01   3.7593682e-03   3.6409662e-03   5.0982014e-03   7.1865392e-03   7.8986670e-03   8.1551561e-03   9.5473640e-03   1.4884771e-02   2.0412038e-02   2.4452991e-02   2.6496432e-02
  -7.7400000e+01   3.7595421e-03   3.9907768e-03   5.7177023e-03   7.7305514e-03   8.3567145e-03   8.6434663e-03   1.0036220e-02   1.5170463e-02   2.0537641e-02   2.4504098e-02   2.6515625e-02
  -7.6950000e+01   3.7722183e-03   5.2003746e-03   6.5183335e-03   8.2975417e-03   8.8183731e-03   9.1355366e-03   1.0522700e-02   1.5453262e-02   2.0662294e-02   2.4554893e-02   2.6534705e-02
  -7.6500000e+01   4.1117228e-03   6.6509496e-03   7.4743867e-03   8.8833437e-03   9.2832514e-03   9.6313633e-03   1.1006677e-02   1.5733171e-02   2.0786002e-02   2.4605377e-02   2.6553674e-02
  -7.6050000e+01   6.8116931e-03   8.0629004e-03   8.5412596e-03   9.4829645e-03   9.7509840e-03   1.0130936e-02   1.1488027e-02   1.6010192e-02   2.0908766e-02   2.4655550e-02   2.6572530e-02
  -7.5600000e+01   9.3597994e-03   9.4421680e-03   9.6745001e-03   1.0090780e-02   1.0221239e-02   1.0634236e-02   1.1966622e-02   1.6284326e-02   2.1030591e-02   2.4705412e-02   2.6591275e-02
  -7.5150000e+01   1.0844047e-02   1.0808228e-02   1.0838265e-02   1.0700783e-02   1.0693724e-02   1.1141238e-02   1.2442337e-02   1.6555578e-02   2.1151480e-02   2.4754965e-02   2.6609908e-02
  -7.4700000e+01   1.2261602e-02   1.2171561e-02   1.2003570e-02   1.1306870e-02   1.1168198e-02   1.1651907e-02   1.2915045e-02   1.6823951e-02   2.1271436e-02   2.4804207e-02   2.6628429e-02
  -7.4250000e+01   1.4159892e-02   1.3539647e-02   1.3142263e-02   1.1903148e-02   1.1644471e-02   1.2166199e-02   1.3384621e-02   1.7089448e-02   2.1390462e-02   2.4853139e-02   2.6646838e-02
  -7.3800000e+01   1.7358676e-02   1.4923434e-02   1.4220041e-02   1.2484241e-02   1.2122415e-02   1.2684058e-02   1.3850938e-02   1.7352075e-02   2.1508562e-02   2.4901762e-02   2.6665134e-02
  -7.3350000e+01   1.8684975e-02   1.6347499e-02   1.5190957e-02   1.3045574e-02   1.2601970e-02   1.3205419e-02   1.4313871e-02   1.7611834e-02   2.1625739e-02   2.4950075e-02   2.6683320e-02
  -7.2900000e+01   1.8792602e-02   1.7800315e-02   1.5999284e-02   1.3583618e-02   1.3083144e-02   1.3730204e-02   1.4773295e-02   1.7868733e-02   2.1741996e-02   2.4998080e-02   2.6701393e-02
  -7.2450000e+01   1.8797015e-02   1.8749380e-02   1.6596028e-02   1.4096065e-02   1.3566023e-02   1.4258323e-02   1.5229085e-02   1.8122775e-02   2.1857336e-02   2.5045775e-02   2.6719354e-02
  -7.2000000e+01   1.8794331e-02   1.8584763e-02   1.6964462e-02   1.4581936e-02   1.4050770e-02   1.4789671e-02   1.5681117e-02   1.8373968e-02   2.1971763e-02   2.5093162e-02   2.6737203e-02
  -7.1550000e+01   1.8707992e-02   1.8141835e-02   1.7130834e-02   1.5041597e-02   1.4537628e-02   1.5324130e-02   1.6129270e-02   1.8622317e-02   2.2085280e-02   2.5140241e-02   2.6754941e-02
  -7.1100000e+01   1.8026994e-02   1.7763158e-02   1.7147817e-02   1.5476695e-02   1.5026921e-02   1.5861569e-02   1.6573420e-02   1.8867830e-02   2.2197890e-02   2.5187011e-02   2.6772567e-02
  -7.0650000e+01   1.7444549e-02   1.7415406e-02   1.7069410e-02   1.5890006e-02   1.5519055e-02   1.6401839e-02   1.7013448e-02   1.9110513e-02   2.2309597e-02   2.5233474e-02   2.6790081e-02
  -7.0200000e+01   1.7083497e-02   1.7075030e-02   1.6938230e-02   1.6285219e-02   1.6014514e-02   1.6944776e-02   1.7449233e-02   1.9350374e-02   2.2420403e-02   2.5279629e-02   2.6807483e-02
  -6.9750000e+01   1.6742450e-02   1.6735951e-02   1.6786192e-02   1.6666665e-02   1.6513857e-02   1.7490199e-02   1.7880659e-02   1.9587421e-02   2.2530313e-02   2.5325477e-02   2.6824773e-02
  -6.9300000e+01   1.6402112e-02   1.6396122e-02   1.6640730e-02   1.7039013e-02   1.7017716e-02   1.8037910e-02   1.8307608e-02   1.9821663e-02   2.2639328e-02   2.5371017e-02   2.6841952e-02
  -6.8850000e+01   1.6061393e-02   1.6050366e-02   1.6531776e-02   1.7406962e-02   1.7526787e-02   1.8587693e-02   1.8729966e-02   2.0053108e-02   2.2747453e-02   2.5416251e-02   2.6859019e-02
  -6.8400000e+01   1.5720298e-02   1.5677429e-02   1.6497372e-02   1.7774951e-02   1.8041825e-02   1.9139315e-02   1.9147620e-02   2.0281765e-02   2.2854691e-02   2.5461178e-02   2.6875974e-02
  -6.7950000e+01   1.5373517e-02   1.5248838e-02   1.6583689e-02   1.8146906e-02   1.8563628e-02   1.9692524e-02   1.9560459e-02   2.0507643e-02   2.2961044e-02   2.5505798e-02   2.6892817e-02
  -6.7500000e+01   1.5037598e-02   1.5110849e-02   1.6833343e-02   1.8526055e-02   1.9093036e-02   2.0247048e-02   1.9968375e-02   2.0730754e-02   2.3066517e-02   2.5550112e-02   2.6909548e-02
  -6.7050000e+01   1.6056438e-02   1.5929221e-02   1.7264603e-02   1.8914818e-02   1.9630909e-02   2.0802596e-02   2.0371261e-02   2.0951107e-02   2.3171111e-02   2.5594121e-02   2.6926168e-02
  -6.6600000e+01   1.7085798e-02   1.7037610e-02   1.7860133e-02   1.9314782e-02   2.0178119e-02   2.1358861e-02   2.0769012e-02   2.1168712e-02   2.3274831e-02   2.5637823e-02   2.6942676e-02
  -6.6150000e+01   1.8108992e-02   1.8089804e-02   1.8578299e-02   1.9726775e-02   2.0735531e-02   2.1915511e-02   2.1161528e-02   2.1383581e-02   2.3377680e-02   2.5681220e-02   2.6959073e-02
  -6.5700000e+01   1.9131149e-02   1.9114333e-02   1.9374055e-02   2.0151010e-02   2.1303986e-02   2.2472200e-02   2.1548708e-02   2.1595725e-02   2.3479660e-02   2.5724312e-02   2.6975357e-02
  -6.5250000e+01   2.0152162e-02   2.0132613e-02   2.0210795e-02   2.0587316e-02   2.1884286e-02   2.3028559e-02   2.1930458e-02   2.1805156e-02   2.3580775e-02   2.5767098e-02   2.6991530e-02
  -6.4800000e+01   2.1175303e-02   2.1150243e-02   2.1060592e-02   2.1035410e-02   2.2477173e-02   2.3584202e-02   2.2306684e-02   2.2011886e-02   2.3681028e-02   2.5809580e-02   2.7007591e-02
  -6.4350000e+01   2.2258459e-02   2.2170047e-02   2.1899072e-02   2.1495199e-02   2.3083312e-02   2.4138721e-02   2.2677295e-02   2.2215927e-02   2.3780422e-02   2.5851757e-02   2.7023541e-02
  -6.3900000e+01   2.4005794e-02   2.3198585e-02   2.2699254e-02   2.1967090e-02   2.3703269e-02   2.4691693e-02   2.3042204e-02   2.2417292e-02   2.3878961e-02   2.5893630e-02   2.7039379e-02
  -6.3450000e+01   2.6048777e-02   2.4255548e-02   2.3426311e-02   2.2452258e-02   2.4337494e-02   2.5242674e-02   2.3401329e-02   2.2615994e-02   2.3976647e-02   2.5935198e-02   2.7055105e-02
  -6.3000000e+01   2.6307712e-02   2.5358654e-02   2.4037101e-02   2.2952868e-02   2.4986300e-02   2.5791203e-02   2.3754587e-02   2.2812047e-02   2.4073483e-02   2.5976463e-02   2.7070720e-02
  -6.2550000e+01   2.6315757e-02   2.6203537e-02   2.4490597e-02   2.3472215e-02   2.5649847e-02   2.6336802e-02   2.4101902e-02   2.3005464e-02   2.4169473e-02   2.6017423e-02   2.7086223e-02
  -6.2100000e+01   2.6314707e-02   2.6149358e-02   2.4768223e-02   2.4014756e-02   2.6328127e-02   2.6878976e-02   2.4443202e-02   2.3196259e-02   2.4264620e-02   2.6058080e-02   2.7101615e-02
  -6.1650000e+01   2.6287787e-02   2.5733136e-02   2.4887120e-02   2.4586041e-02   2.7020944e-02   2.7417215e-02   2.4778415e-02   2.3384447e-02   2.4358926e-02   2.6098434e-02   2.7116894e-02
  -6.1200000e+01   2.5956211e-02   2.5352900e-02   2.4891547e-02   2.5192519e-02   2.7727906e-02   2.7950993e-02   2.5107478e-02   2.3570043e-02   2.4452395e-02   2.6138485e-02   2.7132063e-02
  -6.0750000e+01   2.5156514e-02   2.5002038e-02   2.4832681e-02   2.5841236e-02   2.8448411e-02   2.8479772e-02   2.5430327e-02   2.3753061e-02   2.4545030e-02   2.6178232e-02   2.7147119e-02
  -6.0300000e+01   2.4681942e-02   2.4659584e-02   2.4756156e-02   2.6539437e-02   2.9181639e-02   2.9003000e-02   2.5746905e-02   2.3933517e-02   2.4636834e-02   2.6217677e-02   2.7162064e-02
  -5.9850000e+01   2.4327553e-02   2.4319021e-02   2.4702049e-02   2.7294089e-02   2.9926549e-02   2.9520113e-02   2.6057158e-02   2.4111427e-02   2.4727810e-02   2.6256820e-02   2.7176898e-02
  -5.9400000e+01   2.3956491e-02   2.3976707e-02   2.4712111e-02   2.8111367e-02   3.0681876e-02   3.0030540e-02   2.6361037e-02   2.4286805e-02   2.4817961e-02   2.6295660e-02   2.7191620e-02
  -5.8950000e+01   2.3319464e-02   2.3622159e-02   2.4840182e-02   2.8996128e-02   3.1446132e-02   3.0533698e-02   2.6658496e-02   2.4459669e-02   2.4907290e-02   2.6334198e-02   2.7206230e-02
  -5.8500000e+01   2.2644467e-02   2.3215424e-02   2.5162786e-02   2.9951412e-02   3.2217609e-02   3.1028998e-02   2.6949494e-02   2.4630034e-02   2.4995799e-02   2.6372434e-02   2.7220729e-02
  -5.8050000e+01   2.2559557e-02   2.2689253e-02   2.5781045e-02   3.0978019e-02   3.2994391e-02   3.1515846e-02   2.7233996e-02   2.4797918e-02   2.5083493e-02   2.6410369e-02   2.7235117e-02
  -5.7600000e+01   2.2556346e-02   2.2543601e-02   2.6798116e-02   3.2074184e-02   3.3774365e-02   3.1993643e-02   2.7511968e-02   2.4963337e-02   2.5170373e-02   2.6448002e-02   2.7249393e-02
  -5.7150000e+01   2.2560701e-02   2.4428594e-02   2.8270662e-02   3.3235387e-02   3.4555233e-02   3.2461791e-02   2.7783384e-02   2.5126308e-02   2.5256443e-02   2.6485333e-02   2.7263557e-02
  -5.6700000e+01   2.2680159e-02   2.7616673e-02   3.0171921e-02   3.4454319e-02   3.5334536e-02   3.2919689e-02   2.8048221e-02   2.5286849e-02   2.5341706e-02   2.6522364e-02   2.7277610e-02
  -5.6250000e+01   2.4550291e-02   3.0853195e-02   3.2406923e-02   3.5721006e-02   3.6109670e-02   3.3366738e-02   2.8306460e-02   2.5444978e-02   2.5426164e-02   2.6559093e-02   2.7291551e-02
  -5.5800000e+01   3.1790221e-02   3.3998864e-02   3.4861869e-02   3.7023098e-02   3.6877914e-02   3.3802345e-02   2.8558088e-02   2.5600712e-02   2.5509821e-02   2.6595522e-02   2.7305381e-02
  -5.5350000e+01   3.6779513e-02   3.7095972e-02   3.7439620e-02   3.8346296e-02   3.7636458e-02   3.4225921e-02   2.8803095e-02   2.5754069e-02   2.5592680e-02   2.6631650e-02   2.7319100e-02
  -5.4900000e+01   4.0069853e-02   4.0174746e-02   4.0065622e-02   3.9674896e-02   3.8382426e-02   3.4636886e-02   2.9041479e-02   2.5905068e-02   2.5674742e-02   2.6667478e-02   2.7332707e-02
  -5.4450000e+01   4.3466558e-02   4.3258472e-02   4.2677141e-02   4.0992419e-02   3.9112911e-02   3.5034671e-02   2.9273239e-02   2.6053727e-02   2.5756012e-02   2.6703006e-02   2.7346202e-02
  -5.4000000e+01   4.9348153e-02   4.6375659e-02   4.5208082e-02   4.2282277e-02   3.9825005e-02   3.5418718e-02   2.9498380e-02   2.6200065e-02   2.5836492e-02   2.6738234e-02   2.7359586e-02
  -5.3550000e+01   5.5528977e-02   4.9571571e-02   4.7574876e-02   4.3528434e-02   4.0515829e-02   3.5788486e-02   2.9716914e-02   2.6344101e-02   2.5916185e-02   2.6773162e-02   2.7372859e-02
  -5.3100000e+01   5.6355785e-02   5.2861221e-02   4.9671125e-02   4.4716029e-02   4.1182563e-02   3.6143449e-02   2.9928854e-02   2.6485854e-02   2.5995093e-02   2.6807791e-02   2.7386020e-02
  -5.2650000e+01   5.6390396e-02   5.5672390e-02   5.1385652e-02   4.5831904e-02   4.1822481e-02   3.6483102e-02   3.0134222e-02   2.6625343e-02   2.6073219e-02   2.6842120e-02   2.7399070e-02
  -5.2200000e+01   5.6390779e-02   5.6471243e-02   5.2648051e-02   4.6865027e-02   4.2432975e-02   3.6806961e-02   3.0333041e-02   2.6762588e-02   2.6150567e-02   2.6876150e-02   2.7412009e-02
  -5.1750000e+01   5.6382127e-02   5.6007772e-02   5.3468385e-02   4.7806770e-02   4.3011584e-02   3.7114565e-02   3.0525340e-02   2.6897607e-02   2.6227139e-02   2.6909880e-02   2.7424836e-02
  -5.1300000e+01   5.6228863e-02   5.5541874e-02   5.3927660e-02   4.8651043e-02   4.3556020e-02   3.7405479e-02   3.0711154e-02   2.7030422e-02   2.6302938e-02   2.6943312e-02   2.7437551e-02
  -5.0850000e+01   5.5457677e-02   5.5164329e-02   5.4129685e-02   4.9394278e-02   4.4064189e-02   3.7679299e-02   3.0890521e-02   2.7161051e-02   2.6377966e-02   2.6976445e-02   2.7450156e-02
  -5.0400000e+01   5.4853416e-02   5.4814974e-02   5.4161839e-02   5.0035277e-02   4.4534211e-02   3.7935646e-02   3.1063485e-02   2.7289515e-02   2.6452226e-02   2.7009280e-02   2.7462649e-02
  -4.9950000e+01   5.4479757e-02   5.4472022e-02   5.4084462e-02   5.0574953e-02   4.4964433e-02   3.8174179e-02   3.1230094e-02   2.7415835e-02   2.6525721e-02   2.7041816e-02   2.7475030e-02
  -4.9500000e+01   5.4100012e-02   5.4129035e-02   5.3937037e-02   5.1015976e-02   4.5353446e-02   3.8394585e-02   3.1390400e-02   2.7540029e-02   2.6598454e-02   2.7074055e-02   2.7487300e-02
  -4.9050000e+01   5.3448727e-02   5.3782340e-02   5.3747199e-02   5.1362373e-02   4.5700090e-02   3.8596593e-02   3.1544460e-02   2.7662119e-02   2.6670426e-02   2.7105995e-02   2.7499459e-02
  -4.8600000e+01   5.2740550e-02   5.3427556e-02   5.3537311e-02   5.1619107e-02   4.6003461e-02   3.8779964e-02   3.1692336e-02   2.7782126e-02   2.6741642e-02   2.7137637e-02   2.7511507e-02
  -4.8150000e+01   5.2636483e-02   5.3063585e-02   5.3327883e-02   5.1791669e-02   4.6262910e-02   3.8944501e-02   3.1834094e-02   2.7900069e-02   2.6812103e-02   2.7168982e-02   2.7523443e-02
  -4.7700000e+01   5.2631686e-02   5.2739724e-02   5.3137375e-02   5.1885707e-02   4.6478044e-02   3.9090048e-02   3.1969804e-02   2.8015970e-02   2.6881812e-02   2.7200029e-02   2.7535268e-02
  -4.7250000e+01   5.2631570e-02   5.2606246e-02   5.2978330e-02   5.1906724e-02   4.6648715e-02   3.9216489e-02   3.2099540e-02   2.8129849e-02   2.6950772e-02   2.7230778e-02   2.7546981e-02
  -4.6800000e+01   5.2631577e-02   5.2614609e-02   5.2853159e-02   5.1859848e-02   4.6775017e-02   3.9323752e-02   3.2223380e-02   2.8241728e-02   2.7018985e-02   2.7261231e-02   2.7558584e-02
  -4.6350000e+01   5.2631579e-02   5.2627631e-02   5.2754516e-02   5.1749693e-02   4.6857271e-02   3.9411808e-02   3.2341407e-02   2.8351627e-02   2.7086453e-02   2.7291387e-02   2.7570075e-02
  -4.5900000e+01   5.2631579e-02   5.2631045e-02   5.2670102e-02   5.1580308e-02   4.6896008e-02   3.9480674e-02   3.2453708e-02   2.8459567e-02   2.7153180e-02   2.7321245e-02   2.7581454e-02
  -4.5450000e+01   5.2631579e-02   5.2631519e-02   5.2587000e-02   5.1355206e-02   4.6891959e-02   3.9530412e-02   3.2560372e-02   2.8565569e-02   2.7219168e-02   2.7350808e-02   2.7592723e-02
  -4.5000000e+01   5.2631579e-02   5.2631420e-02   5.2492747e-02   5.1077465e-02   4.6846031e-02   3.9561129e-02   3.2661494e-02   2.8669655e-02   2.7284419e-02   2.7380073e-02   2.7603880e-02
  -4.4550000e+01   5.2631579e-02   5.2631458e-02   5.2373736e-02   5.0749884e-02   4.6759289e-02   3.9572980e-02   3.2757170e-02   2.8771846e-02   2.7348936e-02   2.7409042e-02   2.7614926e-02
  -4.4100000e+01   5.2631579e-02   5.2633588e-02   5.2212055e-02   5.0375166e-02   4.6632936e-02   3.9566165e-02   3.2847502e-02   2.8872162e-02   2.7412721e-02   2.7437715e-02   2.7625861e-02
  -4.3650000e+01   5.2631580e-02   5.2647335e-02   5.1981545e-02   4.9956120e-02   4.6468291e-02   3.9540931e-02   3.2932594e-02   2.8970626e-02   2.7475777e-02   2.7466092e-02   2.7636684e-02
  -4.3200000e+01   5.2631586e-02   5.2699449e-02   5.1645604e-02   4.9495842e-02   4.6266770e-02   3.9497571e-02   3.3012552e-02   2.9067257e-02   2.7538106e-02   2.7494173e-02   2.7647396e-02
  -4.2750000e+01   5.2631613e-02   5.2732911e-02   5.1162515e-02   4.8997871e-02   4.6029862e-02   3.9436424e-02   3.3087488e-02   2.9162079e-02   2.7599710e-02   2.7521958e-02   2.7657997e-02
  -4.2300000e+01   5.2631151e-02   5.2198998e-02   5.0502173e-02   4.8466280e-02   4.5759114e-02   3.9357874e-02   3.3157513e-02   2.9255111e-02   2.7660593e-02   2.7549448e-02   2.7668487e-02
  -4.1850000e+01   5.2611962e-02   5.0903538e-02   4.9664499e-02   4.7905718e-02   4.5456106e-02   3.9262351e-02   3.3222745e-02   2.9346376e-02   2.7720755e-02   2.7576642e-02   2.7678865e-02
  -4.1400000e+01   5.2195694e-02   4.9447596e-02   4.8680814e-02   4.7321366e-02   4.5122442e-02   3.9150326e-02   3.3283301e-02   2.9435893e-02   2.7780200e-02   2.7603540e-02   2.7689132e-02
  -4.0950000e+01   4.9362986e-02   4.8028282e-02   4.7596794e-02   4.6718828e-02   4.4759727e-02   3.9022316e-02   3.3339301e-02   2.9523686e-02   2.7838930e-02   2.7630144e-02   2.7699288e-02
  -4.0500000e+01   4.6757847e-02   4.6641015e-02   4.6455217e-02   4.6103944e-02   4.4369558e-02   3.8878877e-02   3.3390870e-02   2.9609774e-02   2.7896947e-02   2.7656452e-02   2.7709333e-02
  -4.0050000e+01   4.5238868e-02   4.5268120e-02   4.5290152e-02   4.5482555e-02   4.3953512e-02   3.8720606e-02   3.3438131e-02   2.9694180e-02   2.7954253e-02   2.7682466e-02   2.7719267e-02
  -3.9600000e+01   4.3744233e-02   4.3896384e-02   4.4129992e-02   4.4860227e-02   4.3513139e-02   3.8548139e-02   3.3481212e-02   2.9776924e-02   2.8010852e-02   2.7708185e-02   2.7729089e-02
  -3.9150000e+01   4.1327187e-02   4.2513345e-02   4.3003766e-02   4.4241950e-02   4.3049952e-02   3.8362149e-02   3.3520240e-02   2.9858027e-02   2.8066744e-02   2.7733609e-02   2.7738800e-02
  -3.8700000e+01   3.8242448e-02   4.1102092e-02   4.1947896e-02   4.3631850e-02   4.2565428e-02   3.8163344e-02   3.3555346e-02   2.9937510e-02   2.8121932e-02   2.7758739e-02   2.7748401e-02
  -3.8250000e+01   3.7629437e-02   3.9644238e-02   4.1010506e-02   4.3032925e-02   4.2061002e-02   3.7952467e-02   3.3586661e-02   3.0015395e-02   2.8176418e-02   2.7783574e-02   2.7757890e-02
  -3.7800000e+01   3.7595068e-02   3.8254704e-02   4.0246657e-02   4.2446833e-02   4.1538071e-02   3.7730290e-02   3.3614317e-02   3.0091702e-02   2.8230205e-02   2.7808115e-02   2.7767267e-02
  -3.7350000e+01   3.7594015e-02   3.7613111e-02   3.9698920e-02   4.1873759e-02   4.0997998e-02   3.7497615e-02   3.3638447e-02   3.0166453e-02   2.8283295e-02   2.7832362e-02   2.7776534e-02
  -3.6900000e+01   3.7597884e-02   3.7900289e-02   3.9373428e-02   4.1312355e-02   4.0442111e-02   3.7255274e-02   3.3659186e-02   3.0239667e-02   2.8335689e-02   2.7856316e-02   2.7785689e-02
  -3.6450000e+01   3.7689761e-02   3.8328939e-02   3.9235305e-02   4.0759791e-02   3.9871718e-02   3.7004119e-02   3.3676667e-02   3.0311366e-02   2.8387390e-02   2.7879975e-02   2.7794734e-02
  -3.6000000e+01   3.8376521e-02   3.8703376e-02   3.9228723e-02   4.0211890e-02   3.9288109e-02   3.6745029e-02   3.3691025e-02   3.0381571e-02   2.8438400e-02   2.7903340e-02   2.7803667e-02
  -3.5550000e+01   3.9030032e-02   3.9053047e-02   3.9299779e-02   3.9663361e-02   3.8692566e-02   3.6478900e-02   3.3702396e-02   3.0450301e-02   2.8488721e-02   2.7926412e-02   2.7812489e-02
  -3.5100000e+01   3.9407443e-02   3.9395807e-02   3.9405454e-02   3.9108106e-02   3.8086374e-02   3.6206647e-02   3.3710913e-02   3.0517577e-02   2.8538355e-02   2.7949191e-02   2.7821200e-02
  -3.4650000e+01   3.9773037e-02   3.9737746e-02   3.9510691e-02   3.8539589e-02   3.7470833e-02   3.5929198e-02   3.3716712e-02   3.0583420e-02   2.8587303e-02   2.7971676e-02   2.7829800e-02
  -3.4200000e+01   4.0327402e-02   4.0083297e-02   3.9580823e-02   3.7951239e-02   3.6847261e-02   3.5647494e-02   3.3719927e-02   3.0647850e-02   2.8635569e-02   2.7993868e-02   2.7838288e-02
  -3.3750000e+01   4.1131839e-02   4.0443983e-02   3.9573182e-02   3.7336857e-02   3.6217011e-02   3.5362486e-02   3.3720690e-02   3.0710887e-02   2.8683154e-02   2.8015767e-02   2.7846666e-02
  -3.3300000e+01   4.1339637e-02   4.0853452e-02   3.9431012e-02   3.6691018e-02   3.5581477e-02   3.5075130e-02   3.3719134e-02   3.0772550e-02   2.8730060e-02   2.8037373e-02   2.7854932e-02
  -3.2850000e+01   4.1352942e-02   4.1290112e-02   3.9087171e-02   3.6009418e-02   3.4942100e-02   3.4786386e-02   3.3715392e-02   3.0832859e-02   2.8776288e-02   2.8058686e-02   2.7863088e-02
  -3.2400000e+01   4.1353213e-02   4.1072009e-02   3.8485462e-02   3.5289166e-02   3.4300377e-02   3.4497215e-02   3.3709592e-02   3.0891835e-02   2.8821841e-02   2.8079706e-02   2.7871132e-02
  -3.1950000e+01   4.1337363e-02   3.9577427e-02   3.7610340e-02   3.4528988e-02   3.3657865e-02   3.4208575e-02   3.3701863e-02   3.0949497e-02   2.8866721e-02   2.8100434e-02   2.7879065e-02
  -3.1500000e+01   4.0912979e-02   3.7746035e-02   3.6496232e-02   3.3729344e-02   3.3016180e-02   3.3921419e-02   3.3692334e-02   3.1005863e-02   2.8910929e-02   2.8120869e-02   2.7886887e-02
  -3.1050000e+01   3.7538015e-02   3.5975113e-02   3.5205576e-02   3.2892446e-02   3.2377006e-02   3.3636693e-02   3.3681128e-02   3.1060954e-02   2.8954468e-02   2.8141012e-02   2.7894599e-02
  -3.0600000e+01   3.4352882e-02   3.4249915e-02   3.3799809e-02   3.2022190e-02   3.1742086e-02   3.3355331e-02   3.3668369e-02   3.1114788e-02   2.8997338e-02   2.8160863e-02   2.7902199e-02
  -3.0150000e+01   3.2497573e-02   3.2542180e-02   3.2325902e-02   3.1123995e-02   3.1113225e-02   3.3078251e-02   3.3654179e-02   3.1167384e-02   2.9039542e-02   2.8180421e-02   2.7909688e-02
  -2.9700000e+01   3.0725629e-02   3.0837998e-02   3.0817637e-02   3.0204586e-02   3.0492279e-02   3.2806356e-02   3.3638676e-02   3.1218760e-02   2.9081082e-02   2.8199687e-02   2.7917065e-02
  -2.9250000e+01   2.8352767e-02   2.9128629e-02   2.9302301e-02   2.9271719e-02   2.9881153e-02   3.2540530e-02   3.3621976e-02   3.1268937e-02   2.9121959e-02   2.8218661e-02   2.7924332e-02
  -2.8800000e+01   2.4354286e-02   2.7404796e-02   2.7807481e-02   2.8333881e-02   2.9281790e-02   3.2281630e-02   3.3604194e-02   3.1317931e-02   2.9162176e-02   2.8237344e-02   2.7931488e-02
  -2.8350000e+01   2.2696415e-02   2.5653370e-02   2.6365974e-02   2.7399979e-02   2.8696161e-02   3.2030492e-02   3.3585439e-02   3.1365760e-02   2.9201732e-02   2.8255734e-02   2.7938533e-02
  -2.7900000e+01   2.2561898e-02   2.3900017e-02   2.5015634e-02   2.6479030e-02   2.8126255e-02   3.1787919e-02   3.3565819e-02   3.1412444e-02   2.9240632e-02   2.8273833e-02   2.7945466e-02
  -2.7450000e+01   2.2556318e-02   2.2497312e-02   2.3790083e-02   2.5579882e-02   2.7574064e-02   3.1554686e-02   3.3545440e-02   3.1457999e-02   2.9278875e-02   2.8291641e-02   2.7952289e-02
  -2.7000000e+01   2.2550958e-02   2.1753224e-02   2.2703724e-02   2.4710963e-02   2.7041571e-02   3.1331531e-02   3.3524403e-02   3.1502443e-02   2.9316463e-02   2.8309157e-02   2.7959001e-02
  -2.6550000e+01   2.2378376e-02   2.1134082e-02   2.1745434e-02   2.3880074e-02   2.6530738e-02   3.1119156e-02   3.3502806e-02   3.1545794e-02   2.9353399e-02   2.8326381e-02   2.7965601e-02
  -2.6100000e+01   2.1016393e-02   2.0470185e-02   2.0888673e-02   2.3094224e-02   2.6043491e-02   3.0918225e-02   3.3480744e-02   3.1588068e-02   2.9389684e-02   2.8343314e-02   2.7972091e-02
  -2.5650000e+01   1.9851504e-02   1.9792116e-02   2.0107028e-02   2.2359512e-02   2.5581705e-02   3.0729359e-02   3.3458308e-02   3.1629283e-02   2.9425319e-02   2.8359956e-02   2.7978469e-02
  -2.5200000e+01   1.9129400e-02   1.9113020e-02   1.9382706e-02   2.1681048e-02   2.5147196e-02   3.0553133e-02   3.3435586e-02   3.1669454e-02   2.9460305e-02   2.8376307e-02   2.7984737e-02
  -2.4750000e+01   1.8447306e-02   1.8434476e-02   1.8707606e-02   2.1062917e-02   2.4741705e-02   3.0390078e-02   3.3412661e-02   3.1708600e-02   2.9494645e-02   2.8392367e-02   2.7990894e-02
  -2.4300000e+01   1.7766631e-02   1.7755449e-02   1.8082285e-02   2.0508170e-02   2.4366889e-02   3.0240675e-02   3.3389614e-02   3.1746736e-02   2.9528340e-02   2.8408136e-02   2.7996939e-02
  -2.3850000e+01   1.7085192e-02   1.7071847e-02   1.7516147e-02   2.0018840e-02   2.4024311e-02   3.0105354e-02   3.3366520e-02   3.1783877e-02   2.9561390e-02   2.8423614e-02   2.8002874e-02
  -2.3400000e+01   1.6403059e-02   1.6367590e-02   1.7028692e-02   1.9595985e-02   2.3715431e-02   2.9984494e-02   3.3343452e-02   3.1820041e-02   2.9593799e-02   2.8438801e-02   2.8008697e-02
  -2.2950000e+01   1.5716362e-02   1.5621268e-02   1.6648080e-02   1.9239745e-02   2.3441600e-02   2.9878418e-02   3.3320479e-02   3.1855242e-02   2.9625566e-02   2.8453698e-02   2.8014410e-02
  -2.2500000e+01   1.5037597e-02   1.5092535e-02   1.6401736e-02   1.8949419e-02   2.3204055e-02   2.9787393e-02   3.3297663e-02   3.1889495e-02   2.9656693e-02   2.8468304e-02   2.8020011e-02
  -2.2050000e+01   1.5374901e-02   1.5281075e-02   1.6300603e-02   1.8723549e-02   2.3003913e-02   2.9711631e-02   3.3275066e-02   3.1922816e-02   2.9687183e-02   2.8482619e-02   2.8025502e-02
  -2.1600000e+01   1.5720310e-02   1.5687497e-02   1.6330688e-02   1.8560029e-02   2.2842168e-02   2.9651283e-02   3.3252744e-02   3.1955220e-02   2.9717035e-02   2.8496644e-02   2.8030882e-02
  -2.1150000e+01   1.6061393e-02   1.6052118e-02   1.6461458e-02   1.8456214e-02   2.2719692e-02   2.9606442e-02   3.3230750e-02   3.1986720e-02   2.9746251e-02   2.8510379e-02   2.8036150e-02
  -2.0700000e+01   1.6402112e-02   1.6396312e-02   1.6661319e-02   1.8409045e-02   2.2637230e-02   2.9577141e-02   3.3209130e-02   3.2017332e-02   2.9774833e-02   2.8523823e-02   2.8041308e-02
  -2.0250000e+01   1.6742450e-02   1.6736063e-02   1.6906511e-02   1.8415177e-02   2.2595402e-02   2.9563352e-02   3.3187930e-02   3.2047069e-02   2.9802781e-02   2.8536977e-02   2.8046354e-02
  -1.9800000e+01   1.7083497e-02   1.7075274e-02   1.7181735e-02   1.8471117e-02   2.2594703e-02   2.9564986e-02   3.3167189e-02   3.2075946e-02   2.9830098e-02   2.8549841e-02   2.8051290e-02
  -1.9350000e+01   1.7444549e-02   1.7414994e-02   1.7477521e-02   1.8573351e-02   2.2635502e-02   2.9581894e-02   3.3146944e-02   3.2103975e-02   2.9856783e-02   2.8562415e-02   2.8056115e-02
  -1.8900000e+01   1.8026994e-02   1.7756032e-02   1.7787779e-02   1.8718480e-02   2.2718042e-02   2.9613864e-02   3.3127228e-02   3.2131170e-02   2.9882839e-02   2.8574699e-02   2.8060829e-02
  -1.8450000e+01   1.8707987e-02   1.8098761e-02   1.8108336e-02   1.8903334e-02   2.2842441e-02   2.9660626e-02   3.3108070e-02   3.2157544e-02   2.9908266e-02   2.8586693e-02   2.8065432e-02
  -1.8000000e+01   1.8794289e-02   1.8439106e-02   1.8436210e-02   1.9125090e-02   2.3008690e-02   2.9721848e-02   3.3089493e-02   3.2183110e-02   2.9933066e-02   2.8598397e-02   2.8069923e-02
  -1.7550000e+01   1.8796970e-02   1.8763282e-02   1.8769282e-02   1.9381364e-02   2.3216649e-02   2.9797140e-02   3.3071520e-02   3.2207880e-02   2.9957239e-02   2.8609811e-02   2.8074304e-02
  -1.7100000e+01   1.8798097e-02   1.9083769e-02   1.9106170e-02   1.9670300e-02   2.3466048e-02   2.9886056e-02   3.3054168e-02   3.2231866e-02   2.9980787e-02   2.8620936e-02   2.8078574e-02
  -1.6650000e+01   1.8824998e-02   1.9422873e-02   1.9446194e-02   1.9990633e-02   2.3756481e-02   2.9988091e-02   3.3037453e-02   3.2255080e-02   3.0003710e-02   2.8631771e-02   2.8082733e-02
  -1.6200000e+01   1.9156572e-02   1.9767874e-02   1.9789334e-02   2.0341739e-02   2.4087399e-02   3.0102686e-02   3.3021384e-02   3.2277534e-02   3.0026011e-02   2.8642316e-02   2.8086782e-02
  -1.5750000e+01   1.9956268e-02   2.0111570e-02   2.0136145e-02   2.0723665e-02   2.4458105e-02   3.0229231e-02   3.3005971e-02   3.2299238e-02   3.0047688e-02   2.8652571e-02   2.8090719e-02
  -1.5300000e+01   2.0430840e-02   2.0453355e-02   2.0487736e-02   2.1137144e-02   2.4867749e-02   3.0367065e-02   3.2991218e-02   3.2320205e-02   3.0068745e-02   2.8662537e-02   2.8094545e-02
  -1.4850000e+01   2.0785229e-02   2.0794256e-02   2.0845897e-02   2.1583583e-02   2.5315313e-02   3.0515477e-02   3.2977128e-02   3.2340444e-02   3.0089181e-02   2.8672214e-02   2.8098260e-02
  -1.4400000e+01   2.1156291e-02   2.1135606e-02   2.1213468e-02   2.2065039e-02   2.5799609e-02   3.0673714e-02   3.2963698e-02   3.2359967e-02   3.0108997e-02   2.8681601e-02   2.8101865e-02
  -1.3950000e+01   2.1793317e-02   2.1478267e-02   2.1595084e-02   2.2584164e-02   2.6319262e-02   3.0840979e-02   3.2950928e-02   3.2378782e-02   3.0128194e-02   2.8690699e-02   2.8105358e-02
  -1.3500000e+01   2.2468309e-02   2.1819313e-02   2.1998126e-02   2.3144140e-02   2.6872706e-02   3.1016436e-02   3.2938810e-02   3.2396901e-02   3.0146774e-02   2.8699507e-02   2.8108741e-02
  -1.3050000e+01   2.2553177e-02   2.2145617e-02   2.2433057e-02   2.3748571e-02   2.7458170e-02   3.1199213e-02   3.2927336e-02   3.2414333e-02   3.0164736e-02   2.8708027e-02   2.8112012e-02
  -1.2600000e+01   2.2556337e-02   2.2482850e-02   2.2911476e-02   2.4401369e-02   2.8073673e-02   3.1388407e-02   3.2916498e-02   3.2431086e-02   3.0182083e-02   2.8716257e-02   2.8115173e-02
  -1.2150000e+01   2.2557358e-02   2.3008625e-02   2.3441587e-02   2.5106595e-02   2.8717010e-02   3.1583086e-02   3.2906282e-02   3.2447170e-02   3.0198813e-02   2.8724197e-02   2.8118223e-02
  -1.1700000e+01   2.2583896e-02   2.3696484e-02   2.4024601e-02   2.5868284e-02   2.9385752e-02   3.1782295e-02   3.2896676e-02   3.2462594e-02   3.0214929e-02   2.8731849e-02   2.8121161e-02
  -1.1250000e+01   2.2999480e-02   2.4403265e-02   2.4656222e-02   2.6690240e-02   3.0077237e-02   3.1985057e-02   3.2887664e-02   3.2477365e-02   3.0230431e-02   2.8739212e-02   2.8123989e-02
  -1.0800000e+01   2.4608353e-02   2.5099565e-02   2.5331785e-02   2.7575803e-02   3.0788572e-02   3.2190381e-02   3.2879229e-02   3.2491493e-02   3.0245319e-02   2.8746285e-02   2.8126706e-02
  -1.0350000e+01   2.5717085e-02   2.5787588e-02   2.6050501e-02   2.8527603e-02   3.1516630e-02   3.2397263e-02   3.2871353e-02   3.2504984e-02   3.0259595e-02   2.8753070e-02   2.8129312e-02
  -9.9000000e+00   2.6448271e-02   2.6472002e-02   2.6817483e-02   2.9547301e-02   3.2258059e-02   3.2604694e-02   3.2864018e-02   3.2517846e-02   3.0273258e-02   2.8759565e-02   2.8131808e-02
  -9.4500000e+00   2.7203095e-02   2.7156791e-02   2.7645400e-02   3.0635328e-02   3.3009287e-02   3.2811661e-02   3.2857205e-02   3.2530087e-02   3.0286310e-02   2.8765772e-02   2.8134192e-02
  -9.0000000e+00   2.8510116e-02   2.7842381e-02   2.8557690e-02   3.1790634e-02   3.3766535e-02   3.3017155e-02   3.2850892e-02   3.2541712e-02   3.0298752e-02   2.8771690e-02   2.8136465e-02
  -8.5500000e+00   2.9883629e-02   2.8511664e-02   2.9593104e-02   3.3010467e-02   3.4525837e-02   3.3220173e-02   3.2845059e-02   3.2552729e-02   3.0310582e-02   2.8777318e-02   2.8138628e-02
  -8.1000000e+00   3.0067344e-02   2.9109202e-02   3.0806751e-02   3.4290189e-02   3.5283055e-02   3.3419724e-02   3.2839686e-02   3.2563143e-02   3.0321803e-02   2.8782658e-02   2.8140679e-02
  -7.6500000e+00   3.0074986e-02   2.9787130e-02   3.2258016e-02   3.5623150e-02   3.6033911e-02   3.3614835e-02   3.2834751e-02   3.2572962e-02   3.0332415e-02   2.8787710e-02   2.8142620e-02
  -7.2000000e+00   3.0077386e-02   3.1508829e-02   3.3982415e-02   3.7000636e-02   3.6774008e-02   3.3804553e-02   3.2830232e-02   3.2582189e-02   3.0342417e-02   2.8792472e-02   2.8144450e-02
  -6.7500000e+00   3.0146098e-02   3.4234829e-02   3.5967208e-02   3.8411892e-02   3.7498874e-02   3.3987950e-02   3.2826110e-02   3.2590830e-02   3.0351811e-02   2.8796946e-02   2.8146168e-02
  -6.3000000e+00   3.1372114e-02   3.7104168e-02   3.8156643e-02   3.9844231e-02   3.8203986e-02   3.4164131e-02   3.2822363e-02   3.2598891e-02   3.0360597e-02   2.8801131e-02   2.8147776e-02
  -5.8500000e+00   3.7541591e-02   3.9915366e-02   4.0480256e-02   4.1283233e-02   3.8884823e-02   3.4332232e-02   3.2818972e-02   3.2606376e-02   3.0368776e-02   2.8805027e-02   2.8149273e-02
  -5.4000000e+00   4.2375683e-02   4.2679802e-02   4.2875515e-02   4.2713020e-02   3.9536899e-02   3.4491432e-02   3.2815917e-02   3.2613289e-02   3.0376347e-02   2.8808634e-02   2.8150660e-02
  -4.9500000e+00   4.5364955e-02   4.5423265e-02   4.5292649e-02   4.4116597e-02   4.0155812e-02   3.4640950e-02   3.2813181e-02   3.2619635e-02   3.0383311e-02   2.8811953e-02   2.8151935e-02
  -4.5000000e+00   4.8402911e-02   4.8169163e-02   4.7688120e-02   4.5476248e-02   4.0737290e-02   3.4780054e-02   3.2810745e-02   3.2625416e-02   3.0389669e-02   2.8814983e-02   2.8153099e-02
  -4.0500000e+00   5.3613191e-02   5.0943754e-02   5.0014306e-02   4.6773970e-02   4.1277234e-02   3.4908061e-02   3.2808594e-02   3.2630637e-02   3.0395420e-02   2.8817725e-02   2.8154153e-02
  -3.6000000e+00   5.9278606e-02   5.3782402e-02   5.2209014e-02   4.7991918e-02   4.1771771e-02   3.5024344e-02   3.2806712e-02   3.2635300e-02   3.0400566e-02   2.8820178e-02   2.8155095e-02
  -3.1500000e+00   6.0111142e-02   5.6694293e-02   5.4190380e-02   4.9112844e-02   4.2217291e-02   3.5128330e-02   3.2805085e-02   3.2639408e-02   3.0405105e-02   2.8822342e-02   2.8155927e-02
  -2.7000000e+00   6.0149520e-02   5.9285213e-02   5.5868653e-02   5.0120523e-02   4.2610495e-02   3.5219509e-02   3.2803701e-02   3.2642963e-02   3.0409039e-02   2.8824218e-02   2.8156648e-02
  -2.2500000e+00   6.0150444e-02   6.0353039e-02   5.7180473e-02   5.1000130e-02   4.2948434e-02   3.5297433e-02   3.2802549e-02   3.2645968e-02   3.0412367e-02   2.8825805e-02   2.8157258e-02
  -1.8000000e+00   6.0150390e-02   6.0286111e-02   5.8122750e-02   5.1738580e-02   4.3228546e-02   3.5361719e-02   3.2801620e-02   3.2648424e-02   3.0415090e-02   2.8827103e-02   2.8157757e-02
  -1.3500000e+00   6.0150377e-02   6.0181862e-02   5.8749895e-02   5.2324804e-02   4.3448687e-02   3.5412050e-02   3.2800905e-02   3.2650333e-02   3.0417208e-02   2.8828113e-02   2.8158145e-02
  -9.0000000e-01   6.0150376e-02   6.0154309e-02   5.9136914e-02   5.2749975e-02   4.3607163e-02   3.5448179e-02   3.2800399e-02   3.2651695e-02   3.0418720e-02   2.8828835e-02   2.8158422e-02
  -4.5000000e-01   6.0150376e-02   6.0149892e-02   5.9345350e-02   5.3007676e-02   4.3702743e-02   3.5469927e-02   3.2800097e-02   3.2652512e-02   3.0419628e-02   2.8829268e-02   2.8158588e-02
   0.0000000e+00   6.0150376e-02   6.0149530e-02   5.9411058e-02   5.3094012e-02   4.3734687e-02   3.5477189e-02   3.2799996e-02   3.2652785e-02   3.0419930e-02   2.8829412e-02   2.8158644e-02
   4.5000000e-01   6.0150376e-02   6.0149892e-02   5.9345350e-02   5.3007676e-02   4.3702743e-02   3.5469927e-02   3.2800097e-02   3.2652512e-02   3.0419628e-02   2.8829268e-02   2.8158588e-02
   9.0000000e-01   6.0150376e-02   6.0154309e-02   5.9136914e-02   5.2749975e-02   4.3607163e-02   3.5448179e-02   3.2800399e-02   3.2651695e-02   3.0418720e-02   2.8828835e-02   2.8158422e-02
   1.3500000e+00   6.0150377e-02   6.0181862e-02   5.8749895e-02   5.2324804e-02   4.3448687e-02   3.5412050e-02   3.2800905e-02   3.2650333e-02   3.0417208e-02   2.8828113e-02   2.8158145e-02
   1.8000000e+00   6.0150390e-02   6.0286111e-02   5.8122750e-02   5.1738580e-02   4.3228546e-02   3.5361719e-02   3.2801620e-02   3.2648424e-02   3.0415090e-02   2.8827103e-02   2.8157757e-02
   2.2500000e+00   6.0150444e-02   6.0353039e-02   5.7180473e-02   5.1000130e-02   4.2948434e-02   3.5297433e-02   3.2802549e-02   3.2645968e-02   3.0412367e-02   2.8825805e-02   2.8157258e-02
   2.7000000e+00   6.0149520e-02   5.9285213e-02   5.5868653e-02   5.0120523e-02   4.2610495e-02   3.5219509e-02   3.2803701e-02   3.2642963e-02   3.0409039e-02   2.8824218e-02   2.8156648e-02
   3.1500000e+00   6.0111142e-02   5.6694293e-02   5.4190380e-02   4.9112844e-02   4.2217291e-02   3.5128330e-02   3.2805085e-02   3.2639408e-02   3.0405105e-02   2.8822342e-02   2.8155927e-02
   3.6000000e+00   5.9278606e-02   5.3782402e-02   5.2209014e-02   4.7991918e-02   4.1771771e-02   3.5024344e-02   3.2806712e-02   3.2635300e-02   3.0400566e-02   2.8820178e-02   2.8155095e-02
   4.0500000e+00   5.3613191e-02   5.0943754e-02   5.0014306e-02   4.6773970e-02   4.1277234e-02   3.4908061e-02   3.2808594e-02   3.2630637e-02   3.0395420e-02   2.8817725e-02   2.8154153e-02
   4.5000000e+00   4.8402911e-02   4.8169163e-02   4.7688120e-02   4.5476248e-02   4.0737290e-02   3.4780054e-02   3.2810745e-02   3.2625416e-02   3.0389669e-02   2.8814983e-02   2.8153099e-02
   4.9500000e+00   4.5364955e-02   4.5423265e-02   4.5292649e-02   4.4116597e-02   4.0155812e-02   3.4640950e-02   3.2813181e-02   3.2619635e-02   3.0383311e-02   2.8811953e-02   2.8151935e-02
   5.4000000e+00   4.2375683e-02   4.2679802e-02   4.2875515e-02   4.2713020e-02   3.9536899e-02   3.4491432e-02   3.2815917e-02   3.2613289e-02   3.0376347e-02   2.8808634e-02   2.8150660e-02
   5.8500000e+00   3.7541591e-02   3.9915366e-02   4.0480256e-02   4.1283233e-02   3.8884823e-02   3.4332232e-02   3.2818972e-02   3.2606376e-02   3.0368776e-02   2.8805027e-02   2.8149273e-02
   6.3000000e+00   3.1372114e-02   3.7104168e-02   3.8156643e-02   3.9844231e-02   3.8203986e-02   3.4164131e-02   3.2822363e-02   3.2598891e-02   3.0360597e-02   2.8801131e-02   2.8147776e-02
   6.7500000e+00   3.0146098e-02   3.4234829e-02   3.5967208e-02   3.8411892e-02   3.7498874e-02   3.3987950e-02   3.2826110e-02   3.2590830e-02   3.0351811e-02   2.8796946e-02   2.8146168e-02
   7.2000000e+00   3.0077386e-02   3.1508829e-02   3.3982415e-02   3.7000636e-02   3.6774008e-02   3.3804553e-02   3.2830232e-02   3.2582189e-02   3.0342417e-02   2.8792472e-02   2.8144450e-02
   7.6500000e+00   3.0074986e-02   2.9787130e-02   3.2258016e-02   3.5623150e-02   3.6033911e-02   3.3614835e-02   3.2834751e-02   3.2572962e-02   3.0332415e-02   2.8787710e-02   2.8142620e-02
   8.1000000e+00   3.0067344e-02   2.9109202e-02   3.0806751e-02   3.4290189e-02   3.5283055e-02   3.3419724e-02   3.2839686e-02   3.2563143e-02   3.0321803e-02   2.8782658e-02   2.8140679e-02
   8.5500000e+00   2.9883629e-02   2.8511664e-02   2.9593104e-02   3.3010467e-02   3.4525837e-02   3.3220173e-02   3.2845059e-02   3.2552729e-02   3.0310582e-02   2.8777318e-02   2.8138628e-02
   9.0000000e+00   2.8510116e-02   2.7842381e-02   2.8557690e-02   3.1790634e-02   3.3766535e-02   3.3017155e-02   3.2850892e-02   3.2541712e-02   3.0298752e-02   2.8771690e-02   2.8136465e-02
   9.4500000e+00   2.7203095e-02   2.7156791e-02   2.7645400e-02   3.0635328e-02   3.3009287e-02   3.2811661e-02   3.2857205e-02   3.2530087e-02   3.0286310e-02   2.8765772e-02   2.8134192e-02
   9.9000000e+00   2.6448271e-02   2.6472002e-02   2.6817483e-02   2.9547301e-02   3.2258059e-02   3.2604694e-02   3.2864018e-02   3.2517846e-02   3.0273258e-02   2.8759565e-02   2.8131808e-02
   1.0350000e+01   2.5717085e-02   2.5787588e-02   2.6050501e-02   2.8527603e-02   3.1516630e-02   3.2397263e-02   3.2871353e-02   3.2504984e-02   3.0259595e-02   2.8753070e-02   2.8129312e-02
   1.0800000e+01   2.4608353e-02   2.5099565e-02   2.5331785e-02   2.7575803e-02   3.0788572e-02   3.2190381e-02   3.2879229e-02   3.2491493e-02   3.0245319e-02   2.8746285e-02   2.8126706e-02
   1.1250000e+01   2.2999480e-02   2.4403265e-02   2.4656222e-02   2.6690240e-02   3.0077237e-02   3.1985057e-02   3.2887664e-02   3.2477365e-02   3.0230431e-02   2.8739212e-02   2.8123989e-02
   1.1700000e+01   2.2583896e-02   2.3696484e-02   2.4024601e-02   2.5868284e-02   2.9385752e-02   3.1782295e-02   3.2896676e-02   3.2462594e-02   3.0214929e-02   2.8731849e-02   2.8121161e-02
   1.2150000e+01   2.2557358e-02   2.3008625e-02   2.3441587e-02   2.5106595e-02   2.8717010e-02   3.1583086e-02   3.2906282e-02   3.2447170e-02   3.0198813e-02   2.8724197e-02   2.8118223e-02
   1.2600000e+01   2.2556337e-02   2.2482850e-02   2.2911476e-02   2.4401369e-02   2.8073673e-02   3.1388407e-02   3.2916498e-02   3.2431086e-02   3.0182083e-02   2.8716257e-02   2.8115173e-02
   1.3050000e+01   2.2553177e-02   2.2145617e-02   2.2433057e-02   2.3748571e-02   2.7458170e-02   3.1199213e-02   3.2927336e-02   3.2414333e-02   3.0164736e-02   2.8708027e-02   2.8112012e-02
   1.3500000e+01   2.2468309e-02   2.1819313e-02   2.1998126e-02   2.3144140e-02   2.6872706e-02   3.1016436e-02   3.2938810e-02   3.2396901e-02   3.0146774e-02   2.8699507e-02   2.8108741e-02
   1.3950000e+01   2.1793317e-02   2.1478267e-02   2.1595084e-02   2.2584164e-02   2.6319262e-02   3.0840979e-02   3.2950928e-02   3.2378782e-02   3.0128194e-02   2.8690699e-02   2.8105358e-02
   1.4400000e+01   2.1156291e-02   2.1135606e-02   2.1213468e-02   2.2065039e-02   2.5799609e-02   3.0673714e-02   3.2963698e-02   3.2359967e-02   3.0108997e-02   2.8681601e-02   2.8101865e-02
   1.4850000e+01   2.0785229e-02   2.0794256e-02   2.0845897e-02   2.1583583e-02   2.5315313e-02   3.0515477e-02   3.2977128e-02   3.2340444e-02   3.0089181e-02   2.8672214e-02   2.8098260e-02
   1.5300000e+01   2.0430840e-02   2.0453355e-02   2.0487736e-02   2.1137144e-02   2.4867749e-02   3.0367065e-02   3.2991218e-02   3.2320205e-02   3.0068745e-02   2.8662537e-02   2.8094545e-02
   1.5750000e+01   1.9956268e-02   2.0111570e-02   2.0136145e-02   2.0723665e-02   2.4458105e-02   3.0229231e-02   3.3005971e-02   3.2299238e-02   3.0047688e-02   2.8652571e-02   2.8090719e-02
   1.6200000e+01   1.9156572e-02   1.9767874e-02   1.9789334e-02   2.0341739e-02   2.4087399e-02   3.0102686e-02   3.3021384e-02   3.2277534e-02   3.0026011e-02   2.8642316e-02   2.8086782e-02
   1.6650000e+01   1.8824998e-02   1.9422873e-02   1.9446194e-02   1.9990633e-02   2.3756481e-02   2.9988091e-02   3.3037453e-02   3.2255080e-02   3.0003710e-02   2.8631771e-02   2.8082733e-02
   1.7100000e+01   1.8798097e-02   1.9083769e-02   1.9106170e-02   1.9670300e-02   2.3466048e-02   2.9886056e-02   3.3054168e-02   3.2231866e-02   2.9980787e-02   2.8620936e-02   2.8078574e-02
   1.7550000e+01   1.8796970e-02   1.8763282e-02   1.8769282e-02   1.9381364e-02   2.3216649e-02   2.9797140e-02   3.3071520e-02   3.2207880e-02   2.9957239e-02   2.8609811e-02   2.8074304e-02
   1.8000000e+01   1.8794289e-02   1.8439106e-02   1.8436210e-02   1.9125090e-02   2.3008690e-02   2.9721848e-02   3.3089493e-02   3.2183110e-02   2.9933066e-02   2.8598397e-02   2.8069923e-02
   1.8450000e+01   1.8707987e-02   1.8098761e-02   1.8108336e-02   1.8903334e-02   2.2842441e-02   2.9660626e-02   3.3108070e-02   3.2157544e-02   2.9908266e-02   2.8586693e-02   2.8065432e-02
   1.8900000e+01   1.8026994e-02   1.7756032e-02   1.7787779e-02   1.8718480e-02   2.2718042e-02   2.9613864e-02   3.3127228e-02   3.2131170e-02   2.9882839e-02   2.8574699e-02   2.8060829e-02
   1.9350000e+01   1.7444549e-02   1.7414994e-02   1.7477521e-02   1.8573351e-02   2.2635502e-02   2.9581894e-02   3.3146944e-02   3.2103975e-02   2.9856783e-02   2.8562415e-02   2.8056115e-02
   1.9800000e+01   1.7083497e-02   1.7075274e-02   1.7181735e-02   1.8471117e-02   2.2594703e-02   2.9564986e-02   3.3167189e-02   3.2075946e-02   2.9830098e-02   2.8549841e-02   2.8051290e-02
   2.0250000e+01   1.6742450e-02   1.6736063e-02   1.6906511e-02   1.8415177e-02   2.2595402e-02   2.9563352e-02   3.3187930e-02   3.2047069e-02   2.9802781e-02   2.8536977e-02   2.8046354e-02
   2.0700000e+01   1.6402112e-02   1.6396312e-02   1.6661319e-02   1.8409045e-02   2.2637230e-02   2.9577141e-02   3.3209130e-02   3.2017332e-02   2.9774833e-02   2.8523823e-02   2.8041308e-02
   2.1150000e+01   1.6061393e-02   1.6052118e-02   1.6461458e-02   1.8456214e-02   2.2719692e-02   2.9606442e-02   3.3230750e-02   3.1986720e-02   2.9746251e-02   2.8510379e-02   2.8036150e-02
   2.1600000e+01   1.5720310e-02   1.5687497e-02   1.6330688e-02   1.8560029e-02   2.2842168e-02   2.9651283e-02   3.3252744e-02   3.1955220e-02   2.9717035e-02   2.8496644e-02   2.8030882e-02
   2.2050000e+01   1.5374901e-02   1.5281075e-02   1.6300603e-02   1.8723549e-02   2.3003913e-02   2.9711631e-02   3.3275066e-02   3.1922816e-02   2.9687183e-02   2.8482619e-02   2.8025502e-02
   2.2500000e+01   1.5037597e-02   1.5092535e-02   1.6401736e-02   1.8949419e-02   2.3204055e-02   2.9787393e-02   3.3297663e-02   3.1889495e-02   2.9656693e-02   2.8468304e-02   2.8020011e-02
   2.2950000e+01   1.5716362e-02   1.5621268e-02   1.6648080e-02   1.9239745e-02   2.3441600e-02   2.9878418e-02   3.3320479e-02   3.1855242e-02   2.9625566e-02   2.8453698e-02   2.8014410e-02
   2.3400000e+01   1.6403059e-02   1.6367590e-02   1.7028692e-02   1.9595985e-02   2.3715431e-02   2.9984494e-02   3.3343452e-02   3.1820041e-02   2.9593799e-02   2.8438801e-02   2.8008697e-02
   2.3850000e+01   1.7085192e-02   1.7071847e-02   1.7516147e-02   2.0018840e-02   2.4024311e-02   3.0105354e-02   3.3366520e-02   3.1783877e-02   2.9561390e-02   2.8423614e-02   2.8002874e-02
   2.4300000e+01   1.7766631e-02   1.7755449e-02   1.8082285e-02   2.0508170e-02   2.4366889e-02   3.0240675e-02   3.3389614e-02   3.1746736e-02   2.9528340e-02   2.8408136e-02   2.7996939e-02
   2.4750000e+01   1.8447306e-02   1.8434476e-02   1.8707606e-02   2.1062917e-02   2.4741705e-02   3.0390078e-02   3.3412661e-02   3.1708600e-02   2.9494645e-02   2.8392367e-02   2.7990894e-02
   2.5200000e+01   1.9129400e-02   1.9113020e-02   1.9382706e-02   2.1681048e-02   2.5147196e-02   3.0553133e-02   3.3435586e-02   3.1669454e-02   2.9460305e-02   2.8376307e-02   2.7984737e-02
   2.5650000e+01   1.9851504e-02   1.9792116e-02   2.0107028e-02   2.2359512e-02   2.5581705e-02   3.0729359e-02   3.3458308e-02   3.1629283e-02   2.9425319e-02   2.8359956e-02   2.7978469e-02
   2.6100000e+01   2.1016393e-02   2.0470185e-02   2.0888673e-02   2.3094224e-02   2.6043491e-02   3.0918225e-02   3.3480744e-02   3.1588068e-02   2.9389684e-02   2.8343314e-02   2.7972091e-02
   2.6550000e+01   2.2378376e-02   2.1134082e-02   2.1745434e-02   2.3880074e-02   2.6530738e-02   3.1119156e-02   3.3502806e-02   3.1545794e-02   2.9353399e-02   2.8326381e-02   2.7965601e-02
   2.7000000e+01   2.2550958e-02   2.1753224e-02   2.2703724e-02   2.4710963e-02   2.7041571e-02   3.1331531e-02   3.3524403e-02   3.1502443e-02   2.9316463e-02   2.8309157e-02   2.7959001e-02
   2.7450000e+01   2.2556318e-02   2.2497312e-02   2.3790083e-02   2.5579882e-02   2.7574064e-02   3.1554686e-02   3.3545440e-02   3.1457999e-02   2.9278875e-02   2.8291641e-02   2.7952289e-02
   2.7900000e+01   2.2561898e-02   2.3900017e-02   2.5015634e-02   2.6479030e-02   2.8126255e-02   3.1787919e-02   3.3565819e-02   3.1412444e-02   2.9240632e-02   2.8273833e-02   2.7945466e-02
   2.8350000e+01   2.2696415e-02   2.5653370e-02   2.6365974e-02   2.7399979e-02   2.8696161e-02   3.2030492e-02   3.3585439e-02   3.1365760e-02   2.9201732e-02   2.8255734e-02   2.7938533e-02
   2.8800000e+01   2.4354286e-02   2.7404796e-02   2.7807481e-02   2.8333881e-02   2.9281790e-02   3.2281630e-02   3.3604194e-02   3.1317931e-02   2.9162176e-02   2.8237344e-02   2.7931488e-02
   2.9250000e+01   2.8352767e-02   2.9128629e-02   2.9302301e-02   2.9271719e-02   2.9881153e-02   3.2540530e-02   3.3621976e-02   3.1268937e-02   2.9121959e-02   2.8218661e-02   2.7924332e-02
   2.9700000e+01   3.0725629e-02   3.0837998e-02   3.0817637e-02   3.0204586e-02   3.0492279e-02   3.2806356e-02   3.3638676e-02   3.1218760e-02   2.9081082e-02   2.8199687e-02   2.7917065e-02
   3.0150000e+01   3.2497573e-02   3.2542180e-02   3.2325902e-02   3.1123995e-02   3.1113225e-02   3.3078251e-02   3.3654179e-02   3.1167384e-02   2.9039542e-02   2.8180421e-02   2.7909688e-02
   3.0600000e+01   3.4352882e-02   3.4249915e-02   3.3799809e-02   3.2022190e-02   3.1742086e-02   3.3355331e-02   3.3668369e-02   3.1114788e-02   2.8997338e-02   2.8160863e-02   2.7902199e-02
   3.1050000e+01   3.7538015e-02   3.5975113e-02   3.5205576e-02   3.2892446e-02   3.2377006e-02   3.3636693e-02   3.3681128e-02   3.1060954e-02   2.8954468e-02   2.8141012e-02   2.7894599e-02
   3.1500000e+01   4.0912979e-02   3.7746035e-02   3.6496232e-02   3.3729344e-02   3.3016180e-02   3.3921419e-02   3.3692334e-02   3.1005863e-02   2.8910929e-02   2.8120869e-02   2.7886887e-02
   3.1950000e+01   4.1337363e-02   3.9577427e-02   3.7610340e-02   3.4528988e-02   3.3657865e-02   3.4208575e-02   3.3701863e-02   3.0949497e-02   2.8866721e-02   2.8100434e-02   2.7879065e-02
   3.2400000e+01   4.1353213e-02   4.1072009e-02   3.8485462e-02   3.5289166e-02   3.4300377e-02   3.4497215e-02   3.3709592e-02   3.0891835e-02   2.8821841e-02   2.8079706e-02   2.7871132e-02
   3.2850000e+01   4.1352942e-02   4.1290112e-02   3.9087171e-02   3.6009418e-02   3.4942100e-02   3.4786386e-02   3.3715392e-02   3.0832859e-02   2.8776288e-02   2.8058686e-02   2.7863088e-02
   3.3300000e+01   4.1339637e-02   4.0853452e-02   3.9431012e-02   3.6691018e-02   3.5581477e-02   3.5075130e-02   3.3719134e-02   3.0772550e-02   2.8730060e-02   2.8037373e-02   2.7854932e-02
   3.3750000e+01   4.1131839e-02   4.0443983e-02   3.9573182e-02   3.7336857e-02   3.6217011e-02   3.5362486e-02   3.3720690e-02   3.0710887e-02   2.8683154e-02   2.8015767e-02   2.7846666e-02
   3.4200000e+01   4.0327402e-02   4.0083297e-02   3.9580823e-02   3.7951239e-02   3.6847261e-02   3.5647494e-02   3.3719927e-02   3.0647850e-02   2.8635569e-02   2.7993868e-02   2.7838288e-02
   3.4650000e+01   3.9773037e-02   3.9737746e-02   3.9510691e-02   3.8539589e-02   3.7470833e-02   3.5929198e-02   3.3716712e-02   3.0583420e-02   2.8587303e-02   2.7971676e-02   2.7829800e-02
   3.5100000e+01   3.9407443e-02   3.9395807e-02   3.9405454e-02   3.9108106e-02   3.8086374e-02   3.6206647e-02   3.3710913e-02   3.0517577e-02   2.8538355e-02   2.7949191e-02   2.7821200e-02
   3.5550000e+01   3.9030032e-02   3.9053047e-02   3.9299779e-02   3.9663361e-02   3.8692566e-02   3.6478900e-02   3.3702396e-02   3.0450301e-02   2.8488721e-02   2.7926412e-02   2.7812489e-02
   3.6000000e+01   3.8376521e-02   3.8703376e-02   3.9228723e-02   4.0211890e-02   3.9288109e-02   3.6745029e-02   3.3691025e-02   3.0381571e-02   2.8438400e-02   2.7903340e-02   2.7803667e-02
   3.6450000e+01   3.7689761e-02   3.8328939e-02   3.9235305e-02   4.0759791e-02   3.9871718e-02   3.7004119e-02   3.3676667e-02   3.0311366e-02   2.8387390e-02   2.7879975e-02   2.7794734e-02
   3.6900000e+01   3.7597884e-02   3.7900289e-02   3.9373428e-02   4.1312355e-02   4.0442111e-02   3.7255274e-02   3.3659186e-02   3.0239667e-02   2.8335689e-02   2.7856316e-02   2.7785689e-02
   3.7350000e+01   3.7594015e-02   3.7613111e-02   3.9698920e-02   4.1873759e-02   4.0997998e-02   3.7497615e-02   3.3638447e-02   3.0166453e-02   2.8283295e-02   2.7832362e-02   2.7776534e-02
   3.7800000e+01   3.7595068e-02   3.8254704e-02   4.0246657e-02   4.2446833e-02   4.1538071e-02   3.7730290e-02   3.3614317e-02   3.0091702e-02   2.8230205e-02   2.7808115e-02   2.7767267e-02
   3.8250000e+01   3.7629437e-02   3.9644238e-02   4.1010506e-02   4.3032925e-02   4.2061002e-02   3.7952467e-02   3.3586661e-02   3.0015395e-02   2.8176418e-02   2.7783574e-02   2.7757890e-02
   3.8700000e+01   3.8242448e-02   4.1102092e-02   4.1947896e-02   4.3631850e-02   4.2565428e-02   3.8163344e-02   3.3555346e-02   2.9937510e-02   2.8121932e-02   2.7758739e-02   2.7748401e-02
   3.9150000e+01   4.1327187e-02   4.2513345e-02   4.3003766e-02   4.4241950e-02   4.3049952e-02   3.8362149e-02   3.3520240e-02   2.9858027e-02   2.8066744e-02   2.7733609e-02   2.7738800e-02
   3.9600000e+01   4.3744233e-02   4.3896384e-02   4.4129992e-02   4.4860227e-02   4.3513139e-02   3.8548139e-02   3.3481212e-02   2.9776924e-02   2.8010852e-02   2.7708185e-02   2.7729089e-02
   4.0050000e+01   4.5238868e-02   4.5268120e-02   4.5290152e-02   4.5482555e-02   4.3953512e-02   3.8720606e-02   3.3438131e-02   2.9694180e-02   2.7954253e-02   2.7682466e-02   2.7719267e-02
   4.0500000e+01   4.6757847e-02   4.6641015e-02   4.6455217e-02   4.6103944e-02   4.4369558e-02   3.8878877e-02   3.3390870e-02   2.9609774e-02   2.7896947e-02   2.7656452e-02   2.7709333e-02
   4.0950000e+01   4.9362986e-02   4.8028282e-02   4.7596794e-02   4.6718828e-02   4.4759727e-02   3.9022316e-02   3.3339301e-02   2.9523686e-02   2.7838930e-02   2.7630144e-02   2.7699288e-02
   4.1400000e+01   5.2195694e-02   4.9447596e-02   4.8680814e-02   4.7321366e-02   4.5122442e-02   3.9150326e-02   3.3283301e-02   2.9435893e-02   2.7780200e-02   2.7603540e-02   2.7689132e-02
   4.1850000e+01   5.2611962e-02   5.0903538e-02   4.9664499e-02   4.7905718e-02   4.5456106e-02   3.9262351e-02   3.3222745e-02   2.9346376e-02   2.7720755e-02   2.7576642e-02   2.7678865e-02
   4.2300000e+01   5.2631151e-02   5.2198998e-02   5.0502173e-02   4.8466280e-02   4.5759114e-02   3.9357874e-02   3.3157513e-02   2.9255111e-02   2.7660593e-02   2.7549448e-02   2.7668487e-02
   4.2750000e+01   5.2631613e-02   5.2732911e-02   5.1162515e-02   4.8997871e-02   4.6029862e-02   3.9436424e-02   3.3087488e-02   2.9162079e-02   2.7599710e-02   2.7521958e-02   2.7657997e-02
   4.3200000e+01   5.2631586e-02   5.2699449e-02   5.1645604e-02   4.9495842e-02   4.6266770e-02   3.9497571e-02   3.3012552e-02   2.9067257e-02   2.7538106e-02   2.7494173e-02   2.7647396e-02
   4.3650000e+01   5.2631580e-02   5.2647335e-02   5.1981545e-02   4.9956120e-02   4.6468291e-02   3.9540931e-02   3.2932594e-02   2.8970626e-02   2.7475777e-02   2.7466092e-02   2.7636684e-02
   4.4100000e+01   5.2631579e-02   5.2633588e-02   5.2212055e-02   5.0375166e-02   4.6632936e-02   3.9566165e-02   3.2847502e-02   2.8872162e-02   2.7412721e-02   2.7437715e-02   2.7625861e-02
   4.4550000e+01   5.2631579e-02   5.2631458e-02   5.2373736e-02   5.0749884e-02   4.6759289e-02   3.9572980e-02   3.2757170e-02   2.8771846e-02   2.7348936e-02   2.7409042e-02   2.7614926e-02
   4.5000000e+01   5.2631579e-02   5.2631420e-02   5.2492747e-02   5.1077465e-02   4.6846031e-02   3.9561129e-02   3.2661494e-02   2.8669655e-02   2.7284419e-02   2.7380073e-02   2.7603880e-02
   4.5450000e+01   5.2631579e-02   5.2631519e-02   5.2587000e-02   5.1355206e-02   4.6891959e-02   3.9530412e-02   3.2560372e-02   2.8565569e-02   2.7219168e-02   2.7350808e-02   2.7592723e-02
   4.5900000e+01   5.2631579e-02   5.2631045e-02   5.2670102e-02   5.1580308e-02   4.6896008e-02   3.9480674e-02   3.2453708e-02   2.8459567e-02   2.7153180e-02   2.7321245e-02   2.7581454e-02
   4.6350000e+01   5.2631579e-02   5.2627631e-02   5.2754516e-02   5.1749693e-02   4.6857271e-02   3.9411808e-02   3.2341407e-02   2.8351627e-02   2.7086453e-02   2.7291387e-02   2.7570075e-02
   4.6800000e+01   5.2631577e-02   5.2614609e-02   5.2853159e-02   5.1859848e-02   4.6775017e-02   3.9323752e-02   3.2223380e-02   2.8241728e-02   2.7018985e-02   2.7261231e-02   2.7558584e-02
   4.7250000e+01   5.2631570e-02   5.2606246e-02   5.2978330e-02   5.1906724e-02   4.6648715e-02   3.9216489e-02   3.2099540e-02   2.8129849e-02   2.6950772e-02   2.7230778e-02   2.7546981e-02
   4.7700000e+01   5.2631686e-02   5.2739724e-02   5.3137375e-02   5.1885707e-02   4.6478044e-02   3.9090048e-02   3.1969804e-02   2.8015970e-02   2.6881812e-02   2.7200029e-02   2.7535268e-02
   4.8150000e+01   5.2636483e-02   5.3063585e-02   5.3327883e-02   5.1791669e-02   4.6262910e-02   3.8944501e-02   3.1834094e-02   2.7900069e-02   2.6812103e-02   2.7168982e-02   2.7523443e-02
   4.8600000e+01   5.2740550e-02   5.3427556e-02   5.3537311e-02   5.1619107e-02   4.6003461e-02   3.8779964e-02   3.1692336e-02   2.7782126e-02   2.6741642e-02   2.7137637e-02   2.7511507e-02
   4.9050000e+01   5.3448727e-02   5.3782340e-02   5.3747199e-02   5.1362373e-02   4.5700090e-02   3.8596593e-02   3.1544460e-02   2.7662119e-02   2.6670426e-02   2.7105995e-02   2.7499459e-02
   4.9500000e+01   5.4100012e-02   5.4129035e-02   5.3937037e-02   5.1015976e-02   4.5353446e-02   3.8394585e-02   3.1390400e-02   2.7540029e-02   2.6598454e-02   2.7074055e-02   2.7487300e-02
   4.9950000e+01   5.4479757e-02   5.4472022e-02   5.4084462e-02   5.0574953e-02   4.4964433e-02   3.8174179e-02   3.1230094e-02   2.7415835e-02   2.6525721e-02   2.7041816e-02   2.7475030e-02
   5.0400000e+01   5.4853416e-02   5.4814974e-02   5.4161839e-02   5.0035277e-02   4.4534211e-02   3.7935646e-02   3.1063485e-02   2.7289515e-02   2.6452226e-02   2.7009280e-02   2.7462649e-02
   5.0850000e+01   5.5457677e-02   5.5164329e-02   5.4129685e-02   4.9394278e-02   4.4064189e-02   3.7679299e-02   3.0890521e-02   2.7161051e-02   2.6377966e-02   2.6976445e-02   2.7450156e-02
   5.1300000e+01   5.6228863e-02   5.5541874e-02   5.3927660e-02   4.8651043e-02   4.3556020e-02   3.7405479e-02   3.0711154e-02   2.7030422e-02   2.6302938e-02   2.6943312e-02   2.7437551e-02
   5.1750000e+01   5.6382127e-02   5.6007772e-02   5.3468385e-02   4.7806770e-02   4.3011584e-02   3.7114565e-02   3.0525340e-02   2.6897607e-02   2.6227139e-02   2.6909880e-02   2.7424836e-02
   5.2200000e+01   5.6390779e-02   5.6471243e-02   5.2648051e-02   4.6865027e-02   4.2432975e-02   3.6806961e-02   3.0333041e-02   2.6762588e-02   2.6150567e-02   2.6876150e-02   2.7412009e-02
   5.2650000e+01   5.6390396e-02   5.5672390e-02   5.1385652e-02   4.5831904e-02   4.1822481e-02   3.6483102e-02   3.0134222e-02   2.6625343e-02   2.6073219e-02   2.6842120e-02   2.7399070e-02
   5.3100000e+01   5.6355785e-02   5.2861221e-02   4.9671125e-02   4.4716029e-02   4.1182563e-02   3.6143449e-02   2.9928854e-02   2.6485854e-02   2.5995093e-02   2.6807791e-02   2.7386020e-02
   5.3550000e+01   5.5528977e-02   4.9571571e-02   4.7574876e-02   4.3528434e-02   4.0515829e-02   3.5788486e-02   2.9716914e-02   2.6344101e-02   2.5916185e-02   2.6773162e-02   2.7372859e-02
   5.4000000e+01   4.9348153e-02   4.6375659e-02   4.5208082e-02   4.2282277e-02   3.9825005e-02   3.5418718e-02   2.9498380e-02   2.6200065e-02   2.5836492e-02   2.6738234e-02   2.7359586e-02
   5.4450000e+01   4.3466558e-02   4.3258472e-02   4.2677141e-02   4.0992419e-02   3.9112911e-02   3.5034671e-02   2.9273239e-02   2.6053727e-02   2.5756012e-02   2.6703006e-02   2.7346202e-02
   5.4900000e+01   4.0069853e-02   4.0174746e-02   4.0065622e-02   3.9674896e-02   3.8382426e-02   3.4636886e-02   2.9041479e-02   2.5905068e-02   2.5674742e-02   2.6667478e-02   2.7332707e-02
   5.5350000e+01   3.6779513e-02   3.7095972e-02   3.7439620e-02   3.8346296e-02   3.7636458e-02   3.4225921e-02   2.8803095e-02   2.5754069e-02   2.5592680e-02   2.6631650e-02   2.7319100e-02
   5.5800000e+01   3.1790221e-02   3.3998864e-02   3.4861869e-02   3.7023098e-02   3.6877914e-02   3.3802345e-02   2.8558088e-02   2.5600712e-02   2.5509821e-02   2.6595522e-02   2.7305381e-02
   5.6250000e+01   2.4550291e-02   3.0853195e-02   3.2406923e-02   3.5721006e-02   3.6109670e-02   3.3366738e-02   2.8306460e-02   2.5444978e-02   2.5426164e-02   2.6559093e-02   2.7291551e-02
   5.6700000e+01   2.2680159e-02   2.7616673e-02   3.0171921e-02   3.4454319e-02   3.5334536e-02   3.2919689e-02   2.8048221e-02   2.5286849e-02   2.5341706e-02   2.6522364e-02   2.7277610e-02
   5.7150000e+01   2.2560701e-02   2.4428594e-02   2.8270662e-02   3.3235387e-02   3.4555233e-02   3.2461791e-02   2.7783384e-02   2.5126308e-02   2.5256443e-02   2.6485333e-02   2.7263557e-02
   5.7600000e+01   2.2556346e-02   2.2543601e-02   2.6798116e-02   3.2074184e-02   3.3774365e-02   3.1993643e-02   2.7511968e-02   2.4963337e-02   2.5170373e-02   2.6448002e-02   2.7249393e-02
   5.8050000e+01   2.2559557e-02   2.2689253e-02   2.5781045e-02   3.0978019e-02   3.2994391e-02   3.1515846e-02   2.7233996e-02   2.4797918e-02   2.5083493e-02   2.6410369e-02   2.7235117e-02
   5.8500000e+01   2.2644467e-02   2.3215424e-02   2.5162786e-02   2.9951412e-02   3.2217609e-02   3.1028998e-02   2.6949494e-02   2.4630034e-02   2.4995799e-02   2.6372434e-02   2.7220729e-02
   5.8950000e+01   2.3319464e-02   2.3622159e-02   2.4840182e-02   2.8996128e-02   3.1446132e-02   3.0533698e-02   2.6658496e-02   2.4459669e-02   2.4907290e-02   2.6334198e-02   2.7206230e-02
   5.9400000e+01   2.3956491e-02   2.3976707e-02   2.4712111e-02   2.8111367e-02   3.0681876e-02   3.0030540e-02   2.6361037e-02   2.4286805e-02   2.4817961e-02   2.6295660e-02   2.7191620e-02
   5.9850000e+01   2.4327553e-02   2.4319021e-02   2.4702049e-02   2.7294089e-02   2.9926549e-02   2.9520113e-02   2.6057158e-02   2.4111427e-02   2.4727810e-02   2.6256820e-02   2.7176898e-02
   6.0300000e+01   2.4681942e-02   2.4659584e-02   2.4756156e-02   2.6539437e-02   2.9181639e-02   2.9003000e-02   2.5746905e-02   2.3933517e-02   2.4636834e-02   2.6217677e-02   2.7162064e-02
   6.0750000e+01   2.5156514e-02   2.5002038e-02   2.4832681e-02   2.5841236e-02   2.8448411e-02   2.8479772e-02   2.5430327e-02   2.3753061e-02   2.4545030e-02   2.6178232e-02   2.7147119e-02
   6.1200000e+01   2.5956211e-02   2.5352900e-02   2.4891547e-02   2.5192519e-02   2.7727906e-02   2.7950993e-02   2.5107478e-02   2.3570043e-02   2.4452395e-02   2.6138485e-02   2.7132063e-02
   6.1650000e+01   2.6287787e-02   2.5733136e-02   2.4887120e-02   2.4586041e-02   2.7020944e-02   2.7417215e-02   2.4778415e-02   2.3384447e-02   2.4358926e-02   2.6098434e-02   2.7116894e-02
   6.2100000e+01   2.6314707e-02   2.6149358e-02   2.4768223e-02   2.4014756e-02   2.6328127e-02   2.6878976e-02   2.4443202e-02   2.3196259e-02   2.4264620e-02   2.6058080e-02   2.7101615e-02
   6.2550000e+01   2.6315757e-02   2.6203537e-02   2.4490597e-02   2.3472215e-02   2.5649847e-02   2.6336802e-02   2.4101902e-02   2.3005464e-02   2.4169473e-02   2.6017423e-02   2.7086223e-02
   6.3000000e+01   2.6307712e-02   2.5358654e-02   2.4037101e-02   2.2952868e-02   2.4986300e-02   2.5791203e-02   2.3754587e-02   2.2812047e-02   2.4073483e-02   2.5976463e-02   2.7070720e-02
   6.3450000e+01   2.6048777e-02   2.4255548e-02   2.3426311e-02   2.2452258e-02   2.4337494e-02   2.5242674e-02   2.3401329e-02   2.2615994e-02   2.3976647e-02   2.5935198e-02   2.7055105e-02
   6.3900000e+01   2.4005794e-02   2.3198585e-02   2.2699254e-02   2.1967090e-02   2.3703269e-02   2.4691693e-02   2.3042204e-02   2.2417292e-02   2.3878961e-02   2.5893630e-02   2.7039379e-02
   6.4350000e+01   2.2258459e-02   2.2170047e-02   2.1899072e-02   2.1495199e-02   2.3083312e-02   2.4138721e-02   2.2677295e-02   2.2215927e-02   2.3780422e-02   2.5851757e-02   2.7023541e-02
   6.4800000e+01   2.1175303e-02   2.1150243e-02   2.1060592e-02   2.1035410e-02   2.2477173e-02   2.3584202e-02   2.2306684e-02   2.2011886e-02   2.3681028e-02   2.5809580e-02   2.7007591e-02
   6.5250000e+01   2.0152162e-02   2.0132613e-02   2.0210795e-02   2.0587316e-02   2.1884286e-02   2.3028559e-02   2.1930458e-02   2.1805156e-02   2.3580775e-02   2.5767098e-02   2.6991530e-02
   6.5700000e+01   1.9131149e-02   1.9114333e-02   1.9374055e-02   2.0151010e-02   2.1303986e-02   2.2472200e-02   2.1548708e-02   2.1595725e-02   2.3479660e-02   2.5724312e-02   2.6975357e-02
   6.6150000e+01   1.8108992e-02   1.8089804e-02   1.8578299e-02   1.9726775e-02   2.0735531e-02   2.1915511e-02   2.1161528e-02   2.1383581e-02   2.3377680e-02   2.5681220e-02   2.6959073e-02
   6.6600000e+01   1.7085798e-02   1.7037610e-02   1.7860133e-02   1.9314782e-02   2.0178119e-02   2.1358861e-02   2.0769012e-02   2.1168712e-02   2.3274831e-02   2.5637823e-02   2.6942676e-02
   6.7050000e+01   1.6056438e-02   1.5929221e-02   1.7264603e-02   1.8914818e-02   1.9630909e-02   2.0802596e-02   2.0371261e-02   2.0951107e-02   2.3171111e-02   2.5594121e-02   2.6926168e-02
   6.7500000e+01   1.5037598e-02   1.5110849e-02   1.6833343e-02   1.8526055e-02   1.9093036e-02   2.0247048e-02   1.9968375e-02   2.0730754e-02   2.3066517e-02   2.5550112e-02   2.6909548e-02
   6.7950000e+01   1.5373517e-02   1.5248838e-02   1.6583689e-02   1.8146906e-02   1.8563628e-02   1.9692524e-02   1.9560459e-02   2.0507643e-02   2.2961044e-02   2.5505798e-02   2.6892817e-02
   6.8400000e+01   1.5720298e-02   1.5677429e-02   1.6497372e-02   1.7774951e-02   1.8041825e-02   1.9139315e-02   1.9147620e-02   2.0281765e-02   2.2854691e-02   2.5461178e-02   2.6875974e-02
   6.8850000e+01   1.6061393e-02   1.6050366e-02   1.6531776e-02   1.7406962e-02   1.7526787e-02   1.8587693e-02   1.8729966e-02   2.0053108e-02   2.2747453e-02   2.5416251e-02   2.6859019e-02
   6.9300000e+01   1.6402112e-02   1.6396122e-02   1.6640730e-02   1.7039013e-02   1.7017716e-02   1.8037910e-02   1.8307608e-02   1.9821663e-02   2.2639328e-02   2.5371017e-02   2.6841952e-02
   6.9750000e+01   1.6742450e-02   1.6735951e-02   1.6786192e-02   1.6666665e-02   1.6513857e-02   1.7490199e-02   1.7880659e-02   1.9587421e-02   2.2530313e-02   2.5325477e-02   2.6824773e-02
   7.0200000e+01   1.7083497e-02   1.7075030e-02   1.6938230e-02   1.6285219e-02   1.6014514e-02   1.6944776e-02   1.7449233e-02   1.9350374e-02   2.2420403e-02   2.5279629e-02   2.6807483e-02
   7.0650000e+01   1.7444549e-02   1.7415406e-02   1.7069410e-02   1.5890006e-02   1.5519055e-02   1.6401839e-02   1.7013448e-02   1.9110513e-02   2.2309597e-02   2.5233474e-02   2.6790081e-02
   7.1100000e+01   1.8026994e-02   1.7763158e-02   1.7147817e-02   1.5476695e-02   1.5026921e-02   1.5861569e-02   1.6573420e-02   1.8867830e-02   2.2197890e-02   2.5187011e-02   2.6772567e-02
   7.1550000e+01   1.8707992e-02   1.8141835e-02   1.7130834e-02   1.5041597e-02   1.4537628e-02   1.5324130e-02   1.6129270e-02   1.8622317e-02   2.2085280e-02   2.5140241e-02   2.6754941e-02
   7.2000000e+01   1.8794331e-02   1.8584763e-02   1.6964462e-02   1.4581936e-02   1.4050770e-02   1.4789671e-02   1.5681117e-02   1.8373968e-02   2.1971763e-02   2.5093162e-02   2.6737203e-02
   7.2450000e+01   1.8797015e-02   1.8749380e-02   1.6596028e-02   1.4096065e-02   1.3566023e-02   1.4258323e-02   1.5229085e-02   1.8122775e-02   2.1857336e-02   2.5045775e-02   2.6719354e-02
   7.2900000e+01   1.8792602e-02   1.7800315e-02   1.5999284e-02   1.3583618e-02   1.3083144e-02   1.3730204e-02   1.4773295e-02   1.7868733e-02   2.1741996e-02   2.4998080e-02   2.6701393e-02
   7.3350000e+01   1.8684975e-02   1.6347499e-02   1.5190957e-02   1.3045574e-02   1.2601970e-02   1.3205419e-02   1.4313871e-02   1.7611834e-02   2.1625739e-02   2.4950075e-02   2.6683320e-02
   7.3800000e+01   1.7358676e-02   1.4923434e-02   1.4220041e-02   1.2484241e-02   1.2122415e-02   1.2684058e-02   1.3850938e-02   1.7352075e-02   2.1508562e-02   2.4901762e-02   2.6665134e-02
   7.4250000e+01   1.4159892e-02   1.3539647e-02   1.3142263e-02   1.1903148e-02   1.1644471e-02   1.2166199e-02   1.3384621e-02   1.7089448e-02   2.1390462e-02   2.4853139e-02   2.6646838e-02
   7.4700000e+01   1.2261602e-02   1.2171561e-02   1.2003570e-02   1.1306870e-02   1.1168198e-02   1.1651907e-02   1.2915045e-02   1.6823951e-02   2.1271436e-02   2.4804207e-02   2.6628429e-02
   7.5150000e+01   1.0844047e-02   1.0808228e-02   1.0838265e-02   1.0700783e-02   1.0693724e-02   1.1141238e-02   1.2442337e-02   1.6555578e-02   2.1151480e-02   2.4754965e-02   2.6609908e-02
   7.5600000e+01   9.3597994e-03   9.4421680e-03   9.6745001e-03   1.0090780e-02   1.0221239e-02   1.0634236e-02   1.1966622e-02   1.6284326e-02   2.1030591e-02   2.4705412e-02   2.6591275e-02
   7.6050000e+01   6.8116931e-03   8.0629004e-03   8.5412596e-03   9.4829645e-03   9.7509840e-03   1.0130936e-02   1.1488027e-02   1.6010192e-02   2.0908766e-02   2.4655550e-02   2.6572530e-02
   7.6500000e+01   4.1117228e-03   6.6509496e-03   7.4743867e-03   8.8833437e-03   9.2832514e-03   9.6313633e-03   1.1006677e-02   1.5733171e-02   2.0786002e-02   2.4605377e-02   2.6553674e-02
   7.6950000e+01   3.7722183e-03   5.2003746e-03   6.5183335e-03   8.2975417e-03   8.8183731e-03   9.1355366e-03   1.0522700e-02   1.5453262e-02   2.0662294e-02   2.4554893e-02   2.6534705e-02
   7.7400000e+01   3.7595421e-03   3.9907768e-03   5.7177023e-03   7.7305514e-03   8.3567145e-03   8.6434663e-03   1.0036220e-02   1.5170463e-02   2.0537641e-02   2.4504098e-02   2.6515625e-02
   7.7850000e+01   3.7593682e-03   3.6409662e-03   5.0982014e-03   7.1865392e-03   7.8986670e-03   8.1551561e-03   9.5473640e-03   1.4884771e-02   2.0412038e-02   2.4452991e-02   2.6496432e-02
   7.8300000e+01   3.7593942e-03   3.7084095e-03   4.6521080e-03   6.6687090e-03   7.4446400e-03   7.6706041e-03   9.0562560e-03   1.4596186e-02   2.0285482e-02   2.4401573e-02   2.6477128e-02
   7.8750000e+01   3.7593982e-03   3.7492059e-03   4.3445444e-03   6.1792300e-03   6.9950533e-03   7.1898029e-03   8.5630205e-03   1.4304707e-02   2.0157971e-02   2.4349844e-02   2.6457711e-02
   7.9200000e+01   3.7593985e-03   3.7583587e-03   4.1334749e-03   5.7192257e-03   6.5503293e-03   6.7127407e-03   8.0677813e-03   1.4010333e-02   2.0029500e-02   2.4297802e-02   2.6438182e-02
   7.9650000e+01   3.7593985e-03   3.7595671e-03   3.9843048e-03   5.2888165e-03   6.1108855e-03   6.2394014e-03   7.5706611e-03   1.3713064e-02   1.9900066e-02   2.4245447e-02   2.6418542e-02
   8.0100000e+01   3.7593985e-03   3.7595087e-03   3.8729319e-03   4.8872077e-03   5.6771274e-03   5.7697659e-03   7.0717820e-03   1.3412901e-02   1.9769667e-02   2.4192780e-02   2.6398789e-02
   8.0550000e+01   3.7593985e-03   3.7594739e-03   3.7826656e-03   4.5128103e-03   5.2494413e-03   5.3038121e-03   6.5712649e-03   1.3109844e-02   1.9638298e-02   2.4139800e-02   2.6378924e-02
   8.1000000e+01   3.7593985e-03   3.7602946e-03   3.7002415e-03   4.1633841e-03   4.8281883e-03   4.8415156e-03   6.0692297e-03   1.2803896e-02   1.9505957e-02   2.4086507e-02   2.6358947e-02
   8.1450000e+01   3.7593988e-03   3.7652549e-03   3.6127777e-03   3.8361921e-03   4.4136983e-03   4.3828502e-03   5.5657950e-03   1.2495057e-02   1.9372640e-02   2.4032901e-02   2.6338858e-02
   8.1900000e+01   3.7594014e-03   3.7814857e-03   3.5063394e-03   3.5281565e-03   4.0062648e-03   3.9277885e-03   5.0610781e-03   1.2183330e-02   1.9238344e-02   2.3978980e-02   2.6318657e-02
   8.2350000e+01   3.7594074e-03   3.7750114e-03   3.3672388e-03   3.2360091e-03   3.6061401e-03   3.4763021e-03   4.5551952e-03   1.1868717e-02   1.9103065e-02   2.3924746e-02   2.6298344e-02
   8.2800000e+01   3.7591257e-03   3.5872060e-03   3.1863176e-03   2.9564306e-03   3.2135320e-03   3.0283621e-03   4.0482609e-03   1.1551222e-02   1.8966800e-02   2.3870197e-02   2.6277918e-02
   8.3250000e+01   3.7505351e-03   3.2431388e-03   2.9628723e-03   2.6861729e-03   2.8286003e-03   2.5839396e-03   3.5403882e-03   1.1230849e-02   1.8829547e-02   2.3815334e-02   2.6257381e-02
   8.3700000e+01   3.5972828e-03   2.8815712e-03   2.7038005e-03   2.4221630e-03   2.4514546e-03   2.1430056e-03   3.0316887e-03   1.0907600e-02   1.8691301e-02   2.3760156e-02   2.6236731e-02
   8.4150000e+01   2.8260981e-03   2.5294581e-03   2.4188084e-03   2.1615857e-03   2.0821532e-03   1.7055316e-03   2.5222723e-03   1.0581481e-02   1.8552059e-02   2.3704663e-02   2.6215969e-02
   8.4600000e+01   2.2218366e-03   2.1837838e-03   2.1163348e-03   1.9019440e-03   1.7207019e-03   1.2714900e-03   2.0122470e-03   1.0252496e-02   1.8411819e-02   2.3648855e-02   2.6195095e-02
   8.5050000e+01   1.8481777e-03   1.8408214e-03   1.8022809e-03   1.6410983e-03   1.3670547e-03   8.4085386e-04   1.5017194e-03   9.9206508e-03   1.8270576e-02   2.3592730e-02   2.6174109e-02
   8.5500000e+01   1.4684331e-03   1.4976273e-03   1.4804701e-03   1.3772861e-03   1.0211140e-03   4.1359735e-04   9.9079395e-04   9.5859508e-03   1.8128328e-02   2.3536290e-02   2.6153010e-02
   8.5950000e+01   8.1714816e-04   1.1514822e-03   1.1534478e-03   1.1091224e-03   6.8273294e-04  -1.0304168e-05   4.7957335e-04   9.2484021e-03   1.7985071e-02   2.3479534e-02   2.6131800e-02
   8.6400000e+01   1.0897124e-04   8.0061835e-04   8.2307183e-04   8.3558606e-04   3.5171679e-04  -4.3087403e-04  -3.1841639e-05   8.9080112e-03   1.7840801e-02   2.3422461e-02   2.6110477e-02
   8.6850000e+01   4.9042530e-06   4.4957628e-04   4.9086973e-04   5.5599374e-04   2.7826217e-05  -8.4813420e-04  -5.4335224e-04   8.5647852e-03   1.7695517e-02   2.3365072e-02   2.6089041e-02
   8.7300000e+01   1.0700632e-07   1.2503234e-04   1.5827292e-04   2.6996539e-04  -2.8921961e-04  -1.2621052e-03  -1.0548617e-03   8.2187315e-03   1.7549213e-02   2.3307365e-02   2.6067494e-02
   8.7750000e+01  -8.5558979e-09  -1.0790406e-04  -1.7318523e-04  -2.2615454e-05  -5.9973933e-04  -1.6728063e-03  -1.5662753e-03   7.8698578e-03   1.7401888e-02   2.3249341e-02   2.6045834e-02
   8.8200000e+01  -1.7500041e-09  -1.9009316e-04  -5.0165426e-04  -3.2164364e-04  -9.0408538e-04  -2.0802550e-03  -2.0775004e-03   7.5181724e-03   1.7253537e-02   2.3190999e-02   2.6024062e-02
   8.8650000e+01  -2.1026464e-10  -1.5754321e-04  -8.2470662e-04  -6.2683410e-04  -1.2026397e-03  -2.4844677e-03  -2.5884466e-03   7.1636839e-03   1.7104158e-02   2.3132340e-02   2.6002177e-02
   8.9100000e+01  -2.1746800e-11  -9.6618684e-05  -1.1390193e-03  -9.3776123e-04  -1.4958091e-03  -2.8854593e-03  -3.0990254e-03   6.8064015e-03   1.6953748e-02   2.3073362e-02   2.5980180e-02
   8.9550000e+01  -2.1054226e-12  -5.1070631e-05  -1.4400008e-03  -1.2538946e-03  -1.7840211e-03  -3.2832435e-03  -3.6091507e-03   6.4463345e-03   1.6802302e-02   2.3014065e-02   2.5958071e-02
   9.0000000e+01  -1.9691064e-13  -2.5008767e-05  -1.7213979e-03  -1.5746301e-03  -2.0677189e-03  -3.6778327e-03  -4.1187386e-03   6.0834929e-03   1.6649818e-02   2.2954450e-02   2.5935850e-02
