  -9.0000000e+01 -2.1073043e-133  -7.3507024e-46  -1.3554816e-16  -5.1872858e-07  -7.3315478e-04  -7.9013909e-03  -7.7174921e-03   5.9107711e-03   1.5978188e-02   2.2661718e-02   2.5830024e-02
  -8.9550000e+01 -1.1015473e-128  -2.7764220e-44  -3.1956938e-16  -6.5316978e-07  -7.4841241e-04  -7.6149737e-03  -7.0477168e-03   6.2814413e-03   1.6137096e-02   2.2724818e-02   2.5853516e-02
  -8.9100000e+01 -5.5527647e-124  -9.7048479e-43  -7.2890629e-16  -8.1389903e-07  -7.5976589e-04  -7.3115827e-03  -6.3784652e-03   6.6486525e-03   1.6294961e-02   2.2787584e-02   2.5876888e-02
  -8.8650000e+01 -2.6150138e-119  -2.9238734e-41  -1.5958776e-15  -1.0018663e-06  -7.6649854e-04  -6.9910312e-03  -5.7099685e-03   7.0124111e-03   1.6451786e-02   2.2850014e-02   2.5900142e-02
  -8.8200000e+01 -1.0589374e-114  -6.5510623e-40  -3.3063422e-15  -1.2154692e-06  -7.6782853e-04  -6.6531564e-03  -5.0424584e-03   7.3727238e-03   1.6607575e-02   2.2912109e-02   2.5923278e-02
  -8.7750000e+01 -2.5516018e-110  -7.2634854e-39  -6.3036315e-15  -1.4488345e-06  -7.6290723e-04  -6.2978210e-03  -4.3761668e-03   7.7295982e-03   1.6762332e-02   2.2973870e-02   2.5946294e-02
  -8.7300000e+01  1.4154603e-105   1.1693772e-37  -1.0359128e-14  -1.6893538e-06  -7.5081814e-04  -5.9249142e-03  -3.7113255e-03   8.0830420e-03   1.6916058e-02   2.3035297e-02   2.5969192e-02
  -8.6850000e+01  3.1720395e-100   8.2640395e-36  -1.1636368e-14  -1.9142322e-06  -7.3057629e-04  -5.5343533e-03  -3.0481665e-03   8.4330637e-03   1.7068758e-02   2.3096389e-02   2.5991971e-02
  -8.6400000e+01   3.3343520e-95   2.5844690e-34   6.9707103e-15  -2.0857604e-06  -7.0112835e-04  -5.1260844e-03  -2.3869211e-03   8.7796721e-03   1.7220435e-02   2.3157148e-02   2.6014632e-02
  -8.5950000e+01   1.1604851e-90   6.0943915e-33   1.0435918e-13  -2.1449710e-06  -6.6135335e-04  -4.7000840e-03  -1.7278205e-03   9.1228767e-03   1.7371091e-02   2.3217574e-02   2.6037174e-02
  -8.5500000e+01   9.0721469e-87   1.1291528e-31   4.6020388e-13  -2.0032877e-06  -6.1006420e-04  -4.2563600e-03  -1.0710949e-03   9.4626872e-03   1.7520730e-02   2.3277666e-02   2.6059598e-02
  -8.5050000e+01   2.2598481e-83   1.2285055e-30   1.5895814e-12  -1.5317394e-06  -5.4600994e-04  -3.7949526e-03  -4.1697375e-04   9.7991141e-03   1.7669356e-02   2.3337426e-02   2.6081902e-02
  -8.4600000e+01  -1.3373739e-78  -2.3049877e-29   4.9509804e-12  -5.4728007e-07  -4.6787895e-04  -3.3159358e-03   2.3431478e-04   1.0132168e-02   1.7816971e-02   2.3396852e-02   2.6104089e-02
  -8.4150000e+01  -5.9301903e-74  -2.2115529e-27   1.4842301e-11   1.2042490e-06  -3.7430292e-04  -2.8194177e-03   8.8254370e-04   1.0461861e-02   1.7963579e-02   2.3455947e-02   2.6126156e-02
  -8.3700000e+01  -6.3693867e-70  -9.6714280e-26   4.4837626e-11   4.0689587e-06  -2.6386183e-04  -2.3055420e-03   1.5274876e-03   1.0788203e-02   1.8109183e-02   2.3514709e-02   2.6148105e-02
  -8.3250000e+01  -2.1029769e-66  -2.8987051e-24   1.3960830e-10   8.5099407e-06  -1.3508980e-04  -1.7744881e-03   2.1689227e-03   1.1111208e-02   1.8253785e-02   2.3573140e-02   2.6169936e-02
  -8.2800000e+01  -3.8152363e-63  -4.1102042e-23   4.4167476e-10   1.5136767e-05   1.3518029e-05  -1.2264724e-03   2.8066273e-03   1.1430889e-02   1.8397390e-02   2.3631239e-02   2.6191648e-02
  -8.2350000e+01   8.5296670e-60   5.2602889e-22   1.3635481e-09   2.4739581e-05   1.8349779e-04  -6.6174872e-04   3.4403818e-03   1.1747257e-02   1.8540000e-02   2.3689007e-02   2.6213242e-02
  -8.1900000e+01   1.5624511e-55   2.0236379e-20   3.9571851e-09   3.8327676e-05   3.7640817e-04  -8.0608647e-05   4.0699689e-03   1.2060327e-02   1.8681618e-02   2.3746443e-02   2.6234717e-02
  -8.1450000e+01   1.1269363e-51   2.6418874e-19   1.0609879e-08   5.7172119e-05   5.9382081e-04   5.1661794e-04   4.6951738e-03   1.2370113e-02   1.8822249e-02   2.3803549e-02   2.6256073e-02
  -8.1000000e+01   2.6568456e-48   2.4786739e-18   2.6302075e-08   8.2851572e-05   8.3730989e-04   1.1295626e-03   5.3157846e-03   1.2676629e-02   1.8961894e-02   2.3860325e-02   2.6277311e-02
  -8.0550000e+01   1.3378420e-45   1.8670053e-17   6.0924758e-08   1.1729993e-04   1.1084409e-03   1.7578180e-03   5.9315922e-03   1.2979889e-02   1.9100556e-02   2.3916770e-02   2.6298431e-02
  -8.0100000e+01   2.9369398e-43   9.8088341e-17   1.3377682e-07   1.6285376e-04   1.4087585e-03   2.4009384e-03   6.5423909e-03   1.3279909e-02   1.9238240e-02   2.3972885e-02   2.6319432e-02
  -7.9650000e+01  -4.7475027e-40  -1.0140082e-16   2.8317363e-07   2.2229674e-04   1.7397740e-03   3.0584388e-03   7.1479782e-03   1.3576705e-02   1.9374949e-02   2.4028671e-02   2.6340315e-02
  -7.9200000e+01  -1.5532310e-36  -1.3122043e-14   5.8934636e-07   2.9889779e-04   2.1029522e-03   3.7297960e-03   7.7481552e-03   1.3870292e-02   1.9510684e-02   2.4084127e-02   2.6361079e-02
  -7.8750000e+01  -1.3228970e-33  -2.4727140e-13   1.2311776e-06   3.9643848e-04   2.4996972e-03   4.4144484e-03   8.3427267e-03   1.4160687e-02   1.9645450e-02   2.4139253e-02   2.6381725e-02
  -7.8300000e+01  -3.1547038e-31  -3.0544773e-12   2.6156552e-06   5.1922540e-04   2.9313385e-03   5.1117969e-03   8.9315018e-03   1.4447907e-02   1.9779249e-02   2.4194051e-02   2.6402253e-02
  -7.7850000e+01  -4.1599490e-29  -1.9288729e-11   5.6170103e-06   6.7208256e-04   3.3991163e-03   5.8212048e-03   9.5142933e-03   1.4731968e-02   1.9912085e-02   2.4248520e-02   2.6422662e-02
  -7.7400000e+01   3.4496913e-27   6.9423455e-11   1.1886821e-05   8.6031946e-04   3.9041668e-03   6.5419992e-03   1.0090919e-02   1.5012887e-02   2.0043961e-02   2.4302661e-02   2.6442953e-02
  -7.6950000e+01   5.7585170e-24   1.3211850e-09   2.4081903e-05   1.0896712e-03   4.4475070e-03   7.2734714e-03   1.0661200e-02   1.5290683e-02   2.0174880e-02   2.4356473e-02   2.6463125e-02
  -7.6500000e+01   2.8312041e-21   6.9144618e-09   4.5921322e-05   1.3662086e-03   5.0300199e-03   8.0148781e-03   1.1224964e-02   1.5565374e-02   2.0304844e-02   2.4409958e-02   2.6483180e-02
  -7.6050000e+01   4.3020892e-19   2.5730220e-08   8.2249954e-05   1.6962178e-03   5.6524394e-03   8.7654425e-03   1.1782041e-02   1.5836977e-02   2.0433857e-02   2.4463114e-02   2.6503115e-02
  -7.5600000e+01   1.3370198e-17   7.9538662e-08   1.3938392e-04   2.0860510e-03   6.3153356e-03   9.5243553e-03   1.2332270e-02   1.6105512e-02   2.0561923e-02   2.4515944e-02   2.6522933e-02
  -7.5150000e+01   2.2668900e-16   1.9823326e-07   2.2593078e-04   2.5419542e-03   7.0190998e-03   1.0290776e-02   1.2875491e-02   1.6370997e-02   2.0689043e-02   2.4568446e-02   2.6542632e-02
  -7.4700000e+01  -7.9184304e-15   2.7133109e-07   3.5440776e-04   3.0698758e-03   7.7639312e-03   1.1063836e-02   1.3411553e-02   1.6633452e-02   2.0815221e-02   2.4620621e-02   2.6562213e-02
  -7.4250000e+01  -2.2980193e-12  -1.0199316e-06   5.4428852e-04   3.6752684e-03   8.5498223e-03   1.1842637e-02   1.3940307e-02   1.6892896e-02   2.0940461e-02   2.4672469e-02   2.6581676e-02
  -7.3800000e+01  -1.8148146e-10  -1.1621870e-05   8.2683412e-04   4.3628918e-03   9.3765469e-03   1.2626256e-02   1.4461613e-02   1.7149350e-02   2.1064764e-02   2.4723991e-02   2.6601020e-02
  -7.3350000e+01  -3.4670109e-09  -6.3162195e-05   1.2496676e-03   5.1366305e-03   1.0243647e-02   1.3413744e-02   1.4975336e-02   1.7402832e-02   2.1188135e-02   2.4775186e-02   2.6620246e-02
  -7.2900000e+01  -3.3015327e-08  -1.7588645e-04   1.8738083e-03   5.9993360e-03   1.1150424e-02   1.4204132e-02   1.5481345e-02   1.7653363e-02   2.1310576e-02   2.4826055e-02   2.6639354e-02
  -7.2450000e+01   8.0047674e-08   2.1333079e-04   2.7542029e-03   6.9527056e-03   1.2095924e-02   1.4996429e-02   1.5979519e-02   1.7900965e-02   2.1432090e-02   2.4876599e-02   2.6658344e-02
  -7.2000000e+01   1.5758016e-05   1.9219571e-03   3.9099272e-03   7.9972050e-03   1.3078937e-02   1.5789626e-02   1.6469740e-02   1.8145657e-02   2.1552680e-02   2.4926817e-02   2.6677215e-02
  -7.1550000e+01   5.2033495e-04   4.0316261e-03   5.3116025e-03   9.1320404e-03   1.4097983e-02   1.6582698e-02   1.6951897e-02   1.8387461e-02   2.1672348e-02   2.4976709e-02   2.6695968e-02
  -7.1100000e+01   4.5015306e-03   6.0773618e-03   6.9005424e-03   1.0355180e-02   1.5151311e-02   1.7374608e-02   1.7425888e-02   1.8626397e-02   2.1791099e-02   2.5026277e-02   2.6714603e-02
  -7.0650000e+01   7.9065922e-03   8.0791405e-03   8.6180444e-03   1.1663421e-02   1.6236898e-02   1.8164307e-02   1.7891615e-02   1.8862488e-02   2.1908935e-02   2.5075519e-02   2.6733120e-02
  -7.0200000e+01   1.0017358e-02   1.0066346e-02   1.0420634e-02   1.3052500e-02   1.7352446e-02   1.8950735e-02   1.8348987e-02   1.9095755e-02   2.2025859e-02   2.5124437e-02   2.6751519e-02
  -6.9750000e+01   1.2011171e-02   1.2049606e-02   1.2280359e-02   1.4517231e-02   1.8495384e-02   1.9732829e-02   1.8797921e-02   1.9326219e-02   2.2141873e-02   2.5173031e-02   2.6769799e-02
  -6.9300000e+01   1.4000838e-02   1.4032593e-02   1.4179751e-02   1.6051659e-02   1.9662879e-02   2.0509520e-02   1.9238342e-02   1.9553902e-02   2.2256981e-02   2.5221300e-02   2.6787962e-02
  -6.8850000e+01   1.5992734e-02   1.6016623e-02   1.6107387e-02   1.7649223e-02   2.0851839e-02   2.1279739e-02   1.9670178e-02   1.9778827e-02   2.2371186e-02   2.5269245e-02   2.6806006e-02
  -6.8400000e+01   1.7986563e-02   1.8002116e-02   1.8055225e-02   1.9302915e-02   2.2058925e-02   2.2042420e-02   2.0093369e-02   2.0001016e-02   2.2484490e-02   2.5316867e-02   2.6823932e-02
  -6.7950000e+01   1.9981792e-02   1.9989210e-02   2.0017186e-02   2.1005413e-02   2.3280573e-02   2.2796499e-02   2.0507859e-02   2.0220491e-02   2.2596896e-02   2.5364165e-02   2.6841740e-02
  -6.7500000e+01   2.1978022e-02   2.1978022e-02   2.1988413e-02   2.2749196e-02   2.4513001e-02   2.3540919e-02   2.0913600e-02   2.0437274e-02   2.2708408e-02   2.5411140e-02   2.6859430e-02
  -6.7050000e+01   2.3974252e-02   2.3966835e-02   2.3965041e-02   2.4526627e-02   2.5752242e-02   2.4274635e-02   2.1310552e-02   2.0651389e-02   2.2819028e-02   2.5457791e-02   2.6877002e-02
  -6.6600000e+01   2.5969481e-02   2.5953934e-02   2.5944262e-02   2.6329992e-02   2.6994159e-02   2.4996613e-02   2.1698681e-02   2.0862857e-02   2.2928758e-02   2.5504120e-02   2.6894455e-02
  -6.6150000e+01   2.7963310e-02   2.7939444e-02   2.7924355e-02   2.8151513e-02   2.8234479e-02   2.5705833e-02   2.2077962e-02   2.1071703e-02   2.3037603e-02   2.5550126e-02   2.6911791e-02
  -6.5700000e+01   2.9955206e-02   2.9923525e-02   2.9904431e-02   2.9983321e-02   2.9468819e-02   2.6401296e-02   2.2448377e-02   2.1277948e-02   2.3145564e-02   2.5595809e-02   2.6929009e-02
  -6.5250000e+01   3.1944873e-02   3.1906629e-02   3.1884077e-02   3.1817404e-02   3.0692721e-02   2.7082022e-02   2.2809913e-02   2.1481615e-02   2.3252644e-02   2.5641171e-02   2.6946108e-02
  -6.4800000e+01   3.3938686e-02   3.3890023e-02   3.3863073e-02   3.3645535e-02   3.1901683e-02   2.7747053e-02   2.3162569e-02   2.1682728e-02   2.3358846e-02   2.5686210e-02   2.6963090e-02
  -6.4350000e+01   3.6049452e-02   3.5876438e-02   3.5841224e-02   3.5459196e-02   3.3091197e-02   2.8395461e-02   2.3506347e-02   2.1881310e-02   2.3464173e-02   2.5730928e-02   2.6979953e-02
  -6.3900000e+01   3.9454513e-02   3.7870356e-02   3.7818248e-02   3.7249497e-02   3.4256787e-02   2.9026342e-02   2.3841259e-02   2.2077384e-02   2.3568628e-02   2.5775323e-02   2.6996698e-02
  -6.3450000e+01   4.3435702e-02   3.9874056e-02   3.9793611e-02   3.9007122e-02   3.5394040e-02   2.9638827e-02   2.4167323e-02   2.2270973e-02   2.3672213e-02   2.5819398e-02   2.7013326e-02
  -6.3000000e+01   4.3940237e-02   4.1863781e-02   4.1766234e-02   4.0722297e-02   3.6498649e-02   3.0232079e-02   2.4484564e-02   2.2462100e-02   2.3774932e-02   2.5863151e-02   2.7029835e-02
  -6.2550000e+01   4.3955911e-02   4.3758968e-02   4.3733982e-02   4.2384802e-02   3.7566447e-02   3.0805298e-02   2.4793018e-02   2.2650788e-02   2.3876786e-02   2.5906583e-02   2.7046227e-02
  -6.2100000e+01   4.3962503e-02   4.5632584e-02   4.5693095e-02   4.3984033e-02   3.8593439e-02   3.1357723e-02   2.5092722e-02   2.2837061e-02   2.3977779e-02   2.5949695e-02   2.7062500e-02
  -6.1650000e+01   4.4119767e-02   4.7615022e-02   4.7637818e-02   4.5509120e-02   3.9575842e-02   3.1888633e-02   2.5383725e-02   2.3020942e-02   2.4077913e-02   2.5992486e-02   2.7078656e-02
  -6.1200000e+01   4.6058199e-02   4.9631909e-02   4.9560258e-02   4.6949098e-02   4.0510111e-02   3.2397352e-02   2.5666082e-02   2.3202455e-02   2.4177191e-02   2.6034956e-02   2.7094693e-02
  -6.0750000e+01   5.0733345e-02   5.1641081e-02   5.1450047e-02   4.8293143e-02   4.1392967e-02   3.2883249e-02   2.5939854e-02   2.3381621e-02   2.4275616e-02   2.6077106e-02   2.7110613e-02
  -6.0300000e+01   5.3507769e-02   5.3638891e-02   5.3293357e-02   4.9530850e-02   4.2221426e-02   3.3345739e-02   2.6205110e-02   2.3558466e-02   2.4373190e-02   2.6118937e-02   2.7126415e-02
  -5.9850000e+01   5.5579580e-02   5.5631432e-02   5.5070725e-02   5.0652545e-02   4.2992821e-02   3.3784291e-02   2.6461924e-02   2.3733010e-02   2.4469915e-02   2.6160447e-02   2.7142098e-02
  -5.9400000e+01   5.7748865e-02   5.7628546e-02   5.6752766e-02   5.1649627e-02   4.3704816e-02   3.4198421e-02   2.6710380e-02   2.3905279e-02   2.4565796e-02   2.6201638e-02   2.7157664e-02
  -5.8950000e+01   6.1473020e-02   5.9649218e-02   5.8292819e-02   5.2514899e-02   4.4355424e-02   3.4587701e-02   2.6950565e-02   2.4075294e-02   2.4660833e-02   2.6242510e-02   2.7173112e-02
  -5.8500000e+01   6.5419133e-02   6.1739051e-02   5.9618124e-02   5.3242882e-02   4.4943016e-02   3.4951757e-02   2.7182575e-02   2.4243080e-02   2.4755031e-02   2.6283062e-02   2.7188442e-02
  -5.8050000e+01   6.5915348e-02   6.3938798e-02   6.0628825e-02   5.3830085e-02   4.5466330e-02   3.5290272e-02   2.7406510e-02   2.4408658e-02   2.4848390e-02   2.6323295e-02   2.7203655e-02
  -5.7600000e+01   6.5933895e-02   6.5630309e-02   6.1221331e-02   5.4275203e-02   4.5924466e-02   3.5602986e-02   2.7622479e-02   2.4572051e-02   2.4940914e-02   2.6363210e-02   2.7218749e-02
  -5.7150000e+01   6.5932007e-02   6.5180636e-02   6.1337821e-02   5.4579225e-02   4.6316889e-02   3.5889699e-02   2.7830596e-02   2.4733282e-02   2.5032606e-02   2.6402805e-02   2.7233725e-02
  -5.6700000e+01   6.5873774e-02   6.3537110e-02   6.1003734e-02   5.4745446e-02   4.6643424e-02   3.6150271e-02   2.8030979e-02   2.4892375e-02   2.5123468e-02   2.6442083e-02   2.7248584e-02
  -5.6250000e+01   6.4962679e-02   6.1905678e-02   6.0312027e-02   5.4779375e-02   4.6904238e-02   3.6384620e-02   2.8223755e-02   2.5049350e-02   2.5213502e-02   2.6481042e-02   2.7263325e-02
  -5.5800000e+01   6.1435533e-02   6.0360886e-02   5.9372555e-02   5.4688529e-02   4.7099834e-02   3.6592730e-02   2.8409053e-02   2.5204232e-02   2.5302711e-02   2.6519683e-02   2.7277947e-02
  -5.5350000e+01   5.9004853e-02   5.8850358e-02   5.8275359e-02   5.4482145e-02   4.7231031e-02   3.6774642e-02   2.8587010e-02   2.5357042e-02   2.5391098e-02   2.6558006e-02   2.7292452e-02
  -5.4900000e+01   5.7401867e-02   5.7350428e-02   5.7083367e-02   5.4170810e-02   4.7298942e-02   3.6930464e-02   2.8757768e-02   2.5507801e-02   2.5478664e-02   2.6596011e-02   2.7306840e-02
  -5.4450000e+01   5.5747061e-02   5.5848352e-02   5.5840668e-02   5.3766043e-02   4.7304956e-02   3.7060363e-02   2.8921473e-02   2.5656534e-02   2.5565413e-02   2.6633699e-02   2.7321109e-02
  -5.4000000e+01   5.2881669e-02   5.4331476e-02   5.4583082e-02   5.3279845e-02   4.7250710e-02   3.7164568e-02   2.9078275e-02   2.5803260e-02   2.5651347e-02   2.6671069e-02   2.7335261e-02
  -5.3550000e+01   4.9870499e-02   5.2784215e-02   5.3346291e-02   5.2724261e-02   4.7138066e-02   3.7243371e-02   2.9228331e-02   2.5948002e-02   2.5736468e-02   2.6708122e-02   2.7349295e-02
  -5.3100000e+01   4.9467700e-02   5.1213212e-02   5.2169505e-02   5.2110955e-02   4.6969081e-02   3.7297124e-02   2.9371800e-02   2.6090782e-02   2.5820779e-02   2.6744859e-02   2.7363211e-02
  -5.2650000e+01   4.9450850e-02   4.9831055e-02   5.1091201e-02   5.1450842e-02   4.6745986e-02   3.7326240e-02   2.9508847e-02   2.6231621e-02   2.5904281e-02   2.6781278e-02   2.7377009e-02
  -5.2200000e+01   4.9450115e-02   4.9075891e-02   5.0136223e-02   5.0753789e-02   4.6471154e-02   3.7331190e-02   2.9639640e-02   2.6370540e-02   2.5986978e-02   2.6817381e-02   2.7390689e-02
  -5.1750000e+01   4.9437589e-02   4.8631194e-02   4.9304321e-02   5.0028387e-02   4.6147076e-02   3.7312504e-02   2.9764351e-02   2.6507560e-02   2.6068872e-02   2.6853167e-02   2.7404252e-02
  -5.1300000e+01   4.9213611e-02   4.8153574e-02   4.8573085e-02   4.9281815e-02   4.5776336e-02   3.7270767e-02   2.9883155e-02   2.6642702e-02   2.6149965e-02   2.6888637e-02   2.7417697e-02
  -5.0850000e+01   4.8086495e-02   4.7651330e-02   4.7912267e-02   4.8519786e-02   4.5361588e-02   3.7206622e-02   2.9996230e-02   2.6775988e-02   2.6230259e-02   2.6923790e-02   2.7431024e-02
  -5.0400000e+01   4.7203344e-02   4.7147891e-02   4.7295506e-02   4.7746577e-02   4.4905531e-02   3.7120760e-02   3.0103758e-02   2.6907436e-02   2.6309757e-02   2.6958628e-02   2.7444234e-02
  -4.9950000e+01   4.6657227e-02   4.6646604e-02   4.6703470e-02   4.6965119e-02   4.4410893e-02   3.7013927e-02   3.0205923e-02   2.7037069e-02   2.6388461e-02   2.6993150e-02   2.7457326e-02
  -4.9500000e+01   4.6102215e-02   4.6144947e-02   4.6121774e-02   4.6177156e-02   4.3880411e-02   3.6886914e-02   3.0302912e-02   2.7164906e-02   2.6466374e-02   2.7027356e-02   2.7470300e-02
  -4.9050000e+01   4.5150337e-02   4.5640004e-02   4.5537666e-02   4.5383429e-02   4.3316817e-02   3.6740562e-02   3.0394914e-02   2.7290966e-02   2.6543497e-02   2.7061247e-02   2.7483156e-02
  -4.8600000e+01   4.4115310e-02   4.5133502e-02   4.4937097e-02   4.4583892e-02   4.2722826e-02   3.6575751e-02   3.0482120e-02   2.7415270e-02   2.6619832e-02   2.7094822e-02   2.7495895e-02
  -4.8150000e+01   4.3963218e-02   4.4644061e-02   4.4303224e-02   4.3777928e-02   4.2101124e-02   3.6393404e-02   3.0564721e-02   2.7537837e-02   2.6695383e-02   2.7128083e-02   2.7508516e-02
  -4.7700000e+01   4.3956226e-02   4.4176317e-02   4.3618258e-02   4.2964565e-02   4.1454360e-02   3.6194482e-02   3.0642913e-02   2.7658687e-02   2.6770151e-02   2.7161028e-02   2.7521019e-02
  -4.7250000e+01   4.3955537e-02   4.3515307e-02   4.2869635e-02   4.2142667e-02   4.0785143e-02   3.5979979e-02   3.0716890e-02   2.7777838e-02   2.6844138e-02   2.7193658e-02   2.7533405e-02
  -4.6800000e+01   4.3937353e-02   4.2550172e-02   4.2056329e-02   4.1311095e-02   4.0096037e-02   3.5750923e-02   3.0786849e-02   2.7895309e-02   2.6917347e-02   2.7225974e-02   2.7545672e-02
  -4.6350000e+01   4.3577987e-02   4.1507172e-02   4.1188512e-02   4.0468847e-02   3.9389561e-02   3.5508367e-02   3.0852986e-02   2.8011119e-02   2.6989780e-02   2.7257975e-02   2.7557823e-02
  -4.5900000e+01   4.1423938e-02   4.0477462e-02   4.0280872e-02   3.9615147e-02   3.8668187e-02   3.5253391e-02   3.0915498e-02   2.8125287e-02   2.7061438e-02   2.7289661e-02   2.7569855e-02
  -4.5450000e+01   3.9567664e-02   3.9465084e-02   3.9346360e-02   3.8749516e-02   3.7934345e-02   3.4987095e-02   3.0974582e-02   2.8237829e-02   2.7132324e-02   2.7321034e-02   2.7581770e-02
  -4.5000000e+01   3.8461538e-02   3.8461461e-02   3.8394057e-02   3.7871801e-02   3.7190422e-02   3.4710599e-02   3.1030437e-02   2.8348766e-02   2.7202441e-02   2.7352092e-02   2.7593568e-02
  -4.4550000e+01   3.7355413e-02   3.7457905e-02   3.7429780e-02   3.6982188e-02   3.6438769e-02   3.4425036e-02   3.1083257e-02   2.8458113e-02   2.7271789e-02   2.7382836e-02   2.7605247e-02
  -4.4100000e+01   3.5499139e-02   3.6446334e-02   3.6457294e-02   3.6081188e-02   3.5681703e-02   3.4131550e-02   3.1133239e-02   2.8565888e-02   2.7340372e-02   2.7413267e-02   2.7616809e-02
  -4.3650000e+01   3.3345090e-02   3.5421658e-02   3.5479191e-02   3.5169615e-02   3.4921512e-02   3.3831292e-02   3.1180577e-02   2.8672109e-02   2.7408191e-02   2.7443384e-02   2.7628254e-02
  -4.3200000e+01   3.2985726e-02   3.4397702e-02   3.4497333e-02   3.4248560e-02   3.4160455e-02   3.3525419e-02   3.1225466e-02   2.8776792e-02   2.7475248e-02   2.7473187e-02   2.7639581e-02
  -4.2750000e+01   3.2967552e-02   3.3444794e-02   3.3513030e-02   3.3319363e-02   3.3400772e-02   3.3215087e-02   3.1268098e-02   2.8879955e-02   2.7541546e-02   2.7502677e-02   2.7650790e-02
  -4.2300000e+01   3.2966695e-02   3.2588701e-02   3.2527107e-02   3.2383584e-02   3.2644680e-02   3.2901449e-02   3.1308662e-02   2.8981612e-02   2.7607086e-02   2.7531853e-02   2.7661882e-02
  -4.1850000e+01   3.2952691e-02   3.1647617e-02   3.1540019e-02   3.1442994e-02   3.1894379e-02   3.2585654e-02   3.1347347e-02   2.9081782e-02   2.7671870e-02   2.7560717e-02   2.7672856e-02
  -4.1400000e+01   3.2648501e-02   3.0626199e-02   3.0552032e-02   3.0499563e-02   3.1152047e-02   3.2268839e-02   3.1384338e-02   2.9180479e-02   2.7735900e-02   2.7589268e-02   2.7683712e-02
  -4.0950000e+01   3.0578446e-02   2.9601107e-02   2.9563372e-02   2.9555465e-02   3.0419843e-02   3.1952131e-02   3.1419819e-02   2.9277719e-02   2.7799178e-02   2.7617506e-02   2.7694451e-02
  -4.0500000e+01   2.8674690e-02   2.8589293e-02   2.8574266e-02   2.8613097e-02   2.9699903e-02   3.1636639e-02   3.1453970e-02   2.9373517e-02   2.7861706e-02   2.7645431e-02   2.7705073e-02
  -4.0050000e+01   2.7564667e-02   2.7586031e-02   2.7584937e-02   2.7675095e-02   2.8994336e-02   3.1323456e-02   3.1486969e-02   2.9467889e-02   2.7923487e-02   2.7673043e-02   2.7715576e-02
  -3.9600000e+01   2.6472434e-02   2.6583531e-02   2.6595602e-02   2.6744364e-02   2.8305215e-02   3.1013653e-02   3.1518989e-02   2.9560850e-02   2.7984521e-02   2.7700344e-02   2.7725963e-02
  -3.9150000e+01   2.4706131e-02   2.5574299e-02   2.5606502e-02   2.5824109e-02   2.7634575e-02   3.0708275e-02   3.1550200e-02   2.9652413e-02   2.8044810e-02   2.7727331e-02   2.7736231e-02
  -3.8700000e+01   2.2451899e-02   2.4553308e-02   2.4617953e-02   2.4917853e-02   2.6984400e-02   3.0408344e-02   3.1580769e-02   2.9742594e-02   2.8104357e-02   2.7754007e-02   2.7746382e-02
  -3.8250000e+01   2.2003935e-02   2.3530303e-02   2.3630420e-02   2.4029461e-02   2.6356614e-02   3.0114851e-02   3.1610858e-02   2.9831406e-02   2.8163163e-02   2.7780371e-02   2.7756416e-02
  -3.7800000e+01   2.1978843e-02   2.2563349e-02   2.2644632e-02   2.3163141e-02   2.5753070e-02   2.9828756e-02   3.1640626e-02   2.9918863e-02   2.8221231e-02   2.7806423e-02   2.7766332e-02
  -3.7350000e+01   2.1977804e-02   2.1693926e-02   2.1661762e-02   2.2323433e-02   2.5175539e-02   2.9550986e-02   3.1670225e-02   3.0004979e-02   2.8278561e-02   2.7832163e-02   2.7776131e-02
  -3.6900000e+01   2.1966583e-02   2.0759874e-02   2.0683628e-02   2.1515176e-02   2.4625697e-02   2.9282435e-02   3.1699804e-02   3.0089766e-02   2.8335156e-02   2.7857591e-02   2.7785812e-02
  -3.6450000e+01   2.1698055e-02   1.9744174e-02   1.9712890e-02   2.0743458e-02   2.4105111e-02   2.9023957e-02   3.1729506e-02   3.0173239e-02   2.8391017e-02   2.7882708e-02   2.7795375e-02
  -3.6000000e+01   1.9690609e-02   1.8722357e-02   1.8753220e-02   2.0013535e-02   2.3615227e-02   2.8776369e-02   3.1759471e-02   3.0255410e-02   2.8446147e-02   2.7907513e-02   2.7804821e-02
  -3.5550000e+01   1.7780347e-02   1.7712768e-02   1.7809589e-02   1.9330734e-02   2.3157356e-02   2.8540449e-02   3.1789830e-02   3.0336290e-02   2.8500546e-02   2.7932007e-02   2.7814150e-02
  -3.5100000e+01   1.6677144e-02   1.6711446e-02   1.6888856e-02   1.8700340e-02   2.2732665e-02   2.8316931e-02   3.1820712e-02   3.0415893e-02   2.8554216e-02   2.7956190e-02   2.7823361e-02
  -3.4650000e+01   1.5608487e-02   1.5711419e-02   1.6001028e-02   1.8127461e-02   2.2342162e-02   2.8106510e-02   3.1852238e-02   3.0494230e-02   2.8607160e-02   2.7980062e-02   2.7832454e-02
  -3.4200000e+01   1.3988033e-02   1.4705112e-02   1.5161661e-02   1.7616885e-02   2.1986690e-02   2.7909836e-02   3.1884523e-02   3.0571314e-02   2.8659378e-02   2.8003623e-02   2.7841430e-02
  -3.3750000e+01   1.1636602e-02   1.3680814e-02   1.4395555e-02   1.7172939e-02   2.1666916e-02   2.7727513e-02   3.1917678e-02   3.0647155e-02   2.8710873e-02   2.8026873e-02   2.7850289e-02
  -3.3300000e+01   1.1029208e-02   1.2618034e-02   1.3739833e-02   1.6799348e-02   2.1383325e-02   2.7560104e-02   3.1951804e-02   3.0721765e-02   2.8761646e-02   2.8049813e-02   2.7859030e-02
  -3.2850000e+01   1.0990402e-02   1.1563420e-02   1.3240596e-02   1.6499108e-02   2.1136218e-02   2.7408124e-02   3.1986999e-02   3.0795154e-02   2.8811698e-02   2.8072441e-02   2.7867654e-02
  -3.2400000e+01   1.0989037e-02   1.1050612e-02   1.2937114e-02   1.6274377e-02   2.0925706e-02   2.7272041e-02   3.2023354e-02   3.0867334e-02   2.8861032e-02   2.8094760e-02   2.7876160e-02
  -3.1950000e+01   1.0993683e-02   1.1441672e-02   1.2840162e-02   1.6126388e-02   2.0751716e-02   2.7152279e-02   3.2060951e-02   3.0938314e-02   2.8909648e-02   2.8116768e-02   2.7884549e-02
  -3.1500000e+01   1.1117743e-02   1.2024805e-02   1.2925323e-02   1.6055397e-02   2.0613990e-02   2.7049216e-02   3.2099868e-02   3.1008106e-02   2.8957548e-02   2.8138465e-02   2.7892820e-02
  -3.1050000e+01   1.2104272e-02   1.2558180e-02   1.3149084e-02   1.6060656e-02   2.0512091e-02   2.6963180e-02   3.2140174e-02   3.1076719e-02   2.9004734e-02   2.8159853e-02   2.7900974e-02
  -3.0600000e+01   1.3035311e-02   1.3065342e-02   1.3470083e-02   1.6140408e-02   2.0445416e-02   2.6894455e-02   3.2181932e-02   3.1144162e-02   2.9051207e-02   2.8180930e-02   2.7909010e-02
  -3.0150000e+01   1.3577633e-02   1.3564824e-02   1.3859241e-02   1.6291925e-02   2.0413202e-02   2.6843279e-02   3.2225197e-02   3.1210446e-02   2.9096969e-02   2.8201697e-02   2.7916929e-02
  -2.9700000e+01   1.4095585e-02   1.4062929e-02   1.4299677e-02   1.6511548e-02   2.0414545e-02   2.6809842e-02   3.2270019e-02   3.1275579e-02   2.9142021e-02   2.8222155e-02   2.7924731e-02
  -2.9250000e+01   1.4789191e-02   1.4562024e-02   1.4783653e-02   1.6794760e-02   2.0448412e-02   2.6794290e-02   3.2316438e-02   3.1339571e-02   2.9186364e-02   2.8242303e-02   2.7932415e-02
  -2.8800000e+01   1.5957978e-02   1.5061651e-02   1.5310594e-02   1.7136264e-02   2.0513664e-02   2.6796721e-02   3.2364490e-02   3.1402429e-02   2.9230000e-02   2.8262141e-02   2.7939982e-02
  -2.8350000e+01   1.6442585e-02   1.5552983e-02   1.5886329e-02   1.7530076e-02   2.0609072e-02   2.6817190e-02   3.2414201e-02   3.1464164e-02   2.9272931e-02   2.8281669e-02   2.7947431e-02
  -2.7900000e+01   1.6481894e-02   1.6020410e-02   1.6521288e-02   1.7969624e-02   2.0733344e-02   2.6855707e-02   3.2465590e-02   3.1524783e-02   2.9315157e-02   2.8300888e-02   2.7954763e-02
  -2.7450000e+01   1.6483570e-02   1.6586118e-02   1.7225030e-02   1.8447851e-02   2.0885144e-02   2.6912236e-02   3.2518670e-02   3.1584294e-02   2.9356680e-02   2.8319798e-02   2.7961977e-02
  -2.7000000e+01   1.6491408e-02   1.7487071e-02   1.7998524e-02   1.8957334e-02   2.1063118e-02   2.6986699e-02   3.2573447e-02   3.1642706e-02   2.9397501e-02   2.8338398e-02   2.7969074e-02
  -2.6550000e+01   1.6743686e-02   1.8511917e-02   1.8830934e-02   1.9490400e-02   2.1265918e-02   2.7078976e-02   3.2629918e-02   3.1700025e-02   2.9437622e-02   2.8356689e-02   2.7976054e-02
  -2.6100000e+01   1.8734282e-02   1.9524267e-02   1.9704264e-02   2.0039252e-02   2.1492224e-02   2.7188902e-02   3.2688075e-02   3.1756259e-02   2.9477044e-02   2.8374671e-02   2.7982916e-02
  -2.5650000e+01   2.0436813e-02   2.0523164e-02   2.0600298e-02   2.0596109e-02   2.1740770e-02   2.7316274e-02   3.2747901e-02   3.1811416e-02   2.9515767e-02   2.8392344e-02   2.7989661e-02
  -2.5200000e+01   2.1492195e-02   2.1516510e-02   2.1503819e-02   2.1153345e-02   2.2010364e-02   2.7460845e-02   3.2809373e-02   3.1865503e-02   2.9553795e-02   2.8409708e-02   2.7996289e-02
  -2.4750000e+01   2.2489102e-02   2.2508121e-02   2.2401781e-02   2.1703634e-02   2.2299905e-02   2.7622330e-02   3.2872461e-02   3.1918526e-02   2.9591126e-02   2.8426763e-02   2.8002799e-02
  -2.4300000e+01   2.3483935e-02   2.3500166e-02   2.3280547e-02   2.2240108e-02   2.2608406e-02   2.7800403e-02   3.2937128e-02   3.1970492e-02   2.9627764e-02   2.8443509e-02   2.8009192e-02
  -2.3850000e+01   2.4479884e-02   2.4496882e-02   2.4122362e-02   2.2756507e-02   2.2935003e-02   2.7994702e-02   3.3003332e-02   3.2021408e-02   2.9663708e-02   2.8459947e-02   2.8015467e-02
  -2.3400000e+01   2.5476831e-02   2.5513987e-02   2.4902135e-02   2.3247331e-02   2.3278968e-02   2.8204827e-02   3.3071021e-02   3.2071279e-02   2.9698961e-02   2.8476075e-02   2.8021625e-02
  -2.2950000e+01   2.6478459e-02   2.6572352e-02   2.5587739e-02   2.3707992e-02   2.3639716e-02   2.8430338e-02   3.3140139e-02   3.2120112e-02   2.9733522e-02   2.8491896e-02   2.8027666e-02
  -2.2500000e+01   2.7472525e-02   2.7418995e-02   2.6148562e-02   2.4134949e-02   2.4016812e-02   2.8670764e-02   3.3210625e-02   3.2167913e-02   2.9767394e-02   2.8507408e-02   2.8033589e-02
  -2.2050000e+01   2.7476574e-02   2.7566758e-02   2.6570601e-02   2.4525833e-02   2.4409964e-02   2.8925597e-02   3.3282408e-02   3.2214687e-02   2.9800578e-02   2.8522611e-02   2.8039395e-02
  -2.1600000e+01   2.7472561e-02   2.7501940e-02   2.6864682e-02   2.4879561e-02   2.4819024e-02   2.9194294e-02   3.3355416e-02   3.2260440e-02   2.9833073e-02   2.8537506e-02   2.8045084e-02
  -2.1150000e+01   2.7472528e-02   2.7477582e-02   2.7058246e-02   2.5196424e-02   2.5243975e-02   2.9476282e-02   3.3429567e-02   3.2305177e-02   2.9864883e-02   2.8552093e-02   2.8050655e-02
  -2.0700000e+01   2.7472527e-02   2.7472880e-02   2.7180005e-02   2.5478157e-02   2.5684922e-02   2.9770954e-02   3.3504777e-02   3.2348903e-02   2.9896007e-02   2.8566372e-02   2.8056109e-02
  -2.0250000e+01   2.7472527e-02   2.7472328e-02   2.7250877e-02   2.5727982e-02   2.6142070e-02   3.0077672e-02   3.3580954e-02   3.2391624e-02   2.9926446e-02   2.8580343e-02   2.8061446e-02
  -1.9800000e+01   2.7472527e-02   2.7472348e-02   2.7282868e-02   2.5950632e-02   2.6615710e-02   3.0395771e-02   3.3658004e-02   3.2433343e-02   2.9956202e-02   2.8594005e-02   2.8066665e-02
  -1.9350000e+01   2.7472527e-02   2.7472605e-02   2.7280929e-02   2.6152336e-02   2.7106190e-02   3.0724554e-02   3.3735826e-02   3.2474067e-02   2.9985276e-02   2.8607360e-02   2.8071767e-02
  -1.8900000e+01   2.7472528e-02   2.7474597e-02   2.7244287e-02   2.6340770e-02   2.7613892e-02   3.1063299e-02   3.3814315e-02   3.2513799e-02   3.0013667e-02   2.8620407e-02   2.8076751e-02
  -1.8450000e+01   2.7472529e-02   2.7485114e-02   2.7166817e-02   2.6524973e-02   2.8139201e-02   3.1411259e-02   3.3893363e-02   3.2552543e-02   3.0041379e-02   2.8633146e-02   2.8081619e-02
  -1.8000000e+01   2.7472540e-02   2.7515103e-02   2.7038263e-02   2.6715208e-02   2.8682480e-02   3.1767658e-02   3.3972858e-02   3.2590304e-02   3.0068410e-02   2.8645577e-02   2.8086368e-02
  -1.7550000e+01   2.7472541e-02   2.7468464e-02   2.6849029e-02   2.6922766e-02   2.9244036e-02   3.2131701e-02   3.4052683e-02   3.2627086e-02   3.0094763e-02   2.8657700e-02   2.8091001e-02
  -1.7100000e+01   2.7470921e-02   2.7097366e-02   2.6598233e-02   2.7159715e-02   2.9824092e-02   3.2502569e-02   3.4132719e-02   3.2662892e-02   3.0120437e-02   2.8669516e-02   2.8095516e-02
  -1.6650000e+01   2.7431598e-02   2.6573582e-02   2.6298748e-02   2.7438580e-02   3.0422755e-02   3.2879424e-02   3.4212844e-02   3.2697727e-02   3.0145435e-02   2.8681024e-02   2.8099914e-02
  -1.6200000e+01   2.6946989e-02   2.6056500e-02   2.5974143e-02   2.7771958e-02   3.1039993e-02   3.3261406e-02   3.4292934e-02   3.2731594e-02   3.0169755e-02   2.8692224e-02   2.8104195e-02
  -1.5750000e+01   2.5778202e-02   2.5551630e-02   2.5651774e-02   2.8172084e-02   3.1675605e-02   3.3647642e-02   3.4372861e-02   3.2764497e-02   3.0193401e-02   2.8703117e-02   2.8108358e-02
  -1.5300000e+01   2.5084596e-02   2.5052032e-02   2.5359307e-02   2.8650336e-02   3.2329201e-02   3.4037241e-02   3.4452497e-02   3.2796438e-02   3.0216371e-02   2.8713703e-02   2.8112404e-02
  -1.4850000e+01   2.4566644e-02   2.4554155e-02   2.5126636e-02   2.9216729e-02   3.3000183e-02   3.4429299e-02   3.4531712e-02   3.2827421e-02   3.0238668e-02   2.8723981e-02   2.8116333e-02
  -1.4400000e+01   2.4024322e-02   2.4054038e-02   2.4991975e-02   2.9879393e-02   3.3687728e-02   3.4822899e-02   3.4610374e-02   3.2857450e-02   3.0260291e-02   2.8733952e-02   2.8120145e-02
  -1.3950000e+01   2.3093283e-02   2.3538981e-02   2.5011447e-02   3.0644080e-02   3.4390780e-02   3.5217118e-02   3.4688350e-02   3.2886526e-02   3.0281242e-02   2.8743616e-02   2.8123839e-02
  -1.3500000e+01   2.2106750e-02   2.2961968e-02   2.5269821e-02   3.1513732e-02   3.5108042e-02   3.5611021e-02   3.4765508e-02   3.2914653e-02   3.0301520e-02   2.8752972e-02   2.8127416e-02
  -1.3050000e+01   2.1982662e-02   2.2246056e-02   2.5881872e-02   3.2488127e-02   3.5837978e-02   3.6003670e-02   3.4841714e-02   3.2941834e-02   3.0321128e-02   2.8762021e-02   2.8130875e-02
  -1.2600000e+01   2.1977983e-02   2.1982270e-02   2.6965543e-02   3.3563661e-02   3.6578812e-02   3.6394123e-02   3.4916837e-02   3.2968071e-02   3.0340064e-02   2.8770763e-02   2.8134217e-02
  -1.2150000e+01   2.1982919e-02   2.4096636e-02   2.8585022e-02   3.4733267e-02   3.7328541e-02   3.6781437e-02   3.4990742e-02   3.2993367e-02   3.0358331e-02   2.8779198e-02   2.8137442e-02
  -1.1700000e+01   2.2118716e-02   2.7726168e-02   3.0707534e-02   3.5986504e-02   3.8084947e-02   3.7164670e-02   3.5063300e-02   3.3017723e-02   3.0375928e-02   2.8787326e-02   2.8140550e-02
  -1.1250000e+01   2.4244592e-02   3.1408603e-02   3.3221121e-02   3.7309817e-02   3.8845613e-02   3.7542884e-02   3.5134379e-02   3.3041143e-02   3.0392856e-02   2.8795146e-02   2.8143540e-02
  -1.0800000e+01   3.2474598e-02   3.4985191e-02   3.5992251e-02   3.8686961e-02   3.9607947e-02   3.7915147e-02   3.5203851e-02   3.3063628e-02   3.0409116e-02   2.8802660e-02   2.8146414e-02
  -1.0350000e+01   3.8146187e-02   3.8505929e-02   3.8907134e-02   4.0099579e-02   4.0369202e-02   3.8280536e-02   3.5271589e-02   3.3085180e-02   3.0424709e-02   2.8809867e-02   2.8149169e-02
  -9.9000000e+00   4.1886487e-02   4.2005720e-02   4.1878519e-02   4.1527895e-02   4.1126509e-02   3.8638140e-02   3.5337469e-02   3.3105802e-02   3.0439634e-02   2.8816766e-02   2.8151808e-02
  -9.4500000e+00   4.5747699e-02   4.5511164e-02   4.4833025e-02   4.2951483e-02   4.1876901e-02   3.8987059e-02   3.5401369e-02   3.3125494e-02   3.0453892e-02   2.8823359e-02   2.8154329e-02
  -9.0000000e+00   5.2433615e-02   4.9054912e-02   4.7693372e-02   4.4350079e-02   4.2617346e-02   3.9326412e-02   3.5463170e-02   3.3144260e-02   3.0467484e-02   2.8829645e-02   2.8156733e-02
  -8.5500000e+00   5.9459680e-02   5.2689486e-02   5.0361863e-02   4.5704379e-02   4.3344777e-02   3.9655338e-02   3.5522756e-02   3.3162100e-02   3.0480410e-02   2.8835625e-02   2.8159020e-02
  -8.1000000e+00   6.0399556e-02   5.6434276e-02   5.2714123e-02   4.6996774e-02   4.4056122e-02   3.9972994e-02   3.5580014e-02   3.3179017e-02   3.0492670e-02   2.8841297e-02   2.8161189e-02
  -7.6500000e+00   6.0438903e-02   5.9627776e-02   5.4620210e-02   4.8211986e-02   4.4748336e-02   4.0278565e-02   3.5634837e-02   3.3195011e-02   3.0504266e-02   2.8846663e-02   2.8163241e-02
  -7.2000000e+00   6.0439246e-02   6.0474877e-02   5.5997885e-02   4.9337570e-02   4.5418426e-02   4.0571260e-02   3.5687121e-02   3.3210084e-02   3.0515197e-02   2.8851722e-02   2.8165176e-02
  -6.7500000e+00   6.0426620e-02   5.9836277e-02   5.6859047e-02   5.0364253e-02   4.6063481e-02   4.0850319e-02   3.5736764e-02   3.3224237e-02   3.0525464e-02   2.8856474e-02   2.8166994e-02
  -6.3000000e+00   6.0202623e-02   5.9189235e-02   5.7298611e-02   5.1286097e-02   4.6680693e-02   4.1115015e-02   3.5783672e-02   3.3237471e-02   3.0535066e-02   2.8860919e-02   2.8168694e-02
  -5.8500000e+00   5.9075506e-02   5.8645700e-02   5.7438240e-02   5.2100493e-02   4.7267380e-02   4.1364651e-02   3.5827755e-02   3.3249789e-02   3.0544006e-02   2.8865058e-02   2.8170277e-02
  -5.4000000e+00   5.8192355e-02   5.8136305e-02   5.7380488e-02   5.2807990e-02   4.7821005e-02   4.1598572e-02   3.5868928e-02   3.3261189e-02   3.0552281e-02   2.8868890e-02   2.8171743e-02
  -4.9500000e+00   5.7646238e-02   5.7635074e-02   5.7196461e-02   5.3411981e-02   4.8339191e-02   4.1816157e-02   3.5907109e-02   3.3271674e-02   3.0559894e-02   2.8872416e-02   2.8173092e-02
  -4.5000000e+00   5.7091226e-02   5.7133707e-02   5.6933153e-02   5.3918280e-02   4.8819731e-02   4.2016830e-02   3.5942227e-02   3.3281245e-02   3.0566844e-02   2.8875635e-02   2.8174323e-02
  -4.0500000e+00   5.6139348e-02   5.6626957e-02   5.6624208e-02   5.4334619e-02   4.9260603e-02   4.2200055e-02   3.5974210e-02   3.3289902e-02   3.0573131e-02   2.8878547e-02   2.8175437e-02
  -3.6000000e+00   5.5104321e-02   5.6108413e-02   5.6297938e-02   5.4670102e-02   4.9659970e-02   4.2365344e-02   3.6002999e-02   3.3297645e-02   3.0578756e-02   2.8881153e-02   2.8176434e-02
  -3.1500000e+00   5.4952223e-02   5.5576450e-02   5.5981615e-02   5.4934634e-02   5.0016191e-02   4.2512251e-02   3.6028535e-02   3.3304476e-02   3.0583719e-02   2.8883452e-02   2.8177313e-02
  -2.7000000e+00   5.4945211e-02   5.5103113e-02   5.5701040e-02   5.5138376e-02   5.0327819e-02   4.2640383e-02   3.6050769e-02   3.3310395e-02   3.0588020e-02   2.8885444e-02   2.8178075e-02
  -2.2500000e+00   5.4945042e-02   5.4908030e-02   5.5475065e-02   5.5291228e-02   5.0593605e-02   4.2749395e-02   3.6069656e-02   3.3315403e-02   3.0591658e-02   2.8887130e-02   2.8178720e-02
  -1.8000000e+00   5.4945052e-02   5.4920257e-02   5.5309589e-02   5.5402365e-02   5.0812494e-02   4.2838992e-02   3.6085161e-02   3.3319500e-02   3.0594635e-02   2.8888510e-02   2.8179248e-02
  -1.3500000e+00   5.4945055e-02   5.4939303e-02   5.5198110e-02   5.5479837e-02   5.0983628e-02   4.2908931e-02   3.6097252e-02   3.3322686e-02   3.0596951e-02   2.8889582e-02   2.8179658e-02
  -9.0000000e-01   5.4945055e-02   5.4944336e-02   5.5128813e-02   5.5530244e-02   5.1106340e-02   4.2959023e-02   3.6105906e-02   3.3324961e-02   3.0598605e-02   2.8890349e-02   2.8179952e-02
  -4.5000000e-01   5.4945055e-02   5.4945143e-02   5.5091342e-02   5.5558481e-02   5.1180156e-02   4.2989133e-02   3.6111105e-02   3.3326326e-02   3.0599597e-02   2.8890809e-02   2.8180127e-02
   0.0000000e+00   5.4945055e-02   5.4945210e-02   5.5079509e-02   5.5567555e-02   5.1204793e-02   4.2999179e-02   3.6112839e-02   3.3326782e-02   3.0599928e-02   2.8890962e-02   2.8180186e-02
   4.5000000e-01   5.4945055e-02   5.4945143e-02   5.5091342e-02   5.5558481e-02   5.1180156e-02   4.2989133e-02   3.6111105e-02   3.3326326e-02   3.0599597e-02   2.8890809e-02   2.8180127e-02
   9.0000000e-01   5.4945055e-02   5.4944336e-02   5.5128813e-02   5.5530244e-02   5.1106340e-02   4.2959023e-02   3.6105906e-02   3.3324961e-02   3.0598605e-02   2.8890349e-02   2.8179952e-02
   1.3500000e+00   5.4945055e-02   5.4939303e-02   5.5198110e-02   5.5479837e-02   5.0983628e-02   4.2908931e-02   3.6097252e-02   3.3322686e-02   3.0596951e-02   2.8889582e-02   2.8179658e-02
   1.8000000e+00   5.4945052e-02   5.4920257e-02   5.5309589e-02   5.5402365e-02   5.0812494e-02   4.2838992e-02   3.6085161e-02   3.3319500e-02   3.0594635e-02   2.8888510e-02   2.8179248e-02
   2.2500000e+00   5.4945042e-02   5.4908030e-02   5.5475065e-02   5.5291228e-02   5.0593605e-02   4.2749395e-02   3.6069656e-02   3.3315403e-02   3.0591658e-02   2.8887130e-02   2.8178720e-02
   2.7000000e+00   5.4945211e-02   5.5103113e-02   5.5701040e-02   5.5138376e-02   5.0327819e-02   4.2640383e-02   3.6050769e-02   3.3310395e-02   3.0588020e-02   2.8885444e-02   2.8178075e-02
   3.1500000e+00   5.4952223e-02   5.5576450e-02   5.5981615e-02   5.4934634e-02   5.0016191e-02   4.2512251e-02   3.6028535e-02   3.3304476e-02   3.0583719e-02   2.8883452e-02   2.8177313e-02
   3.6000000e+00   5.5104321e-02   5.6108413e-02   5.6297938e-02   5.4670102e-02   4.9659970e-02   4.2365344e-02   3.6002999e-02   3.3297645e-02   3.0578756e-02   2.8881153e-02   2.8176434e-02
   4.0500000e+00   5.6139348e-02   5.6626957e-02   5.6624208e-02   5.4334619e-02   4.9260603e-02   4.2200055e-02   3.5974210e-02   3.3289902e-02   3.0573131e-02   2.8878547e-02   2.8175437e-02
   4.5000000e+00   5.7091226e-02   5.7133707e-02   5.6933153e-02   5.3918280e-02   4.8819731e-02   4.2016830e-02   3.5942227e-02   3.3281245e-02   3.0566844e-02   2.8875635e-02   2.8174323e-02
   4.9500000e+00   5.7646238e-02   5.7635074e-02   5.7196461e-02   5.3411981e-02   4.8339191e-02   4.1816157e-02   3.5907109e-02   3.3271674e-02   3.0559894e-02   2.8872416e-02   2.8173092e-02
   5.4000000e+00   5.8192355e-02   5.8136305e-02   5.7380488e-02   5.2807990e-02   4.7821005e-02   4.1598572e-02   3.5868928e-02   3.3261189e-02   3.0552281e-02   2.8868890e-02   2.8171743e-02
   5.8500000e+00   5.9075506e-02   5.8645700e-02   5.7438240e-02   5.2100493e-02   4.7267380e-02   4.1364651e-02   3.5827755e-02   3.3249789e-02   3.0544006e-02   2.8865058e-02   2.8170277e-02
   6.3000000e+00   6.0202623e-02   5.9189235e-02   5.7298611e-02   5.1286097e-02   4.6680693e-02   4.1115015e-02   3.5783672e-02   3.3237471e-02   3.0535066e-02   2.8860919e-02   2.8168694e-02
   6.7500000e+00   6.0426620e-02   5.9836277e-02   5.6859047e-02   5.0364253e-02   4.6063481e-02   4.0850319e-02   3.5736764e-02   3.3224237e-02   3.0525464e-02   2.8856474e-02   2.8166994e-02
   7.2000000e+00   6.0439246e-02   6.0474877e-02   5.5997885e-02   4.9337570e-02   4.5418426e-02   4.0571260e-02   3.5687121e-02   3.3210084e-02   3.0515197e-02   2.8851722e-02   2.8165176e-02
   7.6500000e+00   6.0438903e-02   5.9627776e-02   5.4620210e-02   4.8211986e-02   4.4748336e-02   4.0278565e-02   3.5634837e-02   3.3195011e-02   3.0504266e-02   2.8846663e-02   2.8163241e-02
   8.1000000e+00   6.0399556e-02   5.6434276e-02   5.2714123e-02   4.6996774e-02   4.4056122e-02   3.9972994e-02   3.5580014e-02   3.3179017e-02   3.0492670e-02   2.8841297e-02   2.8161189e-02
   8.5500000e+00   5.9459680e-02   5.2689486e-02   5.0361863e-02   4.5704379e-02   4.3344777e-02   3.9655338e-02   3.5522756e-02   3.3162100e-02   3.0480410e-02   2.8835625e-02   2.8159020e-02
   9.0000000e+00   5.2433615e-02   4.9054912e-02   4.7693372e-02   4.4350079e-02   4.2617346e-02   3.9326412e-02   3.5463170e-02   3.3144260e-02   3.0467484e-02   2.8829645e-02   2.8156733e-02
   9.4500000e+00   4.5747699e-02   4.5511164e-02   4.4833025e-02   4.2951483e-02   4.1876901e-02   3.8987059e-02   3.5401369e-02   3.3125494e-02   3.0453892e-02   2.8823359e-02   2.8154329e-02
   9.9000000e+00   4.1886487e-02   4.2005720e-02   4.1878519e-02   4.1527895e-02   4.1126509e-02   3.8638140e-02   3.5337469e-02   3.3105802e-02   3.0439634e-02   2.8816766e-02   2.8151808e-02
   1.0350000e+01   3.8146187e-02   3.8505929e-02   3.8907134e-02   4.0099579e-02   4.0369202e-02   3.8280536e-02   3.5271589e-02   3.3085180e-02   3.0424709e-02   2.8809867e-02   2.8149169e-02
   1.0800000e+01   3.2474598e-02   3.4985191e-02   3.5992251e-02   3.8686961e-02   3.9607947e-02   3.7915147e-02   3.5203851e-02   3.3063628e-02   3.0409116e-02   2.8802660e-02   2.8146414e-02
   1.1250000e+01   2.4244592e-02   3.1408603e-02   3.3221121e-02   3.7309817e-02   3.8845613e-02   3.7542884e-02   3.5134379e-02   3.3041143e-02   3.0392856e-02   2.8795146e-02   2.8143540e-02
   1.1700000e+01   2.2118716e-02   2.7726168e-02   3.0707534e-02   3.5986504e-02   3.8084947e-02   3.7164670e-02   3.5063300e-02   3.3017723e-02   3.0375928e-02   2.8787326e-02   2.8140550e-02
   1.2150000e+01   2.1982919e-02   2.4096636e-02   2.8585022e-02   3.4733267e-02   3.7328541e-02   3.6781437e-02   3.4990742e-02   3.2993367e-02   3.0358331e-02   2.8779198e-02   2.8137442e-02
   1.2600000e+01   2.1977983e-02   2.1982270e-02   2.6965543e-02   3.3563661e-02   3.6578812e-02   3.6394123e-02   3.4916837e-02   3.2968071e-02   3.0340064e-02   2.8770763e-02   2.8134217e-02
   1.3050000e+01   2.1982662e-02   2.2246056e-02   2.5881872e-02   3.2488127e-02   3.5837978e-02   3.6003670e-02   3.4841714e-02   3.2941834e-02   3.0321128e-02   2.8762021e-02   2.8130875e-02
   1.3500000e+01   2.2106750e-02   2.2961968e-02   2.5269821e-02   3.1513732e-02   3.5108042e-02   3.5611021e-02   3.4765508e-02   3.2914653e-02   3.0301520e-02   2.8752972e-02   2.8127416e-02
   1.3950000e+01   2.3093283e-02   2.3538981e-02   2.5011447e-02   3.0644080e-02   3.4390780e-02   3.5217118e-02   3.4688350e-02   3.2886526e-02   3.0281242e-02   2.8743616e-02   2.8123839e-02
   1.4400000e+01   2.4024322e-02   2.4054038e-02   2.4991975e-02   2.9879393e-02   3.3687728e-02   3.4822899e-02   3.4610374e-02   3.2857450e-02   3.0260291e-02   2.8733952e-02   2.8120145e-02
   1.4850000e+01   2.4566644e-02   2.4554155e-02   2.5126636e-02   2.9216729e-02   3.3000183e-02   3.4429299e-02   3.4531712e-02   3.2827421e-02   3.0238668e-02   2.8723981e-02   2.8116333e-02
   1.5300000e+01   2.5084596e-02   2.5052032e-02   2.5359307e-02   2.8650336e-02   3.2329201e-02   3.4037241e-02   3.4452497e-02   3.2796438e-02   3.0216371e-02   2.8713703e-02   2.8112404e-02
   1.5750000e+01   2.5778202e-02   2.5551630e-02   2.5651774e-02   2.8172084e-02   3.1675605e-02   3.3647642e-02   3.4372861e-02   3.2764497e-02   3.0193401e-02   2.8703117e-02   2.8108358e-02
   1.6200000e+01   2.6946989e-02   2.6056500e-02   2.5974143e-02   2.7771958e-02   3.1039993e-02   3.3261406e-02   3.4292934e-02   3.2731594e-02   3.0169755e-02   2.8692224e-02   2.8104195e-02
   1.6650000e+01   2.7431598e-02   2.6573582e-02   2.6298748e-02   2.7438580e-02   3.0422755e-02   3.2879424e-02   3.4212844e-02   3.2697727e-02   3.0145435e-02   2.8681024e-02   2.8099914e-02
   1.7100000e+01   2.7470921e-02   2.7097366e-02   2.6598233e-02   2.7159715e-02   2.9824092e-02   3.2502569e-02   3.4132719e-02   3.2662892e-02   3.0120437e-02   2.8669516e-02   2.8095516e-02
   1.7550000e+01   2.7472541e-02   2.7468464e-02   2.6849029e-02   2.6922766e-02   2.9244036e-02   3.2131701e-02   3.4052683e-02   3.2627086e-02   3.0094763e-02   2.8657700e-02   2.8091001e-02
   1.8000000e+01   2.7472540e-02   2.7515103e-02   2.7038263e-02   2.6715208e-02   2.8682480e-02   3.1767658e-02   3.3972858e-02   3.2590304e-02   3.0068410e-02   2.8645577e-02   2.8086368e-02
   1.8450000e+01   2.7472529e-02   2.7485114e-02   2.7166817e-02   2.6524973e-02   2.8139201e-02   3.1411259e-02   3.3893363e-02   3.2552543e-02   3.0041379e-02   2.8633146e-02   2.8081619e-02
   1.8900000e+01   2.7472528e-02   2.7474597e-02   2.7244287e-02   2.6340770e-02   2.7613892e-02   3.1063299e-02   3.3814315e-02   3.2513799e-02   3.0013667e-02   2.8620407e-02   2.8076751e-02
   1.9350000e+01   2.7472527e-02   2.7472605e-02   2.7280929e-02   2.6152336e-02   2.7106190e-02   3.0724554e-02   3.3735826e-02   3.2474067e-02   2.9985276e-02   2.8607360e-02   2.8071767e-02
   1.9800000e+01   2.7472527e-02   2.7472348e-02   2.7282868e-02   2.5950632e-02   2.6615710e-02   3.0395771e-02   3.3658004e-02   3.2433343e-02   2.9956202e-02   2.8594005e-02   2.8066665e-02
   2.0250000e+01   2.7472527e-02   2.7472328e-02   2.7250877e-02   2.5727982e-02   2.6142070e-02   3.0077672e-02   3.3580954e-02   3.2391624e-02   2.9926446e-02   2.8580343e-02   2.8061446e-02
   2.0700000e+01   2.7472527e-02   2.7472880e-02   2.7180005e-02   2.5478157e-02   2.5684922e-02   2.9770954e-02   3.3504777e-02   3.2348903e-02   2.9896007e-02   2.8566372e-02   2.8056109e-02
   2.1150000e+01   2.7472528e-02   2.7477582e-02   2.7058246e-02   2.5196424e-02   2.5243975e-02   2.9476282e-02   3.3429567e-02   3.2305177e-02   2.9864883e-02   2.8552093e-02   2.8050655e-02
   2.1600000e+01   2.7472561e-02   2.7501940e-02   2.6864682e-02   2.4879561e-02   2.4819024e-02   2.9194294e-02   3.3355416e-02   3.2260440e-02   2.9833073e-02   2.8537506e-02   2.8045084e-02
   2.2050000e+01   2.7476574e-02   2.7566758e-02   2.6570601e-02   2.4525833e-02   2.4409964e-02   2.8925597e-02   3.3282408e-02   3.2214687e-02   2.9800578e-02   2.8522611e-02   2.8039395e-02
   2.2500000e+01   2.7472525e-02   2.7418995e-02   2.6148562e-02   2.4134949e-02   2.4016812e-02   2.8670764e-02   3.3210625e-02   3.2167913e-02   2.9767394e-02   2.8507408e-02   2.8033589e-02
   2.2950000e+01   2.6478459e-02   2.6572352e-02   2.5587739e-02   2.3707992e-02   2.3639716e-02   2.8430338e-02   3.3140139e-02   3.2120112e-02   2.9733522e-02   2.8491896e-02   2.8027666e-02
   2.3400000e+01   2.5476831e-02   2.5513987e-02   2.4902135e-02   2.3247331e-02   2.3278968e-02   2.8204827e-02   3.3071021e-02   3.2071279e-02   2.9698961e-02   2.8476075e-02   2.8021625e-02
   2.3850000e+01   2.4479884e-02   2.4496882e-02   2.4122362e-02   2.2756507e-02   2.2935003e-02   2.7994702e-02   3.3003332e-02   3.2021408e-02   2.9663708e-02   2.8459947e-02   2.8015467e-02
   2.4300000e+01   2.3483935e-02   2.3500166e-02   2.3280547e-02   2.2240108e-02   2.2608406e-02   2.7800403e-02   3.2937128e-02   3.1970492e-02   2.9627764e-02   2.8443509e-02   2.8009192e-02
   2.4750000e+01   2.2489102e-02   2.2508121e-02   2.2401781e-02   2.1703634e-02   2.2299905e-02   2.7622330e-02   3.2872461e-02   3.1918526e-02   2.9591126e-02   2.8426763e-02   2.8002799e-02
   2.5200000e+01   2.1492195e-02   2.1516510e-02   2.1503819e-02   2.1153345e-02   2.2010364e-02   2.7460845e-02   3.2809373e-02   3.1865503e-02   2.9553795e-02   2.8409708e-02   2.7996289e-02
   2.5650000e+01   2.0436813e-02   2.0523164e-02   2.0600298e-02   2.0596109e-02   2.1740770e-02   2.7316274e-02   3.2747901e-02   3.1811416e-02   2.9515767e-02   2.8392344e-02   2.7989661e-02
   2.6100000e+01   1.8734282e-02   1.9524267e-02   1.9704264e-02   2.0039252e-02   2.1492224e-02   2.7188902e-02   3.2688075e-02   3.1756259e-02   2.9477044e-02   2.8374671e-02   2.7982916e-02
   2.6550000e+01   1.6743686e-02   1.8511917e-02   1.8830934e-02   1.9490400e-02   2.1265918e-02   2.7078976e-02   3.2629918e-02   3.1700025e-02   2.9437622e-02   2.8356689e-02   2.7976054e-02
   2.7000000e+01   1.6491408e-02   1.7487071e-02   1.7998524e-02   1.8957334e-02   2.1063118e-02   2.6986699e-02   3.2573447e-02   3.1642706e-02   2.9397501e-02   2.8338398e-02   2.7969074e-02
   2.7450000e+01   1.6483570e-02   1.6586118e-02   1.7225030e-02   1.8447851e-02   2.0885144e-02   2.6912236e-02   3.2518670e-02   3.1584294e-02   2.9356680e-02   2.8319798e-02   2.7961977e-02
   2.7900000e+01   1.6481894e-02   1.6020410e-02   1.6521288e-02   1.7969624e-02   2.0733344e-02   2.6855707e-02   3.2465590e-02   3.1524783e-02   2.9315157e-02   2.8300888e-02   2.7954763e-02
   2.8350000e+01   1.6442585e-02   1.5552983e-02   1.5886329e-02   1.7530076e-02   2.0609072e-02   2.6817190e-02   3.2414201e-02   3.1464164e-02   2.9272931e-02   2.8281669e-02   2.7947431e-02
   2.8800000e+01   1.5957978e-02   1.5061651e-02   1.5310594e-02   1.7136264e-02   2.0513664e-02   2.6796721e-02   3.2364490e-02   3.1402429e-02   2.9230000e-02   2.8262141e-02   2.7939982e-02
   2.9250000e+01   1.4789191e-02   1.4562024e-02   1.4783653e-02   1.6794760e-02   2.0448412e-02   2.6794290e-02   3.2316438e-02   3.1339571e-02   2.9186364e-02   2.8242303e-02   2.7932415e-02
   2.9700000e+01   1.4095585e-02   1.4062929e-02   1.4299677e-02   1.6511548e-02   2.0414545e-02   2.6809842e-02   3.2270019e-02   3.1275579e-02   2.9142021e-02   2.8222155e-02   2.7924731e-02
   3.0150000e+01   1.3577633e-02   1.3564824e-02   1.3859241e-02   1.6291925e-02   2.0413202e-02   2.6843279e-02   3.2225197e-02   3.1210446e-02   2.9096969e-02   2.8201697e-02   2.7916929e-02
   3.0600000e+01   1.3035311e-02   1.3065342e-02   1.3470083e-02   1.6140408e-02   2.0445416e-02   2.6894455e-02   3.2181932e-02   3.1144162e-02   2.9051207e-02   2.8180930e-02   2.7909010e-02
   3.1050000e+01   1.2104272e-02   1.2558180e-02   1.3149084e-02   1.6060656e-02   2.0512091e-02   2.6963180e-02   3.2140174e-02   3.1076719e-02   2.9004734e-02   2.8159853e-02   2.7900974e-02
   3.1500000e+01   1.1117743e-02   1.2024805e-02   1.2925323e-02   1.6055397e-02   2.0613990e-02   2.7049216e-02   3.2099868e-02   3.1008106e-02   2.8957548e-02   2.8138465e-02   2.7892820e-02
   3.1950000e+01   1.0993683e-02   1.1441672e-02   1.2840162e-02   1.6126388e-02   2.0751716e-02   2.7152279e-02   3.2060951e-02   3.0938314e-02   2.8909648e-02   2.8116768e-02   2.7884549e-02
   3.2400000e+01   1.0989037e-02   1.1050612e-02   1.2937114e-02   1.6274377e-02   2.0925706e-02   2.7272041e-02   3.2023354e-02   3.0867334e-02   2.8861032e-02   2.8094760e-02   2.7876160e-02
   3.2850000e+01   1.0990402e-02   1.1563420e-02   1.3240596e-02   1.6499108e-02   2.1136218e-02   2.7408124e-02   3.1986999e-02   3.0795154e-02   2.8811698e-02   2.8072441e-02   2.7867654e-02
   3.3300000e+01   1.1029208e-02   1.2618034e-02   1.3739833e-02   1.6799348e-02   2.1383325e-02   2.7560104e-02   3.1951804e-02   3.0721765e-02   2.8761646e-02   2.8049813e-02   2.7859030e-02
   3.3750000e+01   1.1636602e-02   1.3680814e-02   1.4395555e-02   1.7172939e-02   2.1666916e-02   2.7727513e-02   3.1917678e-02   3.0647155e-02   2.8710873e-02   2.8026873e-02   2.7850289e-02
   3.4200000e+01   1.3988033e-02   1.4705112e-02   1.5161661e-02   1.7616885e-02   2.1986690e-02   2.7909836e-02   3.1884523e-02   3.0571314e-02   2.8659378e-02   2.8003623e-02   2.7841430e-02
   3.4650000e+01   1.5608487e-02   1.5711419e-02   1.6001028e-02   1.8127461e-02   2.2342162e-02   2.8106510e-02   3.1852238e-02   3.0494230e-02   2.8607160e-02   2.7980062e-02   2.7832454e-02
   3.5100000e+01   1.6677144e-02   1.6711446e-02   1.6888856e-02   1.8700340e-02   2.2732665e-02   2.8316931e-02   3.1820712e-02   3.0415893e-02   2.8554216e-02   2.7956190e-02   2.7823361e-02
   3.5550000e+01   1.7780347e-02   1.7712768e-02   1.7809589e-02   1.9330734e-02   2.3157356e-02   2.8540449e-02   3.1789830e-02   3.0336290e-02   2.8500546e-02   2.7932007e-02   2.7814150e-02
   3.6000000e+01   1.9690609e-02   1.8722357e-02   1.8753220e-02   2.0013535e-02   2.3615227e-02   2.8776369e-02   3.1759471e-02   3.0255410e-02   2.8446147e-02   2.7907513e-02   2.7804821e-02
   3.6450000e+01   2.1698055e-02   1.9744174e-02   1.9712890e-02   2.0743458e-02   2.4105111e-02   2.9023957e-02   3.1729506e-02   3.0173239e-02   2.8391017e-02   2.7882708e-02   2.7795375e-02
   3.6900000e+01   2.1966583e-02   2.0759874e-02   2.0683628e-02   2.1515176e-02   2.4625697e-02   2.9282435e-02   3.1699804e-02   3.0089766e-02   2.8335156e-02   2.7857591e-02   2.7785812e-02
   3.7350000e+01   2.1977804e-02   2.1693926e-02   2.1661762e-02   2.2323433e-02   2.5175539e-02   2.9550986e-02   3.1670225e-02   3.0004979e-02   2.8278561e-02   2.7832163e-02   2.7776131e-02
   3.7800000e+01   2.1978843e-02   2.2563349e-02   2.2644632e-02   2.3163141e-02   2.5753070e-02   2.9828756e-02   3.1640626e-02   2.9918863e-02   2.8221231e-02   2.7806423e-02   2.7766332e-02
   3.8250000e+01   2.2003935e-02   2.3530303e-02   2.3630420e-02   2.4029461e-02   2.6356614e-02   3.0114851e-02   3.1610858e-02   2.9831406e-02   2.8163163e-02   2.7780371e-02   2.7756416e-02
   3.8700000e+01   2.2451899e-02   2.4553308e-02   2.4617953e-02   2.4917853e-02   2.6984400e-02   3.0408344e-02   3.1580769e-02   2.9742594e-02   2.8104357e-02   2.7754007e-02   2.7746382e-02
   3.9150000e+01   2.4706131e-02   2.5574299e-02   2.5606502e-02   2.5824109e-02   2.7634575e-02   3.0708275e-02   3.1550200e-02   2.9652413e-02   2.8044810e-02   2.7727331e-02   2.7736231e-02
   3.9600000e+01   2.6472434e-02   2.6583531e-02   2.6595602e-02   2.6744364e-02   2.8305215e-02   3.1013653e-02   3.1518989e-02   2.9560850e-02   2.7984521e-02   2.7700344e-02   2.7725963e-02
   4.0050000e+01   2.7564667e-02   2.7586031e-02   2.7584937e-02   2.7675095e-02   2.8994336e-02   3.1323456e-02   3.1486969e-02   2.9467889e-02   2.7923487e-02   2.7673043e-02   2.7715576e-02
   4.0500000e+01   2.8674690e-02   2.8589293e-02   2.8574266e-02   2.8613097e-02   2.9699903e-02   3.1636639e-02   3.1453970e-02   2.9373517e-02   2.7861706e-02   2.7645431e-02   2.7705073e-02
   4.0950000e+01   3.0578446e-02   2.9601107e-02   2.9563372e-02   2.9555465e-02   3.0419843e-02   3.1952131e-02   3.1419819e-02   2.9277719e-02   2.7799178e-02   2.7617506e-02   2.7694451e-02
   4.1400000e+01   3.2648501e-02   3.0626199e-02   3.0552032e-02   3.0499563e-02   3.1152047e-02   3.2268839e-02   3.1384338e-02   2.9180479e-02   2.7735900e-02   2.7589268e-02   2.7683712e-02
   4.1850000e+01   3.2952691e-02   3.1647617e-02   3.1540019e-02   3.1442994e-02   3.1894379e-02   3.2585654e-02   3.1347347e-02   2.9081782e-02   2.7671870e-02   2.7560717e-02   2.7672856e-02
   4.2300000e+01   3.2966695e-02   3.2588701e-02   3.2527107e-02   3.2383584e-02   3.2644680e-02   3.2901449e-02   3.1308662e-02   2.8981612e-02   2.7607086e-02   2.7531853e-02   2.7661882e-02
   4.2750000e+01   3.2967552e-02   3.3444794e-02   3.3513030e-02   3.3319363e-02   3.3400772e-02   3.3215087e-02   3.1268098e-02   2.8879955e-02   2.7541546e-02   2.7502677e-02   2.7650790e-02
   4.3200000e+01   3.2985726e-02   3.4397702e-02   3.4497333e-02   3.4248560e-02   3.4160455e-02   3.3525419e-02   3.1225466e-02   2.8776792e-02   2.7475248e-02   2.7473187e-02   2.7639581e-02
   4.3650000e+01   3.3345090e-02   3.5421658e-02   3.5479191e-02   3.5169615e-02   3.4921512e-02   3.3831292e-02   3.1180577e-02   2.8672109e-02   2.7408191e-02   2.7443384e-02   2.7628254e-02
   4.4100000e+01   3.5499139e-02   3.6446334e-02   3.6457294e-02   3.6081188e-02   3.5681703e-02   3.4131550e-02   3.1133239e-02   2.8565888e-02   2.7340372e-02   2.7413267e-02   2.7616809e-02
   4.4550000e+01   3.7355413e-02   3.7457905e-02   3.7429780e-02   3.6982188e-02   3.6438769e-02   3.4425036e-02   3.1083257e-02   2.8458113e-02   2.7271789e-02   2.7382836e-02   2.7605247e-02
   4.5000000e+01   3.8461538e-02   3.8461461e-02   3.8394057e-02   3.7871801e-02   3.7190422e-02   3.4710599e-02   3.1030437e-02   2.8348766e-02   2.7202441e-02   2.7352092e-02   2.7593568e-02
   4.5450000e+01   3.9567664e-02   3.9465084e-02   3.9346360e-02   3.8749516e-02   3.7934345e-02   3.4987095e-02   3.0974582e-02   2.8237829e-02   2.7132324e-02   2.7321034e-02   2.7581770e-02
   4.5900000e+01   4.1423938e-02   4.0477462e-02   4.0280872e-02   3.9615147e-02   3.8668187e-02   3.5253391e-02   3.0915498e-02   2.8125287e-02   2.7061438e-02   2.7289661e-02   2.7569855e-02
   4.6350000e+01   4.3577987e-02   4.1507172e-02   4.1188512e-02   4.0468847e-02   3.9389561e-02   3.5508367e-02   3.0852986e-02   2.8011119e-02   2.6989780e-02   2.7257975e-02   2.7557823e-02
   4.6800000e+01   4.3937353e-02   4.2550172e-02   4.2056329e-02   4.1311095e-02   4.0096037e-02   3.5750923e-02   3.0786849e-02   2.7895309e-02   2.6917347e-02   2.7225974e-02   2.7545672e-02
   4.7250000e+01   4.3955537e-02   4.3515307e-02   4.2869635e-02   4.2142667e-02   4.0785143e-02   3.5979979e-02   3.0716890e-02   2.7777838e-02   2.6844138e-02   2.7193658e-02   2.7533405e-02
   4.7700000e+01   4.3956226e-02   4.4176317e-02   4.3618258e-02   4.2964565e-02   4.1454360e-02   3.6194482e-02   3.0642913e-02   2.7658687e-02   2.6770151e-02   2.7161028e-02   2.7521019e-02
   4.8150000e+01   4.3963218e-02   4.4644061e-02   4.4303224e-02   4.3777928e-02   4.2101124e-02   3.6393404e-02   3.0564721e-02   2.7537837e-02   2.6695383e-02   2.7128083e-02   2.7508516e-02
   4.8600000e+01   4.4115310e-02   4.5133502e-02   4.4937097e-02   4.4583892e-02   4.2722826e-02   3.6575751e-02   3.0482120e-02   2.7415270e-02   2.6619832e-02   2.7094822e-02   2.7495895e-02
   4.9050000e+01   4.5150337e-02   4.5640004e-02   4.5537666e-02   4.5383429e-02   4.3316817e-02   3.6740562e-02   3.0394914e-02   2.7290966e-02   2.6543497e-02   2.7061247e-02   2.7483156e-02
   4.9500000e+01   4.6102215e-02   4.6144947e-02   4.6121774e-02   4.6177156e-02   4.3880411e-02   3.6886914e-02   3.0302912e-02   2.7164906e-02   2.6466374e-02   2.7027356e-02   2.7470300e-02
   4.9950000e+01   4.6657227e-02   4.6646604e-02   4.6703470e-02   4.6965119e-02   4.4410893e-02   3.7013927e-02   3.0205923e-02   2.7037069e-02   2.6388461e-02   2.6993150e-02   2.7457326e-02
   5.0400000e+01   4.7203344e-02   4.7147891e-02   4.7295506e-02   4.7746577e-02   4.4905531e-02   3.7120760e-02   3.0103758e-02   2.6907436e-02   2.6309757e-02   2.6958628e-02   2.7444234e-02
   5.0850000e+01   4.8086495e-02   4.7651330e-02   4.7912267e-02   4.8519786e-02   4.5361588e-02   3.7206622e-02   2.9996230e-02   2.6775988e-02   2.6230259e-02   2.6923790e-02   2.7431024e-02
   5.1300000e+01   4.9213611e-02   4.8153574e-02   4.8573085e-02   4.9281815e-02   4.5776336e-02   3.7270767e-02   2.9883155e-02   2.6642702e-02   2.6149965e-02   2.6888637e-02   2.7417697e-02
   5.1750000e+01   4.9437589e-02   4.8631194e-02   4.9304321e-02   5.0028387e-02   4.6147076e-02   3.7312504e-02   2.9764351e-02   2.6507560e-02   2.6068872e-02   2.6853167e-02   2.7404252e-02
   5.2200000e+01   4.9450115e-02   4.9075891e-02   5.0136223e-02   5.0753789e-02   4.6471154e-02   3.7331190e-02   2.9639640e-02   2.6370540e-02   2.5986978e-02   2.6817381e-02   2.7390689e-02
   5.2650000e+01   4.9450850e-02   4.9831055e-02   5.1091201e-02   5.1450842e-02   4.6745986e-02   3.7326240e-02   2.9508847e-02   2.6231621e-02   2.5904281e-02   2.6781278e-02   2.7377009e-02
   5.3100000e+01   4.9467700e-02   5.1213212e-02   5.2169505e-02   5.2110955e-02   4.6969081e-02   3.7297124e-02   2.9371800e-02   2.6090782e-02   2.5820779e-02   2.6744859e-02   2.7363211e-02
   5.3550000e+01   4.9870499e-02   5.2784215e-02   5.3346291e-02   5.2724261e-02   4.7138066e-02   3.7243371e-02   2.9228331e-02   2.5948002e-02   2.5736468e-02   2.6708122e-02   2.7349295e-02
   5.4000000e+01   5.2881669e-02   5.4331476e-02   5.4583082e-02   5.3279845e-02   4.7250710e-02   3.7164568e-02   2.9078275e-02   2.5803260e-02   2.5651347e-02   2.6671069e-02   2.7335261e-02
   5.4450000e+01   5.5747061e-02   5.5848352e-02   5.5840668e-02   5.3766043e-02   4.7304956e-02   3.7060363e-02   2.8921473e-02   2.5656534e-02   2.5565413e-02   2.6633699e-02   2.7321109e-02
   5.4900000e+01   5.7401867e-02   5.7350428e-02   5.7083367e-02   5.4170810e-02   4.7298942e-02   3.6930464e-02   2.8757768e-02   2.5507801e-02   2.5478664e-02   2.6596011e-02   2.7306840e-02
   5.5350000e+01   5.9004853e-02   5.8850358e-02   5.8275359e-02   5.4482145e-02   4.7231031e-02   3.6774642e-02   2.8587010e-02   2.5357042e-02   2.5391098e-02   2.6558006e-02   2.7292452e-02
   5.5800000e+01   6.1435533e-02   6.0360886e-02   5.9372555e-02   5.4688529e-02   4.7099834e-02   3.6592730e-02   2.8409053e-02   2.5204232e-02   2.5302711e-02   2.6519683e-02   2.7277947e-02
   5.6250000e+01   6.4962679e-02   6.1905678e-02   6.0312027e-02   5.4779375e-02   4.6904238e-02   3.6384620e-02   2.8223755e-02   2.5049350e-02   2.5213502e-02   2.6481042e-02   2.7263325e-02
   5.6700000e+01   6.5873774e-02   6.3537110e-02   6.1003734e-02   5.4745446e-02   4.6643424e-02   3.6150271e-02   2.8030979e-02   2.4892375e-02   2.5123468e-02   2.6442083e-02   2.7248584e-02
   5.7150000e+01   6.5932007e-02   6.5180636e-02   6.1337821e-02   5.4579225e-02   4.6316889e-02   3.5889699e-02   2.7830596e-02   2.4733282e-02   2.5032606e-02   2.6402805e-02   2.7233725e-02
   5.7600000e+01   6.5933895e-02   6.5630309e-02   6.1221331e-02   5.4275203e-02   4.5924466e-02   3.5602986e-02   2.7622479e-02   2.4572051e-02   2.4940914e-02   2.6363210e-02   2.7218749e-02
   5.8050000e+01   6.5915348e-02   6.3938798e-02   6.0628825e-02   5.3830085e-02   4.5466330e-02   3.5290272e-02   2.7406510e-02   2.4408658e-02   2.4848390e-02   2.6323295e-02   2.7203655e-02
   5.8500000e+01   6.5419133e-02   6.1739051e-02   5.9618124e-02   5.3242882e-02   4.4943016e-02   3.4951757e-02   2.7182575e-02   2.4243080e-02   2.4755031e-02   2.6283062e-02   2.7188442e-02
   5.8950000e+01   6.1473020e-02   5.9649218e-02   5.8292819e-02   5.2514899e-02   4.4355424e-02   3.4587701e-02   2.6950565e-02   2.4075294e-02   2.4660833e-02   2.6242510e-02   2.7173112e-02
   5.9400000e+01   5.7748865e-02   5.7628546e-02   5.6752766e-02   5.1649627e-02   4.3704816e-02   3.4198421e-02   2.6710380e-02   2.3905279e-02   2.4565796e-02   2.6201638e-02   2.7157664e-02
   5.9850000e+01   5.5579580e-02   5.5631432e-02   5.5070725e-02   5.0652545e-02   4.2992821e-02   3.3784291e-02   2.6461924e-02   2.3733010e-02   2.4469915e-02   2.6160447e-02   2.7142098e-02
   6.0300000e+01   5.3507769e-02   5.3638891e-02   5.3293357e-02   4.9530850e-02   4.2221426e-02   3.3345739e-02   2.6205110e-02   2.3558466e-02   2.4373190e-02   2.6118937e-02   2.7126415e-02
   6.0750000e+01   5.0733345e-02   5.1641081e-02   5.1450047e-02   4.8293143e-02   4.1392967e-02   3.2883249e-02   2.5939854e-02   2.3381621e-02   2.4275616e-02   2.6077106e-02   2.7110613e-02
   6.1200000e+01   4.6058199e-02   4.9631909e-02   4.9560258e-02   4.6949098e-02   4.0510111e-02   3.2397352e-02   2.5666082e-02   2.3202455e-02   2.4177191e-02   2.6034956e-02   2.7094693e-02
   6.1650000e+01   4.4119767e-02   4.7615022e-02   4.7637818e-02   4.5509120e-02   3.9575842e-02   3.1888633e-02   2.5383725e-02   2.3020942e-02   2.4077913e-02   2.5992486e-02   2.7078656e-02
   6.2100000e+01   4.3962503e-02   4.5632584e-02   4.5693095e-02   4.3984033e-02   3.8593439e-02   3.1357723e-02   2.5092722e-02   2.2837061e-02   2.3977779e-02   2.5949695e-02   2.7062500e-02
   6.2550000e+01   4.3955911e-02   4.3758968e-02   4.3733982e-02   4.2384802e-02   3.7566447e-02   3.0805298e-02   2.4793018e-02   2.2650788e-02   2.3876786e-02   2.5906583e-02   2.7046227e-02
   6.3000000e+01   4.3940237e-02   4.1863781e-02   4.1766234e-02   4.0722297e-02   3.6498649e-02   3.0232079e-02   2.4484564e-02   2.2462100e-02   2.3774932e-02   2.5863151e-02   2.7029835e-02
   6.3450000e+01   4.3435702e-02   3.9874056e-02   3.9793611e-02   3.9007122e-02   3.5394040e-02   2.9638827e-02   2.4167323e-02   2.2270973e-02   2.3672213e-02   2.5819398e-02   2.7013326e-02
   6.3900000e+01   3.9454513e-02   3.7870356e-02   3.7818248e-02   3.7249497e-02   3.4256787e-02   2.9026342e-02   2.3841259e-02   2.2077384e-02   2.3568628e-02   2.5775323e-02   2.6996698e-02
   6.4350000e+01   3.6049452e-02   3.5876438e-02   3.5841224e-02   3.5459196e-02   3.3091197e-02   2.8395461e-02   2.3506347e-02   2.1881310e-02   2.3464173e-02   2.5730928e-02   2.6979953e-02
   6.4800000e+01   3.3938686e-02   3.3890023e-02   3.3863073e-02   3.3645535e-02   3.1901683e-02   2.7747053e-02   2.3162569e-02   2.1682728e-02   2.3358846e-02   2.5686210e-02   2.6963090e-02
   6.5250000e+01   3.1944873e-02   3.1906629e-02   3.1884077e-02   3.1817404e-02   3.0692721e-02   2.7082022e-02   2.2809913e-02   2.1481615e-02   2.3252644e-02   2.5641171e-02   2.6946108e-02
   6.5700000e+01   2.9955206e-02   2.9923525e-02   2.9904431e-02   2.9983321e-02   2.9468819e-02   2.6401296e-02   2.2448377e-02   2.1277948e-02   2.3145564e-02   2.5595809e-02   2.6929009e-02
   6.6150000e+01   2.7963310e-02   2.7939444e-02   2.7924355e-02   2.8151513e-02   2.8234479e-02   2.5705833e-02   2.2077962e-02   2.1071703e-02   2.3037603e-02   2.5550126e-02   2.6911791e-02
   6.6600000e+01   2.5969481e-02   2.5953934e-02   2.5944262e-02   2.6329992e-02   2.6994159e-02   2.4996613e-02   2.1698681e-02   2.0862857e-02   2.2928758e-02   2.5504120e-02   2.6894455e-02
   6.7050000e+01   2.3974252e-02   2.3966835e-02   2.3965041e-02   2.4526627e-02   2.5752242e-02   2.4274635e-02   2.1310552e-02   2.0651389e-02   2.2819028e-02   2.5457791e-02   2.6877002e-02
   6.7500000e+01   2.1978022e-02   2.1978022e-02   2.1988413e-02   2.2749196e-02   2.4513001e-02   2.3540919e-02   2.0913600e-02   2.0437274e-02   2.2708408e-02   2.5411140e-02   2.6859430e-02
   6.7950000e+01   1.9981792e-02   1.9989210e-02   2.0017186e-02   2.1005413e-02   2.3280573e-02   2.2796499e-02   2.0507859e-02   2.0220491e-02   2.2596896e-02   2.5364165e-02   2.6841740e-02
   6.8400000e+01   1.7986563e-02   1.8002116e-02   1.8055225e-02   1.9302915e-02   2.2058925e-02   2.2042420e-02   2.0093369e-02   2.0001016e-02   2.2484490e-02   2.5316867e-02   2.6823932e-02
   6.8850000e+01   1.5992734e-02   1.6016623e-02   1.6107387e-02   1.7649223e-02   2.0851839e-02   2.1279739e-02   1.9670178e-02   1.9778827e-02   2.2371186e-02   2.5269245e-02   2.6806006e-02
   6.9300000e+01   1.4000838e-02   1.4032593e-02   1.4179751e-02   1.6051659e-02   1.9662879e-02   2.0509520e-02   1.9238342e-02   1.9553902e-02   2.2256981e-02   2.5221300e-02   2.6787962e-02
   6.9750000e+01   1.2011171e-02   1.2049606e-02   1.2280359e-02   1.4517231e-02   1.8495384e-02   1.9732829e-02   1.8797921e-02   1.9326219e-02   2.2141873e-02   2.5173031e-02   2.6769799e-02
   7.0200000e+01   1.0017358e-02   1.0066346e-02   1.0420634e-02   1.3052500e-02   1.7352446e-02   1.8950735e-02   1.8348987e-02   1.9095755e-02   2.2025859e-02   2.5124437e-02   2.6751519e-02
   7.0650000e+01   7.9065922e-03   8.0791405e-03   8.6180444e-03   1.1663421e-02   1.6236898e-02   1.8164307e-02   1.7891615e-02   1.8862488e-02   2.1908935e-02   2.5075519e-02   2.6733120e-02
   7.1100000e+01   4.5015306e-03   6.0773618e-03   6.9005424e-03   1.0355180e-02   1.5151311e-02   1.7374608e-02   1.7425888e-02   1.8626397e-02   2.1791099e-02   2.5026277e-02   2.6714603e-02
   7.1550000e+01   5.2033495e-04   4.0316261e-03   5.3116025e-03   9.1320404e-03   1.4097983e-02   1.6582698e-02   1.6951897e-02   1.8387461e-02   2.1672348e-02   2.4976709e-02   2.6695968e-02
   7.2000000e+01   1.5758016e-05   1.9219571e-03   3.9099272e-03   7.9972050e-03   1.3078937e-02   1.5789626e-02   1.6469740e-02   1.8145657e-02   2.1552680e-02   2.4926817e-02   2.6677215e-02
   7.2450000e+01   8.0047674e-08   2.1333079e-04   2.7542029e-03   6.9527056e-03   1.2095924e-02   1.4996429e-02   1.5979519e-02   1.7900965e-02   2.1432090e-02   2.4876599e-02   2.6658344e-02
   7.2900000e+01  -3.3015327e-08  -1.7588645e-04   1.8738083e-03   5.9993360e-03   1.1150424e-02   1.4204132e-02   1.5481345e-02   1.7653363e-02   2.1310576e-02   2.4826055e-02   2.6639354e-02
   7.3350000e+01  -3.4670109e-09  -6.3162195e-05   1.2496676e-03   5.1366305e-03   1.0243647e-02   1.3413744e-02   1.4975336e-02   1.7402832e-02   2.1188135e-02   2.4775186e-02   2.6620246e-02
   7.3800000e+01  -1.8148146e-10  -1.1621870e-05   8.2683412e-04   4.3628918e-03   9.3765469e-03   1.2626256e-02   1.4461613e-02   1.7149350e-02   2.1064764e-02   2.4723991e-02   2.6601020e-02
   7.4250000e+01  -2.2980193e-12  -1.0199316e-06   5.4428852e-04   3.6752684e-03   8.5498223e-03   1.1842637e-02   1.3940307e-02   1.6892896e-02   2.0940461e-02   2.4672469e-02   2.6581676e-02
   7.4700000e+01  -7.9184304e-15   2.7133109e-07   3.5440776e-04   3.0698758e-03   7.7639312e-03   1.1063836e-02   1.3411553e-02   1.6633452e-02   2.0815221e-02   2.4620621e-02   2.6562213e-02
   7.5150000e+01   2.2668900e-16   1.9823326e-07   2.2593078e-04   2.5419542e-03   7.0190998e-03   1.0290776e-02   1.2875491e-02   1.6370997e-02   2.0689043e-02   2.4568446e-02   2.6542632e-02
   7.5600000e+01   1.3370198e-17   7.9538662e-08   1.3938392e-04   2.0860510e-03   6.3153356e-03   9.5243553e-03   1.2332270e-02   1.6105512e-02   2.0561923e-02   2.4515944e-02   2.6522933e-02
   7.6050000e+01   4.3020892e-19   2.5730220e-08   8.2249954e-05   1.6962178e-03   5.6524394e-03   8.7654425e-03   1.1782041e-02   1.5836977e-02   2.0433857e-02   2.4463114e-02   2.6503115e-02
   7.6500000e+01   2.8312041e-21   6.9144618e-09   4.5921322e-05   1.3662086e-03   5.0300199e-03   8.0148781e-03   1.1224964e-02   1.5565374e-02   2.0304844e-02   2.4409958e-02   2.6483180e-02
   7.6950000e+01   5.7585170e-24   1.3211850e-09   2.4081903e-05   1.0896712e-03   4.4475070e-03   7.2734714e-03   1.0661200e-02   1.5290683e-02   2.0174880e-02   2.4356473e-02   2.6463125e-02
   7.7400000e+01   3.4496913e-27   6.9423455e-11   1.1886821e-05   8.6031946e-04   3.9041668e-03   6.5419992e-03   1.0090919e-02   1.5012887e-02   2.0043961e-02   2.4302661e-02   2.6442953e-02
   7.7850000e+01  -4.1599490e-29  -1.9288729e-11   5.6170103e-06   6.7208256e-04   3.3991163e-03   5.8212048e-03   9.5142933e-03   1.4731968e-02   1.9912085e-02   2.4248520e-02   2.6422662e-02
   7.8300000e+01  -3.1547038e-31  -3.0544773e-12   2.6156552e-06   5.1922540e-04   2.9313385e-03   5.1117969e-03   8.9315018e-03   1.4447907e-02   1.9779249e-02   2.4194051e-02   2.6402253e-02
   7.8750000e+01  -1.3228970e-33  -2.4727140e-13   1.2311776e-06   3.9643848e-04   2.4996972e-03   4.4144484e-03   8.3427267e-03   1.4160687e-02   1.9645450e-02   2.4139253e-02   2.6381725e-02
   7.9200000e+01  -1.5532310e-36  -1.3122043e-14   5.8934636e-07   2.9889779e-04   2.1029522e-03   3.7297960e-03   7.7481552e-03   1.3870292e-02   1.9510684e-02   2.4084127e-02   2.6361079e-02
   7.9650000e+01  -4.7475027e-40  -1.0140082e-16   2.8317363e-07   2.2229674e-04   1.7397740e-03   3.0584388e-03   7.1479782e-03   1.3576705e-02   1.9374949e-02   2.4028671e-02   2.6340315e-02
   8.0100000e+01   2.9369398e-43   9.8088341e-17   1.3377682e-07   1.6285376e-04   1.4087585e-03   2.4009384e-03   6.5423909e-03   1.3279909e-02   1.9238240e-02   2.3972885e-02   2.6319432e-02
   8.0550000e+01   1.3378420e-45   1.8670053e-17   6.0924758e-08   1.1729993e-04   1.1084409e-03   1.7578180e-03   5.9315922e-03   1.2979889e-02   1.9100556e-02   2.3916770e-02   2.6298431e-02
   8.1000000e+01   2.6568456e-48   2.4786739e-18   2.6302075e-08   8.2851572e-05   8.3730989e-04   1.1295626e-03   5.3157846e-03   1.2676629e-02   1.8961894e-02   2.3860325e-02   2.6277311e-02
   8.1450000e+01   1.1269363e-51   2.6418874e-19   1.0609879e-08   5.7172119e-05   5.9382081e-04   5.1661794e-04   4.6951738e-03   1.2370113e-02   1.8822249e-02   2.3803549e-02   2.6256073e-02
   8.1900000e+01   1.5624511e-55   2.0236379e-20   3.9571851e-09   3.8327676e-05   3.7640817e-04  -8.0608647e-05   4.0699689e-03   1.2060327e-02   1.8681618e-02   2.3746443e-02   2.6234717e-02
   8.2350000e+01   8.5296670e-60   5.2602889e-22   1.3635481e-09   2.4739581e-05   1.8349779e-04  -6.6174872e-04   3.4403818e-03   1.1747257e-02   1.8540000e-02   2.3689007e-02   2.6213242e-02
   8.2800000e+01  -3.8152363e-63  -4.1102042e-23   4.4167476e-10   1.5136767e-05   1.3518029e-05  -1.2264724e-03   2.8066273e-03   1.1430889e-02   1.8397390e-02   2.3631239e-02   2.6191648e-02
   8.3250000e+01  -2.1029769e-66  -2.8987051e-24   1.3960830e-10   8.5099407e-06  -1.3508980e-04  -1.7744881e-03   2.1689227e-03   1.1111208e-02   1.8253785e-02   2.3573140e-02   2.6169936e-02
   8.3700000e+01  -6.3693867e-70  -9.6714280e-26   4.4837626e-11   4.0689587e-06  -2.6386183e-04  -2.3055420e-03   1.5274876e-03   1.0788203e-02   1.8109183e-02   2.3514709e-02   2.6148105e-02
   8.4150000e+01  -5.9301903e-74  -2.2115529e-27   1.4842301e-11   1.2042490e-06  -3.7430292e-04  -2.8194177e-03   8.8254370e-04   1.0461861e-02   1.7963579e-02   2.3455947e-02   2.6126156e-02
   8.4600000e+01  -1.3373739e-78  -2.3049877e-29   4.9509804e-12  -5.4728007e-07  -4.6787895e-04  -3.3159358e-03   2.3431478e-04   1.0132168e-02   1.7816971e-02   2.3396852e-02   2.6104089e-02
   8.5050000e+01   2.2598481e-83   1.2285055e-30   1.5895814e-12  -1.5317394e-06  -5.4600994e-04  -3.7949526e-03  -4.1697375e-04   9.7991141e-03   1.7669356e-02   2.3337426e-02   2.6081902e-02
   8.5500000e+01   9.0721469e-87   1.1291528e-31   4.6020388e-13  -2.0032877e-06  -6.1006420e-04  -4.2563600e-03  -1.0710949e-03   9.4626872e-03   1.7520730e-02   2.3277666e-02   2.6059598e-02
   8.5950000e+01   1.1604851e-90   6.0943915e-33   1.0435918e-13  -2.1449710e-06  -6.6135335e-04  -4.7000840e-03  -1.7278205e-03   9.1228767e-03   1.7371091e-02   2.3217574e-02   2.6037174e-02
   8.6400000e+01   3.3343520e-95   2.5844690e-34   6.9707103e-15  -2.0857604e-06  -7.0112835e-04  -5.1260844e-03  -2.3869211e-03   8.7796721e-03   1.7220435e-02   2.3157148e-02   2.6014632e-02
   8.6850000e+01  3.1720395e-100   8.2640395e-36  -1.1636368e-14  -1.9142322e-06  -7.3057629e-04  -5.5343533e-03  -3.0481665e-03   8.4330637e-03   1.7068758e-02   2.3096389e-02   2.5991971e-02
   8.7300000e+01  1.4154603e-105   1.1693772e-37  -1.0359128e-14  -1.6893538e-06  -7.5081814e-04  -5.9249142e-03  -3.7113255e-03   8.0830420e-03   1.6916058e-02   2.3035297e-02   2.5969192e-02
   8.7750000e+01 -2.5516018e-110  -7.2634854e-39  -6.3036315e-15  -1.4488345e-06  -7.6290723e-04  -6.2978210e-03  -4.3761668e-03   7.7295982e-03   1.6762332e-02   2.2973870e-02   2.5946294e-02
   8.8200000e+01 -1.0589374e-114  -6.5510623e-40  -3.3063422e-15  -1.2154692e-06  -7.6782853e-04  -6.6531564e-03  -5.0424584e-03   7.3727238e-03   1.6607575e-02   2.2912109e-02   2.5923278e-02
   8.8650000e+01 -2.6150138e-119  -2.9238734e-41  -1.5958776e-15  -1.0018663e-06  -7.6649854e-04  -6.9910312e-03  -5.7099685e-03   7.0124111e-03   1.6451786e-02   2.2850014e-02   2.5900142e-02
   8.9100000e+01 -5.5527647e-124  -9.7048479e-43  -7.2890629e-16  -8.1389903e-07  -7.5976589e-04  -7.3115827e-03  -6.3784652e-03   6.6486525e-03   1.6294961e-02   2.2787584e-02   2.5876888e-02
   8.9550000e+01 -1.1015473e-128  -2.7764220e-44  -3.1956938e-16  -6.5316978e-07  -7.4841241e-04  -7.6149737e-03  -7.0477168e-03   6.2814413e-03   1.6137096e-02   2.2724818e-02   2.5853516e-02
   9.0000000e+01 -2.1073043e-133  -7.3507024e-46  -1.3554816e-16  -5.1872858e-07  -7.3315478e-04  -7.9013909e-03  -7.7174921e-03   5.9107711e-03   1.5978188e-02   2.2661718e-02   2.5830024e-02
