   0.0000000e+00   0.0000000e+00
   0.0000000e+00   0.0000000e+00
   0.0000000e+00   0.0000000e+00
   0.0000000e+00   0.0000000e+00
   0.0000000e+00   0.0000000e+00
   4.4444444e-01   0.0000000e+00
   5.5555556e-01   0.0000000e+00
   0.0000000e+00   0.0000000e+00
   0.0000000e+00   0.0000000e+00
   0.0000000e+00   0.0000000e+00
   0.0000000e+00   0.0000000e+00
   0.0000000e+00   0.0000000e+00
   0.0000000e+00   0.0000000e+00
   0.0000000e+00   0.0000000e+00
   0.0000000e+00   0.0000000e+00
   0.0000000e+00   0.0000000e+00
   3.3333333e-01   0.0000000e+00
   6.6666667e-01   0.0000000e+00
   0.0000000e+00   0.0000000e+00
   0.0000000e+00   0.0000000e+00
   0.0000000e+00   0.0000000e+00
   0.0000000e+00   0.0000000e+00
   0.0000000e+00   0.0000000e+00
   0.0000000e+00   0.0000000e+00
   0.0000000e+00   0.0000000e+00
   0.0000000e+00   0.0000000e+00
   0.0000000e+00   0.0000000e+00
   2.2222222e-01   0.0000000e+00
   7.7777778e-01   0.0000000e+00
   0.0000000e+00   0.0000000e+00
   0.0000000e+00   0.0000000e+00
   0.0000000e+00   0.0000000e+00
   0.0000000e+00   0.0000000e+00
   0.0000000e+00   0.0000000e+00
   0.0000000e+00   0.0000000e+00
   0.0000000e+00   0.0000000e+00
   0.0000000e+00   0.0000000e+00
   0.0000000e+00   0.0000000e+00
   1.1111111e-01   0.0000000e+00
   8.8888889e-01   0.0000000e+00
   0.0000000e+00   0.0000000e+00
   0.0000000e+00   0.0000000e+00
   0.0000000e+00   0.0000000e+00
   0.0000000e+00   0.0000000e+00
   0.0000000e+00   0.0000000e+00
   0.0000000e+00   0.0000000e+00
   0.0000000e+00   0.0000000e+00
   0.0000000e+00   0.0000000e+00
   0.0000000e+00   0.0000000e+00
   0.0000000e+00   0.0000000e+00
   1.0000000e+00   0.0000000e+00
   0.0000000e+00   0.0000000e+00
   0.0000000e+00   0.0000000e+00
   0.0000000e+00   0.0000000e+00
   0.0000000e+00   0.0000000e+00
   0.0000000e+00   0.0000000e+00
   0.0000000e+00   0.0000000e+00
   0.0000000e+00   0.0000000e+00
   0.0000000e+00   0.0000000e+00
   0.0000000e+00   0.0000000e+00
   0.0000000e+00   0.0000000e+00
   8.8888889e-01   0.0000000e+00
   1.1111111e-01   0.0000000e+00
   0.0000000e+00   0.0000000e+00
   0.0000000e+00   0.0000000e+00
   0.0000000e+00   0.0000000e+00
   0.0000000e+00   0.0000000e+00
   0.0000000e+00   0.0000000e+00
   0.0000000e+00   0.0000000e+00
   0.0000000e+00   0.0000000e+00
   0.0000000e+00   0.0000000e+00
   0.0000000e+00   0.0000000e+00
   7.7777778e-01   0.0000000e+00
   2.2222222e-01   0.0000000e+00
   0.0000000e+00   0.0000000e+00
   0.0000000e+00   0.0000000e+00
   0.0000000e+00   0.0000000e+00
   0.0000000e+00   0.0000000e+00
   0.0000000e+00   0.0000000e+00
   0.0000000e+00   0.0000000e+00
   0.0000000e+00   0.0000000e+00
   0.0000000e+00   0.0000000e+00
   0.0000000e+00   0.0000000e+00
   6.6666667e-01   0.0000000e+00
   3.3333333e-01   0.0000000e+00
   0.0000000e+00   0.0000000e+00
   0.0000000e+00   0.0000000e+00
   0.0000000e+00   0.0000000e+00
   0.0000000e+00   0.0000000e+00
   0.0000000e+00   0.0000000e+00
   0.0000000e+00   0.0000000e+00
   0.0000000e+00   0.0000000e+00
   0.0000000e+00   0.0000000e+00
   0.0000000e+00   0.0000000e+00
   5.5555556e-01   3.3279661e-03
   4.4444444e-01   2.6623729e-03
   0.0000000e+00   0.0000000e+00
   0.0000000e+00   0.0000000e+00
   0.0000000e+00   0.0000000e+00
   0.0000000e+00   0.0000000e+00
   0.0000000e+00   0.0000000e+00
   0.0000000e+00   0.0000000e+00
   0.0000000e+00   0.0000000e+00
   0.0000000e+00   0.0000000e+00
   0.0000000e+00   0.0000000e+00
   4.4444444e-01   1.7176714e-02
   5.5555556e-01   2.1470892e-02
   0.0000000e+00   0.0000000e+00
   0.0000000e+00   0.0000000e+00
   0.0000000e+00   0.0000000e+00
   0.0000000e+00   0.0000000e+00
   0.0000000e+00   0.0000000e+00
   0.0000000e+00   0.0000000e+00
   0.0000000e+00   0.0000000e+00
   0.0000000e+00   0.0000000e+00
   0.0000000e+00   0.0000000e+00
   3.3333333e-01   1.7687879e-02
   6.6666667e-01   3.5375759e-02
   0.0000000e+00   0.0000000e+00
   0.0000000e+00   0.0000000e+00
   0.0000000e+00   0.0000000e+00
   0.0000000e+00   0.0000000e+00
   0.0000000e+00   0.0000000e+00
   0.0000000e+00   0.0000000e+00
   0.0000000e+00   0.0000000e+00
   0.0000000e+00   0.0000000e+00
   0.0000000e+00   0.0000000e+00
   2.2222222e-01   6.7715149e-03
   7.7777778e-01   2.3700302e-02
   0.0000000e+00   0.0000000e+00
   0.0000000e+00   0.0000000e+00
   0.0000000e+00   0.0000000e+00
   0.0000000e+00   0.0000000e+00
   0.0000000e+00   0.0000000e+00
   0.0000000e+00   0.0000000e+00
   0.0000000e+00   0.0000000e+00
   0.0000000e+00   0.0000000e+00
   0.0000000e+00   0.0000000e+00
   1.1111111e-01   1.0493820e-02
   8.8888889e-01   8.3950559e-02
   0.0000000e+00   0.0000000e+00
   0.0000000e+00   0.0000000e+00
   0.0000000e+00   0.0000000e+00
   0.0000000e+00   0.0000000e+00
   0.0000000e+00   0.0000000e+00
   0.0000000e+00   0.0000000e+00
   0.0000000e+00   0.0000000e+00
   0.0000000e+00   0.0000000e+00
   0.0000000e+00   0.0000000e+00
   0.0000000e+00   0.0000000e+00
   1.0000000e+00   1.2077775e-01
   0.0000000e+00   0.0000000e+00
   0.0000000e+00   0.0000000e+00
   0.0000000e+00   0.0000000e+00
   0.0000000e+00   0.0000000e+00
   0.0000000e+00   0.0000000e+00
   0.0000000e+00   0.0000000e+00
   0.0000000e+00   0.0000000e+00
   0.0000000e+00   0.0000000e+00
   0.0000000e+00   0.0000000e+00
   0.0000000e+00   0.0000000e+00
   8.8888889e-01   1.5236908e-02
   1.1111111e-01   1.9046135e-03
   0.0000000e+00   0.0000000e+00
   0.0000000e+00   0.0000000e+00
   0.0000000e+00   0.0000000e+00
   0.0000000e+00   0.0000000e+00
   0.0000000e+00   0.0000000e+00
   0.0000000e+00   0.0000000e+00
   0.0000000e+00   0.0000000e+00
   0.0000000e+00   0.0000000e+00
   0.0000000e+00   0.0000000e+00
   7.7777778e-01   4.8638023e-02
   2.2222222e-01   1.3896578e-02
   0.0000000e+00   0.0000000e+00
   0.0000000e+00   0.0000000e+00
   0.0000000e+00   0.0000000e+00
   0.0000000e+00   0.0000000e+00
   0.0000000e+00   0.0000000e+00
   0.0000000e+00   0.0000000e+00
   0.0000000e+00   0.0000000e+00
   0.0000000e+00   0.0000000e+00
   0.0000000e+00   0.0000000e+00
   6.6666667e-01   4.2668220e-02
   3.3333333e-01   2.1334110e-02
   0.0000000e+00   0.0000000e+00
   0.0000000e+00   0.0000000e+00
   0.0000000e+00   0.0000000e+00
   0.0000000e+00   0.0000000e+00
   0.0000000e+00   0.0000000e+00
   0.0000000e+00   0.0000000e+00
   0.0000000e+00   0.0000000e+00
   0.0000000e+00   0.0000000e+00
   0.0000000e+00   0.0000000e+00
   5.5555556e-01   7.1811242e-03
   4.4444444e-01   5.7448993e-03
   0.0000000e+00   0.0000000e+00
   0.0000000e+00   0.0000000e+00
   0.0000000e+00   0.0000000e+00
   0.0000000e+00   0.0000000e+00
   0.0000000e+00   0.0000000e+00
   0.0000000e+00   0.0000000e+00
   0.0000000e+00   0.0000000e+00
   0.0000000e+00   0.0000000e+00
   0.0000000e+00   0.0000000e+00
   4.4444444e-01   5.7448993e-03
   5.5555556e-01   7.1811242e-03
   0.0000000e+00   0.0000000e+00
   0.0000000e+00   0.0000000e+00
   0.0000000e+00   0.0000000e+00
   0.0000000e+00   0.0000000e+00
   0.0000000e+00   0.0000000e+00
   0.0000000e+00   0.0000000e+00
   0.0000000e+00   0.0000000e+00
   0.0000000e+00   0.0000000e+00
   0.0000000e+00   0.0000000e+00
   3.3333333e-01   2.1334110e-02
   6.6666667e-01   4.2668220e-02
   0.0000000e+00   0.0000000e+00
   0.0000000e+00   0.0000000e+00
   0.0000000e+00   0.0000000e+00
   0.0000000e+00   0.0000000e+00
   0.0000000e+00   0.0000000e+00
   0.0000000e+00   0.0000000e+00
   0.0000000e+00   0.0000000e+00
   0.0000000e+00   0.0000000e+00
   0.0000000e+00   0.0000000e+00
   2.2222222e-01   1.3896578e-02
   7.7777778e-01   4.8638023e-02
   0.0000000e+00   0.0000000e+00
   0.0000000e+00   0.0000000e+00
   0.0000000e+00   0.0000000e+00
   0.0000000e+00   0.0000000e+00
   0.0000000e+00   0.0000000e+00
   0.0000000e+00   0.0000000e+00
   0.0000000e+00   0.0000000e+00
   0.0000000e+00   0.0000000e+00
   0.0000000e+00   0.0000000e+00
   1.1111111e-01   1.9046135e-03
   8.8888889e-01   1.5236908e-02
   0.0000000e+00   0.0000000e+00
   0.0000000e+00   0.0000000e+00
   0.0000000e+00   0.0000000e+00
   0.0000000e+00   0.0000000e+00
   0.0000000e+00   0.0000000e+00
   0.0000000e+00   0.0000000e+00
   0.0000000e+00   0.0000000e+00
   0.0000000e+00   0.0000000e+00
   0.0000000e+00   0.0000000e+00
   0.0000000e+00   0.0000000e+00
   1.0000000e+00   1.2077775e-01
   0.0000000e+00   0.0000000e+00
   0.0000000e+00   0.0000000e+00
   0.0000000e+00   0.0000000e+00
   0.0000000e+00   0.0000000e+00
   0.0000000e+00   0.0000000e+00
   0.0000000e+00   0.0000000e+00
   0.0000000e+00   0.0000000e+00
   0.0000000e+00   0.0000000e+00
   0.0000000e+00   0.0000000e+00
   0.0000000e+00   0.0000000e+00
   8.8888889e-01   8.3950559e-02
   1.1111111e-01   1.0493820e-02
   0.0000000e+00   0.0000000e+00
   0.0000000e+00   0.0000000e+00
   0.0000000e+00   0.0000000e+00
   0.0000000e+00   0.0000000e+00
   0.0000000e+00   0.0000000e+00
   0.0000000e+00   0.0000000e+00
   0.0000000e+00   0.0000000e+00
   0.0000000e+00   0.0000000e+00
   0.0000000e+00   0.0000000e+00
   7.7777778e-01   2.3700302e-02
   2.2222222e-01   6.7715149e-03
   0.0000000e+00   0.0000000e+00
   0.0000000e+00   0.0000000e+00
   0.0000000e+00   0.0000000e+00
   0.0000000e+00   0.0000000e+00
   0.0000000e+00   0.0000000e+00
   0.0000000e+00   0.0000000e+00
   0.0000000e+00   0.0000000e+00
   0.0000000e+00   0.0000000e+00
   0.0000000e+00   0.0000000e+00
   6.6666667e-01   3.5375759e-02
   3.3333333e-01   1.7687879e-02
   0.0000000e+00   0.0000000e+00
   0.0000000e+00   0.0000000e+00
   0.0000000e+00   0.0000000e+00
   0.0000000e+00   0.0000000e+00
   0.0000000e+00   0.0000000e+00
   0.0000000e+00   0.0000000e+00
   0.0000000e+00   0.0000000e+00
   0.0000000e+00   0.0000000e+00
   0.0000000e+00   0.0000000e+00
   5.5555556e-01   2.1470892e-02
   4.4444444e-01   1.7176714e-02
   0.0000000e+00   0.0000000e+00
   0.0000000e+00   0.0000000e+00
   0.0000000e+00   0.0000000e+00
   0.0000000e+00   0.0000000e+00
   0.0000000e+00   0.0000000e+00
   0.0000000e+00   0.0000000e+00
   0.0000000e+00   0.0000000e+00
   0.0000000e+00   0.0000000e+00
   0.0000000e+00   0.0000000e+00
   4.4444444e-01   2.6623729e-03
   5.5555556e-01   3.3279661e-03
   0.0000000e+00   0.0000000e+00
   0.0000000e+00   0.0000000e+00
   0.0000000e+00   0.0000000e+00
   0.0000000e+00   0.0000000e+00
   0.0000000e+00   0.0000000e+00
   0.0000000e+00   0.0000000e+00
   0.0000000e+00   0.0000000e+00
   0.0000000e+00   0.0000000e+00
   0.0000000e+00   0.0000000e+00
   3.3333333e-01   0.0000000e+00
   6.6666667e-01   0.0000000e+00
   0.0000000e+00   0.0000000e+00
   0.0000000e+00   0.0000000e+00
   0.0000000e+00   0.0000000e+00
   0.0000000e+00   0.0000000e+00
   0.0000000e+00   0.0000000e+00
   0.0000000e+00   0.0000000e+00
   0.0000000e+00   0.0000000e+00
   0.0000000e+00   0.0000000e+00
   0.0000000e+00   0.0000000e+00
   2.2222222e-01   0.0000000e+00
   7.7777778e-01   0.0000000e+00
   0.0000000e+00   0.0000000e+00
   0.0000000e+00   0.0000000e+00
   0.0000000e+00   0.0000000e+00
   0.0000000e+00   0.0000000e+00
   0.0000000e+00   0.0000000e+00
   0.0000000e+00   0.0000000e+00
   0.0000000e+00   0.0000000e+00
   0.0000000e+00   0.0000000e+00
   0.0000000e+00   0.0000000e+00
   1.1111111e-01   0.0000000e+00
   8.8888889e-01   0.0000000e+00
   0.0000000e+00   0.0000000e+00
   0.0000000e+00   0.0000000e+00
   0.0000000e+00   0.0000000e+00
   0.0000000e+00   0.0000000e+00
   0.0000000e+00   0.0000000e+00
   0.0000000e+00   0.0000000e+00
   0.0000000e+00   0.0000000e+00
   0.0000000e+00   0.0000000e+00
   0.0000000e+00   0.0000000e+00
   0.0000000e+00   0.0000000e+00
   1.0000000e+00   0.0000000e+00
   0.0000000e+00   0.0000000e+00
   0.0000000e+00   0.0000000e+00
   0.0000000e+00   0.0000000e+00
   0.0000000e+00   0.0000000e+00
   0.0000000e+00   0.0000000e+00
   0.0000000e+00   0.0000000e+00
   0.0000000e+00   0.0000000e+00
   0.0000000e+00   0.0000000e+00
   0.0000000e+00   0.0000000e+00
   0.0000000e+00   0.0000000e+00
   8.8888889e-01   0.0000000e+00
   1.1111111e-01   0.0000000e+00
   0.0000000e+00   0.0000000e+00
   0.0000000e+00   0.0000000e+00
   0.0000000e+00   0.0000000e+00
   0.0000000e+00   0.0000000e+00
   0.0000000e+00   0.0000000e+00
   0.0000000e+00   0.0000000e+00
   0.0000000e+00   0.0000000e+00
   0.0000000e+00   0.0000000e+00
   0.0000000e+00   0.0000000e+00
   7.7777778e-01   0.0000000e+00
   2.2222222e-01   0.0000000e+00
   0.0000000e+00   0.0000000e+00
   0.0000000e+00   0.0000000e+00
   0.0000000e+00   0.0000000e+00
   0.0000000e+00   0.0000000e+00
   0.0000000e+00   0.0000000e+00
   0.0000000e+00   0.0000000e+00
   0.0000000e+00   0.0000000e+00
   0.0000000e+00   0.0000000e+00
   0.0000000e+00   0.0000000e+00
   6.6666667e-01   0.0000000e+00
   3.3333333e-01   0.0000000e+00
   0.0000000e+00   0.0000000e+00
   0.0000000e+00   0.0000000e+00
   0.0000000e+00   0.0000000e+00
   0.0000000e+00   0.0000000e+00
   0.0000000e+00   0.0000000e+00
   0.0000000e+00   0.0000000e+00
   0.0000000e+00   0.0000000e+00
   0.0000000e+00   0.0000000e+00
   0.0000000e+00   0.0000000e+00
   5.5555556e-01   0.0000000e+00
   4.4444444e-01   0.0000000e+00
   0.0000000e+00   0.0000000e+00
   0.0000000e+00   0.0000000e+00
   0.0000000e+00   0.0000000e+00
   0.0000000e+00   0.0000000e+00
   0.0000000e+00   0.0000000e+00
