  -9.0000000e+01  -1.3036109e-05
  -8.9550000e+01  -1.3913911e-05
  -8.9100000e+01  -1.4830026e-05
  -8.8650000e+01  -1.5783283e-05
  -8.8200000e+01  -1.6771970e-05
  -8.7750000e+01  -1.7793762e-05
  -8.7300000e+01  -1.8845630e-05
  -8.6850000e+01  -1.9923748e-05
  -8.6400000e+01  -2.1023391e-05
  -8.5950000e+01  -2.2138817e-05
  -8.5500000e+01  -2.3263148e-05
  -8.5050000e+01  -2.4388236e-05
  -8.4600000e+01  -2.5504514e-05
  -8.4150000e+01  -2.6600842e-05
  -8.3700000e+01  -2.7664336e-05
  -8.3250000e+01  -2.8680185e-05
  -8.2800000e+01  -2.9631460e-05
  -8.2350000e+01  -3.0498894e-05
  -8.1900000e+01  -3.1260669e-05
  -8.1450000e+01  -3.1892169e-05
  -8.1000000e+01  -3.2365729e-05
  -8.0550000e+01  -3.2650363e-05
  -8.0100000e+01  -3.2711480e-05
  -7.9650000e+01  -3.2510582e-05
  -7.9200000e+01  -3.2004946e-05
  -7.8750000e+01  -3.1147286e-05
  -7.8300000e+01  -2.9885411e-05
  -7.7850000e+01  -2.8161851e-05
  -7.7400000e+01  -2.5913479e-05
  -7.6950000e+01  -2.3071116e-05
  -7.6500000e+01  -1.9559115e-05
  -7.6050000e+01  -1.5294940e-05
  -7.5600000e+01  -1.0188727e-05
  -7.5150000e+01  -4.1428342e-06
  -7.4700000e+01   2.9486212e-06
  -7.4250000e+01   1.1200229e-05
  -7.3800000e+01   2.0735766e-05
  -7.3350000e+01   3.1688680e-05
  -7.2900000e+01   4.4202574e-05
  -7.2450000e+01   5.8431700e-05
  -7.2000000e+01   7.4541443e-05
  -7.1550000e+01   9.2708812e-05
  -7.1100000e+01   1.1312291e-04
  -7.0650000e+01   1.3598542e-04
  -7.0200000e+01   1.6151103e-04
  -6.9750000e+01   1.8992791e-04
  -6.9300000e+01   2.2147813e-04
  -6.8850000e+01   2.5641802e-04
  -6.8400000e+01   2.9501856e-04
  -6.7950000e+01   3.3756574e-04
  -6.7500000e+01   3.8436082e-04
  -6.7050000e+01   4.3572059e-04
  -6.6600000e+01   4.9197760e-04
  -6.6150000e+01   5.5348030e-04
  -6.5700000e+01   6.2059310e-04
  -6.5250000e+01   6.9369646e-04
  -6.4800000e+01   7.7318680e-04
  -6.4350000e+01   8.5947642e-04
  -6.3900000e+01   9.5299325e-04
  -6.3450000e+01   1.0541806e-03
  -6.3000000e+01   1.1634967e-03
  -6.2550000e+01   1.2814144e-03
  -6.2100000e+01   1.4084204e-03
  -6.1650000e+01   1.5450144e-03
  -6.1200000e+01   1.6917086e-03
  -6.0750000e+01   1.8490267e-03
  -6.0300000e+01   2.0175026e-03
  -5.9850000e+01   2.1976793e-03
  -5.9400000e+01   2.3901075e-03
  -5.8950000e+01   2.5953443e-03
  -5.8500000e+01   2.8139513e-03
  -5.8050000e+01   3.0464930e-03
  -5.7600000e+01   3.2935347e-03
  -5.7150000e+01   3.5556409e-03
  -5.6700000e+01   3.8333723e-03
  -5.6250000e+01   4.1272843e-03
  -5.5800000e+01   4.4379240e-03
  -5.5350000e+01   4.7658276e-03
  -5.4900000e+01   5.1115181e-03
  -5.4450000e+01   5.4755021e-03
  -5.4000000e+01   5.8582671e-03
  -5.3550000e+01   6.2602784e-03
  -5.3100000e+01   6.6819759e-03
  -5.2650000e+01   7.1237714e-03
  -5.2200000e+01   7.5860451e-03
  -5.1750000e+01   8.0691427e-03
  -5.1300000e+01   8.5733718e-03
  -5.0850000e+01   9.0989994e-03
  -5.0400000e+01   9.6462484e-03
  -4.9950000e+01   1.0215295e-02
  -4.9500000e+01   1.0806265e-02
  -4.9050000e+01   1.1419231e-02
  -4.8600000e+01   1.2054213e-02
  -4.8150000e+01   1.2711171e-02
  -4.7700000e+01   1.3390005e-02
  -4.7250000e+01   1.4090555e-02
  -4.6800000e+01   1.4812594e-02
  -4.6350000e+01   1.5555833e-02
  -4.5900000e+01   1.6319915e-02
  -4.5450000e+01   1.7104417e-02
  -4.5000000e+01   1.7908845e-02
  -4.4550000e+01   1.8732640e-02
  -4.4100000e+01   1.9575174e-02
  -4.3650000e+01   2.0435750e-02
  -4.3200000e+01   2.1313607e-02
  -4.2750000e+01   2.2207915e-02
  -4.2300000e+01   2.3117784e-02
  -4.1850000e+01   2.4042259e-02
  -4.1400000e+01   2.4980326e-02
  -4.0950000e+01   2.5930915e-02
  -4.0500000e+01   2.6892903e-02
  -4.0050000e+01   2.7865115e-02
  -3.9600000e+01   2.8846329e-02
  -3.9150000e+01   2.9835284e-02
  -3.8700000e+01   3.0830677e-02
  -3.8250000e+01   3.1831173e-02
  -3.7800000e+01   3.2835410e-02
  -3.7350000e+01   3.3842000e-02
  -3.6900000e+01   3.4849539e-02
  -3.6450000e+01   3.5856609e-02
  -3.6000000e+01   3.6861785e-02
  -3.5550000e+01   3.7863642e-02
  -3.5100000e+01   3.8860756e-02
  -3.4650000e+01   3.9851716e-02
  -3.4200000e+01   4.0835124e-02
  -3.3750000e+01   4.1809605e-02
  -3.3300000e+01   4.2773810e-02
  -3.2850000e+01   4.3726420e-02
  -3.2400000e+01   4.4666156e-02
  -3.1950000e+01   4.5591780e-02
  -3.1500000e+01   4.6502100e-02
  -3.1050000e+01   4.7395976e-02
  -3.0600000e+01   4.8272325e-02
  -3.0150000e+01   4.9130121e-02
  -2.9700000e+01   4.9968401e-02
  -2.9250000e+01   5.0786272e-02
  -2.8800000e+01   5.1582905e-02
  -2.8350000e+01   5.2357545e-02
  -2.7900000e+01   5.3109512e-02
  -2.7450000e+01   5.3838197e-02
  -2.7000000e+01   5.4543072e-02
  -2.6550000e+01   5.5223683e-02
  -2.6100000e+01   5.5879653e-02
  -2.5650000e+01   5.6510686e-02
  -2.5200000e+01   5.7116561e-02
  -2.4750000e+01   5.7697132e-02
  -2.4300000e+01   5.8252332e-02
  -2.3850000e+01   5.8782163e-02
  -2.3400000e+01   5.9286703e-02
  -2.2950000e+01   5.9766097e-02
  -2.2500000e+01   6.0220559e-02
  -2.2050000e+01   6.0650365e-02
  -2.1600000e+01   6.1055856e-02
  -2.1150000e+01   6.1437429e-02
  -2.0700000e+01   6.1795535e-02
  -2.0250000e+01   6.2130679e-02
  -1.9800000e+01   6.2443411e-02
  -1.9350000e+01   6.2734327e-02
  -1.8900000e+01   6.3004062e-02
  -1.8450000e+01   6.3253287e-02
  -1.8000000e+01   6.3482705e-02
  -1.7550000e+01   6.3693047e-02
  -1.7100000e+01   6.3885068e-02
  -1.6650000e+01   6.4059544e-02
  -1.6200000e+01   6.4217267e-02
  -1.5750000e+01   6.4359041e-02
  -1.5300000e+01   6.4485680e-02
  -1.4850000e+01   6.4598002e-02
  -1.4400000e+01   6.4696830e-02
  -1.3950000e+01   6.4782983e-02
  -1.3500000e+01   6.4857276e-02
  -1.3050000e+01   6.4920518e-02
  -1.2600000e+01   6.4973509e-02
  -1.2150000e+01   6.5017035e-02
  -1.1700000e+01   6.5051867e-02
  -1.1250000e+01   6.5078761e-02
  -1.0800000e+01   6.5098452e-02
  -1.0350000e+01   6.5111655e-02
  -9.9000000e+00   6.5119064e-02
  -9.4500000e+00   6.5121347e-02
  -9.0000000e+00   6.5119149e-02
  -8.5500000e+00   6.5113087e-02
  -8.1000000e+00   6.5103752e-02
  -7.6500000e+00   6.5091706e-02
  -7.2000000e+00   6.5077484e-02
  -6.7500000e+00   6.5061590e-02
  -6.3000000e+00   6.5044498e-02
  -5.8500000e+00   6.5026654e-02
  -5.4000000e+00   6.5008472e-02
  -4.9500000e+00   6.4990335e-02
  -4.5000000e+00   6.4972596e-02
  -4.0500000e+00   6.4955577e-02
  -3.6000000e+00   6.4939570e-02
  -3.1500000e+00   6.4924835e-02
  -2.7000000e+00   6.4911601e-02
  -2.2500000e+00   6.4900067e-02
  -1.8000000e+00   6.4890401e-02
  -1.3500000e+00   6.4882741e-02
  -9.0000000e-01   6.4877193e-02
  -4.5000000e-01   6.4873834e-02
   0.0000000e+00   6.4872710e-02
   4.5000000e-01   6.4873834e-02
   9.0000000e-01   6.4877193e-02
   1.3500000e+00   6.4882741e-02
   1.8000000e+00   6.4890401e-02
   2.2500000e+00   6.4900067e-02
   2.7000000e+00   6.4911601e-02
   3.1500000e+00   6.4924835e-02
   3.6000000e+00   6.4939570e-02
   4.0500000e+00   6.4955577e-02
   4.5000000e+00   6.4972596e-02
   4.9500000e+00   6.4990335e-02
   5.4000000e+00   6.5008472e-02
   5.8500000e+00   6.5026654e-02
   6.3000000e+00   6.5044498e-02
   6.7500000e+00   6.5061590e-02
   7.2000000e+00   6.5077484e-02
   7.6500000e+00   6.5091706e-02
   8.1000000e+00   6.5103752e-02
   8.5500000e+00   6.5113087e-02
   9.0000000e+00   6.5119149e-02
   9.4500000e+00   6.5121347e-02
   9.9000000e+00   6.5119064e-02
   1.0350000e+01   6.5111655e-02
   1.0800000e+01   6.5098452e-02
   1.1250000e+01   6.5078761e-02
   1.1700000e+01   6.5051867e-02
   1.2150000e+01   6.5017035e-02
   1.2600000e+01   6.4973509e-02
   1.3050000e+01   6.4920518e-02
   1.3500000e+01   6.4857276e-02
   1.3950000e+01   6.4782983e-02
   1.4400000e+01   6.4696830e-02
   1.4850000e+01   6.4598002e-02
   1.5300000e+01   6.4485680e-02
   1.5750000e+01   6.4359041e-02
   1.6200000e+01   6.4217267e-02
   1.6650000e+01   6.4059544e-02
   1.7100000e+01   6.3885068e-02
   1.7550000e+01   6.3693047e-02
   1.8000000e+01   6.3482705e-02
   1.8450000e+01   6.3253287e-02
   1.8900000e+01   6.3004062e-02
   1.9350000e+01   6.2734327e-02
   1.9800000e+01   6.2443411e-02
   2.0250000e+01   6.2130679e-02
   2.0700000e+01   6.1795535e-02
   2.1150000e+01   6.1437429e-02
   2.1600000e+01   6.1055856e-02
   2.2050000e+01   6.0650365e-02
   2.2500000e+01   6.0220559e-02
   2.2950000e+01   5.9766097e-02
   2.3400000e+01   5.9286703e-02
   2.3850000e+01   5.8782163e-02
   2.4300000e+01   5.8252332e-02
   2.4750000e+01   5.7697132e-02
   2.5200000e+01   5.7116561e-02
   2.5650000e+01   5.6510686e-02
   2.6100000e+01   5.5879653e-02
   2.6550000e+01   5.5223683e-02
   2.7000000e+01   5.4543072e-02
   2.7450000e+01   5.3838197e-02
   2.7900000e+01   5.3109512e-02
   2.8350000e+01   5.2357545e-02
   2.8800000e+01   5.1582905e-02
   2.9250000e+01   5.0786272e-02
   2.9700000e+01   4.9968401e-02
   3.0150000e+01   4.9130121e-02
   3.0600000e+01   4.8272325e-02
   3.1050000e+01   4.7395976e-02
   3.1500000e+01   4.6502100e-02
   3.1950000e+01   4.5591780e-02
   3.2400000e+01   4.4666156e-02
   3.2850000e+01   4.3726420e-02
   3.3300000e+01   4.2773810e-02
   3.3750000e+01   4.1809605e-02
   3.4200000e+01   4.0835124e-02
   3.4650000e+01   3.9851716e-02
   3.5100000e+01   3.8860756e-02
   3.5550000e+01   3.7863642e-02
   3.6000000e+01   3.6861785e-02
   3.6450000e+01   3.5856609e-02
   3.6900000e+01   3.4849539e-02
   3.7350000e+01   3.3842000e-02
   3.7800000e+01   3.2835410e-02
   3.8250000e+01   3.1831173e-02
   3.8700000e+01   3.0830677e-02
   3.9150000e+01   2.9835284e-02
   3.9600000e+01   2.8846329e-02
   4.0050000e+01   2.7865115e-02
   4.0500000e+01   2.6892903e-02
   4.0950000e+01   2.5930915e-02
   4.1400000e+01   2.4980326e-02
   4.1850000e+01   2.4042259e-02
   4.2300000e+01   2.3117784e-02
   4.2750000e+01   2.2207915e-02
   4.3200000e+01   2.1313607e-02
   4.3650000e+01   2.0435750e-02
   4.4100000e+01   1.9575174e-02
   4.4550000e+01   1.8732640e-02
   4.5000000e+01   1.7908845e-02
   4.5450000e+01   1.7104417e-02
   4.5900000e+01   1.6319915e-02
   4.6350000e+01   1.5555833e-02
   4.6800000e+01   1.4812594e-02
   4.7250000e+01   1.4090555e-02
   4.7700000e+01   1.3390005e-02
   4.8150000e+01   1.2711171e-02
   4.8600000e+01   1.2054213e-02
   4.9050000e+01   1.1419231e-02
   4.9500000e+01   1.0806265e-02
   4.9950000e+01   1.0215295e-02
   5.0400000e+01   9.6462484e-03
   5.0850000e+01   9.0989994e-03
   5.1300000e+01   8.5733718e-03
   5.1750000e+01   8.0691427e-03
   5.2200000e+01   7.5860451e-03
   5.2650000e+01   7.1237714e-03
   5.3100000e+01   6.6819759e-03
   5.3550000e+01   6.2602784e-03
   5.4000000e+01   5.8582671e-03
   5.4450000e+01   5.4755021e-03
   5.4900000e+01   5.1115181e-03
   5.5350000e+01   4.7658276e-03
   5.5800000e+01   4.4379240e-03
   5.6250000e+01   4.1272843e-03
   5.6700000e+01   3.8333723e-03
   5.7150000e+01   3.5556409e-03
   5.7600000e+01   3.2935347e-03
   5.8050000e+01   3.0464930e-03
   5.8500000e+01   2.8139513e-03
   5.8950000e+01   2.5953443e-03
   5.9400000e+01   2.3901075e-03
   5.9850000e+01   2.1976793e-03
   6.0300000e+01   2.0175026e-03
   6.0750000e+01   1.8490267e-03
   6.1200000e+01   1.6917086e-03
   6.1650000e+01   1.5450144e-03
   6.2100000e+01   1.4084204e-03
   6.2550000e+01   1.2814144e-03
   6.3000000e+01   1.1634967e-03
   6.3450000e+01   1.0541806e-03
   6.3900000e+01   9.5299325e-04
   6.4350000e+01   8.5947642e-04
   6.4800000e+01   7.7318680e-04
   6.5250000e+01   6.9369646e-04
   6.5700000e+01   6.2059310e-04
   6.6150000e+01   5.5348030e-04
   6.6600000e+01   4.9197760e-04
   6.7050000e+01   4.3572059e-04
   6.7500000e+01   3.8436082e-04
   6.7950000e+01   3.3756574e-04
   6.8400000e+01   2.9501856e-04
   6.8850000e+01   2.5641802e-04
   6.9300000e+01   2.2147813e-04
   6.9750000e+01   1.8992791e-04
   7.0200000e+01   1.6151103e-04
   7.0650000e+01   1.3598542e-04
   7.1100000e+01   1.1312291e-04
   7.1550000e+01   9.2708812e-05
   7.2000000e+01   7.4541443e-05
   7.2450000e+01   5.8431700e-05
   7.2900000e+01   4.4202574e-05
   7.3350000e+01   3.1688680e-05
   7.3800000e+01   2.0735766e-05
   7.4250000e+01   1.1200229e-05
   7.4700000e+01   2.9486212e-06
   7.5150000e+01  -4.1428342e-06
   7.5600000e+01  -1.0188727e-05
   7.6050000e+01  -1.5294940e-05
   7.6500000e+01  -1.9559115e-05
   7.6950000e+01  -2.3071116e-05
   7.7400000e+01  -2.5913479e-05
   7.7850000e+01  -2.8161851e-05
   7.8300000e+01  -2.9885411e-05
   7.8750000e+01  -3.1147286e-05
   7.9200000e+01  -3.2004946e-05
   7.9650000e+01  -3.2510582e-05
   8.0100000e+01  -3.2711480e-05
   8.0550000e+01  -3.2650363e-05
   8.1000000e+01  -3.2365729e-05
   8.1450000e+01  -3.1892169e-05
   8.1900000e+01  -3.1260669e-05
   8.2350000e+01  -3.0498894e-05
   8.2800000e+01  -2.9631460e-05
   8.3250000e+01  -2.8680185e-05
   8.3700000e+01  -2.7664336e-05
   8.4150000e+01  -2.6600842e-05
   8.4600000e+01  -2.5504514e-05
   8.5050000e+01  -2.4388236e-05
   8.5500000e+01  -2.3263148e-05
   8.5950000e+01  -2.2138817e-05
   8.6400000e+01  -2.1023391e-05
   8.6850000e+01  -1.9923748e-05
   8.7300000e+01  -1.8845630e-05
   8.7750000e+01  -1.7793762e-05
   8.8200000e+01  -1.6771970e-05
   8.8650000e+01  -1.5783283e-05
   8.9100000e+01  -1.4830026e-05
   8.9550000e+01  -1.3913911e-05
   9.0000000e+01  -1.3036109e-05
