  -9.0000000e+01 -5.7960885e-200  -4.1526617e-69  -8.0324766e-25  -5.2459768e-10  -4.2243546e-05  -1.1947903e-03  -5.3032446e-03  -1.0394426e-02   1.4797090e-03   1.6733906e-02   2.3754152e-02
  -8.9550000e+01 -4.7406613e-194  -4.0689968e-67  -2.6418141e-24  -7.4498274e-10  -4.4837011e-05  -1.1656643e-03  -5.1783883e-03  -1.0049061e-02   1.7857317e-03   1.6866648e-02   2.3802428e-02
  -8.9100000e+01 -3.7393500e-188  -3.6899085e-65  -8.4167943e-24  -1.0482446e-09  -4.7355866e-05  -1.1338633e-03  -5.0502075e-03  -9.7022572e-03   2.0906564e-03   1.6998738e-02   2.3850462e-02
  -8.8650000e+01 -2.7557910e-182  -2.8844509e-63  -2.5800072e-23  -1.4594435e-09  -4.9745305e-05  -1.0993255e-03  -4.9186476e-03  -9.3540428e-03   2.3944759e-03   1.7130177e-02   2.3898254e-02
  -8.8200000e+01 -1.7466540e-176  -1.6775766e-61  -7.5178521e-23  -2.0071331e-09  -5.1940729e-05  -1.0619913e-03  -4.7836535e-03  -9.0044452e-03   2.6971831e-03   1.7260964e-02   2.3945805e-02
  -8.7750000e+01 -6.5944745e-171  -4.8435386e-60  -2.0362978e-22  -2.7205860e-09  -5.3866765e-05  -1.0218035e-03  -4.6451702e-03  -8.6534923e-03   2.9987709e-03   1.7391099e-02   2.3993114e-02
  -8.7300000e+01  5.6969119e-165   1.9848958e-58  -4.8868719e-22  -3.6236613e-09  -5.5436253e-05  -9.7870725e-04  -4.5031426e-03  -8.3012126e-03   3.2992322e-03   1.7520581e-02   2.4040182e-02
  -8.6850000e+01  2.0012423e-158   3.6590614e-56  -9.0381687e-22  -4.7229525e-09  -5.6549241e-05  -9.3265038e-04  -4.3575157e-03  -7.9476348e-03   3.5985599e-03   1.7649411e-02   2.4087008e-02
  -8.6400000e+01  3.2924648e-152   2.9600612e-54  -4.0122884e-22  -5.9865629e-09  -5.7091995e-05  -8.8358319e-04  -4.2082347e-03  -7.5927879e-03   3.8967471e-03   1.7777589e-02   2.4133592e-02
  -8.5950000e+01  1.7925012e-146   1.7953863e-52   7.5097926e-21  -7.3079749e-09  -5.6936037e-05  -8.3145866e-04  -4.0552447e-03  -7.2367016e-03   4.1937868e-03   1.7905113e-02   2.4179935e-02
  -8.5500000e+01  2.1844928e-141   8.4246984e-51   5.3116093e-20  -8.4468181e-09  -5.5937246e-05  -7.7623249e-04  -3.8984914e-03  -6.8794057e-03   4.4896722e-03   1.8031985e-02   2.4226037e-02
  -8.5050000e+01  7.7775192e-137   2.0970857e-49   2.6127489e-19  -8.9346281e-09  -5.3935036e-05  -7.1786305e-04  -3.7379204e-03  -6.5209303e-03   4.7843963e-03   1.8158203e-02   2.4271897e-02
  -8.4600000e+01 -8.5213974e-131  -1.5934436e-47   1.1237176e-18  -7.9286221e-09  -5.0751639e-05  -6.5631139e-04  -3.5734781e-03  -6.1613061e-03   5.0779523e-03   1.8283767e-02   2.4317515e-02
  -8.4150000e+01 -5.8465159e-125  -3.3716520e-45   4.6329999e-18  -3.9897179e-09  -4.6191525e-05  -5.9154123e-04  -3.4051111e-03  -5.8005638e-03   5.3703334e-03   1.8408677e-02   2.4362891e-02
  -8.3700000e+01 -9.8194396e-120  -3.7257060e-43   1.9576878e-17   5.2479263e-09  -4.0040976e-05  -5.2351886e-04  -3.2327664e-03  -5.4387348e-03   5.6615330e-03   1.8532934e-02   2.4408026e-02
  -8.3250000e+01 -5.0753348e-115  -2.8750777e-41   8.7550563e-17   2.3560145e-08  -3.2067856e-05  -4.5221307e-04  -3.0563919e-03  -5.0758507e-03   5.9515442e-03   1.8656536e-02   2.4452920e-02
  -8.2800000e+01 -1.4432032e-110  -1.0647911e-39   4.0384943e-16   5.6827717e-08  -2.2021601e-05  -3.7759500e-04  -2.8759360e-03  -4.7119433e-03   6.2403605e-03   1.8779484e-02   2.4497571e-02
  -8.2350000e+01  5.0100279e-106   3.3391217e-38   1.8105913e-15   1.1402017e-07  -9.6334577e-06  -2.9963805e-04  -2.6913479e-03  -4.3470449e-03   6.5279752e-03   1.8901777e-02   2.4541982e-02
  -8.1900000e+01  1.4417883e-100   3.3992169e-36   7.5228623e-15   2.0856751e-07   5.3830034e-06  -2.1831765e-04  -2.5025775e-03  -3.9811880e-03   6.8143818e-03   1.9023415e-02   2.4586150e-02
  -8.1450000e+01   1.6280669e-95   1.1478112e-34   2.8425171e-14   3.6024472e-07   2.3331068e-05  -1.3361106e-04  -2.3095758e-03  -3.6144055e-03   7.0995737e-03   1.9144399e-02   2.4630077e-02
  -8.1000000e+01   6.0044164e-91   2.7606261e-33   9.7910595e-14   5.9772274e-07   4.4529733e-05  -4.5497169e-05  -2.1122947e-03  -3.2467306e-03   7.3835444e-03   1.9264727e-02   2.4673762e-02
  -8.0550000e+01   4.7095391e-87   5.2230156e-32   3.1128064e-13   9.6197032e-07   6.9312215e-05   4.6043834e-05  -1.9106873e-03  -2.8781968e-03   7.6662876e-03   1.9384399e-02   2.4717205e-02
  -8.0100000e+01   1.4954023e-83   6.2570278e-31   9.2856145e-13   1.5107212e-06   9.8024089e-05   1.4103071e-04  -1.7047077e-03  -2.5088377e-03   7.9477967e-03   1.9503416e-02   2.4760407e-02
  -7.9650000e+01  -4.7658897e-79  -7.0688516e-30   2.6530419e-12   2.3242457e-06   1.3102106e-04   2.3948151e-04  -1.4943114e-03  -2.1386874e-03   8.2280656e-03   1.9621776e-02   2.4803367e-02
  -7.9200000e+01  -2.3642868e-74  -8.6553246e-28   7.4650077e-12   3.5126804e-06   1.6866636e-04   3.4141396e-04  -1.2794552e-03  -1.7677804e-03   8.5070877e-03   1.9739481e-02   2.4846086e-02
  -7.8750000e+01  -3.1455524e-70  -3.9496040e-26   2.1394349e-11   5.2251654e-06   2.1132772e-04   4.4684580e-04  -1.0600973e-03  -1.3961511e-03   8.7848570e-03   1.9856529e-02   2.4888563e-02
  -7.8300000e+01  -1.1746591e-66  -1.2421925e-24   6.3948956e-11   7.6610068e-06   2.5937402e-04   5.5579526e-04  -8.3619749e-04  -1.0238344e-03   9.0613671e-03   1.9972921e-02   2.4930798e-02
  -7.7850000e+01  -2.4292122e-63  -2.0504468e-23   1.9745917e-10   1.1083016e-05   3.1317155e-04   6.6828142e-04  -6.0771721e-04  -6.5086556e-04   9.3366118e-03   2.0088657e-02   2.4972791e-02
  -7.7400000e+01   3.1054486e-60   1.6889763e-22   6.0434033e-10   1.5833061e-05   3.7307991e-04   7.8432474e-04  -3.7461957e-04  -2.7727983e-04   9.6105852e-03   2.0203735e-02   2.5014543e-02
  -7.6950000e+01   8.1935145e-56   8.8402141e-21   1.7554747e-09   2.2349699e-05   4.3944760e-04   9.0394752e-04  -1.3686951e-04   9.6887114e-05   9.8832810e-03   2.0318156e-02   2.5056053e-02
  -7.6500000e+01   6.3100130e-52   1.1955983e-19   4.7287078e-09   3.1187535e-05   5.1260735e-04   1.0271744e-03   1.0556613e-04   4.7159942e-04   1.0154693e-02   2.0431920e-02   2.5097321e-02
  -7.6050000e+01   1.4999872e-48   1.1316429e-18   1.1782065e-08   4.3037664e-05   5.9287114e-04   1.1540328e-03   3.5271849e-04   8.4682098e-04   1.0424816e-02   2.0545027e-02   2.5138348e-02
  -7.5600000e+01   7.2473633e-46   8.6289576e-18   2.7403027e-08   5.8748225e-05   6.8052514e-04   1.2845538e-03   6.0461665e-04   1.2225155e-03   1.0693643e-02   2.0657476e-02   2.5179133e-02
  -7.5150000e+01   1.7529405e-43   4.7672138e-17   6.0326320e-08   7.9343717e-05   7.7582439e-04   1.4187720e-03   8.6128747e-04   1.5986464e-03   1.0961169e-02   2.0769267e-02   2.5219676e-02
  -7.4700000e+01  -1.6488646e-40   1.0687054e-17   1.2779114e-07   1.0604135e-04   8.7898751e-04   1.5567268e-03   1.1227555e-03   1.9751770e-03   1.1227387e-02   2.0880400e-02   2.5259977e-02
  -7.4250000e+01  -6.4304186e-37  -5.0881491e-15   2.6560021e-07   1.4026237e-04   9.9019138e-04   1.6984625e-03   1.3890431e-03   2.3520703e-03   1.1492292e-02   2.0990875e-02   2.5300037e-02
  -7.3800000e+01  -7.8857876e-34  -1.0187357e-13   5.5311638e-07   1.8363594e-04   1.1095660e-03   1.8440291e-03   1.6601699e-03   2.7292892e-03   1.1755879e-02   2.1100691e-02   2.5339855e-02
  -7.3350000e+01  -2.3599193e-31  -1.3267042e-12   1.1711961e-06   2.3799321e-04   1.2371893e-03   1.9934827e-03   1.9361530e-03   3.1067963e-03   1.2018141e-02   2.1209849e-02   2.5379431e-02
  -7.2900000e+01  -3.5285371e-29  -9.6521700e-12   2.5121391e-06   3.0534896e-04   1.3730829e-03   2.1468860e-03   2.2170072e-03   3.4845542e-03   1.2279072e-02   2.1318348e-02   2.5418765e-02
  -7.2450000e+01   1.2825679e-27   1.9857215e-11   5.3278043e-06   3.8786883e-04   1.5172073e-03   2.3043090e-03   2.5027441e-03   3.8625253e-03   1.2538668e-02   2.1426189e-02   2.5457858e-02
  -7.2000000e+01   4.0946862e-24   5.9032608e-10   1.0843936e-05   4.8782036e-04   1.6694587e-03   2.4658292e-03   2.7933728e-03   4.2406715e-03   1.2796922e-02   2.1533370e-02   2.5496709e-02
  -7.1550000e+01   2.1203428e-21   3.1908319e-09   2.0788012e-05   6.0750727e-04   1.8296658e-03   2.6315327e-03   3.0888994e-03   4.6189551e-03   1.3053829e-02   2.1639892e-02   2.5535318e-02
  -7.1100000e+01   2.8697178e-19   1.1916556e-08   3.7406282e-05   7.4918691e-04   1.9975875e-03   2.8015139e-03   3.3893269e-03   4.9973378e-03   1.3309384e-02   2.1745754e-02   2.5573685e-02
  -7.0650000e+01   7.7847289e-18   3.7002095e-08   6.3605709e-05   9.1497287e-04   2.1729121e-03   2.9758764e-03   3.6946554e-03   5.3757815e-03   1.3563581e-02   2.1850957e-02   2.5611811e-02
  -7.0200000e+01   1.3104968e-16   9.4035399e-08   1.0331255e-04   1.1067253e-03   2.3552570e-03   3.1547333e-03   4.0048816e-03   5.7542476e-03   1.3816414e-02   2.1955500e-02   2.5649694e-02
  -6.9750000e+01  -2.3548356e-15   1.4433155e-07   1.6218686e-04   1.3259335e-03   2.5441699e-03   3.3382075e-03   4.3199993e-03   6.1326978e-03   1.4067878e-02   2.2059383e-02   2.5687336e-02
  -6.9300000e+01  -9.9067621e-13  -3.5486301e-07   2.4898695e-04   1.5735972e-03   2.7391313e-03   3.5264320e-03   4.6399988e-03   6.5110933e-03   1.4317969e-02   2.2162607e-02   2.5724736e-02
  -6.8850000e+01  -1.9180998e-10  -4.8355696e-06   3.7781052e-04   1.8501125e-03   2.9395584e-03   3.7195501e-03   4.9648671e-03   6.8893954e-03   1.4566680e-02   2.2265169e-02   2.5761895e-02
  -6.8400000e+01  -3.1583217e-08  -2.8108308e-05   5.7043363e-04   2.1551719e-03   3.1448106e-03   3.9177158e-03   5.2945875e-03   7.2675654e-03   1.4814006e-02   2.2367072e-02   2.5798811e-02
  -6.7950000e+01  -3.8670042e-06  -9.0048816e-05   8.5549982e-04   2.4876848e-03   3.3541967e-03   4.1210938e-03   5.6291401e-03   7.6455643e-03   1.5059943e-02   2.2468314e-02   2.5835486e-02
  -6.7500000e+01   2.5376962e-09   5.1156720e-05   1.2599268e-03   2.8457284e-03   3.5669830e-03   4.3298593e-03   5.9685014e-03   8.0233532e-03   1.5304485e-02   2.2568895e-02   2.5871919e-02
  -6.7050000e+01   9.4995297e-04   8.6022692e-04   1.7942343e-03   3.2265326e-03   3.7824037e-03   4.5441987e-03   6.3126440e-03   8.4008929e-03   1.5547627e-02   2.2668815e-02   2.5908110e-02
  -6.6600000e+01   1.9071305e-03   1.8716220e-03   2.4446768e-03   3.6265058e-03   3.9996723e-03   4.7643087e-03   6.6615371e-03   8.7781444e-03   1.5789365e-02   2.2768074e-02   2.5944059e-02
  -6.6150000e+01   2.8598347e-03   2.8435839e-03   3.1811099e-03   4.0413001e-03   4.2179944e-03   4.9903968e-03   7.0151461e-03   9.1550685e-03   1.6029692e-02   2.2866672e-02   2.5979766e-02
  -6.5700000e+01   3.8115843e-03   3.7960542e-03   3.9714089e-03   4.4659169e-03   4.4365817e-03   5.2226806e-03   7.3734325e-03   9.5316260e-03   1.6268604e-02   2.2964608e-02   2.6015232e-02
  -6.5250000e+01   4.7622685e-03   4.7440419e-03   4.7895287e-03   4.8948467e-03   4.6546667e-03   5.4613879e-03   7.7363540e-03   9.9077777e-03   1.6506097e-02   2.3061883e-02   2.6050455e-02
  -6.4800000e+01   5.7149337e-03   5.6916104e-03   5.6154780e-03   5.3222367e-03   4.8715188e-03   5.7067559e-03   8.1038645e-03   1.0283484e-02   1.6742164e-02   2.3158496e-02   2.6085437e-02
  -6.4350000e+01   6.7234801e-03   6.6410860e-03   6.4315670e-03   5.7420770e-03   5.0864603e-03   5.9590311e-03   8.4759140e-03   1.0658706e-02   1.6976803e-02   2.3254447e-02   2.6120177e-02
  -6.3900000e+01   8.3504551e-03   7.5977742e-03   7.2178749e-03   6.1483967e-03   5.2988825e-03   6.2184684e-03   8.8524484e-03   1.1033405e-02   1.7210007e-02   2.3349737e-02   2.6154675e-02
  -6.3450000e+01   1.0252713e-02   8.5765334e-03   7.9482923e-03   6.5354576e-03   5.5082624e-03   6.4853305e-03   9.2334099e-03   1.1407540e-02   1.7441773e-02   2.3444364e-02   2.6188932e-02
  -6.3000000e+01   1.0493807e-02   9.5882444e-03   8.5899094e-03   6.8979382e-03   5.7141783e-03   6.7598872e-03   9.6187365e-03   1.1781073e-02   1.7672094e-02   2.3538329e-02   2.6222946e-02
  -6.2550000e+01   1.0501298e-02   1.0398903e-02   9.1103471e-03   7.2310981e-03   5.9163249e-03   7.0424146e-03   1.0008362e-02   1.2153964e-02   1.7900968e-02   2.3631631e-02   2.6256718e-02
  -6.2100000e+01   1.0501153e-02   1.0539195e-02   9.4924598e-03   7.5309156e-03   6.1145276e-03   7.3331940e-03   1.0402218e-02   1.2526175e-02   1.8128389e-02   2.3724271e-02   2.6290249e-02
  -6.1650000e+01   1.0496298e-02   1.0420858e-02   9.7440429e-03   7.7941954e-03   6.3087550e-03   7.6325107e-03   1.0800228e-02   1.2897665e-02   1.8354352e-02   2.3816248e-02   2.6323538e-02
  -6.1200000e+01   1.0436645e-02   1.0332576e-02   9.8914065e-03   8.0186432e-03   6.4991306e-03   7.9406533e-03   1.1202316e-02   1.3268396e-02   1.8578854e-02   2.3907562e-02   2.6356585e-02
  -6.0750000e+01   1.0292776e-02   1.0265344e-02   9.9640628e-03   8.2029074e-03   6.6859417e-03   8.2579119e-03   1.1608400e-02   1.3638329e-02   1.8801889e-02   2.3998214e-02   2.6389389e-02
  -6.0300000e+01   1.0207398e-02   1.0203180e-02   9.9845496e-03   8.3465904e-03   6.8696473e-03   8.5845771e-03   1.2018393e-02   1.4007424e-02   1.9023454e-02   2.4088202e-02   2.6421952e-02
  -5.9850000e+01   1.0143642e-02   1.0141862e-02   9.9665613e-03   8.4502330e-03   7.0508829e-03   8.9209386e-03   1.2432206e-02   1.4375643e-02   1.9243544e-02   2.4177527e-02   2.6454274e-02
  -5.9400000e+01   1.0076886e-02   1.0080603e-02   9.9167433e-03   8.5152763e-03   7.2304634e-03   9.2672835e-03   1.2849745e-02   1.4742946e-02   1.9462155e-02   2.4266188e-02   2.6486353e-02
  -5.8950000e+01   9.9622826e-03   1.0020025e-02   9.8363183e-03   8.5440070e-03   7.4093838e-03   9.6238945e-03   1.3270912e-02   1.5109295e-02   1.9679282e-02   2.4354186e-02   2.6518190e-02
  -5.8500000e+01   9.8408491e-03   9.9644125e-03   9.7216721e-03   8.5394879e-03   7.5888166e-03   9.9910489e-03   1.3695605e-02   1.5474651e-02   1.9894921e-02   2.4441520e-02   2.6549785e-02
  -5.8050000e+01   9.8255844e-03   9.9231532e-03   9.5651170e-03   8.5054791e-03   7.7701077e-03   1.0369016e-02   1.4123719e-02   1.5838975e-02   2.0109069e-02   2.4528191e-02   2.6581139e-02
  -5.7600000e+01   9.8250205e-03   9.8457662e-03   9.3580006e-03   8.4463523e-03   7.9547688e-03   1.0758056e-02   1.4555145e-02   1.6202229e-02   2.0321720e-02   2.4614197e-02   2.6612250e-02
  -5.7150000e+01   9.8243677e-03   9.5408033e-03   9.0965009e-03   8.3669986e-03   8.1444681e-03   1.1158419e-02   1.4989770e-02   1.6564374e-02   2.0532871e-02   2.4699539e-02   2.6643120e-02
  -5.6700000e+01   9.8068530e-03   9.0788253e-03   8.7859108e-03   8.2727325e-03   8.3410183e-03   1.1570339e-02   1.5427477e-02   1.6925371e-02   2.0742518e-02   2.4784217e-02   2.6673748e-02
  -5.6250000e+01   9.5326263e-03   8.6075703e-03   8.4389503e-03   8.1691932e-03   8.5463621e-03   1.1994037e-02   1.5868145e-02   1.7285184e-02   2.0950657e-02   2.4868231e-02   2.6704133e-02
  -5.5800000e+01   8.4709981e-03   8.1470591e-03   8.0703140e-03   8.0622434e-03   8.7625562e-03   1.2429717e-02   1.6311650e-02   1.7643773e-02   2.1157284e-02   2.4951580e-02   2.6734277e-02
  -5.5350000e+01   7.7393925e-03   7.6930312e-03   7.6929259e-03   7.9578690e-03   8.9917526e-03   1.2877564e-02   1.6757866e-02   1.8001101e-02   2.1362395e-02   2.5034265e-02   2.6764179e-02
  -5.4900000e+01   7.2569130e-03   7.2415980e-03   7.3176541e-03   7.8620805e-03   9.2361790e-03   1.3337741e-02   1.7206660e-02   1.8357129e-02   2.1565986e-02   2.5116285e-02   2.6793839e-02
  -5.4450000e+01   6.7588366e-03   6.7893506e-03   6.9551033e-03   7.7808196e-03   9.4981167e-03   1.3810389e-02   1.7657900e-02   1.8711821e-02   2.1768053e-02   2.5197640e-02   2.6823257e-02
  -5.4000000e+01   5.8963880e-03   6.3314660e-03   6.6182344e-03   7.7198737e-03   9.7798780e-03   1.4295623e-02   1.8111448e-02   1.9065139e-02   2.1968593e-02   2.5278330e-02   2.6852433e-02
  -5.3550000e+01   4.9900616e-03   5.8582903e-03   6.3250860e-03   7.6848022e-03   1.0083782e-02   1.4793532e-02   1.8567162e-02   1.9417045e-02   2.2167602e-02   2.5358355e-02   2.6881367e-02
  -5.3100000e+01   4.8688202e-03   5.3610979e-03   6.0997582e-03   7.6808777e-03   1.0412130e-02   1.5304176e-02   1.9024901e-02   1.9767502e-02   2.2365076e-02   2.5437715e-02   2.6910059e-02
  -5.2650000e+01   4.8637395e-03   4.9547876e-03   5.9680424e-03   7.7130460e-03   1.0767178e-02   1.5827584e-02   1.9484516e-02   2.0116474e-02   2.2561011e-02   2.5516410e-02   2.6938509e-02
  -5.2200000e+01   4.8639404e-03   5.0089991e-03   5.9466028e-03   7.7859055e-03   1.1151115e-02   1.6363754e-02   1.9945859e-02   2.0463924e-02   2.2755405e-02   2.5594439e-02   2.6966717e-02
  -5.1750000e+01   4.8730471e-03   5.3908841e-03   6.0335293e-03   7.9037096e-03   1.1566034e-02   1.6912650e-02   2.0408778e-02   2.0809815e-02   2.2948252e-02   2.5671803e-02   2.6994683e-02
  -5.1300000e+01   5.0353464e-03   5.7890950e-03   6.2105566e-03   8.0703885e-03   1.2013905e-02   1.7474200e-02   2.0873118e-02   2.1154111e-02   2.3139551e-02   2.5748500e-02   2.7022407e-02
  -5.0850000e+01   5.8520491e-03   6.1657318e-03   6.4545059e-03   8.2895911e-03   1.2496553e-02   1.8048296e-02   2.1338723e-02   2.1496776e-02   2.3329297e-02   2.5824533e-02   2.7049889e-02
  -5.0400000e+01   6.4919759e-03   6.5323784e-03   6.7467386e-03   8.5647399e-03   1.3015634e-02   1.8634792e-02   2.1805432e-02   2.1837774e-02   2.3517487e-02   2.5899899e-02   2.7077129e-02
  -4.9950000e+01   6.8876893e-03   6.8956323e-03   7.0759967e-03   8.8990944e-03   1.3572607e-02   1.9233502e-02   2.2273085e-02   2.2177069e-02   2.3704117e-02   2.5974599e-02   2.7104127e-02
  -4.9500000e+01   7.2898476e-03   7.2589893e-03   7.4375911e-03   9.2958160e-03   1.4168715e-02   1.9844203e-02   2.2741518e-02   2.2514625e-02   2.3889185e-02   2.6048633e-02   2.7130884e-02
  -4.9050000e+01   7.9795733e-03   7.6244508e-03   7.8324510e-03   9.7580247e-03   1.4804967e-02   2.0466629e-02   2.3210565e-02   2.2850409e-02   2.4072686e-02   2.6122001e-02   2.7157398e-02
  -4.8600000e+01   8.7295484e-03   7.9892898e-03   8.2671994e-03   1.0288842e-02   1.5482114e-02   2.1100475e-02   2.3680060e-02   2.3184384e-02   2.4254618e-02   2.6194703e-02   2.7183670e-02
  -4.8150000e+01   8.8397527e-03   8.3363929e-03   8.7542109e-03   1.0891411e-02   1.6200636e-02   2.1745393e-02   2.4149834e-02   2.3516516e-02   2.4434978e-02   2.6266738e-02   2.7209700e-02
  -4.7700000e+01   8.8448157e-03   8.6743247e-03   9.3090101e-03   1.1568884e-02   1.6960726e-02   2.2400994e-02   2.4619717e-02   2.3846770e-02   2.4613762e-02   2.6338107e-02   2.7235488e-02
  -4.7250000e+01   8.8454071e-03   9.2358103e-03   9.9435342e-03   1.2324383e-02   1.7762283e-02   2.3066850e-02   2.5089537e-02   2.4175113e-02   2.4790967e-02   2.6408809e-02   2.7261034e-02
  -4.6800000e+01   8.8618053e-03   1.0108249e-02   1.0659438e-02   1.3160915e-02   1.8604896e-02   2.3742488e-02   2.5559122e-02   2.4501510e-02   2.4966590e-02   2.6478844e-02   2.7286338e-02
  -4.6350000e+01   9.1858485e-03   1.1052116e-02   1.1448480e-02   1.4081257e-02   1.9487847e-02   2.4427398e-02   2.6028299e-02   2.4825927e-02   2.5140628e-02   2.6548212e-02   2.7311400e-02
  -4.5900000e+01   1.1128172e-02   1.1981542e-02   1.2299709e-02   1.5087798e-02   2.0410100e-02   2.5121030e-02   2.6496894e-02   2.5148332e-02   2.5313078e-02   2.6616914e-02   2.7336220e-02
  -4.5450000e+01   1.2801988e-02   1.2894650e-02   1.3206435e-02   1.6182356e-02   2.1370309e-02   2.5822792e-02   2.6964733e-02   2.5468692e-02   2.5483937e-02   2.6684948e-02   2.7360798e-02
  -4.5000000e+01   1.3799390e-02   1.3799814e-02   1.4169401e-02   1.7365968e-02   2.2366821e-02   2.6532060e-02   2.7431639e-02   2.5786972e-02   2.5653202e-02   2.6752315e-02   2.7385134e-02
  -4.4550000e+01   1.4796792e-02   1.4704614e-02   1.5198149e-02   1.8638674e-02   2.3397681e-02   2.7248169e-02   2.7897439e-02   2.6103141e-02   2.5820870e-02   2.6819015e-02   2.7409228e-02
  -4.4100000e+01   1.6470609e-02   1.5613302e-02   1.6313555e-02   1.9999294e-02   2.4460646e-02   2.7970421e-02   2.8361957e-02   2.6417167e-02   2.5986938e-02   2.6885048e-02   2.7433080e-02
  -4.3650000e+01   1.8412930e-02   1.6515151e-02   1.7552286e-02   2.1445239e-02   2.5553201e-02   2.8698088e-02   2.8825018e-02   2.6729018e-02   2.6151404e-02   2.6950413e-02   2.7456690e-02
  -4.3200000e+01   1.8736961e-02   1.7354679e-02   1.8969337e-02   2.2972341e-02   2.6672574e-02   2.9430407e-02   2.9286448e-02   2.7038661e-02   2.6314265e-02   2.7015111e-02   2.7480057e-02
  -4.2750000e+01   1.8753305e-02   1.8160131e-02   2.0629029e-02   2.4574748e-02   2.7815761e-02   3.0166590e-02   2.9746072e-02   2.7346066e-02   2.6475517e-02   2.7079141e-02   2.7503183e-02
  -4.2300000e+01   1.8754821e-02   1.9790367e-02   2.2577934e-02   2.6244887e-02   2.8979548e-02   3.0905821e-02   3.0203718e-02   2.7651201e-02   2.6635159e-02   2.7142504e-02   2.7526067e-02
  -4.1850000e+01   1.8798295e-02   2.2721463e-02   2.4815170e-02   2.7973503e-02   3.0160539e-02   3.1647261e-02   3.0659213e-02   2.7954037e-02   2.6793187e-02   2.7205198e-02   2.7548708e-02
  -4.1400000e+01   1.9741756e-02   2.5982980e-02   2.7290019e-02   2.9749787e-02   3.1355186e-02   3.2390049e-02   3.1112386e-02   2.8254541e-02   2.6949600e-02   2.7267225e-02   2.7571108e-02
  -4.0950000e+01   2.6162052e-02   2.9188931e-02   2.9929155e-02   3.1561587e-02   3.2559820e-02   3.3133308e-02   3.1563067e-02   2.8552686e-02   2.7104393e-02   2.7328584e-02   2.7593265e-02
  -4.0500000e+01   3.2066568e-02   3.2331400e-02   3.2664304e-02   3.3395706e-02   3.3770683e-02   3.3876143e-02   3.2011088e-02   2.8848439e-02   2.7257566e-02   2.7389275e-02   2.7615181e-02
  -4.0050000e+01   3.5509313e-02   3.5443063e-02   3.5441609e-02   3.5238253e-02   3.4983965e-02   3.4617648e-02   3.2456283e-02   2.9141773e-02   2.7409115e-02   2.7449297e-02   2.7636854e-02
  -3.9600000e+01   3.8896886e-02   3.8552153e-02   3.8216942e-02   3.7075048e-02   3.6195836e-02   3.5356906e-02   3.2898486e-02   2.9432658e-02   2.7559037e-02   2.7508652e-02   2.7658285e-02
  -3.9150000e+01   4.4375090e-02   4.1685175e-02   4.0946118e-02   3.8892049e-02   3.7402484e-02   3.6092997e-02   3.3337536e-02   2.9721065e-02   2.7707331e-02   2.7567338e-02   2.7679474e-02
  -3.8700000e+01   5.1366612e-02   4.4872326e-02   4.3574557e-02   4.0675775e-02   3.8600149e-02   3.6824993e-02   3.3773273e-02   3.0006965e-02   2.7853994e-02   2.7625355e-02   2.7700422e-02
  -3.8250000e+01   5.2755987e-02   4.8129569e-02   4.6030599e-02   4.2413697e-02   3.9785152e-02   3.7551969e-02   3.4205538e-02   3.0290332e-02   2.7999024e-02   2.7682705e-02   2.7721127e-02
  -3.7800000e+01   5.2833857e-02   5.1225176e-02   4.8232036e-02   4.4094582e-02   4.0953938e-02   3.8273003e-02   3.4634177e-02   3.0571136e-02   2.8142418e-02   2.7739385e-02   2.7741589e-02
  -3.7350000e+01   5.2836542e-02   5.3123535e-02   5.0113926e-02   4.5708764e-02   4.2103098e-02   3.8987177e-02   3.5059038e-02   3.0849350e-02   2.8284174e-02   2.7795397e-02   2.7761810e-02
  -3.6900000e+01   5.2843353e-02   5.3741163e-02   5.1663084e-02   4.7248319e-02   4.3229401e-02   3.9693583e-02   3.5479972e-02   3.1124948e-02   2.8424290e-02   2.7850741e-02   2.7781789e-02
  -3.6450000e+01   5.3007345e-02   5.4243326e-02   5.2924494e-02   4.8707155e-02   4.4329822e-02   4.0391327e-02   3.5896833e-02   3.1397903e-02   2.8562763e-02   2.7905415e-02   2.7801526e-02
  -3.6000000e+01   5.4233449e-02   5.4831204e-02   5.3971837e-02   5.0080993e-02   4.5401562e-02   4.1079527e-02   3.6309479e-02   3.1668187e-02   2.8699592e-02   2.7959421e-02   2.7821020e-02
  -3.5550000e+01   5.5400196e-02   5.5441554e-02   5.4873576e-02   5.1367269e-02   4.6442070e-02   4.1757321e-02   3.6717772e-02   3.1935776e-02   2.8834773e-02   2.8012757e-02   2.7840273e-02
  -3.5100000e+01   5.6074009e-02   5.6052748e-02   5.5678615e-02   5.2564952e-02   4.7449060e-02   4.2423868e-02   3.7121576e-02   3.2200643e-02   2.8968306e-02   2.8065425e-02   2.7859283e-02
  -3.4650000e+01   5.6726723e-02   5.6663769e-02   5.6417972e-02   5.3674311e-02   4.8420521e-02   4.3078349e-02   3.7520760e-02   3.2462763e-02   2.9100188e-02   2.8117424e-02   2.7878051e-02
  -3.4200000e+01   5.7716462e-02   5.7277743e-02   5.7110941e-02   5.4696639e-02   4.9354730e-02   4.3719972e-02   3.7915199e-02   3.2722111e-02   2.9230417e-02   2.8168753e-02   2.7896578e-02
  -3.3750000e+01   5.9152666e-02   5.7897504e-02   5.7769902e-02   5.5633972e-02   5.0250251e-02   4.4347973e-02   3.8304768e-02   3.2978663e-02   2.9358991e-02   2.8219413e-02   2.7914862e-02
  -3.3300000e+01   5.9523647e-02   5.8520312e-02   5.8403009e-02   5.6488820e-02   5.1105943e-02   4.4961619e-02   3.8689351e-02   3.3232393e-02   2.9485907e-02   2.8269404e-02   2.7932904e-02
  -3.2850000e+01   5.9547332e-02   5.9120920e-02   5.9015597e-02   5.7263919e-02   5.1920950e-02   4.5560211e-02   3.9068833e-02   3.3483279e-02   2.9611165e-02   2.8318726e-02   2.7950703e-02
  -3.2400000e+01   5.9548278e-02   5.9659922e-02   5.9611039e-02   5.7962042e-02   5.2694699e-02   4.6143082e-02   3.9443105e-02   3.3731296e-02   2.9734762e-02   2.8367378e-02   2.7968261e-02
  -3.1950000e+01   5.9553622e-02   6.0201818e-02   6.0191268e-02   5.8585866e-02   5.3426886e-02   4.6709606e-02   3.9812064e-02   3.3976422e-02   2.9856696e-02   2.8415360e-02   2.7985577e-02
  -3.1500000e+01   5.9696986e-02   6.0781941e-02   6.0756817e-02   5.9137904e-02   5.4117466e-02   4.7259192e-02   4.0175610e-02   3.4218633e-02   2.9976965e-02   2.8462673e-02   2.8002650e-02
  -3.1050000e+01   6.0837158e-02   6.1367523e-02   6.1306507e-02   5.9620507e-02   5.4766629e-02   4.7791291e-02   4.0533649e-02   3.4457907e-02   3.0095568e-02   2.8509316e-02   2.8019482e-02
  -3.0600000e+01   6.1913200e-02   6.1948016e-02   6.1837056e-02   6.0035931e-02   5.5374788e-02   4.8305394e-02   4.0886092e-02   3.4694222e-02   3.0212502e-02   2.8555290e-02   2.8036071e-02
  -3.0150000e+01   6.2539985e-02   6.2524669e-02   6.2342617e-02   6.0386455e-02   5.5942549e-02   4.8801037e-02   4.1232856e-02   3.4927555e-02   3.0327767e-02   2.8600594e-02   2.8052418e-02
  -2.9700000e+01   6.3138606e-02   6.3100408e-02   6.2813767e-02   6.0674545e-02   5.6470689e-02   4.9277798e-02   4.1573861e-02   3.5157886e-02   3.0441360e-02   2.8645228e-02   2.8068523e-02
  -2.9250000e+01   6.3940237e-02   6.3678739e-02   6.3235313e-02   6.0903037e-02   5.6960131e-02   4.9735299e-02   4.1909035e-02   3.5385194e-02   3.0553279e-02   2.8689192e-02   2.8084386e-02
  -2.8800000e+01   6.5291055e-02   6.4267763e-02   6.3582602e-02   6.1075326e-02   5.7411914e-02   5.0173210e-02   4.2238311e-02   3.5609457e-02   3.0663524e-02   2.8732486e-02   2.8100006e-02
  -2.8350000e+01   6.5851140e-02   6.4891735e-02   6.3818071e-02   6.1195534e-02   5.7827163e-02   5.0591244e-02   4.2561626e-02   3.5830656e-02   3.0772091e-02   2.8775111e-02   2.8115385e-02
  -2.7900000e+01   6.5896603e-02   6.5554672e-02   6.3893942e-02   6.1268644e-02   5.8207066e-02   5.0989162e-02   4.2878924e-02   3.6048770e-02   3.0878981e-02   2.8817065e-02   2.8130521e-02
  -2.7450000e+01   6.5898417e-02   6.5784802e-02   6.3768194e-02   6.1300571e-02   5.8552840e-02   5.1366773e-02   4.3190154e-02   3.6263779e-02   3.0984190e-02   2.8858349e-02   2.8145416e-02
  -2.7000000e+01   6.5890410e-02   6.4966141e-02   6.3428695e-02   6.1298166e-02   5.8865704e-02   5.1723929e-02   4.3495270e-02   3.6475665e-02   3.1087718e-02   2.8898963e-02   2.8160068e-02
  -2.6550000e+01   6.5632718e-02   6.3854119e-02   6.2903292e-02   6.1269136e-02   5.9146858e-02   5.2060532e-02   4.3794235e-02   3.6684408e-02   3.1189563e-02   2.8938906e-02   2.8174478e-02
  -2.6100000e+01   6.3599588e-02   6.2797273e-02   6.2244493e-02   6.1221879e-02   5.9397453e-02   5.2376531e-02   4.4087012e-02   3.6889990e-02   3.1289724e-02   2.8978180e-02   2.8188646e-02
  -2.5650000e+01   6.1860681e-02   6.1772788e-02   6.1506368e-02   6.1165242e-02   5.9618572e-02   5.2671918e-02   4.4373575e-02   3.7092393e-02   3.1388199e-02   2.9016782e-02   2.8202571e-02
  -2.5200000e+01   6.0782750e-02   6.0757867e-02   6.0733250e-02   6.1108201e-02   5.9811212e-02   5.2946734e-02   4.4653900e-02   3.7291598e-02   3.1484987e-02   2.9054715e-02   2.8216255e-02
  -2.4750000e+01   5.9764543e-02   5.9745210e-02   5.9961262e-02   6.1059497e-02   5.9976266e-02   5.3201065e-02   4.4927970e-02   3.7487589e-02   3.1580086e-02   2.9091977e-02   2.8229696e-02
  -2.4300000e+01   5.8748455e-02   5.8731354e-02   5.9225686e-02   6.1027230e-02   6.0114513e-02   5.3435041e-02   4.5195775e-02   3.7680347e-02   3.1673495e-02   2.9128569e-02   2.8242895e-02
  -2.3850000e+01   5.7731227e-02   5.7707264e-02   5.8569978e-02   6.1018452e-02   6.0226609e-02   5.3648837e-02   4.5457306e-02   3.7869856e-02   3.1765213e-02   2.9164490e-02   2.8255852e-02
  -2.3400000e+01   5.6712936e-02   5.6636732e-02   5.8053609e-02   6.1038776e-02   6.0313086e-02   5.3842671e-02   4.5712565e-02   3.8056100e-02   3.1855238e-02   2.9199740e-02   2.8268567e-02
  -2.2950000e+01   5.5684682e-02   5.5471370e-02   5.7751297e-02   6.1092034e-02   6.0374345e-02   5.4016802e-02   4.5961556e-02   3.8239063e-02   3.1943569e-02   2.9234320e-02   2.8281040e-02
  -2.2500000e+01   5.4674649e-02   5.4799014e-02   5.7732785e-02   6.1180004e-02   6.0410669e-02   5.4171534e-02   4.6204287e-02   3.8418728e-02   3.2030206e-02   2.9268230e-02   2.8293271e-02
  -2.2050000e+01   5.5964712e-02   5.5750359e-02   5.8027453e-02   6.1302230e-02   6.0422226e-02   5.4307208e-02   4.6440775e-02   3.8595080e-02   3.2115146e-02   2.9301468e-02   2.8305259e-02
  -2.1600000e+01   5.7272856e-02   5.7194470e-02   5.8605178e-02   6.1455943e-02   6.0409084e-02   5.4424204e-02   4.6671039e-02   3.8768105e-02   3.2198388e-02   2.9334036e-02   2.8317005e-02
  -2.1150000e+01   5.8570839e-02   5.8543526e-02   5.9395471e-02   6.1636101e-02   6.0371225e-02   5.4522943e-02   4.6895104e-02   3.8937786e-02   3.2279931e-02   2.9365932e-02   2.8328510e-02
  -2.0700000e+01   5.9867489e-02   5.9845935e-02   6.0322817e-02   6.1835526e-02   6.0308566e-02   5.4603878e-02   4.7112999e-02   3.9104111e-02   3.2359775e-02   2.9397158e-02   2.8339772e-02
  -2.0250000e+01   6.1162687e-02   6.1137967e-02   6.1326756e-02   6.2045152e-02   6.0220982e-02   5.4667502e-02   4.7324758e-02   3.9267065e-02   3.2437918e-02   2.9427714e-02   2.8350791e-02
  -1.9800000e+01   6.2460584e-02   6.2428837e-02   6.2362466e-02   6.2254352e-02   6.0108328e-02   5.4714338e-02   4.7530421e-02   3.9426633e-02   3.2514359e-02   2.9457598e-02   2.8361569e-02
  -1.9350000e+01   6.3834613e-02   6.3722503e-02   6.3392578e-02   6.2451332e-02   5.9970466e-02   5.4744941e-02   4.7730028e-02   3.9582803e-02   3.2589097e-02   2.9486811e-02   2.8372104e-02
  -1.8900000e+01   6.6051179e-02   6.5027600e-02   6.4377597e-02   6.2623560e-02   5.9807293e-02   5.4759899e-02   4.7923628e-02   3.9735562e-02   3.2662130e-02   2.9515353e-02   2.8382398e-02
  -1.8450000e+01   6.8642789e-02   6.6370372e-02   6.5267854e-02   6.2758235e-02   5.9618767e-02   5.4759827e-02   4.8111271e-02   3.9884897e-02   3.2733459e-02   2.9543224e-02   2.8392449e-02
  -1.8000000e+01   6.8971261e-02   6.7775346e-02   6.6001800e-02   6.2842734e-02   5.9404931e-02   5.4745368e-02   4.8293010e-02   4.0030795e-02   3.2803081e-02   2.9570424e-02   2.8402258e-02
  -1.7550000e+01   6.8981467e-02   6.8838344e-02   6.6518759e-02   6.2865059e-02   5.9165943e-02   5.4717189e-02   4.8468904e-02   4.0173244e-02   3.2870997e-02   2.9596953e-02   2.8411824e-02
  -1.7100000e+01   6.8979831e-02   6.8699827e-02   6.6785120e-02   6.2814243e-02   5.8902098e-02   5.4675981e-02   4.8639013e-02   4.0312233e-02   3.2937204e-02   2.9622810e-02   2.8421149e-02
  -1.6650000e+01   6.8938286e-02   6.8073318e-02   6.6811771e-02   6.2680722e-02   5.8613844e-02   5.4622456e-02   4.8803401e-02   4.0447750e-02   3.3001703e-02   2.9647997e-02   2.8430231e-02
  -1.6200000e+01   6.8426537e-02   6.7493678e-02   6.6642533e-02   6.2456651e-02   5.8301807e-02   5.4557348e-02   4.8962135e-02   4.0579783e-02   3.3064492e-02   2.9672512e-02   2.8439071e-02
  -1.5750000e+01   6.7192297e-02   6.6953487e-02   6.6326393e-02   6.2136171e-02   5.7966796e-02   5.4481407e-02   4.9115283e-02   4.0708323e-02   3.3125570e-02   2.9696356e-02   2.8447669e-02
  -1.5300000e+01   6.6459849e-02   6.6424715e-02   6.5898649e-02   6.1715628e-02   5.7609821e-02   5.4395396e-02   4.9262917e-02   4.0833359e-02   3.3184937e-02   2.9719529e-02   2.8456025e-02
  -1.4850000e+01   6.5912890e-02   6.5898523e-02   6.5376610e-02   6.1193733e-02   5.7232089e-02   5.4300096e-02   4.9405110e-02   4.0954881e-02   3.3242592e-02   2.9742030e-02   2.8464139e-02
  -1.4400000e+01   6.5340199e-02   6.5372217e-02   6.4761149e-02   6.0571671e-02   5.6835011e-02   5.4196298e-02   4.9541937e-02   4.1072878e-02   3.3298534e-02   2.9763860e-02   2.8472010e-02
  -1.3950000e+01   6.4357021e-02   6.4848199e-02   6.4036844e-02   5.9853157e-02   5.6420194e-02   5.4084800e-02   4.9673475e-02   4.1187341e-02   3.3352762e-02   2.9785019e-02   2.8479640e-02
  -1.3500000e+01   6.3315252e-02   6.4348247e-02   6.3169715e-02   5.9044432e-02   5.5989434e-02   5.3966409e-02   4.9799802e-02   4.1298261e-02   3.3405276e-02   2.9805506e-02   2.8487027e-02
  -1.3050000e+01   6.3184283e-02   6.3924935e-02   6.2108344e-02   5.8154193e-02   5.5544698e-02   5.3841938e-02   4.9920996e-02   4.1405630e-02   3.3456075e-02   2.9825321e-02   2.8494172e-02
  -1.2600000e+01   6.3179427e-02   6.3327490e-02   6.0798609e-02   5.7193455e-02   5.5088112e-02   5.3712200e-02   5.0037136e-02   4.1509437e-02   3.3505158e-02   2.9844466e-02   2.8501074e-02
  -1.2150000e+01   6.3175692e-02   6.1547501e-02   5.9213322e-02   5.6175331e-02   5.4621932e-02   5.3578010e-02   5.0148303e-02   4.1609677e-02   3.3552524e-02   2.9862938e-02   2.8507735e-02
  -1.1700000e+01   6.3076079e-02   5.8928735e-02   5.7374516e-02   5.5114734e-02   5.4148527e-02   5.3440181e-02   5.0254576e-02   4.1706339e-02   3.3598174e-02   2.9880739e-02   2.8514153e-02
  -1.1250000e+01   6.1516395e-02   5.6253737e-02   5.5344540e-02   5.4027999e-02   5.3670347e-02   5.3299522e-02   5.0356035e-02   4.1799417e-02   3.3642106e-02   2.9897869e-02   2.8520329e-02
  -1.0800000e+01   5.5478306e-02   5.3635716e-02   5.3197083e-02   5.2932425e-02   5.3189896e-02   5.3156834e-02   5.0452760e-02   4.1888903e-02   3.3684319e-02   2.9914327e-02   2.8526263e-02
  -1.0350000e+01   5.1317245e-02   5.1053507e-02   5.0996848e-02   5.1845754e-02   5.2709701e-02   5.3012912e-02   5.0544829e-02   4.1974790e-02   3.3724814e-02   2.9930114e-02   2.8531955e-02
  -9.9000000e+00   4.8573108e-02   4.8485865e-02   4.8797273e-02   5.0785612e-02   5.2232284e-02   5.2868537e-02   5.0632320e-02   4.2057072e-02   3.3763589e-02   2.9945228e-02   2.8537404e-02
  -9.4500000e+00   4.5740262e-02   4.5913836e-02   4.6648977e-02   4.9768915e-02   5.1760131e-02   5.2724479e-02   5.0715311e-02   4.2135742e-02   3.3800645e-02   2.9959672e-02   2.8542612e-02
  -9.0000000e+00   4.0835022e-02   4.3311994e-02   4.4612134e-02   4.8811289e-02   5.1295664e-02   5.2581490e-02   5.0793876e-02   4.2210793e-02   3.3835980e-02   2.9973443e-02   2.8547577e-02
  -8.5500000e+00   3.5680225e-02   4.0634637e-02   4.2769020e-02   4.7926515e-02   5.0841216e-02   5.2440308e-02   5.0868089e-02   4.2282220e-02   3.3869595e-02   2.9986543e-02   2.8552300e-02
  -8.1000000e+00   3.4990662e-02   3.7852052e-02   4.1228336e-02   4.7126050e-02   5.0399009e-02   5.2301648e-02   5.0938022e-02   4.2350018e-02   3.3901488e-02   2.9998971e-02   2.8556780e-02
  -7.6500000e+00   3.4961782e-02   3.5523098e-02   4.0105039e-02   4.6418627e-02   4.9971131e-02   5.2166203e-02   5.1003744e-02   4.2414181e-02   3.3931660e-02   3.0010728e-02   2.8561019e-02
  -7.2000000e+00   3.4962140e-02   3.5308200e-02   3.9470994e-02   4.5809984e-02   4.9559523e-02   5.2034643e-02   5.1065323e-02   4.2474703e-02   3.3960109e-02   3.0021813e-02   2.8565015e-02
  -6.7500000e+00   3.4990002e-02   3.6521616e-02   3.9312121e-02   4.5302711e-02   4.9165962e-02   5.1907613e-02   5.1122824e-02   4.2531581e-02   3.3986837e-02   3.0032226e-02   2.8568769e-02
  -6.3000000e+00   3.5486128e-02   3.7779110e-02   3.9538470e-02   4.4896254e-02   4.8792059e-02   5.1785726e-02   5.1176307e-02   4.2584810e-02   3.4011841e-02   3.0041967e-02   2.8572281e-02
  -5.8500000e+00   3.7982653e-02   3.8940185e-02   4.0035670e-02   4.4587044e-02   4.8439252e-02   5.1669568e-02   5.1225833e-02   4.2634386e-02   3.4035123e-02   3.0051037e-02   2.8575551e-02
  -5.4000000e+00   3.9938803e-02   4.0062250e-02   4.0706674e-02   4.4368765e-02   4.8108805e-02   5.1559693e-02   5.1271456e-02   4.2680305e-02   3.4056681e-02   3.0059434e-02   2.8578579e-02
  -4.9500000e+00   4.1148433e-02   4.1172430e-02   4.1482577e-02   4.4232724e-02   4.7801812e-02   5.1456620e-02   5.1313229e-02   4.2722564e-02   3.4076515e-02   3.0067160e-02   2.8581364e-02
  -4.5000000e+00   4.2377764e-02   4.2283352e-02   4.2315079e-02   4.4168312e-02   4.7519207e-02   5.1360833e-02   5.1351202e-02   4.2761158e-02   3.4094626e-02   3.0074215e-02   2.8583907e-02
  -4.0500000e+00   4.4486141e-02   4.3405994e-02   4.3165312e-02   4.4163522e-02   4.7261771e-02   5.1272781e-02   5.1385418e-02   4.2796086e-02   3.4111013e-02   3.0080597e-02   2.8586208e-02
  -3.6000000e+00   4.6778692e-02   4.4554631e-02   4.3994797e-02   4.4205493e-02   4.7030146e-02   5.1192873e-02   5.1415919e-02   4.2827345e-02   3.4125675e-02   3.0086308e-02   2.8588267e-02
  -3.1500000e+00   4.7115584e-02   4.5732935e-02   4.4760738e-02   4.4281062e-02   4.6824850e-02   5.1121478e-02   5.1442742e-02   4.2854931e-02   3.4138612e-02   3.0091346e-02   2.8590083e-02
  -2.7000000e+00   4.7131114e-02   4.6781366e-02   4.5419433e-02   4.4377289e-02   4.6646290e-02   5.1058927e-02   5.1465921e-02   4.2878844e-02   3.4149825e-02   3.0095713e-02   2.8591658e-02
  -2.2500000e+00   4.7131488e-02   4.7213469e-02   4.5939530e-02   4.4481951e-02   4.6494780e-02   5.1005507e-02   5.1485484e-02   4.2899081e-02   3.4159314e-02   3.0099409e-02   2.8592990e-02
  -1.8000000e+00   4.7131466e-02   4.7186386e-02   4.6315595e-02   4.4583972e-02   4.6370555e-02   5.0961462e-02   5.1501457e-02   4.2915640e-02   3.4167077e-02   3.0102432e-02   2.8594080e-02
  -1.3500000e+00   4.7131461e-02   4.7144201e-02   4.6566944e-02   4.4673793e-02   4.6273785e-02   5.0926995e-02   5.1513859e-02   4.2928521e-02   3.4173115e-02   3.0104783e-02   2.8594927e-02
  -9.0000000e-01   4.7131460e-02   4.7133052e-02   4.6722449e-02   4.4743673e-02   4.6204589e-02   5.0902263e-02   5.1522706e-02   4.2937723e-02   3.4177428e-02   3.0106463e-02   2.8595533e-02
  -4.5000000e-01   4.7131460e-02   4.7131264e-02   4.6806316e-02   4.4787922e-02   4.6163042e-02   5.0887379e-02   5.1528009e-02   4.2943244e-02   3.4180016e-02   3.0107471e-02   2.8595896e-02
   0.0000000e+00   4.7131460e-02   4.7131118e-02   4.6832771e-02   4.4803062e-02   4.6149189e-02   5.0882410e-02   5.1529777e-02   4.2945084e-02   3.4180878e-02   3.0107807e-02   2.8596017e-02
   4.5000000e-01   4.7131460e-02   4.7131264e-02   4.6806316e-02   4.4787922e-02   4.6163042e-02   5.0887379e-02   5.1528009e-02   4.2943244e-02   3.4180016e-02   3.0107471e-02   2.8595896e-02
   9.0000000e-01   4.7131460e-02   4.7133052e-02   4.6722449e-02   4.4743673e-02   4.6204589e-02   5.0902263e-02   5.1522706e-02   4.2937723e-02   3.4177428e-02   3.0106463e-02   2.8595533e-02
   1.3500000e+00   4.7131461e-02   4.7144201e-02   4.6566944e-02   4.4673793e-02   4.6273785e-02   5.0926995e-02   5.1513859e-02   4.2928521e-02   3.4173115e-02   3.0104783e-02   2.8594927e-02
   1.8000000e+00   4.7131466e-02   4.7186386e-02   4.6315595e-02   4.4583972e-02   4.6370555e-02   5.0961462e-02   5.1501457e-02   4.2915640e-02   3.4167077e-02   3.0102432e-02   2.8594080e-02
   2.2500000e+00   4.7131488e-02   4.7213469e-02   4.5939530e-02   4.4481951e-02   4.6494780e-02   5.1005507e-02   5.1485484e-02   4.2899081e-02   3.4159314e-02   3.0099409e-02   2.8592990e-02
   2.7000000e+00   4.7131114e-02   4.6781366e-02   4.5419433e-02   4.4377289e-02   4.6646290e-02   5.1058927e-02   5.1465921e-02   4.2878844e-02   3.4149825e-02   3.0095713e-02   2.8591658e-02
   3.1500000e+00   4.7115584e-02   4.5732935e-02   4.4760738e-02   4.4281062e-02   4.6824850e-02   5.1121478e-02   5.1442742e-02   4.2854931e-02   3.4138612e-02   3.0091346e-02   2.8590083e-02
   3.6000000e+00   4.6778692e-02   4.4554631e-02   4.3994797e-02   4.4205493e-02   4.7030146e-02   5.1192873e-02   5.1415919e-02   4.2827345e-02   3.4125675e-02   3.0086308e-02   2.8588267e-02
   4.0500000e+00   4.4486141e-02   4.3405994e-02   4.3165312e-02   4.4163522e-02   4.7261771e-02   5.1272781e-02   5.1385418e-02   4.2796086e-02   3.4111013e-02   3.0080597e-02   2.8586208e-02
   4.5000000e+00   4.2377764e-02   4.2283352e-02   4.2315079e-02   4.4168312e-02   4.7519207e-02   5.1360833e-02   5.1351202e-02   4.2761158e-02   3.4094626e-02   3.0074215e-02   2.8583907e-02
   4.9500000e+00   4.1148433e-02   4.1172430e-02   4.1482577e-02   4.4232724e-02   4.7801812e-02   5.1456620e-02   5.1313229e-02   4.2722564e-02   3.4076515e-02   3.0067160e-02   2.8581364e-02
   5.4000000e+00   3.9938803e-02   4.0062250e-02   4.0706674e-02   4.4368765e-02   4.8108805e-02   5.1559693e-02   5.1271456e-02   4.2680305e-02   3.4056681e-02   3.0059434e-02   2.8578579e-02
   5.8500000e+00   3.7982653e-02   3.8940185e-02   4.0035670e-02   4.4587044e-02   4.8439252e-02   5.1669568e-02   5.1225833e-02   4.2634386e-02   3.4035123e-02   3.0051037e-02   2.8575551e-02
   6.3000000e+00   3.5486128e-02   3.7779110e-02   3.9538470e-02   4.4896254e-02   4.8792059e-02   5.1785726e-02   5.1176307e-02   4.2584810e-02   3.4011841e-02   3.0041967e-02   2.8572281e-02
   6.7500000e+00   3.4990002e-02   3.6521616e-02   3.9312121e-02   4.5302711e-02   4.9165962e-02   5.1907613e-02   5.1122824e-02   4.2531581e-02   3.3986837e-02   3.0032226e-02   2.8568769e-02
   7.2000000e+00   3.4962140e-02   3.5308200e-02   3.9470994e-02   4.5809984e-02   4.9559523e-02   5.2034643e-02   5.1065323e-02   4.2474703e-02   3.3960109e-02   3.0021813e-02   2.8565015e-02
   7.6500000e+00   3.4961782e-02   3.5523098e-02   4.0105039e-02   4.6418627e-02   4.9971131e-02   5.2166203e-02   5.1003744e-02   4.2414181e-02   3.3931660e-02   3.0010728e-02   2.8561019e-02
   8.1000000e+00   3.4990662e-02   3.7852052e-02   4.1228336e-02   4.7126050e-02   5.0399009e-02   5.2301648e-02   5.0938022e-02   4.2350018e-02   3.3901488e-02   2.9998971e-02   2.8556780e-02
   8.5500000e+00   3.5680225e-02   4.0634637e-02   4.2769020e-02   4.7926515e-02   5.0841216e-02   5.2440308e-02   5.0868089e-02   4.2282220e-02   3.3869595e-02   2.9986543e-02   2.8552300e-02
   9.0000000e+00   4.0835022e-02   4.3311994e-02   4.4612134e-02   4.8811289e-02   5.1295664e-02   5.2581490e-02   5.0793876e-02   4.2210793e-02   3.3835980e-02   2.9973443e-02   2.8547577e-02
   9.4500000e+00   4.5740262e-02   4.5913836e-02   4.6648977e-02   4.9768915e-02   5.1760131e-02   5.2724479e-02   5.0715311e-02   4.2135742e-02   3.3800645e-02   2.9959672e-02   2.8542612e-02
   9.9000000e+00   4.8573108e-02   4.8485865e-02   4.8797273e-02   5.0785612e-02   5.2232284e-02   5.2868537e-02   5.0632320e-02   4.2057072e-02   3.3763589e-02   2.9945228e-02   2.8537404e-02
   1.0350000e+01   5.1317245e-02   5.1053507e-02   5.0996848e-02   5.1845754e-02   5.2709701e-02   5.3012912e-02   5.0544829e-02   4.1974790e-02   3.3724814e-02   2.9930114e-02   2.8531955e-02
   1.0800000e+01   5.5478306e-02   5.3635716e-02   5.3197083e-02   5.2932425e-02   5.3189896e-02   5.3156834e-02   5.0452760e-02   4.1888903e-02   3.3684319e-02   2.9914327e-02   2.8526263e-02
   1.1250000e+01   6.1516395e-02   5.6253737e-02   5.5344540e-02   5.4027999e-02   5.3670347e-02   5.3299522e-02   5.0356035e-02   4.1799417e-02   3.3642106e-02   2.9897869e-02   2.8520329e-02
   1.1700000e+01   6.3076079e-02   5.8928735e-02   5.7374516e-02   5.5114734e-02   5.4148527e-02   5.3440181e-02   5.0254576e-02   4.1706339e-02   3.3598174e-02   2.9880739e-02   2.8514153e-02
   1.2150000e+01   6.3175692e-02   6.1547501e-02   5.9213322e-02   5.6175331e-02   5.4621932e-02   5.3578010e-02   5.0148303e-02   4.1609677e-02   3.3552524e-02   2.9862938e-02   2.8507735e-02
   1.2600000e+01   6.3179427e-02   6.3327490e-02   6.0798609e-02   5.7193455e-02   5.5088112e-02   5.3712200e-02   5.0037136e-02   4.1509437e-02   3.3505158e-02   2.9844466e-02   2.8501074e-02
   1.3050000e+01   6.3184283e-02   6.3924935e-02   6.2108344e-02   5.8154193e-02   5.5544698e-02   5.3841938e-02   4.9920996e-02   4.1405630e-02   3.3456075e-02   2.9825321e-02   2.8494172e-02
   1.3500000e+01   6.3315252e-02   6.4348247e-02   6.3169715e-02   5.9044432e-02   5.5989434e-02   5.3966409e-02   4.9799802e-02   4.1298261e-02   3.3405276e-02   2.9805506e-02   2.8487027e-02
   1.3950000e+01   6.4357021e-02   6.4848199e-02   6.4036844e-02   5.9853157e-02   5.6420194e-02   5.4084800e-02   4.9673475e-02   4.1187341e-02   3.3352762e-02   2.9785019e-02   2.8479640e-02
   1.4400000e+01   6.5340199e-02   6.5372217e-02   6.4761149e-02   6.0571671e-02   5.6835011e-02   5.4196298e-02   4.9541937e-02   4.1072878e-02   3.3298534e-02   2.9763860e-02   2.8472010e-02
   1.4850000e+01   6.5912890e-02   6.5898523e-02   6.5376610e-02   6.1193733e-02   5.7232089e-02   5.4300096e-02   4.9405110e-02   4.0954881e-02   3.3242592e-02   2.9742030e-02   2.8464139e-02
   1.5300000e+01   6.6459849e-02   6.6424715e-02   6.5898649e-02   6.1715628e-02   5.7609821e-02   5.4395396e-02   4.9262917e-02   4.0833359e-02   3.3184937e-02   2.9719529e-02   2.8456025e-02
   1.5750000e+01   6.7192297e-02   6.6953487e-02   6.6326393e-02   6.2136171e-02   5.7966796e-02   5.4481407e-02   4.9115283e-02   4.0708323e-02   3.3125570e-02   2.9696356e-02   2.8447669e-02
   1.6200000e+01   6.8426537e-02   6.7493678e-02   6.6642533e-02   6.2456651e-02   5.8301807e-02   5.4557348e-02   4.8962135e-02   4.0579783e-02   3.3064492e-02   2.9672512e-02   2.8439071e-02
   1.6650000e+01   6.8938286e-02   6.8073318e-02   6.6811771e-02   6.2680722e-02   5.8613844e-02   5.4622456e-02   4.8803401e-02   4.0447750e-02   3.3001703e-02   2.9647997e-02   2.8430231e-02
   1.7100000e+01   6.8979831e-02   6.8699827e-02   6.6785120e-02   6.2814243e-02   5.8902098e-02   5.4675981e-02   4.8639013e-02   4.0312233e-02   3.2937204e-02   2.9622810e-02   2.8421149e-02
   1.7550000e+01   6.8981467e-02   6.8838344e-02   6.6518759e-02   6.2865059e-02   5.9165943e-02   5.4717189e-02   4.8468904e-02   4.0173244e-02   3.2870997e-02   2.9596953e-02   2.8411824e-02
   1.8000000e+01   6.8971261e-02   6.7775346e-02   6.6001800e-02   6.2842734e-02   5.9404931e-02   5.4745368e-02   4.8293010e-02   4.0030795e-02   3.2803081e-02   2.9570424e-02   2.8402258e-02
   1.8450000e+01   6.8642789e-02   6.6370372e-02   6.5267854e-02   6.2758235e-02   5.9618767e-02   5.4759827e-02   4.8111271e-02   3.9884897e-02   3.2733459e-02   2.9543224e-02   2.8392449e-02
   1.8900000e+01   6.6051179e-02   6.5027600e-02   6.4377597e-02   6.2623560e-02   5.9807293e-02   5.4759899e-02   4.7923628e-02   3.9735562e-02   3.2662130e-02   2.9515353e-02   2.8382398e-02
   1.9350000e+01   6.3834613e-02   6.3722503e-02   6.3392578e-02   6.2451332e-02   5.9970466e-02   5.4744941e-02   4.7730028e-02   3.9582803e-02   3.2589097e-02   2.9486811e-02   2.8372104e-02
   1.9800000e+01   6.2460584e-02   6.2428837e-02   6.2362466e-02   6.2254352e-02   6.0108328e-02   5.4714338e-02   4.7530421e-02   3.9426633e-02   3.2514359e-02   2.9457598e-02   2.8361569e-02
   2.0250000e+01   6.1162687e-02   6.1137967e-02   6.1326756e-02   6.2045152e-02   6.0220982e-02   5.4667502e-02   4.7324758e-02   3.9267065e-02   3.2437918e-02   2.9427714e-02   2.8350791e-02
   2.0700000e+01   5.9867489e-02   5.9845935e-02   6.0322817e-02   6.1835526e-02   6.0308566e-02   5.4603878e-02   4.7112999e-02   3.9104111e-02   3.2359775e-02   2.9397158e-02   2.8339772e-02
   2.1150000e+01   5.8570839e-02   5.8543526e-02   5.9395471e-02   6.1636101e-02   6.0371225e-02   5.4522943e-02   4.6895104e-02   3.8937786e-02   3.2279931e-02   2.9365932e-02   2.8328510e-02
   2.1600000e+01   5.7272856e-02   5.7194470e-02   5.8605178e-02   6.1455943e-02   6.0409084e-02   5.4424204e-02   4.6671039e-02   3.8768105e-02   3.2198388e-02   2.9334036e-02   2.8317005e-02
   2.2050000e+01   5.5964712e-02   5.5750359e-02   5.8027453e-02   6.1302230e-02   6.0422226e-02   5.4307208e-02   4.6440775e-02   3.8595080e-02   3.2115146e-02   2.9301468e-02   2.8305259e-02
   2.2500000e+01   5.4674649e-02   5.4799014e-02   5.7732785e-02   6.1180004e-02   6.0410669e-02   5.4171534e-02   4.6204287e-02   3.8418728e-02   3.2030206e-02   2.9268230e-02   2.8293271e-02
   2.2950000e+01   5.5684682e-02   5.5471370e-02   5.7751297e-02   6.1092034e-02   6.0374345e-02   5.4016802e-02   4.5961556e-02   3.8239063e-02   3.1943569e-02   2.9234320e-02   2.8281040e-02
   2.3400000e+01   5.6712936e-02   5.6636732e-02   5.8053609e-02   6.1038776e-02   6.0313086e-02   5.3842671e-02   4.5712565e-02   3.8056100e-02   3.1855238e-02   2.9199740e-02   2.8268567e-02
   2.3850000e+01   5.7731227e-02   5.7707264e-02   5.8569978e-02   6.1018452e-02   6.0226609e-02   5.3648837e-02   4.5457306e-02   3.7869856e-02   3.1765213e-02   2.9164490e-02   2.8255852e-02
   2.4300000e+01   5.8748455e-02   5.8731354e-02   5.9225686e-02   6.1027230e-02   6.0114513e-02   5.3435041e-02   4.5195775e-02   3.7680347e-02   3.1673495e-02   2.9128569e-02   2.8242895e-02
   2.4750000e+01   5.9764543e-02   5.9745210e-02   5.9961262e-02   6.1059497e-02   5.9976266e-02   5.3201065e-02   4.4927970e-02   3.7487589e-02   3.1580086e-02   2.9091977e-02   2.8229696e-02
   2.5200000e+01   6.0782750e-02   6.0757867e-02   6.0733250e-02   6.1108201e-02   5.9811212e-02   5.2946734e-02   4.4653900e-02   3.7291598e-02   3.1484987e-02   2.9054715e-02   2.8216255e-02
   2.5650000e+01   6.1860681e-02   6.1772788e-02   6.1506368e-02   6.1165242e-02   5.9618572e-02   5.2671918e-02   4.4373575e-02   3.7092393e-02   3.1388199e-02   2.9016782e-02   2.8202571e-02
   2.6100000e+01   6.3599588e-02   6.2797273e-02   6.2244493e-02   6.1221879e-02   5.9397453e-02   5.2376531e-02   4.4087012e-02   3.6889990e-02   3.1289724e-02   2.8978180e-02   2.8188646e-02
   2.6550000e+01   6.5632718e-02   6.3854119e-02   6.2903292e-02   6.1269136e-02   5.9146858e-02   5.2060532e-02   4.3794235e-02   3.6684408e-02   3.1189563e-02   2.8938906e-02   2.8174478e-02
   2.7000000e+01   6.5890410e-02   6.4966141e-02   6.3428695e-02   6.1298166e-02   5.8865704e-02   5.1723929e-02   4.3495270e-02   3.6475665e-02   3.1087718e-02   2.8898963e-02   2.8160068e-02
   2.7450000e+01   6.5898417e-02   6.5784802e-02   6.3768194e-02   6.1300571e-02   5.8552840e-02   5.1366773e-02   4.3190154e-02   3.6263779e-02   3.0984190e-02   2.8858349e-02   2.8145416e-02
   2.7900000e+01   6.5896603e-02   6.5554672e-02   6.3893942e-02   6.1268644e-02   5.8207066e-02   5.0989162e-02   4.2878924e-02   3.6048770e-02   3.0878981e-02   2.8817065e-02   2.8130521e-02
   2.8350000e+01   6.5851140e-02   6.4891735e-02   6.3818071e-02   6.1195534e-02   5.7827163e-02   5.0591244e-02   4.2561626e-02   3.5830656e-02   3.0772091e-02   2.8775111e-02   2.8115385e-02
   2.8800000e+01   6.5291055e-02   6.4267763e-02   6.3582602e-02   6.1075326e-02   5.7411914e-02   5.0173210e-02   4.2238311e-02   3.5609457e-02   3.0663524e-02   2.8732486e-02   2.8100006e-02
   2.9250000e+01   6.3940237e-02   6.3678739e-02   6.3235313e-02   6.0903037e-02   5.6960131e-02   4.9735299e-02   4.1909035e-02   3.5385194e-02   3.0553279e-02   2.8689192e-02   2.8084386e-02
   2.9700000e+01   6.3138606e-02   6.3100408e-02   6.2813767e-02   6.0674545e-02   5.6470689e-02   4.9277798e-02   4.1573861e-02   3.5157886e-02   3.0441360e-02   2.8645228e-02   2.8068523e-02
   3.0150000e+01   6.2539985e-02   6.2524669e-02   6.2342617e-02   6.0386455e-02   5.5942549e-02   4.8801037e-02   4.1232856e-02   3.4927555e-02   3.0327767e-02   2.8600594e-02   2.8052418e-02
   3.0600000e+01   6.1913200e-02   6.1948016e-02   6.1837056e-02   6.0035931e-02   5.5374788e-02   4.8305394e-02   4.0886092e-02   3.4694222e-02   3.0212502e-02   2.8555290e-02   2.8036071e-02
   3.1050000e+01   6.0837158e-02   6.1367523e-02   6.1306507e-02   5.9620507e-02   5.4766629e-02   4.7791291e-02   4.0533649e-02   3.4457907e-02   3.0095568e-02   2.8509316e-02   2.8019482e-02
   3.1500000e+01   5.9696986e-02   6.0781941e-02   6.0756817e-02   5.9137904e-02   5.4117466e-02   4.7259192e-02   4.0175610e-02   3.4218633e-02   2.9976965e-02   2.8462673e-02   2.8002650e-02
   3.1950000e+01   5.9553622e-02   6.0201818e-02   6.0191268e-02   5.8585866e-02   5.3426886e-02   4.6709606e-02   3.9812064e-02   3.3976422e-02   2.9856696e-02   2.8415360e-02   2.7985577e-02
   3.2400000e+01   5.9548278e-02   5.9659922e-02   5.9611039e-02   5.7962042e-02   5.2694699e-02   4.6143082e-02   3.9443105e-02   3.3731296e-02   2.9734762e-02   2.8367378e-02   2.7968261e-02
   3.2850000e+01   5.9547332e-02   5.9120920e-02   5.9015597e-02   5.7263919e-02   5.1920950e-02   4.5560211e-02   3.9068833e-02   3.3483279e-02   2.9611165e-02   2.8318726e-02   2.7950703e-02
   3.3300000e+01   5.9523647e-02   5.8520312e-02   5.8403009e-02   5.6488820e-02   5.1105943e-02   4.4961619e-02   3.8689351e-02   3.3232393e-02   2.9485907e-02   2.8269404e-02   2.7932904e-02
   3.3750000e+01   5.9152666e-02   5.7897504e-02   5.7769902e-02   5.5633972e-02   5.0250251e-02   4.4347973e-02   3.8304768e-02   3.2978663e-02   2.9358991e-02   2.8219413e-02   2.7914862e-02
   3.4200000e+01   5.7716462e-02   5.7277743e-02   5.7110941e-02   5.4696639e-02   4.9354730e-02   4.3719972e-02   3.7915199e-02   3.2722111e-02   2.9230417e-02   2.8168753e-02   2.7896578e-02
   3.4650000e+01   5.6726723e-02   5.6663769e-02   5.6417972e-02   5.3674311e-02   4.8420521e-02   4.3078349e-02   3.7520760e-02   3.2462763e-02   2.9100188e-02   2.8117424e-02   2.7878051e-02
   3.5100000e+01   5.6074009e-02   5.6052748e-02   5.5678615e-02   5.2564952e-02   4.7449060e-02   4.2423868e-02   3.7121576e-02   3.2200643e-02   2.8968306e-02   2.8065425e-02   2.7859283e-02
   3.5550000e+01   5.5400196e-02   5.5441554e-02   5.4873576e-02   5.1367269e-02   4.6442070e-02   4.1757321e-02   3.6717772e-02   3.1935776e-02   2.8834773e-02   2.8012757e-02   2.7840273e-02
   3.6000000e+01   5.4233449e-02   5.4831204e-02   5.3971837e-02   5.0080993e-02   4.5401562e-02   4.1079527e-02   3.6309479e-02   3.1668187e-02   2.8699592e-02   2.7959421e-02   2.7821020e-02
   3.6450000e+01   5.3007345e-02   5.4243326e-02   5.2924494e-02   4.8707155e-02   4.4329822e-02   4.0391327e-02   3.5896833e-02   3.1397903e-02   2.8562763e-02   2.7905415e-02   2.7801526e-02
   3.6900000e+01   5.2843353e-02   5.3741163e-02   5.1663084e-02   4.7248319e-02   4.3229401e-02   3.9693583e-02   3.5479972e-02   3.1124948e-02   2.8424290e-02   2.7850741e-02   2.7781789e-02
   3.7350000e+01   5.2836542e-02   5.3123535e-02   5.0113926e-02   4.5708764e-02   4.2103098e-02   3.8987177e-02   3.5059038e-02   3.0849350e-02   2.8284174e-02   2.7795397e-02   2.7761810e-02
   3.7800000e+01   5.2833857e-02   5.1225176e-02   4.8232036e-02   4.4094582e-02   4.0953938e-02   3.8273003e-02   3.4634177e-02   3.0571136e-02   2.8142418e-02   2.7739385e-02   2.7741589e-02
   3.8250000e+01   5.2755987e-02   4.8129569e-02   4.6030599e-02   4.2413697e-02   3.9785152e-02   3.7551969e-02   3.4205538e-02   3.0290332e-02   2.7999024e-02   2.7682705e-02   2.7721127e-02
   3.8700000e+01   5.1366612e-02   4.4872326e-02   4.3574557e-02   4.0675775e-02   3.8600149e-02   3.6824993e-02   3.3773273e-02   3.0006965e-02   2.7853994e-02   2.7625355e-02   2.7700422e-02
   3.9150000e+01   4.4375090e-02   4.1685175e-02   4.0946118e-02   3.8892049e-02   3.7402484e-02   3.6092997e-02   3.3337536e-02   2.9721065e-02   2.7707331e-02   2.7567338e-02   2.7679474e-02
   3.9600000e+01   3.8896886e-02   3.8552153e-02   3.8216942e-02   3.7075048e-02   3.6195836e-02   3.5356906e-02   3.2898486e-02   2.9432658e-02   2.7559037e-02   2.7508652e-02   2.7658285e-02
   4.0050000e+01   3.5509313e-02   3.5443063e-02   3.5441609e-02   3.5238253e-02   3.4983965e-02   3.4617648e-02   3.2456283e-02   2.9141773e-02   2.7409115e-02   2.7449297e-02   2.7636854e-02
   4.0500000e+01   3.2066568e-02   3.2331400e-02   3.2664304e-02   3.3395706e-02   3.3770683e-02   3.3876143e-02   3.2011088e-02   2.8848439e-02   2.7257566e-02   2.7389275e-02   2.7615181e-02
   4.0950000e+01   2.6162052e-02   2.9188931e-02   2.9929155e-02   3.1561587e-02   3.2559820e-02   3.3133308e-02   3.1563067e-02   2.8552686e-02   2.7104393e-02   2.7328584e-02   2.7593265e-02
   4.1400000e+01   1.9741756e-02   2.5982980e-02   2.7290019e-02   2.9749787e-02   3.1355186e-02   3.2390049e-02   3.1112386e-02   2.8254541e-02   2.6949600e-02   2.7267225e-02   2.7571108e-02
   4.1850000e+01   1.8798295e-02   2.2721463e-02   2.4815170e-02   2.7973503e-02   3.0160539e-02   3.1647261e-02   3.0659213e-02   2.7954037e-02   2.6793187e-02   2.7205198e-02   2.7548708e-02
   4.2300000e+01   1.8754821e-02   1.9790367e-02   2.2577934e-02   2.6244887e-02   2.8979548e-02   3.0905821e-02   3.0203718e-02   2.7651201e-02   2.6635159e-02   2.7142504e-02   2.7526067e-02
   4.2750000e+01   1.8753305e-02   1.8160131e-02   2.0629029e-02   2.4574748e-02   2.7815761e-02   3.0166590e-02   2.9746072e-02   2.7346066e-02   2.6475517e-02   2.7079141e-02   2.7503183e-02
   4.3200000e+01   1.8736961e-02   1.7354679e-02   1.8969337e-02   2.2972341e-02   2.6672574e-02   2.9430407e-02   2.9286448e-02   2.7038661e-02   2.6314265e-02   2.7015111e-02   2.7480057e-02
   4.3650000e+01   1.8412930e-02   1.6515151e-02   1.7552286e-02   2.1445239e-02   2.5553201e-02   2.8698088e-02   2.8825018e-02   2.6729018e-02   2.6151404e-02   2.6950413e-02   2.7456690e-02
   4.4100000e+01   1.6470609e-02   1.5613302e-02   1.6313555e-02   1.9999294e-02   2.4460646e-02   2.7970421e-02   2.8361957e-02   2.6417167e-02   2.5986938e-02   2.6885048e-02   2.7433080e-02
   4.4550000e+01   1.4796792e-02   1.4704614e-02   1.5198149e-02   1.8638674e-02   2.3397681e-02   2.7248169e-02   2.7897439e-02   2.6103141e-02   2.5820870e-02   2.6819015e-02   2.7409228e-02
   4.5000000e+01   1.3799390e-02   1.3799814e-02   1.4169401e-02   1.7365968e-02   2.2366821e-02   2.6532060e-02   2.7431639e-02   2.5786972e-02   2.5653202e-02   2.6752315e-02   2.7385134e-02
   4.5450000e+01   1.2801988e-02   1.2894650e-02   1.3206435e-02   1.6182356e-02   2.1370309e-02   2.5822792e-02   2.6964733e-02   2.5468692e-02   2.5483937e-02   2.6684948e-02   2.7360798e-02
   4.5900000e+01   1.1128172e-02   1.1981542e-02   1.2299709e-02   1.5087798e-02   2.0410100e-02   2.5121030e-02   2.6496894e-02   2.5148332e-02   2.5313078e-02   2.6616914e-02   2.7336220e-02
   4.6350000e+01   9.1858485e-03   1.1052116e-02   1.1448480e-02   1.4081257e-02   1.9487847e-02   2.4427398e-02   2.6028299e-02   2.4825927e-02   2.5140628e-02   2.6548212e-02   2.7311400e-02
   4.6800000e+01   8.8618053e-03   1.0108249e-02   1.0659438e-02   1.3160915e-02   1.8604896e-02   2.3742488e-02   2.5559122e-02   2.4501510e-02   2.4966590e-02   2.6478844e-02   2.7286338e-02
   4.7250000e+01   8.8454071e-03   9.2358103e-03   9.9435342e-03   1.2324383e-02   1.7762283e-02   2.3066850e-02   2.5089537e-02   2.4175113e-02   2.4790967e-02   2.6408809e-02   2.7261034e-02
   4.7700000e+01   8.8448157e-03   8.6743247e-03   9.3090101e-03   1.1568884e-02   1.6960726e-02   2.2400994e-02   2.4619717e-02   2.3846770e-02   2.4613762e-02   2.6338107e-02   2.7235488e-02
   4.8150000e+01   8.8397527e-03   8.3363929e-03   8.7542109e-03   1.0891411e-02   1.6200636e-02   2.1745393e-02   2.4149834e-02   2.3516516e-02   2.4434978e-02   2.6266738e-02   2.7209700e-02
   4.8600000e+01   8.7295484e-03   7.9892898e-03   8.2671994e-03   1.0288842e-02   1.5482114e-02   2.1100475e-02   2.3680060e-02   2.3184384e-02   2.4254618e-02   2.6194703e-02   2.7183670e-02
   4.9050000e+01   7.9795733e-03   7.6244508e-03   7.8324510e-03   9.7580247e-03   1.4804967e-02   2.0466629e-02   2.3210565e-02   2.2850409e-02   2.4072686e-02   2.6122001e-02   2.7157398e-02
   4.9500000e+01   7.2898476e-03   7.2589893e-03   7.4375911e-03   9.2958160e-03   1.4168715e-02   1.9844203e-02   2.2741518e-02   2.2514625e-02   2.3889185e-02   2.6048633e-02   2.7130884e-02
   4.9950000e+01   6.8876893e-03   6.8956323e-03   7.0759967e-03   8.8990944e-03   1.3572607e-02   1.9233502e-02   2.2273085e-02   2.2177069e-02   2.3704117e-02   2.5974599e-02   2.7104127e-02
   5.0400000e+01   6.4919759e-03   6.5323784e-03   6.7467386e-03   8.5647399e-03   1.3015634e-02   1.8634792e-02   2.1805432e-02   2.1837774e-02   2.3517487e-02   2.5899899e-02   2.7077129e-02
   5.0850000e+01   5.8520491e-03   6.1657318e-03   6.4545059e-03   8.2895911e-03   1.2496553e-02   1.8048296e-02   2.1338723e-02   2.1496776e-02   2.3329297e-02   2.5824533e-02   2.7049889e-02
   5.1300000e+01   5.0353464e-03   5.7890950e-03   6.2105566e-03   8.0703885e-03   1.2013905e-02   1.7474200e-02   2.0873118e-02   2.1154111e-02   2.3139551e-02   2.5748500e-02   2.7022407e-02
   5.1750000e+01   4.8730471e-03   5.3908841e-03   6.0335293e-03   7.9037096e-03   1.1566034e-02   1.6912650e-02   2.0408778e-02   2.0809815e-02   2.2948252e-02   2.5671803e-02   2.6994683e-02
   5.2200000e+01   4.8639404e-03   5.0089991e-03   5.9466028e-03   7.7859055e-03   1.1151115e-02   1.6363754e-02   1.9945859e-02   2.0463924e-02   2.2755405e-02   2.5594439e-02   2.6966717e-02
   5.2650000e+01   4.8637395e-03   4.9547876e-03   5.9680424e-03   7.7130460e-03   1.0767178e-02   1.5827584e-02   1.9484516e-02   2.0116474e-02   2.2561011e-02   2.5516410e-02   2.6938509e-02
   5.3100000e+01   4.8688202e-03   5.3610979e-03   6.0997582e-03   7.6808777e-03   1.0412130e-02   1.5304176e-02   1.9024901e-02   1.9767502e-02   2.2365076e-02   2.5437715e-02   2.6910059e-02
   5.3550000e+01   4.9900616e-03   5.8582903e-03   6.3250860e-03   7.6848022e-03   1.0083782e-02   1.4793532e-02   1.8567162e-02   1.9417045e-02   2.2167602e-02   2.5358355e-02   2.6881367e-02
   5.4000000e+01   5.8963880e-03   6.3314660e-03   6.6182344e-03   7.7198737e-03   9.7798780e-03   1.4295623e-02   1.8111448e-02   1.9065139e-02   2.1968593e-02   2.5278330e-02   2.6852433e-02
   5.4450000e+01   6.7588366e-03   6.7893506e-03   6.9551033e-03   7.7808196e-03   9.4981167e-03   1.3810389e-02   1.7657900e-02   1.8711821e-02   2.1768053e-02   2.5197640e-02   2.6823257e-02
   5.4900000e+01   7.2569130e-03   7.2415980e-03   7.3176541e-03   7.8620805e-03   9.2361790e-03   1.3337741e-02   1.7206660e-02   1.8357129e-02   2.1565986e-02   2.5116285e-02   2.6793839e-02
   5.5350000e+01   7.7393925e-03   7.6930312e-03   7.6929259e-03   7.9578690e-03   8.9917526e-03   1.2877564e-02   1.6757866e-02   1.8001101e-02   2.1362395e-02   2.5034265e-02   2.6764179e-02
   5.5800000e+01   8.4709981e-03   8.1470591e-03   8.0703140e-03   8.0622434e-03   8.7625562e-03   1.2429717e-02   1.6311650e-02   1.7643773e-02   2.1157284e-02   2.4951580e-02   2.6734277e-02
   5.6250000e+01   9.5326263e-03   8.6075703e-03   8.4389503e-03   8.1691932e-03   8.5463621e-03   1.1994037e-02   1.5868145e-02   1.7285184e-02   2.0950657e-02   2.4868231e-02   2.6704133e-02
   5.6700000e+01   9.8068530e-03   9.0788253e-03   8.7859108e-03   8.2727325e-03   8.3410183e-03   1.1570339e-02   1.5427477e-02   1.6925371e-02   2.0742518e-02   2.4784217e-02   2.6673748e-02
   5.7150000e+01   9.8243677e-03   9.5408033e-03   9.0965009e-03   8.3669986e-03   8.1444681e-03   1.1158419e-02   1.4989770e-02   1.6564374e-02   2.0532871e-02   2.4699539e-02   2.6643120e-02
   5.7600000e+01   9.8250205e-03   9.8457662e-03   9.3580006e-03   8.4463523e-03   7.9547688e-03   1.0758056e-02   1.4555145e-02   1.6202229e-02   2.0321720e-02   2.4614197e-02   2.6612250e-02
   5.8050000e+01   9.8255844e-03   9.9231532e-03   9.5651170e-03   8.5054791e-03   7.7701077e-03   1.0369016e-02   1.4123719e-02   1.5838975e-02   2.0109069e-02   2.4528191e-02   2.6581139e-02
   5.8500000e+01   9.8408491e-03   9.9644125e-03   9.7216721e-03   8.5394879e-03   7.5888166e-03   9.9910489e-03   1.3695605e-02   1.5474651e-02   1.9894921e-02   2.4441520e-02   2.6549785e-02
   5.8950000e+01   9.9622826e-03   1.0020025e-02   9.8363183e-03   8.5440070e-03   7.4093838e-03   9.6238945e-03   1.3270912e-02   1.5109295e-02   1.9679282e-02   2.4354186e-02   2.6518190e-02
   5.9400000e+01   1.0076886e-02   1.0080603e-02   9.9167433e-03   8.5152763e-03   7.2304634e-03   9.2672835e-03   1.2849745e-02   1.4742946e-02   1.9462155e-02   2.4266188e-02   2.6486353e-02
   5.9850000e+01   1.0143642e-02   1.0141862e-02   9.9665613e-03   8.4502330e-03   7.0508829e-03   8.9209386e-03   1.2432206e-02   1.4375643e-02   1.9243544e-02   2.4177527e-02   2.6454274e-02
   6.0300000e+01   1.0207398e-02   1.0203180e-02   9.9845496e-03   8.3465904e-03   6.8696473e-03   8.5845771e-03   1.2018393e-02   1.4007424e-02   1.9023454e-02   2.4088202e-02   2.6421952e-02
   6.0750000e+01   1.0292776e-02   1.0265344e-02   9.9640628e-03   8.2029074e-03   6.6859417e-03   8.2579119e-03   1.1608400e-02   1.3638329e-02   1.8801889e-02   2.3998214e-02   2.6389389e-02
   6.1200000e+01   1.0436645e-02   1.0332576e-02   9.8914065e-03   8.0186432e-03   6.4991306e-03   7.9406533e-03   1.1202316e-02   1.3268396e-02   1.8578854e-02   2.3907562e-02   2.6356585e-02
   6.1650000e+01   1.0496298e-02   1.0420858e-02   9.7440429e-03   7.7941954e-03   6.3087550e-03   7.6325107e-03   1.0800228e-02   1.2897665e-02   1.8354352e-02   2.3816248e-02   2.6323538e-02
   6.2100000e+01   1.0501153e-02   1.0539195e-02   9.4924598e-03   7.5309156e-03   6.1145276e-03   7.3331940e-03   1.0402218e-02   1.2526175e-02   1.8128389e-02   2.3724271e-02   2.6290249e-02
   6.2550000e+01   1.0501298e-02   1.0398903e-02   9.1103471e-03   7.2310981e-03   5.9163249e-03   7.0424146e-03   1.0008362e-02   1.2153964e-02   1.7900968e-02   2.3631631e-02   2.6256718e-02
   6.3000000e+01   1.0493807e-02   9.5882444e-03   8.5899094e-03   6.8979382e-03   5.7141783e-03   6.7598872e-03   9.6187365e-03   1.1781073e-02   1.7672094e-02   2.3538329e-02   2.6222946e-02
   6.3450000e+01   1.0252713e-02   8.5765334e-03   7.9482923e-03   6.5354576e-03   5.5082624e-03   6.4853305e-03   9.2334099e-03   1.1407540e-02   1.7441773e-02   2.3444364e-02   2.6188932e-02
   6.3900000e+01   8.3504551e-03   7.5977742e-03   7.2178749e-03   6.1483967e-03   5.2988825e-03   6.2184684e-03   8.8524484e-03   1.1033405e-02   1.7210007e-02   2.3349737e-02   2.6154675e-02
   6.4350000e+01   6.7234801e-03   6.6410860e-03   6.4315670e-03   5.7420770e-03   5.0864603e-03   5.9590311e-03   8.4759140e-03   1.0658706e-02   1.6976803e-02   2.3254447e-02   2.6120177e-02
   6.4800000e+01   5.7149337e-03   5.6916104e-03   5.6154780e-03   5.3222367e-03   4.8715188e-03   5.7067559e-03   8.1038645e-03   1.0283484e-02   1.6742164e-02   2.3158496e-02   2.6085437e-02
   6.5250000e+01   4.7622685e-03   4.7440419e-03   4.7895287e-03   4.8948467e-03   4.6546667e-03   5.4613879e-03   7.7363540e-03   9.9077777e-03   1.6506097e-02   2.3061883e-02   2.6050455e-02
   6.5700000e+01   3.8115843e-03   3.7960542e-03   3.9714089e-03   4.4659169e-03   4.4365817e-03   5.2226806e-03   7.3734325e-03   9.5316260e-03   1.6268604e-02   2.2964608e-02   2.6015232e-02
   6.6150000e+01   2.8598347e-03   2.8435839e-03   3.1811099e-03   4.0413001e-03   4.2179944e-03   4.9903968e-03   7.0151461e-03   9.1550685e-03   1.6029692e-02   2.2866672e-02   2.5979766e-02
   6.6600000e+01   1.9071305e-03   1.8716220e-03   2.4446768e-03   3.6265058e-03   3.9996723e-03   4.7643087e-03   6.6615371e-03   8.7781444e-03   1.5789365e-02   2.2768074e-02   2.5944059e-02
   6.7050000e+01   9.4995297e-04   8.6022692e-04   1.7942343e-03   3.2265326e-03   3.7824037e-03   4.5441987e-03   6.3126440e-03   8.4008929e-03   1.5547627e-02   2.2668815e-02   2.5908110e-02
   6.7500000e+01   2.5376962e-09   5.1156720e-05   1.2599268e-03   2.8457284e-03   3.5669830e-03   4.3298593e-03   5.9685014e-03   8.0233532e-03   1.5304485e-02   2.2568895e-02   2.5871919e-02
   6.7950000e+01  -3.8670042e-06  -9.0048816e-05   8.5549982e-04   2.4876848e-03   3.3541967e-03   4.1210938e-03   5.6291401e-03   7.6455643e-03   1.5059943e-02   2.2468314e-02   2.5835486e-02
   6.8400000e+01  -3.1583217e-08  -2.8108308e-05   5.7043363e-04   2.1551719e-03   3.1448106e-03   3.9177158e-03   5.2945875e-03   7.2675654e-03   1.4814006e-02   2.2367072e-02   2.5798811e-02
   6.8850000e+01  -1.9180998e-10  -4.8355696e-06   3.7781052e-04   1.8501125e-03   2.9395584e-03   3.7195501e-03   4.9648671e-03   6.8893954e-03   1.4566680e-02   2.2265169e-02   2.5761895e-02
   6.9300000e+01  -9.9067621e-13  -3.5486301e-07   2.4898695e-04   1.5735972e-03   2.7391313e-03   3.5264320e-03   4.6399988e-03   6.5110933e-03   1.4317969e-02   2.2162607e-02   2.5724736e-02
   6.9750000e+01  -2.3548356e-15   1.4433155e-07   1.6218686e-04   1.3259335e-03   2.5441699e-03   3.3382075e-03   4.3199993e-03   6.1326978e-03   1.4067878e-02   2.2059383e-02   2.5687336e-02
   7.0200000e+01   1.3104968e-16   9.4035399e-08   1.0331255e-04   1.1067253e-03   2.3552570e-03   3.1547333e-03   4.0048816e-03   5.7542476e-03   1.3816414e-02   2.1955500e-02   2.5649694e-02
   7.0650000e+01   7.7847289e-18   3.7002095e-08   6.3605709e-05   9.1497287e-04   2.1729121e-03   2.9758764e-03   3.6946554e-03   5.3757815e-03   1.3563581e-02   2.1850957e-02   2.5611811e-02
   7.1100000e+01   2.8697178e-19   1.1916556e-08   3.7406282e-05   7.4918691e-04   1.9975875e-03   2.8015139e-03   3.3893269e-03   4.9973378e-03   1.3309384e-02   2.1745754e-02   2.5573685e-02
   7.1550000e+01   2.1203428e-21   3.1908319e-09   2.0788012e-05   6.0750727e-04   1.8296658e-03   2.6315327e-03   3.0888994e-03   4.6189551e-03   1.3053829e-02   2.1639892e-02   2.5535318e-02
   7.2000000e+01   4.0946862e-24   5.9032608e-10   1.0843936e-05   4.8782036e-04   1.6694587e-03   2.4658292e-03   2.7933728e-03   4.2406715e-03   1.2796922e-02   2.1533370e-02   2.5496709e-02
   7.2450000e+01   1.2825679e-27   1.9857215e-11   5.3278043e-06   3.8786883e-04   1.5172073e-03   2.3043090e-03   2.5027441e-03   3.8625253e-03   1.2538668e-02   2.1426189e-02   2.5457858e-02
   7.2900000e+01  -3.5285371e-29  -9.6521700e-12   2.5121391e-06   3.0534896e-04   1.3730829e-03   2.1468860e-03   2.2170072e-03   3.4845542e-03   1.2279072e-02   2.1318348e-02   2.5418765e-02
   7.3350000e+01  -2.3599193e-31  -1.3267042e-12   1.1711961e-06   2.3799321e-04   1.2371893e-03   1.9934827e-03   1.9361530e-03   3.1067963e-03   1.2018141e-02   2.1209849e-02   2.5379431e-02
   7.3800000e+01  -7.8857876e-34  -1.0187357e-13   5.5311638e-07   1.8363594e-04   1.1095660e-03   1.8440291e-03   1.6601699e-03   2.7292892e-03   1.1755879e-02   2.1100691e-02   2.5339855e-02
   7.4250000e+01  -6.4304186e-37  -5.0881491e-15   2.6560021e-07   1.4026237e-04   9.9019138e-04   1.6984625e-03   1.3890431e-03   2.3520703e-03   1.1492292e-02   2.0990875e-02   2.5300037e-02
   7.4700000e+01  -1.6488646e-40   1.0687054e-17   1.2779114e-07   1.0604135e-04   8.7898751e-04   1.5567268e-03   1.1227555e-03   1.9751770e-03   1.1227387e-02   2.0880400e-02   2.5259977e-02
   7.5150000e+01   1.7529405e-43   4.7672138e-17   6.0326320e-08   7.9343717e-05   7.7582439e-04   1.4187720e-03   8.6128747e-04   1.5986464e-03   1.0961169e-02   2.0769267e-02   2.5219676e-02
   7.5600000e+01   7.2473633e-46   8.6289576e-18   2.7403027e-08   5.8748225e-05   6.8052514e-04   1.2845538e-03   6.0461665e-04   1.2225155e-03   1.0693643e-02   2.0657476e-02   2.5179133e-02
   7.6050000e+01   1.4999872e-48   1.1316429e-18   1.1782065e-08   4.3037664e-05   5.9287114e-04   1.1540328e-03   3.5271849e-04   8.4682098e-04   1.0424816e-02   2.0545027e-02   2.5138348e-02
   7.6500000e+01   6.3100130e-52   1.1955983e-19   4.7287078e-09   3.1187535e-05   5.1260735e-04   1.0271744e-03   1.0556613e-04   4.7159942e-04   1.0154693e-02   2.0431920e-02   2.5097321e-02
   7.6950000e+01   8.1935145e-56   8.8402141e-21   1.7554747e-09   2.2349699e-05   4.3944760e-04   9.0394752e-04  -1.3686951e-04   9.6887114e-05   9.8832810e-03   2.0318156e-02   2.5056053e-02
   7.7400000e+01   3.1054486e-60   1.6889763e-22   6.0434033e-10   1.5833061e-05   3.7307991e-04   7.8432474e-04  -3.7461957e-04  -2.7727983e-04   9.6105852e-03   2.0203735e-02   2.5014543e-02
   7.7850000e+01  -2.4292122e-63  -2.0504468e-23   1.9745917e-10   1.1083016e-05   3.1317155e-04   6.6828142e-04  -6.0771721e-04  -6.5086556e-04   9.3366118e-03   2.0088657e-02   2.4972791e-02
   7.8300000e+01  -1.1746591e-66  -1.2421925e-24   6.3948956e-11   7.6610068e-06   2.5937402e-04   5.5579526e-04  -8.3619749e-04  -1.0238344e-03   9.0613671e-03   1.9972921e-02   2.4930798e-02
   7.8750000e+01  -3.1455524e-70  -3.9496040e-26   2.1394349e-11   5.2251654e-06   2.1132772e-04   4.4684580e-04  -1.0600973e-03  -1.3961511e-03   8.7848570e-03   1.9856529e-02   2.4888563e-02
   7.9200000e+01  -2.3642868e-74  -8.6553246e-28   7.4650077e-12   3.5126804e-06   1.6866636e-04   3.4141396e-04  -1.2794552e-03  -1.7677804e-03   8.5070877e-03   1.9739481e-02   2.4846086e-02
   7.9650000e+01  -4.7658897e-79  -7.0688516e-30   2.6530419e-12   2.3242457e-06   1.3102106e-04   2.3948151e-04  -1.4943114e-03  -2.1386874e-03   8.2280656e-03   1.9621776e-02   2.4803367e-02
   8.0100000e+01   1.4954023e-83   6.2570278e-31   9.2856145e-13   1.5107212e-06   9.8024089e-05   1.4103071e-04  -1.7047077e-03  -2.5088377e-03   7.9477967e-03   1.9503416e-02   2.4760407e-02
   8.0550000e+01   4.7095391e-87   5.2230156e-32   3.1128064e-13   9.6197032e-07   6.9312215e-05   4.6043834e-05  -1.9106873e-03  -2.8781968e-03   7.6662876e-03   1.9384399e-02   2.4717205e-02
   8.1000000e+01   6.0044164e-91   2.7606261e-33   9.7910595e-14   5.9772274e-07   4.4529733e-05  -4.5497169e-05  -2.1122947e-03  -3.2467306e-03   7.3835444e-03   1.9264727e-02   2.4673762e-02
   8.1450000e+01   1.6280669e-95   1.1478112e-34   2.8425171e-14   3.6024472e-07   2.3331068e-05  -1.3361106e-04  -2.3095758e-03  -3.6144055e-03   7.0995737e-03   1.9144399e-02   2.4630077e-02
   8.1900000e+01  1.4417883e-100   3.3992169e-36   7.5228623e-15   2.0856751e-07   5.3830034e-06  -2.1831765e-04  -2.5025775e-03  -3.9811880e-03   6.8143818e-03   1.9023415e-02   2.4586150e-02
   8.2350000e+01  5.0100279e-106   3.3391217e-38   1.8105913e-15   1.1402017e-07  -9.6334577e-06  -2.9963805e-04  -2.6913479e-03  -4.3470449e-03   6.5279752e-03   1.8901777e-02   2.4541982e-02
   8.2800000e+01 -1.4432032e-110  -1.0647911e-39   4.0384943e-16   5.6827717e-08  -2.2021601e-05  -3.7759500e-04  -2.8759360e-03  -4.7119433e-03   6.2403605e-03   1.8779484e-02   2.4497571e-02
   8.3250000e+01 -5.0753348e-115  -2.8750777e-41   8.7550563e-17   2.3560145e-08  -3.2067856e-05  -4.5221307e-04  -3.0563919e-03  -5.0758507e-03   5.9515442e-03   1.8656536e-02   2.4452920e-02
   8.3700000e+01 -9.8194396e-120  -3.7257060e-43   1.9576878e-17   5.2479263e-09  -4.0040976e-05  -5.2351886e-04  -3.2327664e-03  -5.4387348e-03   5.6615330e-03   1.8532934e-02   2.4408026e-02
   8.4150000e+01 -5.8465159e-125  -3.3716520e-45   4.6329999e-18  -3.9897179e-09  -4.6191525e-05  -5.9154123e-04  -3.4051111e-03  -5.8005638e-03   5.3703334e-03   1.8408677e-02   2.4362891e-02
   8.4600000e+01 -8.5213974e-131  -1.5934436e-47   1.1237176e-18  -7.9286221e-09  -5.0751639e-05  -6.5631139e-04  -3.5734781e-03  -6.1613061e-03   5.0779523e-03   1.8283767e-02   2.4317515e-02
   8.5050000e+01  7.7775192e-137   2.0970857e-49   2.6127489e-19  -8.9346281e-09  -5.3935036e-05  -7.1786305e-04  -3.7379204e-03  -6.5209303e-03   4.7843963e-03   1.8158203e-02   2.4271897e-02
   8.5500000e+01  2.1844928e-141   8.4246984e-51   5.3116093e-20  -8.4468181e-09  -5.5937246e-05  -7.7623249e-04  -3.8984914e-03  -6.8794057e-03   4.4896722e-03   1.8031985e-02   2.4226037e-02
   8.5950000e+01  1.7925012e-146   1.7953863e-52   7.5097926e-21  -7.3079749e-09  -5.6936037e-05  -8.3145866e-04  -4.0552447e-03  -7.2367016e-03   4.1937868e-03   1.7905113e-02   2.4179935e-02
   8.6400000e+01  3.2924648e-152   2.9600612e-54  -4.0122884e-22  -5.9865629e-09  -5.7091995e-05  -8.8358319e-04  -4.2082347e-03  -7.5927879e-03   3.8967471e-03   1.7777589e-02   2.4133592e-02
   8.6850000e+01  2.0012423e-158   3.6590614e-56  -9.0381687e-22  -4.7229525e-09  -5.6549241e-05  -9.3265038e-04  -4.3575157e-03  -7.9476348e-03   3.5985599e-03   1.7649411e-02   2.4087008e-02
   8.7300000e+01  5.6969119e-165   1.9848958e-58  -4.8868719e-22  -3.6236613e-09  -5.5436253e-05  -9.7870725e-04  -4.5031426e-03  -8.3012126e-03   3.2992322e-03   1.7520581e-02   2.4040182e-02
   8.7750000e+01 -6.5944745e-171  -4.8435386e-60  -2.0362978e-22  -2.7205860e-09  -5.3866765e-05  -1.0218035e-03  -4.6451702e-03  -8.6534923e-03   2.9987709e-03   1.7391099e-02   2.3993114e-02
   8.8200000e+01 -1.7466540e-176  -1.6775766e-61  -7.5178521e-23  -2.0071331e-09  -5.1940729e-05  -1.0619913e-03  -4.7836535e-03  -9.0044452e-03   2.6971831e-03   1.7260964e-02   2.3945805e-02
   8.8650000e+01 -2.7557910e-182  -2.8844509e-63  -2.5800072e-23  -1.4594435e-09  -4.9745305e-05  -1.0993255e-03  -4.9186476e-03  -9.3540428e-03   2.3944759e-03   1.7130177e-02   2.3898254e-02
   8.9100000e+01 -3.7393500e-188  -3.6899085e-65  -8.4167943e-24  -1.0482446e-09  -4.7355866e-05  -1.1338633e-03  -5.0502075e-03  -9.7022572e-03   2.0906564e-03   1.6998738e-02   2.3850462e-02
   8.9550000e+01 -4.7406613e-194  -4.0689968e-67  -2.6418141e-24  -7.4498274e-10  -4.4837011e-05  -1.1656643e-03  -5.1783883e-03  -1.0049061e-02   1.7857317e-03   1.6866648e-02   2.3802428e-02
   9.0000000e+01 -5.7960885e-200  -4.1526617e-69  -8.0324766e-25  -5.2459768e-10  -4.2243546e-05  -1.1947903e-03  -5.3032446e-03  -1.0394426e-02   1.4797090e-03   1.6733906e-02   2.3754152e-02
