  -9.0000000e+01  -3.9451692e-04
  -8.9550000e+01  -4.0579460e-04
  -8.9100000e+01  -4.1666623e-04
  -8.8650000e+01  -4.2703856e-04
  -8.8200000e+01  -4.3681034e-04
  -8.7750000e+01  -4.4587193e-04
  -8.7300000e+01  -4.5410497e-04
  -8.6850000e+01  -4.6138197e-04
  -8.6400000e+01  -4.6756599e-04
  -8.5950000e+01  -4.7251024e-04
  -8.5500000e+01  -4.7605781e-04
  -8.5050000e+01  -4.7804126e-04
  -8.4600000e+01  -4.7828240e-04
  -8.4150000e+01  -4.7659194e-04
  -8.3700000e+01  -4.7276925e-04
  -8.3250000e+01  -4.6660214e-04
  -8.2800000e+01  -4.5786660e-04
  -8.2350000e+01  -4.4632670e-04
  -8.1900000e+01  -4.3173437e-04
  -8.1450000e+01  -4.1382936e-04
  -8.1000000e+01  -3.9233916e-04
  -8.0550000e+01  -3.6697897e-04
  -8.0100000e+01  -3.3745178e-04
  -7.9650000e+01  -3.0344839e-04
  -7.9200000e+01  -2.6464762e-04
  -7.8750000e+01  -2.2071648e-04
  -7.8300000e+01  -1.7131042e-04
  -7.7850000e+01  -1.1607367e-04
  -7.7400000e+01  -5.4639599e-05
  -7.6950000e+01   1.3368782e-05
  -7.6500000e+01   8.8338338e-05
  -7.6050000e+01   1.7066520e-04
  -7.5600000e+01   2.6075409e-04
  -7.5150000e+01   3.5901759e-04
  -7.4700000e+01   4.6587534e-04
  -7.4250000e+01   5.8175312e-04
  -7.3800000e+01   7.0708190e-04
  -7.3350000e+01   8.4229680e-04
  -7.2900000e+01   9.8783599e-04
  -7.2450000e+01   1.1441395e-03
  -7.2000000e+01   1.3116479e-03
  -7.1550000e+01   1.4908010e-03
  -7.1100000e+01   1.6820367e-03
  -7.0650000e+01   1.8857891e-03
  -7.0200000e+01   2.1024871e-03
  -6.9750000e+01   2.3325532e-03
  -6.9300000e+01   2.5764012e-03
  -6.8850000e+01   2.8344352e-03
  -6.8400000e+01   3.1070472e-03
  -6.7950000e+01   3.3946157e-03
  -6.7500000e+01   3.6975039e-03
  -6.7050000e+01   4.0160576e-03
  -6.6600000e+01   4.3506035e-03
  -6.6150000e+01   4.7014470e-03
  -6.5700000e+01   5.0688708e-03
  -6.5250000e+01   5.4531322e-03
  -6.4800000e+01   5.8544619e-03
  -6.4350000e+01   6.2730615e-03
  -6.3900000e+01   6.7091018e-03
  -6.3450000e+01   7.1627208e-03
  -6.3000000e+01   7.6340220e-03
  -6.2550000e+01   8.1230723e-03
  -6.2100000e+01   8.6299001e-03
  -6.1650000e+01   9.1544941e-03
  -6.1200000e+01   9.6968009e-03
  -6.0750000e+01   1.0256724e-02
  -6.0300000e+01   1.0834122e-02
  -5.9850000e+01   1.1428807e-02
  -5.9400000e+01   1.2040544e-02
  -5.8950000e+01   1.2669049e-02
  -5.8500000e+01   1.3313987e-02
  -5.8050000e+01   1.3974976e-02
  -5.7600000e+01   1.4651578e-02
  -5.7150000e+01   1.5343307e-02
  -5.6700000e+01   1.6049622e-02
  -5.6250000e+01   1.6769932e-02
  -5.5800000e+01   1.7503593e-02
  -5.5350000e+01   1.8249907e-02
  -5.4900000e+01   1.9008127e-02
  -5.4450000e+01   1.9777456e-02
  -5.4000000e+01   2.0557045e-02
  -5.3550000e+01   2.1345999e-02
  -5.3100000e+01   2.2143373e-02
  -5.2650000e+01   2.2948182e-02
  -5.2200000e+01   2.3759393e-02
  -5.1750000e+01   2.4575935e-02
  -5.1300000e+01   2.5396700e-02
  -5.0850000e+01   2.6220544e-02
  -5.0400000e+01   2.7046289e-02
  -4.9950000e+01   2.7872732e-02
  -4.9500000e+01   2.8698641e-02
  -4.9050000e+01   2.9522767e-02
  -4.8600000e+01   3.0343840e-02
  -4.8150000e+01   3.1160578e-02
  -4.7700000e+01   3.1971692e-02
  -4.7250000e+01   3.2775885e-02
  -4.6800000e+01   3.3571865e-02
  -4.6350000e+01   3.4358340e-02
  -4.5900000e+01   3.5134031e-02
  -4.5450000e+01   3.5897674e-02
  -4.5000000e+01   3.6648022e-02
  -4.4550000e+01   3.7383856e-02
  -4.4100000e+01   3.8103983e-02
  -4.3650000e+01   3.8807246e-02
  -4.3200000e+01   3.9492527e-02
  -4.2750000e+01   4.0158752e-02
  -4.2300000e+01   4.0804895e-02
  -4.1850000e+01   4.1429981e-02
  -4.1400000e+01   4.2033095e-02
  -4.0950000e+01   4.2613381e-02
  -4.0500000e+01   4.3170050e-02
  -4.0050000e+01   4.3702378e-02
  -3.9600000e+01   4.4209717e-02
  -3.9150000e+01   4.4691491e-02
  -3.8700000e+01   4.5147203e-02
  -3.8250000e+01   4.5576436e-02
  -3.7800000e+01   4.5978855e-02
  -3.7350000e+01   4.6354210e-02
  -3.6900000e+01   4.6702336e-02
  -3.6450000e+01   4.7023155e-02
  -3.6000000e+01   4.7316675e-02
  -3.5550000e+01   4.7582993e-02
  -3.5100000e+01   4.7822294e-02
  -3.4650000e+01   4.8034848e-02
  -3.4200000e+01   4.8221012e-02
  -3.3750000e+01   4.8381230e-02
  -3.3300000e+01   4.8516025e-02
  -3.2850000e+01   4.8626005e-02
  -3.2400000e+01   4.8711853e-02
  -3.1950000e+01   4.8774331e-02
  -3.1500000e+01   4.8814271e-02
  -3.1050000e+01   4.8832576e-02
  -3.0600000e+01   4.8830212e-02
  -3.0150000e+01   4.8808205e-02
  -2.9700000e+01   4.8767641e-02
  -2.9250000e+01   4.8709652e-02
  -2.8800000e+01   4.8635420e-02
  -2.8350000e+01   4.8546165e-02
  -2.7900000e+01   4.8443143e-02
  -2.7450000e+01   4.8327639e-02
  -2.7000000e+01   4.8200960e-02
  -2.6550000e+01   4.8064430e-02
  -2.6100000e+01   4.7919386e-02
  -2.5650000e+01   4.7767164e-02
  -2.5200000e+01   4.7609102e-02
  -2.4750000e+01   4.7446527e-02
  -2.4300000e+01   4.7280752e-02
  -2.3850000e+01   4.7113067e-02
  -2.3400000e+01   4.6944736e-02
  -2.2950000e+01   4.6776987e-02
  -2.2500000e+01   4.6611008e-02
  -2.2050000e+01   4.6447943e-02
  -2.1600000e+01   4.6288883e-02
  -2.1150000e+01   4.6134863e-02
  -2.0700000e+01   4.5986856e-02
  -2.0250000e+01   4.5845770e-02
  -1.9800000e+01   4.5712440e-02
  -1.9350000e+01   4.5587629e-02
  -1.8900000e+01   4.5472022e-02
  -1.8450000e+01   4.5366221e-02
  -1.8000000e+01   4.5270747e-02
  -1.7550000e+01   4.5186035e-02
  -1.7100000e+01   4.5112433e-02
  -1.6650000e+01   4.5050201e-02
  -1.6200000e+01   4.4999512e-02
  -1.5750000e+01   4.4960449e-02
  -1.5300000e+01   4.4933010e-02
  -1.4850000e+01   4.4917104e-02
  -1.4400000e+01   4.4912557e-02
  -1.3950000e+01   4.4919113e-02
  -1.3500000e+01   4.4936435e-02
  -1.3050000e+01   4.4964113e-02
  -1.2600000e+01   4.5001660e-02
  -1.2150000e+01   4.5048526e-02
  -1.1700000e+01   4.5104093e-02
  -1.1250000e+01   4.5167689e-02
  -1.0800000e+01   4.5238585e-02
  -1.0350000e+01   4.5316009e-02
  -9.9000000e+00   4.5399145e-02
  -9.4500000e+00   4.5487146e-02
  -9.0000000e+00   4.5579134e-02
  -8.5500000e+00   4.5674212e-02
  -8.1000000e+00   4.5771469e-02
  -7.6500000e+00   4.5869986e-02
  -7.2000000e+00   4.5968844e-02
  -6.7500000e+00   4.6067134e-02
  -6.3000000e+00   4.6163958e-02
  -5.8500000e+00   4.6258439e-02
  -5.4000000e+00   4.6349729e-02
  -4.9500000e+00   4.6437013e-02
  -4.5000000e+00   4.6519518e-02
  -4.0500000e+00   4.6596514e-02
  -3.6000000e+00   4.6667324e-02
  -3.1500000e+00   4.6731330e-02
  -2.7000000e+00   4.6787971e-02
  -2.2500000e+00   4.6836756e-02
  -1.8000000e+00   4.6877260e-02
  -1.3500000e+00   4.6909132e-02
  -9.0000000e-01   4.6932097e-02
  -4.5000000e-01   4.6945955e-02
   0.0000000e+00   4.6950588e-02
   4.5000000e-01   4.6945955e-02
   9.0000000e-01   4.6932097e-02
   1.3500000e+00   4.6909132e-02
   1.8000000e+00   4.6877260e-02
   2.2500000e+00   4.6836756e-02
   2.7000000e+00   4.6787971e-02
   3.1500000e+00   4.6731330e-02
   3.6000000e+00   4.6667324e-02
   4.0500000e+00   4.6596514e-02
   4.5000000e+00   4.6519518e-02
   4.9500000e+00   4.6437013e-02
   5.4000000e+00   4.6349729e-02
   5.8500000e+00   4.6258439e-02
   6.3000000e+00   4.6163958e-02
   6.7500000e+00   4.6067134e-02
   7.2000000e+00   4.5968844e-02
   7.6500000e+00   4.5869986e-02
   8.1000000e+00   4.5771469e-02
   8.5500000e+00   4.5674212e-02
   9.0000000e+00   4.5579134e-02
   9.4500000e+00   4.5487146e-02
   9.9000000e+00   4.5399145e-02
   1.0350000e+01   4.5316009e-02
   1.0800000e+01   4.5238585e-02
   1.1250000e+01   4.5167689e-02
   1.1700000e+01   4.5104093e-02
   1.2150000e+01   4.5048526e-02
   1.2600000e+01   4.5001660e-02
   1.3050000e+01   4.4964113e-02
   1.3500000e+01   4.4936435e-02
   1.3950000e+01   4.4919113e-02
   1.4400000e+01   4.4912557e-02
   1.4850000e+01   4.4917104e-02
   1.5300000e+01   4.4933010e-02
   1.5750000e+01   4.4960449e-02
   1.6200000e+01   4.4999512e-02
   1.6650000e+01   4.5050201e-02
   1.7100000e+01   4.5112433e-02
   1.7550000e+01   4.5186035e-02
   1.8000000e+01   4.5270747e-02
   1.8450000e+01   4.5366221e-02
   1.8900000e+01   4.5472022e-02
   1.9350000e+01   4.5587629e-02
   1.9800000e+01   4.5712440e-02
   2.0250000e+01   4.5845770e-02
   2.0700000e+01   4.5986856e-02
   2.1150000e+01   4.6134863e-02
   2.1600000e+01   4.6288883e-02
   2.2050000e+01   4.6447943e-02
   2.2500000e+01   4.6611008e-02
   2.2950000e+01   4.6776987e-02
   2.3400000e+01   4.6944736e-02
   2.3850000e+01   4.7113067e-02
   2.4300000e+01   4.7280752e-02
   2.4750000e+01   4.7446527e-02
   2.5200000e+01   4.7609102e-02
   2.5650000e+01   4.7767164e-02
   2.6100000e+01   4.7919386e-02
   2.6550000e+01   4.8064430e-02
   2.7000000e+01   4.8200960e-02
   2.7450000e+01   4.8327639e-02
   2.7900000e+01   4.8443143e-02
   2.8350000e+01   4.8546165e-02
   2.8800000e+01   4.8635420e-02
   2.9250000e+01   4.8709652e-02
   2.9700000e+01   4.8767641e-02
   3.0150000e+01   4.8808205e-02
   3.0600000e+01   4.8830212e-02
   3.1050000e+01   4.8832576e-02
   3.1500000e+01   4.8814271e-02
   3.1950000e+01   4.8774331e-02
   3.2400000e+01   4.8711853e-02
   3.2850000e+01   4.8626005e-02
   3.3300000e+01   4.8516025e-02
   3.3750000e+01   4.8381230e-02
   3.4200000e+01   4.8221012e-02
   3.4650000e+01   4.8034848e-02
   3.5100000e+01   4.7822294e-02
   3.5550000e+01   4.7582993e-02
   3.6000000e+01   4.7316675e-02
   3.6450000e+01   4.7023155e-02
   3.6900000e+01   4.6702336e-02
   3.7350000e+01   4.6354210e-02
   3.7800000e+01   4.5978855e-02
   3.8250000e+01   4.5576436e-02
   3.8700000e+01   4.5147203e-02
   3.9150000e+01   4.4691491e-02
   3.9600000e+01   4.4209717e-02
   4.0050000e+01   4.3702378e-02
   4.0500000e+01   4.3170050e-02
   4.0950000e+01   4.2613381e-02
   4.1400000e+01   4.2033095e-02
   4.1850000e+01   4.1429981e-02
   4.2300000e+01   4.0804895e-02
   4.2750000e+01   4.0158752e-02
   4.3200000e+01   3.9492527e-02
   4.3650000e+01   3.8807246e-02
   4.4100000e+01   3.8103983e-02
   4.4550000e+01   3.7383856e-02
   4.5000000e+01   3.6648022e-02
   4.5450000e+01   3.5897674e-02
   4.5900000e+01   3.5134031e-02
   4.6350000e+01   3.4358340e-02
   4.6800000e+01   3.3571865e-02
   4.7250000e+01   3.2775885e-02
   4.7700000e+01   3.1971692e-02
   4.8150000e+01   3.1160578e-02
   4.8600000e+01   3.0343840e-02
   4.9050000e+01   2.9522767e-02
   4.9500000e+01   2.8698641e-02
   4.9950000e+01   2.7872732e-02
   5.0400000e+01   2.7046289e-02
   5.0850000e+01   2.6220544e-02
   5.1300000e+01   2.5396700e-02
   5.1750000e+01   2.4575935e-02
   5.2200000e+01   2.3759393e-02
   5.2650000e+01   2.2948182e-02
   5.3100000e+01   2.2143373e-02
   5.3550000e+01   2.1345999e-02
   5.4000000e+01   2.0557045e-02
   5.4450000e+01   1.9777456e-02
   5.4900000e+01   1.9008127e-02
   5.5350000e+01   1.8249907e-02
   5.5800000e+01   1.7503593e-02
   5.6250000e+01   1.6769932e-02
   5.6700000e+01   1.6049622e-02
   5.7150000e+01   1.5343307e-02
   5.7600000e+01   1.4651578e-02
   5.8050000e+01   1.3974976e-02
   5.8500000e+01   1.3313987e-02
   5.8950000e+01   1.2669049e-02
   5.9400000e+01   1.2040544e-02
   5.9850000e+01   1.1428807e-02
   6.0300000e+01   1.0834122e-02
   6.0750000e+01   1.0256724e-02
   6.1200000e+01   9.6968009e-03
   6.1650000e+01   9.1544941e-03
   6.2100000e+01   8.6299001e-03
   6.2550000e+01   8.1230723e-03
   6.3000000e+01   7.6340220e-03
   6.3450000e+01   7.1627208e-03
   6.3900000e+01   6.7091018e-03
   6.4350000e+01   6.2730615e-03
   6.4800000e+01   5.8544619e-03
   6.5250000e+01   5.4531322e-03
   6.5700000e+01   5.0688708e-03
   6.6150000e+01   4.7014470e-03
   6.6600000e+01   4.3506035e-03
   6.7050000e+01   4.0160576e-03
   6.7500000e+01   3.6975039e-03
   6.7950000e+01   3.3946157e-03
   6.8400000e+01   3.1070472e-03
   6.8850000e+01   2.8344352e-03
   6.9300000e+01   2.5764012e-03
   6.9750000e+01   2.3325532e-03
   7.0200000e+01   2.1024871e-03
   7.0650000e+01   1.8857891e-03
   7.1100000e+01   1.6820367e-03
   7.1550000e+01   1.4908010e-03
   7.2000000e+01   1.3116479e-03
   7.2450000e+01   1.1441395e-03
   7.2900000e+01   9.8783599e-04
   7.3350000e+01   8.4229680e-04
   7.3800000e+01   7.0708190e-04
   7.4250000e+01   5.8175312e-04
   7.4700000e+01   4.6587534e-04
   7.5150000e+01   3.5901759e-04
   7.5600000e+01   2.6075409e-04
   7.6050000e+01   1.7066520e-04
   7.6500000e+01   8.8338338e-05
   7.6950000e+01   1.3368782e-05
   7.7400000e+01  -5.4639599e-05
   7.7850000e+01  -1.1607367e-04
   7.8300000e+01  -1.7131042e-04
   7.8750000e+01  -2.2071648e-04
   7.9200000e+01  -2.6464762e-04
   7.9650000e+01  -3.0344839e-04
   8.0100000e+01  -3.3745178e-04
   8.0550000e+01  -3.6697897e-04
   8.1000000e+01  -3.9233916e-04
   8.1450000e+01  -4.1382936e-04
   8.1900000e+01  -4.3173437e-04
   8.2350000e+01  -4.4632670e-04
   8.2800000e+01  -4.5786660e-04
   8.3250000e+01  -4.6660214e-04
   8.3700000e+01  -4.7276925e-04
   8.4150000e+01  -4.7659194e-04
   8.4600000e+01  -4.7828240e-04
   8.5050000e+01  -4.7804126e-04
   8.5500000e+01  -4.7605781e-04
   8.5950000e+01  -4.7251024e-04
   8.6400000e+01  -4.6756599e-04
   8.6850000e+01  -4.6138197e-04
   8.7300000e+01  -4.5410497e-04
   8.7750000e+01  -4.4587193e-04
   8.8200000e+01  -4.3681034e-04
   8.8650000e+01  -4.2703856e-04
   8.9100000e+01  -4.1666623e-04
   8.9550000e+01  -4.0579460e-04
   9.0000000e+01  -3.9451692e-04
