  -9.0000000e+01 -1.6404564e-279  -9.2610049e-97  -1.7602072e-34  -2.1058144e-13  -2.7039184e-06  -6.1200836e-04  -5.3851905e-03  -1.1162010e-02   8.0528669e-05   1.6165141e-02   2.3561057e-02
  -8.9550000e+01 -2.0992184e-272  -2.3538260e-94  -8.0687312e-34  -3.3669890e-13  -3.0048616e-06  -6.1266345e-04  -5.2822461e-03  -1.0831894e-02   3.9842638e-04   1.6304437e-02   2.3611629e-02
  -8.9100000e+01 -2.5907127e-265  -5.5369453e-92  -3.5859382e-33  -5.3382304e-13  -3.3253402e-06  -6.1204301e-04  -5.1754372e-03  -1.0500090e-02   7.1527186e-04   1.6443054e-02   2.3661949e-02
  -8.8650000e+01 -2.9874235e-258  -1.1228423e-89  -1.5356193e-32  -8.3829651e-13  -3.6632799e-06  -6.1005539e-04  -5.0647137e-03  -1.0166620e-02   1.0310566e-03   1.6580991e-02   2.3712016e-02
  -8.8200000e+01 -2.9630394e-251  -1.6945821e-87  -6.2693394e-32  -1.3020813e-12  -4.0155153e-06  -6.0660583e-04  -4.9500258e-03  -9.8315064e-03   1.3457722e-03   1.6718249e-02   2.3761830e-02
  -8.7750000e+01 -1.7518696e-244  -1.2722827e-85  -2.3940242e-31  -1.9968915e-12  -4.3775411e-06  -6.0159652e-04  -4.8313246e-03  -9.4947733e-03   1.6594101e-03   1.6854827e-02   2.3811391e-02
  -8.7300000e+01  2.3603472e-237   1.3352180e-83  -8.2286069e-31  -3.0168493e-12  -4.7432263e-06  -5.9492659e-04  -4.7085621e-03  -9.1564441e-03   1.9719621e-03   1.6990725e-02   2.3860699e-02
  -8.6850000e+01  1.2988399e-229   6.4084886e-81  -2.3064750e-30  -4.4761044e-12  -5.1044849e-06  -5.8649220e-04  -4.5816911e-03  -8.8165427e-03   2.2834197e-03   1.7125943e-02   2.3909754e-02
  -8.6400000e+01  3.3438489e-222   1.3420711e-78  -3.2584446e-30  -6.4941226e-12  -5.4509023e-06  -5.7618655e-04  -4.4506654e-03  -8.4750937e-03   2.5937747e-03   1.7260479e-02   2.3958557e-02
  -8.5950000e+01  2.8477049e-215   2.0990702e-76   1.9007618e-29  -9.1545928e-12  -5.7693119e-06  -5.6389997e-04  -4.3154397e-03  -8.1321217e-03   2.9030188e-03   1.7394334e-02   2.4007106e-02
  -8.5500000e+01  5.4162321e-209   2.5118949e-74   2.3220963e-28  -1.2412006e-11  -6.0433198e-06  -5.4951995e-04  -4.1759699e-03  -7.7876521e-03   3.2111438e-03   1.7527508e-02   2.4055403e-02
  -8.5050000e+01  2.8248919e-203   1.4655209e-72   1.6351545e-27  -1.5899571e-11  -6.2527748e-06  -5.3293122e-04  -4.0322128e-03  -7.4417102e-03   3.5181415e-03   1.7660001e-02   2.4103446e-02
  -8.4600000e+01 -5.4316354e-196  -3.8256958e-70   9.6896294e-27  -1.8557906e-11  -6.3731804e-06  -5.1401583e-04  -3.8841264e-03  -7.0943220e-03   3.8240038e-03   1.7791811e-02   2.4151237e-02
  -8.4150000e+01 -5.7915770e-189  -1.9379193e-67   5.4749916e-26  -1.7947697e-11  -6.3750485e-06  -4.9265324e-04  -3.7316700e-03  -6.7455139e-03   4.1287225e-03   1.7922939e-02   2.4198775e-02
  -8.3700000e+01 -1.5212696e-182  -5.4716824e-65   3.2387127e-25  -9.0185151e-12  -6.2231928e-06  -4.6872037e-04  -3.5748040e-03  -6.3953124e-03   4.4322897e-03   1.8053384e-02   2.4246060e-02
  -8.3250000e+01 -1.2305333e-176  -1.0903339e-62   2.0936909e-24   1.8038558e-11  -5.8759620e-06  -4.4209170e-04  -3.4134904e-03  -6.0437446e-03   4.7346973e-03   1.8183147e-02   2.4293092e-02
  -8.2800000e+01 -5.4800718e-171  -1.0514798e-60   1.4154803e-23   8.1453218e-11  -5.2844146e-06  -4.1263941e-04  -3.2476922e-03  -5.6908379e-03   5.0359373e-03   1.8312226e-02   2.4339871e-02
  -8.2350000e+01  2.9625954e-165   8.2604275e-59   9.2216723e-23   2.1400098e-10  -4.3914358e-06  -3.8023340e-04  -3.0773740e-03  -5.3366200e-03   5.3360018e-03   1.8440622e-02   2.4386396e-02
  -8.1900000e+01  1.3371464e-158   2.2081977e-56   5.4766857e-22   4.7306974e-10  -3.1308022e-06  -3.4474144e-04  -2.9025020e-03  -4.9811189e-03   5.6348830e-03   1.8568334e-02   2.4432669e-02
  -8.1450000e+01  2.3630930e-152   1.9302556e-54   2.9124054e-21   9.5694222e-10  -1.4261978e-06  -3.0602927e-04  -2.7230438e-03  -4.6243633e-03   5.9325729e-03   1.8695362e-02   2.4478689e-02
  -8.1000000e+01  1.3633324e-146   1.1950743e-52   1.3936214e-20   1.8307441e-09   8.0981206e-07  -2.6396068e-04  -2.5389684e-03  -4.2663818e-03   6.2290638e-03   1.8821706e-02   2.4524456e-02
  -8.0550000e+01  1.6684240e-141   5.7423185e-51   6.0852625e-20   3.3672159e-09   3.6768389e-06  -2.1839764e-04  -2.3502469e-03  -3.9072037e-03   6.5243480e-03   1.8947366e-02   2.4569970e-02
  -8.0100000e+01  7.8776159e-137   1.6203579e-49   2.4673567e-19   6.0099132e-09   7.2877534e-06  -1.6920038e-04  -2.1568516e-03  -3.5468584e-03   6.8184177e-03   1.9072340e-02   2.4615231e-02
  -7.9650000e+01 -4.4868156e-131  -7.7682569e-48   9.5058181e-19   1.0469873e-08   1.1769778e-05  -1.1622752e-04  -1.9587569e-03  -3.1853758e-03   7.1112653e-03   1.9196630e-02   2.4660239e-02
  -7.9200000e+01 -3.4290449e-125  -1.9465677e-45   3.6054364e-18   1.7871524e-08   1.7265576e-05  -5.9336154e-05  -1.7559388e-03  -2.8227862e-03   7.4028831e-03   1.9320234e-02   2.4704994e-02
  -7.8750000e+01 -7.1314045e-120  -2.2343755e-43   1.4139709e-17   2.9970023e-08   2.3934324e-05   1.6180350e-06  -1.5483751e-03  -2.4591200e-03   7.6932636e-03   1.9443152e-02   2.4749496e-02
  -7.8300000e+01 -4.1680684e-115  -1.8062942e-41   5.9520867e-17   4.9470633e-08   3.1952739e-05   6.6780678e-05  -1.3360458e-03  -2.0944082e-03   7.9823993e-03   1.9565384e-02   2.4793744e-02
  -7.7850000e+01 -1.3500613e-110  -7.7594150e-40   2.6492993e-16   8.0491683e-08   4.1516060e-05   1.3629862e-04  -1.1189324e-03  -1.7286820e-03   8.2702826e-03   1.9686931e-02   2.4837740e-02
  -7.7400000e+01  2.6798575e-106   1.5526482e-38   1.1729984e-15   1.2922630e-07   5.2838938e-05   2.1031983e-04  -8.9701878e-04  -1.3619728e-03   8.5569062e-03   1.9807791e-02   2.4881483e-02
  -7.6950000e+01  1.1118531e-100   2.1756066e-36   4.8767848e-15   2.0487476e-07   6.6156225e-05   2.8899329e-04  -6.7029059e-04  -9.9431265e-04   8.8422627e-03   1.9927964e-02   2.4924972e-02
  -7.6500000e+01   1.3403163e-95   7.6136013e-35   1.8527149e-14   3.2093891e-07   8.1723634e-05   3.7246892e-04  -4.3873567e-04  -6.2573368e-04   9.1263446e-03   2.0047450e-02   2.4968208e-02
  -7.6050000e+01   4.9840908e-91   1.8487608e-33   6.4198926e-14   4.9699215e-07   9.9818235e-05   4.6089749e-04  -2.0234394e-04  -2.5626840e-04   9.4091448e-03   2.0166249e-02   2.5011192e-02
  -7.5600000e+01   3.7551554e-87   3.5520166e-32   2.0510109e-13   7.6106210e-07   1.2073877e-04   5.5443054e-04   3.8892494e-05   1.1405035e-04   9.6906560e-03   2.0284360e-02   2.5053922e-02
  -7.5150000e+01   1.3512325e-83   4.5769674e-31   6.1372122e-13   1.1527865e-06   1.4480572e-04   6.5322027e-04   2.8497935e-04   4.8518942e-04   9.9708709e-03   2.0401784e-02   2.5096399e-02
  -7.4700000e+01  -2.4749871e-79  -2.7607178e-30   1.7546110e-12   1.7275231e-06   1.7236116e-04   7.5741950e-04   5.3592010e-04   8.5711535e-04   1.0249782e-02   2.0518520e-02   2.5138623e-02
  -7.4250000e+01  -1.4422595e-74  -4.9840567e-28   4.9241062e-12   2.5616082e-06   2.0376830e-04   8.6718156e-04   7.9171595e-04   1.2297944e-03   1.0527384e-02   2.0634568e-02   2.5180594e-02
  -7.3800000e+01  -2.7597573e-70  -2.3849483e-26   1.4031054e-11   3.7589625e-06   2.3941071e-04   9.8266024e-04   1.0523658e-03   1.6031925e-03   1.0803667e-02   2.0749927e-02   2.5222311e-02
  -7.3350000e+01  -1.2924321e-66  -7.8769133e-25   4.1676768e-11   5.4592257e-06   2.7969117e-04   1.1040097e-03   1.3178662e-03   1.9772753e-03   1.1078626e-02   2.0864597e-02   2.5263776e-02
  -7.2900000e+01  -3.0263341e-63  -1.4886171e-23   1.2834013e-10   7.8475695e-06   3.2503020e-04   1.2313844e-03   1.5882113e-03   2.3520081e-03   1.1352254e-02   2.0978579e-02   2.5304987e-02
  -7.2450000e+01   1.6956155e-60   6.7212839e-23   3.9378538e-10   1.1166270e-05   3.7586413e-04   1.3649391e-03   1.8633930e-03   2.7273560e-03   1.1624543e-02   2.1091871e-02   2.5345945e-02
  -7.2000000e+01   8.5725262e-56   5.7579685e-21   1.1506922e-09   1.5728019e-05   4.3264275e-04   1.5048286e-03   2.1434006e-03   3.1032839e-03   1.1895487e-02   2.1204474e-02   2.5386650e-02
  -7.1550000e+01   6.9483644e-52   8.0454306e-20   3.1205226e-09   2.1930830e-05   4.9582656e-04   1.6512078e-03   2.4282211e-03   3.4797561e-03   1.2165078e-02   2.1316387e-02   2.5427102e-02
  -7.1100000e+01   1.4707096e-48   7.6483463e-19   7.8201061e-09   3.0274185e-05   5.6588347e-04   1.8042317e-03   2.7178388e-03   3.8567369e-03   1.2433311e-02   2.1427610e-02   2.5467300e-02
  -7.0650000e+01   6.2118751e-46   5.8801039e-18   1.8263494e-08   4.1375890e-05   6.4328524e-04   1.9640550e-03   3.0122358e-03   4.2341904e-03   1.2700179e-02   2.1538143e-02   2.5507246e-02
  -7.0200000e+01   1.5361484e-43   3.3787592e-17   4.0297301e-08   5.5988834e-05   7.2850327e-04   2.1308323e-03   3.3113916e-03   4.6120801e-03   1.2965674e-02   2.1647986e-02   2.5546938e-02
  -6.9750000e+01  -8.0890187e-41   4.0307149e-17   8.5381415e-08   7.5016578e-05   8.2200420e-04   2.3047179e-03   3.6152831e-03   4.9903696e-03   1.3229790e-02   2.1757138e-02   2.5586377e-02
  -6.9300000e+01  -4.1077191e-37  -2.8998127e-15   1.7711030e-07   9.9526467e-05   9.2424505e-04   2.4858656e-03   3.9238847e-03   5.3690220e-03   1.3492521e-02   2.1865599e-02   2.5625563e-02
  -6.8850000e+01  -1.2281275e-33  -6.2148238e-14   3.6751673e-07   1.3075873e-04   1.0356681e-03   2.6744288e-03   4.2371683e-03   5.7480003e-03   1.3753860e-02   2.1973369e-02   2.5664495e-02
  -6.8400000e+01  -3.1569616e-30  -8.5278646e-13   7.7563396e-07   1.7012993e-04   1.1566956e-03   2.8705599e-03   4.5551034e-03   6.1272671e-03   1.4013801e-02   2.2080448e-02   2.5703174e-02
  -6.7950000e+01  -6.0388679e-27  -7.0201198e-12   1.6631732e-06   2.1922905e-04   1.2877244e-03   3.0744106e-03   4.8776566e-03   6.5067849e-03   1.4272337e-02   2.2186836e-02   2.5741600e-02
  -6.7500000e+01   3.0968310e-29   4.7013379e-12   3.5415125e-06   2.7980485e-04   1.4291204e-03   3.2861314e-03   5.2047923e-03   6.8865160e-03   1.4529461e-02   2.2292531e-02   2.5779773e-02
  -6.7050000e+01   3.6178246e-22   3.7935483e-10   7.2604153e-06   3.5374308e-04   1.5812134e-03   3.5058714e-03   5.5364722e-03   7.2664223e-03   1.4785169e-02   2.2397535e-02   2.5817692e-02
  -6.6600000e+01   1.1333167e-20   2.1284236e-09   1.4032456e-05   4.4303316e-04   1.7442920e-03   3.7337785e-03   5.8726554e-03   7.6464657e-03   1.5039452e-02   2.2501846e-02   2.5855359e-02
  -6.6150000e+01   2.6473758e-19   8.0191125e-09   2.5438364e-05   5.4972396e-04   1.9185994e-03   3.9699984e-03   6.2132986e-03   8.0266076e-03   1.5292306e-02   2.2605466e-02   2.5892771e-02
  -6.5700000e+01   5.4341422e-18   2.5142668e-08   4.3513973e-05   6.7586954e-04   2.1043286e-03   4.2146747e-03   6.5583559e-03   8.4068095e-03   1.5543723e-02   2.2708392e-02   2.5929931e-02
  -6.5250000e+01   9.2228588e-17   6.5357582e-08   7.0985877e-05   8.2346612e-04   2.3016201e-03   4.4679488e-03   6.9077789e-03   8.7870326e-03   1.5793698e-02   2.2810626e-02   2.5966837e-02
  -6.4800000e+01  -1.0280546e-15   1.1086304e-07   1.1174113e-04   9.9438260e-04   2.5105586e-03   4.7299590e-03   7.2615167e-03   9.1672376e-03   1.6042225e-02   2.2912167e-02   2.6003490e-02
  -6.4350000e+01  -5.4770404e-13  -1.5854333e-07   1.7172486e-04   1.1902874e-03   2.7311724e-03   5.0008405e-03   7.6195160e-03   9.5473856e-03   1.6289298e-02   2.3013014e-02   2.6039890e-02
  -6.3900000e+01  -8.0672329e-11  -2.8372675e-06   2.6045340e-04   1.4125750e-03   2.9634324e-03   5.2807248e-03   7.9817210e-03   9.9274369e-03   1.6534910e-02   2.3113168e-02   2.6076036e-02
  -6.3450000e+01  -2.2881472e-09  -1.7160887e-05   3.9273947e-04   1.6622967e-03   3.2072539e-03   5.5697392e-03   8.3480733e-03   1.0307352e-02   1.6779056e-02   2.3212629e-02   2.6111929e-02
  -6.3000000e+01  -1.6845309e-08  -5.8032613e-05   5.8860470e-04   1.9400982e-03   3.4624985e-03   5.8680062e-03   8.7185124e-03   1.0687091e-02   1.7021730e-02   2.3311395e-02   2.6147569e-02
  -6.2550000e+01  -1.7990795e-08   5.5390389e-06   8.6808190e-04   2.2461697e-03   3.7289780e-03   6.1756435e-03   9.0929751e-03   1.1066615e-02   1.7262927e-02   2.3409468e-02   2.6182956e-02
  -6.2100000e+01   2.1895911e-06   5.1135585e-04   1.2411892e-03   2.5802100e-03   4.0064598e-03   6.4927624e-03   9.4713961e-03   1.1445882e-02   1.7502640e-02   2.3506846e-02   2.6218089e-02
  -6.1650000e+01   5.5788134e-05   1.2252957e-03   1.7013338e-03   2.9414081e-03   4.2946736e-03   6.8194680e-03   9.8537076e-03   1.1824853e-02   1.7740863e-02   2.3603530e-02   2.6252968e-02
  -6.1200000e+01   7.1632002e-04   1.9301318e-03   2.2295565e-03   3.3284422e-03   4.5933194e-03   7.1558582e-03   1.0239840e-02   1.2203488e-02   1.7977591e-02   2.3699519e-02   2.6287595e-02
  -6.0750000e+01   2.3094003e-03   2.6184055e-03   2.8046897e-03   3.7394978e-03   4.9020774e-03   7.5020231e-03   1.0629720e-02   1.2581746e-02   1.8212819e-02   2.3794813e-02   2.6321967e-02
  -6.0300000e+01   3.2547995e-03   3.2996712e-03   3.4099981e-03   4.1723011e-03   5.2206182e-03   7.8580440e-03   1.1023275e-02   1.2959585e-02   1.8446541e-02   2.3889413e-02   2.6356087e-02
  -5.9850000e+01   3.9607798e-03   3.9786981e-03   4.0341444e-03   4.6241674e-03   5.5486152e-03   8.2239927e-03   1.1420426e-02   1.3336967e-02   1.8678752e-02   2.3983317e-02   2.6389953e-02
  -5.9400000e+01   4.6999749e-03   4.6588833e-03   4.6694980e-03   5.0920605e-03   5.8857570e-03   8.5999309e-03   1.1821096e-02   1.3713848e-02   1.8909445e-02   2.4076526e-02   2.6423566e-02
  -5.8950000e+01   5.9690001e-03   5.3439850e-03   5.3102475e-03   5.5726601e-03   6.2317609e-03   8.9859091e-03   1.2225205e-02   1.4090190e-02   1.9138615e-02   2.4169039e-02   2.6456925e-02
  -5.8500000e+01   7.3136567e-03   6.0371750e-03   5.9510700e-03   6.0624341e-03   6.5863866e-03   9.3819657e-03   1.2632668e-02   1.4465950e-02   1.9366258e-02   2.4260856e-02   2.6490031e-02
  -5.8050000e+01   7.4827328e-03   6.7291770e-03   6.5865175e-03   6.5577127e-03   6.9494505e-03   9.7881262e-03   1.3043401e-02   1.4841087e-02   1.9592368e-02   2.4351977e-02   2.6522884e-02
  -5.7600000e+01   7.4890380e-03   7.3607509e-03   7.2114056e-03   7.0547634e-03   7.3208386e-03   1.0204403e-02   1.3457317e-02   1.5215560e-02   1.9816940e-02   2.4442403e-02   2.6555483e-02
  -5.7150000e+01   7.4899429e-03   7.9019257e-03   7.8221368e-03   7.5498640e-03   7.7005204e-03   1.0630791e-02   1.3874329e-02   1.5589327e-02   2.0039968e-02   2.4532132e-02   2.6587829e-02
  -5.6700000e+01   7.5121532e-03   8.4583200e-03   8.4177376e-03   8.0393738e-03   8.0885605e-03   1.1067274e-02   1.4294345e-02   1.5962348e-02   2.0261447e-02   2.4621164e-02   2.6619921e-02
  -5.6250000e+01   7.8600760e-03   9.0382363e-03   8.9992727e-03   8.5198026e-03   8.4851293e-03   1.1513816e-02   1.4717274e-02   1.6334580e-02   2.0481372e-02   2.4709500e-02   2.6651760e-02
  -5.5800000e+01   9.2070144e-03   9.6184796e-03   9.5681296e-03   8.9878786e-03   8.8905125e-03   1.1970362e-02   1.5143021e-02   1.6705982e-02   2.0699739e-02   2.4797139e-02   2.6683346e-02
  -5.5350000e+01   1.0135237e-02   1.0194011e-02   1.0124638e-02   9.4406149e-03   9.3051179e-03   1.2436844e-02   1.5571492e-02   1.7076513e-02   2.0916542e-02   2.4884080e-02   2.6714678e-02
  -5.4900000e+01   1.0747382e-02   1.0766817e-02   1.0667439e-02   9.8753776e-03   9.7294795e-03   1.2913169e-02   1.6002588e-02   1.7446130e-02   2.1131776e-02   2.4970325e-02   2.6745756e-02
  -5.4450000e+01   1.1379316e-02   1.1340563e-02   1.1193030e-02   1.0289954e-02   1.0164260e-02   1.3399226e-02   1.6436212e-02   1.7814793e-02   2.1345436e-02   2.5055872e-02   2.6776581e-02
  -5.4000000e+01   1.2473545e-02   1.1920341e-02   1.1694870e-02   1.0682626e-02   1.0610250e-02   1.3894886e-02   1.6872263e-02   1.8182458e-02   2.1557518e-02   2.5140722e-02   2.6807153e-02
  -5.3550000e+01   1.3623445e-02   1.2513904e-02   1.2162123e-02   1.1052244e-02   1.1068360e-02   1.4399993e-02   1.7310640e-02   1.8549085e-02   2.1768017e-02   2.5224874e-02   2.6837471e-02
  -5.3100000e+01   1.3777266e-02   1.3122582e-02   1.2579331e-02   1.1398302e-02   1.1539618e-02   1.4914373e-02   1.7751241e-02   1.8914632e-02   2.1976928e-02   2.5308328e-02   2.6867536e-02
  -5.2650000e+01   1.3783704e-02   1.3646913e-02   1.2929675e-02   1.1721024e-02   1.2025155e-02   1.5437828e-02   1.8193961e-02   1.9279057e-02   2.2184245e-02   2.5391084e-02   2.6897347e-02
  -5.2200000e+01   1.3783833e-02   1.3834176e-02   1.3202617e-02   1.2021439e-02   1.2526188e-02   1.5970135e-02   1.8638694e-02   1.9642318e-02   2.2389966e-02   2.5473142e-02   2.6926905e-02
  -5.1750000e+01   1.3783991e-02   1.3818742e-02   1.3400474e-02   1.2301464e-02   1.3044005e-02   1.6511051e-02   1.9085336e-02   2.0004373e-02   2.2594085e-02   2.5554501e-02   2.6956209e-02
  -5.1300000e+01   1.3787009e-02   1.3806457e-02   1.3536847e-02   1.2563982e-02   1.3579940e-02   1.7060306e-02   1.9533777e-02   2.0365181e-02   2.2796597e-02   2.5635162e-02   2.6985260e-02
  -5.0850000e+01   1.3802208e-02   1.3808661e-02   1.3628709e-02   1.2812910e-02   1.4135353e-02   1.7617606e-02   1.9983910e-02   2.0724700e-02   2.2997498e-02   2.5715124e-02   2.7014057e-02
  -5.0400000e+01   1.3814117e-02   1.3814779e-02   1.3689978e-02   1.3053263e-02   1.4711594e-02   1.8182635e-02   2.0435626e-02   2.1082888e-02   2.3196783e-02   2.5794388e-02   2.7042601e-02
  -4.9950000e+01   1.3821482e-02   1.3821523e-02   1.3729758e-02   1.3291193e-02   1.5309980e-02   1.8755052e-02   2.0888813e-02   2.1439704e-02   2.3394449e-02   2.5872952e-02   2.7070891e-02
  -4.9500000e+01   1.3828966e-02   1.3828347e-02   1.3753229e-02   1.3534014e-02   1.5931760e-02   1.9334492e-02   2.1343362e-02   2.1795105e-02   2.3590491e-02   2.5950817e-02   2.7098928e-02
  -4.9050000e+01   1.3841802e-02   1.3835473e-02   1.3762867e-02   1.3790193e-02   1.6578083e-02   1.9920566e-02   2.1799159e-02   2.2149051e-02   2.3784904e-02   2.6027983e-02   2.7126711e-02
  -4.8600000e+01   1.3855759e-02   1.3844089e-02   1.3759228e-02   1.4069293e-02   1.7249959e-02   2.0512866e-02   2.2256093e-02   2.2501500e-02   2.3977685e-02   2.6104450e-02   2.7154240e-02
  -4.8150000e+01   1.3857811e-02   1.3856931e-02   1.3741696e-02   1.4381881e-02   1.7948235e-02   2.1110957e-02   2.2714050e-02   2.2852411e-02   2.4168829e-02   2.6180216e-02   2.7181517e-02
  -4.7700000e+01   1.3857908e-02   1.3864060e-02   1.3710036e-02   1.4739362e-02   1.8673550e-02   2.1714387e-02   2.3172916e-02   2.3201741e-02   2.4358331e-02   2.6255284e-02   2.7208539e-02
  -4.7250000e+01   1.3857841e-02   1.3804646e-02   1.3666994e-02   1.5153753e-02   1.9426315e-02   2.2322681e-02   2.3632578e-02   2.3549451e-02   2.4546189e-02   2.6329651e-02   2.7235308e-02
  -4.6800000e+01   1.3855418e-02   1.3674335e-02   1.3620462e-02   1.5637384e-02   2.0206675e-02   2.2935349e-02   2.4092920e-02   2.3895498e-02   2.4732397e-02   2.6403318e-02   2.7261824e-02
  -4.6350000e+01   1.3807562e-02   1.3532675e-02   1.3583415e-02   1.6202524e-02   2.1014488e-02   2.3551880e-02   2.4553827e-02   2.4239842e-02   2.4916952e-02   2.6476285e-02   2.7288085e-02
  -4.5900000e+01   1.3520714e-02   1.3394893e-02   1.3572393e-02   1.6860946e-02   2.1849303e-02   2.4171749e-02   2.5015185e-02   2.4582442e-02   2.5099850e-02   2.6548551e-02   2.7314094e-02
  -4.5450000e+01   1.3273519e-02   1.3260168e-02   1.3606963e-02   1.7623422e-02   2.2710339e-02   2.4794416e-02   2.5476876e-02   2.4923257e-02   2.5281087e-02   2.6620118e-02   2.7339848e-02
  -4.5000000e+01   1.3126220e-02   1.3126890e-02   1.3711545e-02   1.8499199e-02   2.3596475e-02   2.5419331e-02   2.5938786e-02   2.5262247e-02   2.5460659e-02   2.6690983e-02   2.7365350e-02
  -4.4550000e+01   1.2978921e-02   1.2993039e-02   1.3920094e-02   1.9495439e-02   2.4506246e-02   2.6045932e-02   2.6400798e-02   2.5599370e-02   2.5638563e-02   2.6761148e-02   2.7390597e-02
  -4.4100000e+01   1.2731726e-02   1.2851317e-02   1.4284427e-02   2.0616696e-02   2.5437834e-02   2.6673648e-02   2.6862797e-02   2.5934586e-02   2.5814794e-02   2.6830612e-02   2.7415591e-02
  -4.3650000e+01   1.2444875e-02   1.2669892e-02   1.4885524e-02   2.1864429e-02   2.6389084e-02   2.7301905e-02   2.7324665e-02   2.6267856e-02   2.5989348e-02   2.6899375e-02   2.7440332e-02
  -4.3200000e+01   1.2397000e-02   1.2363107e-02   1.5839865e-02   2.3236616e-02   2.7357505e-02   2.7930122e-02   2.7786287e-02   2.6599139e-02   2.6162223e-02   2.6967437e-02   2.7464819e-02
  -4.2750000e+01   1.2394490e-02   1.2126786e-02   1.7281594e-02   2.4727481e-02   2.8340297e-02   2.8557721e-02   2.8247546e-02   2.6928395e-02   2.6333414e-02   2.7034797e-02   2.7489052e-02
  -4.2300000e+01   1.2395888e-02   1.3758751e-02   1.9307672e-02   2.6327391e-02   2.9334368e-02   2.9184121e-02   2.8708327e-02   2.7255584e-02   2.6502919e-02   2.7101456e-02   2.7513031e-02
  -4.1850000e+01   1.2456773e-02   1.7869757e-02   2.1917692e-02   2.8022923e-02   3.0336367e-02   2.9808750e-02   2.9168513e-02   2.7580668e-02   2.6670732e-02   2.7167414e-02   2.7536757e-02
  -4.1400000e+01   1.3777517e-02   2.2494869e-02   2.5009396e-02   2.9797128e-02   3.1342721e-02   3.0431038e-02   2.9627989e-02   2.7903605e-02   2.6836852e-02   2.7232670e-02   2.7560230e-02
  -4.0950000e+01   2.2765192e-02   2.6999718e-02   2.8434385e-02   3.1629987e-02   3.2349671e-02   3.1050427e-02   3.0086640e-02   2.8224358e-02   2.7001274e-02   2.7297224e-02   2.7583449e-02
  -4.0500000e+01   3.1030834e-02   3.1401555e-02   3.2054506e-02   3.3499038e-02   3.3353318e-02   3.1666370e-02   3.0544349e-02   2.8542888e-02   2.7163996e-02   2.7361076e-02   2.7606414e-02
  -4.0050000e+01   3.5850280e-02   3.5757552e-02   3.5760972e-02   3.5380144e-02   3.4349670e-02   3.2278336e-02   3.1001003e-02   2.8859155e-02   2.7325013e-02   2.7424226e-02   2.7629125e-02
  -3.9600000e+01   4.0592491e-02   4.0109810e-02   3.9464880e-02   3.7248377e-02   3.5334692e-02   3.2885808e-02   3.1456486e-02   2.9173120e-02   2.7484322e-02   2.7486674e-02   2.7651583e-02
  -3.9150000e+01   4.8261345e-02   4.4497425e-02   4.3077472e-02   3.9078931e-02   3.6304356e-02   3.3488292e-02   3.1910685e-02   2.9484747e-02   2.7641921e-02   2.7548420e-02   2.7673788e-02
  -3.8700000e+01   5.8048670e-02   4.8971531e-02   4.6489301e-02   4.0848058e-02   3.7254695e-02   3.4085313e-02   3.2363486e-02   2.9793997e-02   2.7797805e-02   2.7609464e-02   2.7695738e-02
  -3.8250000e+01   5.9993640e-02   5.3582514e-02   4.9556758e-02   4.2533922e-02   3.8181853e-02   3.4676423e-02   3.2814775e-02   3.0100831e-02   2.7951973e-02   2.7669805e-02   2.7717435e-02
  -3.7800000e+01   6.0102680e-02   5.7974629e-02   5.2115100e-02   4.4117356e-02   3.9082132e-02   3.5261200e-02   3.3264441e-02   3.0405212e-02   2.8104420e-02   2.7729443e-02   2.7738879e-02
  -3.7350000e+01   6.0106113e-02   6.0147675e-02   5.4034281e-02   4.5582461e-02   3.9952047e-02   3.5839249e-02   3.3712371e-02   3.0707104e-02   2.8255144e-02   2.7788379e-02   2.7760068e-02
  -3.6900000e+01   6.0098656e-02   5.9628853e-02   5.5288330e-02   4.6917013e-02   4.0788367e-02   3.6410206e-02   3.4158452e-02   3.1006468e-02   2.8404142e-02   2.7846612e-02   2.7781004e-02
  -3.6450000e+01   5.9922274e-02   5.8724612e-02   5.5968548e-02   4.8112665e-02   4.1588153e-02   3.6973741e-02   3.4602575e-02   3.1303268e-02   2.8551410e-02   2.7904141e-02   2.7801687e-02
  -3.6000000e+01   5.8603965e-02   5.7980850e-02   5.6224595e-02   4.9164938e-02   4.2348801e-02   3.7529556e-02   3.5044630e-02   3.1597468e-02   2.8696946e-02   2.7960968e-02   2.7822115e-02
  -3.5550000e+01   5.7349482e-02   5.7305161e-02   5.6196568e-02   5.0073021e-02   4.3068071e-02   3.8077389e-02   3.5484505e-02   3.1889031e-02   2.8840747e-02   2.8017092e-02   2.7842290e-02
  -3.5100000e+01   5.6625000e-02   5.6646656e-02   5.5986429e-02   5.0839390e-02   4.3744111e-02   3.8617012e-02   3.5922093e-02   3.2177922e-02   2.8982809e-02   2.8072512e-02   2.7862212e-02
  -3.4650000e+01   5.5923205e-02   5.5990339e-02   5.5661969e-02   5.1469305e-02   4.4375484e-02   3.9148237e-02   3.6357285e-02   3.2464104e-02   2.9123131e-02   2.8127229e-02   2.7881879e-02
  -3.4200000e+01   5.4859041e-02   5.5329985e-02   5.5270451e-02   5.1970208e-02   4.4961178e-02   3.9670912e-02   3.6789973e-02   3.2747543e-02   2.9261709e-02   2.8181243e-02   2.7901294e-02
  -3.3750000e+01   5.3314839e-02   5.4659111e-02   5.4850280e-02   5.2351091e-02   4.5500614e-02   4.0184923e-02   3.7220051e-02   3.3028203e-02   2.9398541e-02   2.8234553e-02   2.7920454e-02
  -3.3300000e+01   5.2915960e-02   5.3968699e-02   5.4438103e-02   5.2621862e-02   4.5993654e-02   4.0690193e-02   3.7647413e-02   3.3306050e-02   2.9533624e-02   2.8287159e-02   2.7939360e-02
  -3.2850000e+01   5.2890480e-02   5.3288516e-02   5.4069951e-02   5.2792754e-02   4.6440597e-02   4.1186686e-02   3.8071952e-02   3.3581049e-02   2.9666955e-02   2.8339062e-02   2.7958013e-02
  -3.2400000e+01   5.2889552e-02   5.2887547e-02   5.3774697e-02   5.2873823e-02   4.6842166e-02   4.1674399e-02   3.8493566e-02   3.3853166e-02   2.9798532e-02   2.8390260e-02   2.7976413e-02
  -3.1950000e+01   5.2890276e-02   5.2922345e-02   5.3563732e-02   5.2874550e-02   4.7199501e-02   4.2153369e-02   3.8912150e-02   3.4122368e-02   2.9928352e-02   2.8440755e-02   2.7994558e-02
  -3.1500000e+01   5.2909434e-02   5.3039044e-02   5.3427689e-02   5.2803558e-02   4.7514136e-02   4.2623668e-02   3.9327601e-02   3.4388622e-02   3.0056412e-02   2.8490546e-02   2.8012450e-02
  -3.1050000e+01   5.3061734e-02   5.3130142e-02   5.3344594e-02   5.2668467e-02   4.7787977e-02   4.3085401e-02   3.9739817e-02   3.4651893e-02   3.0182711e-02   2.8539632e-02   2.8030088e-02
  -3.0600000e+01   5.3205468e-02   5.3209990e-02   5.3290703e-02   5.2475869e-02   4.8023277e-02   4.3538708e-02   4.0148697e-02   3.4912150e-02   3.0307246e-02   2.8588015e-02   2.8047473e-02
  -3.0150000e+01   5.3289191e-02   5.3287152e-02   5.3245536e-02   5.2231413e-02   4.8222604e-02   4.3983759e-02   4.0554142e-02   3.5169360e-02   3.0430014e-02   2.8635693e-02   2.8064603e-02
  -2.9700000e+01   5.3369152e-02   5.3363958e-02   5.3191005e-02   5.1939987e-02   4.8388807e-02   4.4420755e-02   4.0956051e-02   3.5423491e-02   3.0551013e-02   2.8682666e-02   2.8081480e-02
  -2.9250000e+01   5.3476230e-02   5.3441924e-02   5.3107690e-02   5.1605964e-02   4.8524981e-02   4.4849921e-02   4.1354326e-02   3.5674512e-02   3.0670240e-02   2.8728935e-02   2.8098104e-02
  -2.8800000e+01   5.3656667e-02   5.3526807e-02   5.2970088e-02   5.1233485e-02   4.8634431e-02   4.5271512e-02   4.1748869e-02   3.5922391e-02   3.0787695e-02   2.8774500e-02   2.8114473e-02
  -2.8350000e+01   5.3731483e-02   5.3640392e-02   5.2742688e-02   5.0826761e-02   4.8720627e-02   4.5685800e-02   4.2139585e-02   3.6167098e-02   3.0903373e-02   2.8819359e-02   2.8130589e-02
  -2.7900000e+01   5.3737573e-02   5.3795088e-02   5.2381782e-02   5.0390351e-02   4.8787169e-02   4.6093081e-02   4.2526376e-02   3.6408602e-02   3.1017273e-02   2.8863514e-02   2.8146451e-02
  -2.7450000e+01   5.3737749e-02   5.3597439e-02   5.1849032e-02   4.9929402e-02   4.8837746e-02   4.6493665e-02   4.2909149e-02   3.6646873e-02   3.1129393e-02   2.8906965e-02   2.8162060e-02
  -2.7000000e+01   5.3727479e-02   5.2485481e-02   5.1132277e-02   4.9449831e-02   4.8876092e-02   4.6887878e-02   4.3287809e-02   3.6881882e-02   3.1239731e-02   2.8949710e-02   2.8177414e-02
  -2.6550000e+01   5.3396977e-02   5.1099012e-02   5.0254313e-02   4.8958433e-02   4.8905949e-02   4.7276057e-02   4.3662263e-02   3.7113599e-02   3.1348285e-02   2.8991750e-02   2.8192515e-02
  -2.6100000e+01   5.0789272e-02   4.9757438e-02   4.9259600e-02   4.8462905e-02   4.8931027e-02   4.7658544e-02   4.4032420e-02   3.7341995e-02   3.1455052e-02   2.9033085e-02   2.8207362e-02
  -2.5650000e+01   4.8558938e-02   4.8446006e-02   4.8194118e-02   4.7971795e-02   4.8954963e-02   4.8035689e-02   4.4398188e-02   3.7567042e-02   3.1560031e-02   2.9073715e-02   2.8221956e-02
  -2.5200000e+01   4.7176375e-02   4.7144453e-02   4.7095362e-02   4.7494370e-02   4.8981292e-02   4.8407842e-02   4.4759477e-02   3.7788713e-02   3.1663220e-02   2.9113640e-02   2.8236296e-02
  -2.4750000e+01   4.5870417e-02   4.5845507e-02   4.5993432e-02   4.7040420e-02   4.9013407e-02   4.8775352e-02   4.5116198e-02   3.8006978e-02   3.1764616e-02   2.9152860e-02   2.8250382e-02
  -2.4300000e+01   4.4567174e-02   4.4545700e-02   4.4917108e-02   4.6620012e-02   4.9054528e-02   4.9138563e-02   4.5468263e-02   3.8221812e-02   3.1864219e-02   2.9191374e-02   2.8264214e-02
  -2.3850000e+01   4.3262471e-02   4.3237671e-02   4.3901225e-02   4.6243208e-02   4.9107677e-02   4.9497810e-02   4.5815585e-02   3.8433188e-02   3.1962025e-02   2.9229183e-02   2.8277792e-02
  -2.3400000e+01   4.1956442e-02   4.1893120e-02   4.2993123e-02   4.5919762e-02   4.9175651e-02   4.9853420e-02   4.6158078e-02   3.8641078e-02   3.2058034e-02   2.9266286e-02   2.8291117e-02
  -2.2950000e+01   4.0642298e-02   4.0474343e-02   4.2252454e-02   4.5658826e-02   4.9260996e-02   5.0205701e-02   4.6495656e-02   3.8845458e-02   3.2152243e-02   2.9302684e-02   2.8304188e-02
  -2.2500000e+01   3.9342079e-02   3.9438887e-02   4.1735925e-02   4.5468667e-02   4.9365995e-02   5.0554950e-02   4.6828235e-02   3.9046301e-02   3.2244651e-02   2.9338376e-02   2.8317005e-02
  -2.2050000e+01   3.9832286e-02   3.9667343e-02   4.1470119e-02   4.5356406e-02   4.9492648e-02   5.0901441e-02   4.7155733e-02   3.9243584e-02   3.2335256e-02   2.9373362e-02   2.8329568e-02
  -2.1600000e+01   4.0336825e-02   4.0279820e-02   4.1436667e-02   4.5327817e-02   4.9642664e-02   5.1245426e-02   4.7478067e-02   3.9437281e-02   3.2424057e-02   2.9407642e-02   2.8341878e-02
  -2.1150000e+01   4.0833816e-02   4.0818733e-02   4.1587153e-02   4.5387146e-02   4.9817451e-02   5.1587133e-02   4.7795157e-02   3.9627368e-02   3.2511051e-02   2.9441217e-02   2.8353934e-02
  -2.0700000e+01   4.1330267e-02   4.1321747e-02   4.1870972e-02   4.5537001e-02   5.0018114e-02   5.1926766e-02   4.8106922e-02   3.9813821e-02   3.2596238e-02   2.9474086e-02   2.8365736e-02
  -2.0250000e+01   4.1826161e-02   4.1817026e-02   4.2251945e-02   4.5778274e-02   5.0245457e-02   5.2264496e-02   4.8413283e-02   3.9996618e-02   3.2679615e-02   2.9506248e-02   2.8377284e-02
  -1.9800000e+01   4.2323089e-02   4.2311347e-02   4.2710656e-02   4.6110116e-02   5.0499983e-02   5.2600466e-02   4.8714163e-02   4.0175736e-02   3.2761182e-02   2.9537705e-02   2.8388579e-02
  -1.9350000e+01   4.2849165e-02   4.2805814e-02   4.3241672e-02   4.6529950e-02   5.0781907e-02   5.2934788e-02   4.9009485e-02   4.0351152e-02   3.2840936e-02   2.9568456e-02   2.8399620e-02
  -1.8900000e+01   4.3697825e-02   4.3297662e-02   4.3852100e-02   4.7033524e-02   5.1091160e-02   5.3267539e-02   4.9299174e-02   4.0522844e-02   3.2918877e-02   2.9598501e-02   2.8410407e-02
  -1.8450000e+01   4.4690071e-02   4.3769986e-02   4.4562165e-02   4.7615008e-02   5.1427409e-02   5.3598762e-02   4.9583155e-02   4.0690792e-02   3.2995002e-02   2.9627839e-02   2.8420940e-02
  -1.8000000e+01   4.4815791e-02   4.4188699e-02   4.5403497e-02   4.8267116e-02   5.1790067e-02   5.3928464e-02   4.9861355e-02   4.0854974e-02   3.3069311e-02   2.9656471e-02   2.8431219e-02
  -1.7550000e+01   4.4819696e-02   4.4781106e-02   4.6408332e-02   4.8981287e-02   5.2178317e-02   5.4256620e-02   5.0133702e-02   4.1015370e-02   3.3141802e-02   2.9684397e-02   2.8441245e-02
  -1.7100000e+01   4.4825508e-02   4.6203357e-02   4.7590004e-02   4.9747888e-02   5.2591124e-02   5.4583165e-02   5.0400125e-02   4.1171961e-02   3.3212474e-02   2.9711616e-02   2.8451017e-02
  -1.6650000e+01   4.4965929e-02   4.8045788e-02   4.8930305e-02   5.0556476e-02   5.3027265e-02   5.4908000e-02   5.0660554e-02   4.1324726e-02   3.3281326e-02   2.9738130e-02   2.8460535e-02
  -1.6200000e+01   4.6696529e-02   4.9879605e-02   5.0387413e-02   5.1396090e-02   5.3485343e-02   5.5230990e-02   5.0914922e-02   4.1473647e-02   3.3348356e-02   2.9763936e-02   2.8469799e-02
  -1.5750000e+01   5.0870417e-02   5.1680201e-02   5.1914645e-02   5.2255580e-02   5.3963811e-02   5.5551964e-02   5.1163162e-02   4.1618705e-02   3.3413564e-02   2.9789036e-02   2.8478809e-02
  -1.5300000e+01   5.3347373e-02   5.3464692e-02   5.3472113e-02   5.3123970e-02   5.4460995e-02   5.5870717e-02   5.1405207e-02   4.1759882e-02   3.3476947e-02   2.9813430e-02   2.8487566e-02
  -1.4850000e+01   5.5197049e-02   5.5243618e-02   5.5027055e-02   5.3990829e-02   5.4975114e-02   5.6187010e-02   5.1640992e-02   4.1897161e-02   3.3538506e-02   2.9837117e-02   2.8496069e-02
  -1.4400000e+01   5.7133748e-02   5.7026283e-02   5.6548059e-02   5.4846643e-02   5.5504298e-02   5.6500573e-02   5.1870457e-02   4.2030525e-02   3.3598238e-02   2.9860098e-02   2.8504318e-02
  -1.3950000e+01   6.0458608e-02   5.8827466e-02   5.7997221e-02   5.5683164e-02   5.6046609e-02   5.6811104e-02   5.2093537e-02   4.2159957e-02   3.3656143e-02   2.9882371e-02   2.8512313e-02
  -1.3500000e+01   6.3981626e-02   6.0677772e-02   5.9322605e-02   5.6493721e-02   5.6600054e-02   5.7118271e-02   5.2310174e-02   4.2285442e-02   3.3712221e-02   2.9903938e-02   2.8520055e-02
  -1.3050000e+01   6.4424629e-02   6.2594672e-02   6.0456713e-02   5.7273470e-02   5.7162605e-02   5.7421715e-02   5.2520308e-02   4.2406963e-02   3.3766468e-02   2.9924799e-02   2.8527542e-02
  -1.2600000e+01   6.4441175e-02   6.4149865e-02   6.1331155e-02   5.8019552e-02   5.7732208e-02   5.7721051e-02   5.2723883e-02   4.2524506e-02   3.3818886e-02   2.9944952e-02   2.8534776e-02
  -1.2150000e+01   6.4440753e-02   6.4315204e-02   6.1908312e-02   5.8731168e-02   5.8306798e-02   5.8015874e-02   5.2920842e-02   4.2638056e-02   3.3869473e-02   2.9964399e-02   2.8541756e-02
  -1.1700000e+01   6.4423090e-02   6.3759175e-02   6.2205322e-02   5.9409533e-02   5.8884301e-02   5.8305753e-02   5.3111131e-02   4.2747599e-02   3.3918228e-02   2.9983139e-02   2.8548482e-02
  -1.1250000e+01   6.4147079e-02   6.3229790e-02   6.2283911e-02   6.0057723e-02   5.9462651e-02   5.8590242e-02   5.3294699e-02   4.2853122e-02   3.3965150e-02   3.0001172e-02   2.8554955e-02
  -1.0800000e+01   6.3078562e-02   6.2753952e-02   6.2217983e-02   6.0680421e-02   6.0039788e-02   5.8868878e-02   5.3471492e-02   4.2954611e-02   3.4010238e-02   3.0018498e-02   2.8561173e-02
  -1.0350000e+01   6.2342210e-02   6.2295392e-02   6.2070381e-02   6.1283555e-02   6.0613664e-02   5.9141186e-02   5.3641464e-02   4.3052055e-02   3.4053492e-02   3.0035117e-02   2.8567138e-02
  -9.9000000e+00   6.1856601e-02   6.1841178e-02   6.1888976e-02   6.1873872e-02   6.1182250e-02   5.9406678e-02   5.3804565e-02   4.3145440e-02   3.4094911e-02   3.0051030e-02   2.8572849e-02
  -9.4500000e+00   6.1355293e-02   6.1385891e-02   6.1713571e-02   6.2458456e-02   6.1743534e-02   5.9664862e-02   5.3960749e-02   4.3234756e-02   3.4134494e-02   3.0066235e-02   2.8578306e-02
  -9.0000000e+00   6.0487249e-02   6.0921814e-02   6.1585553e-02   6.3044229e-02   6.2295523e-02   5.9915239e-02   5.4109974e-02   4.3319992e-02   3.4172241e-02   3.0080733e-02   2.8583510e-02
  -8.5500000e+00   5.9575042e-02   6.0426745e-02   6.1556771e-02   6.3637452e-02   6.2836249e-02   6.0157310e-02   5.4252195e-02   4.3401136e-02   3.4208151e-02   3.0094524e-02   2.8588459e-02
  -8.1000000e+00   5.9453004e-02   5.9864855e-02   6.1692894e-02   6.4243277e-02   6.3363766e-02   6.0390575e-02   5.4387374e-02   4.3478179e-02   3.4242222e-02   3.0107608e-02   2.8593155e-02
  -7.6500000e+00   5.9447868e-02   5.9480421e-02   6.2062199e-02   6.4865360e-02   6.3876154e-02   6.0614541e-02   5.4515470e-02   4.3551112e-02   3.4274455e-02   3.0119985e-02   2.8597597e-02
  -7.2000000e+00   5.9449136e-02   6.0246120e-02   6.2707251e-02   6.5505562e-02   6.4371523e-02   6.0828721e-02   5.4636448e-02   4.3619926e-02   3.4304850e-02   3.0131655e-02   2.8601785e-02
  -6.7500000e+00   5.9490831e-02   6.1933309e-02   6.3620090e-02   6.6163756e-02   6.4848018e-02   6.1032638e-02   5.4750271e-02   4.3684611e-02   3.4333405e-02   3.0142617e-02   2.8605719e-02
  -6.3000000e+00   6.0234482e-02   6.3703187e-02   6.4747887e-02   6.6837757e-02   6.5303822e-02   6.1225829e-02   5.4856908e-02   4.3745160e-02   3.4360120e-02   3.0152873e-02   2.8609400e-02
  -5.8500000e+00   6.3976619e-02   6.5415521e-02   6.6022517e-02   6.7523351e-02   6.5737162e-02   6.1407844e-02   5.4956328e-02   4.3801566e-02   3.4384994e-02   3.0162421e-02   2.8612826e-02
  -5.4000000e+00   6.6908769e-02   6.7093351e-02   6.7384527e-02   6.8214448e-02   6.6146320e-02   6.1578254e-02   5.5048501e-02   4.3853822e-02   3.4408028e-02   3.0171262e-02   2.8615999e-02
  -4.9500000e+00   6.8721931e-02   6.8757422e-02   6.8789004e-02   6.8903318e-02   6.6529639e-02   6.1736650e-02   5.5133400e-02   4.3901921e-02   3.4429220e-02   3.0179396e-02   2.8618918e-02
  -4.5000000e+00   7.0564623e-02   7.0422895e-02   7.0200243e-02   6.9580910e-02   6.6885536e-02   6.1882646e-02   5.5211001e-02   4.3945857e-02   3.4448571e-02   3.0186822e-02   2.8621583e-02
  -4.0500000e+00   7.3724952e-02   7.2105806e-02   7.1583406e-02   7.0237217e-02   6.7212508e-02   6.2015882e-02   5.5281281e-02   4.3985625e-02   3.4466080e-02   3.0193542e-02   2.8623995e-02
  -3.6000000e+00   7.7161346e-02   7.3827593e-02   7.2896721e-02   7.0861681e-02   6.7509149e-02   6.2136025e-02   5.5344218e-02   4.4021220e-02   3.4481746e-02   3.0199554e-02   2.8626152e-02
  -3.1500000e+00   7.7666326e-02   7.5593815e-02   7.4087586e-02   7.1443598e-02   6.7774158e-02   6.2242772e-02   5.5399796e-02   4.4052638e-02   3.4495571e-02   3.0204858e-02   2.8628056e-02
  -2.7000000e+00   7.7689604e-02   7.7165354e-02   7.5099312e-02   7.1972521e-02   6.8006353e-02   6.2335850e-02   5.5447996e-02   4.4079874e-02   3.4507552e-02   3.0209456e-02   2.8629706e-02
  -2.2500000e+00   7.7690165e-02   7.7813050e-02   7.5891724e-02   7.2438627e-02   6.8204682e-02   6.2415021e-02   5.5488805e-02   4.4102926e-02   3.4517690e-02   3.0213346e-02   2.8631102e-02
  -1.8000000e+00   7.7690132e-02   7.7772455e-02   7.6461669e-02   7.2833048e-02   6.8368233e-02   6.2480081e-02   5.5522211e-02   4.4121791e-02   3.4525986e-02   3.0216529e-02   2.8632244e-02
  -1.3500000e+00   7.7690125e-02   7.7709222e-02   7.6841325e-02   7.3148154e-02   6.8496245e-02   6.2530860e-02   5.5548204e-02   4.4136466e-02   3.4532438e-02   3.0219005e-02   2.8633132e-02
  -9.0000000e-01   7.7690124e-02   7.7692509e-02   7.7075736e-02   7.3377778e-02   6.8588119e-02   6.2567227e-02   5.5566775e-02   4.4146949e-02   3.4537046e-02   3.0220773e-02   2.8633767e-02
  -4.5000000e-01   7.7690124e-02   7.7689830e-02   7.7202018e-02   7.3517397e-02   6.8643418e-02   6.2589085e-02   5.5577921e-02   4.4153240e-02   3.4539812e-02   3.0221834e-02   2.8634148e-02
   0.0000000e+00   7.7690124e-02   7.7689610e-02   7.7241833e-02   7.3564246e-02   6.8661880e-02   6.2596377e-02   5.5581636e-02   4.4155336e-02   3.4540733e-02   3.0222188e-02   2.8634275e-02
   4.5000000e-01   7.7690124e-02   7.7689830e-02   7.7202018e-02   7.3517397e-02   6.8643418e-02   6.2589085e-02   5.5577921e-02   4.4153240e-02   3.4539812e-02   3.0221834e-02   2.8634148e-02
   9.0000000e-01   7.7690124e-02   7.7692509e-02   7.7075736e-02   7.3377778e-02   6.8588119e-02   6.2567227e-02   5.5566775e-02   4.4146949e-02   3.4537046e-02   3.0220773e-02   2.8633767e-02
   1.3500000e+00   7.7690125e-02   7.7709222e-02   7.6841325e-02   7.3148154e-02   6.8496245e-02   6.2530860e-02   5.5548204e-02   4.4136466e-02   3.4532438e-02   3.0219005e-02   2.8633132e-02
   1.8000000e+00   7.7690132e-02   7.7772455e-02   7.6461669e-02   7.2833048e-02   6.8368233e-02   6.2480081e-02   5.5522211e-02   4.4121791e-02   3.4525986e-02   3.0216529e-02   2.8632244e-02
   2.2500000e+00   7.7690165e-02   7.7813050e-02   7.5891724e-02   7.2438627e-02   6.8204682e-02   6.2415021e-02   5.5488805e-02   4.4102926e-02   3.4517690e-02   3.0213346e-02   2.8631102e-02
   2.7000000e+00   7.7689604e-02   7.7165354e-02   7.5099312e-02   7.1972521e-02   6.8006353e-02   6.2335850e-02   5.5447996e-02   4.4079874e-02   3.4507552e-02   3.0209456e-02   2.8629706e-02
   3.1500000e+00   7.7666326e-02   7.5593815e-02   7.4087586e-02   7.1443598e-02   6.7774158e-02   6.2242772e-02   5.5399796e-02   4.4052638e-02   3.4495571e-02   3.0204858e-02   2.8628056e-02
   3.6000000e+00   7.7161346e-02   7.3827593e-02   7.2896721e-02   7.0861681e-02   6.7509149e-02   6.2136025e-02   5.5344218e-02   4.4021220e-02   3.4481746e-02   3.0199554e-02   2.8626152e-02
   4.0500000e+00   7.3724952e-02   7.2105806e-02   7.1583406e-02   7.0237217e-02   6.7212508e-02   6.2015882e-02   5.5281281e-02   4.3985625e-02   3.4466080e-02   3.0193542e-02   2.8623995e-02
   4.5000000e+00   7.0564623e-02   7.0422895e-02   7.0200243e-02   6.9580910e-02   6.6885536e-02   6.1882646e-02   5.5211001e-02   4.3945857e-02   3.4448571e-02   3.0186822e-02   2.8621583e-02
   4.9500000e+00   6.8721931e-02   6.8757422e-02   6.8789004e-02   6.8903318e-02   6.6529639e-02   6.1736650e-02   5.5133400e-02   4.3901921e-02   3.4429220e-02   3.0179396e-02   2.8618918e-02
   5.4000000e+00   6.6908769e-02   6.7093351e-02   6.7384527e-02   6.8214448e-02   6.6146320e-02   6.1578254e-02   5.5048501e-02   4.3853822e-02   3.4408028e-02   3.0171262e-02   2.8615999e-02
   5.8500000e+00   6.3976619e-02   6.5415521e-02   6.6022517e-02   6.7523351e-02   6.5737162e-02   6.1407844e-02   5.4956328e-02   4.3801566e-02   3.4384994e-02   3.0162421e-02   2.8612826e-02
   6.3000000e+00   6.0234482e-02   6.3703187e-02   6.4747887e-02   6.6837757e-02   6.5303822e-02   6.1225829e-02   5.4856908e-02   4.3745160e-02   3.4360120e-02   3.0152873e-02   2.8609400e-02
   6.7500000e+00   5.9490831e-02   6.1933309e-02   6.3620090e-02   6.6163756e-02   6.4848018e-02   6.1032638e-02   5.4750271e-02   4.3684611e-02   3.4333405e-02   3.0142617e-02   2.8605719e-02
   7.2000000e+00   5.9449136e-02   6.0246120e-02   6.2707251e-02   6.5505562e-02   6.4371523e-02   6.0828721e-02   5.4636448e-02   4.3619926e-02   3.4304850e-02   3.0131655e-02   2.8601785e-02
   7.6500000e+00   5.9447868e-02   5.9480421e-02   6.2062199e-02   6.4865360e-02   6.3876154e-02   6.0614541e-02   5.4515470e-02   4.3551112e-02   3.4274455e-02   3.0119985e-02   2.8597597e-02
   8.1000000e+00   5.9453004e-02   5.9864855e-02   6.1692894e-02   6.4243277e-02   6.3363766e-02   6.0390575e-02   5.4387374e-02   4.3478179e-02   3.4242222e-02   3.0107608e-02   2.8593155e-02
   8.5500000e+00   5.9575042e-02   6.0426745e-02   6.1556771e-02   6.3637452e-02   6.2836249e-02   6.0157310e-02   5.4252195e-02   4.3401136e-02   3.4208151e-02   3.0094524e-02   2.8588459e-02
   9.0000000e+00   6.0487249e-02   6.0921814e-02   6.1585553e-02   6.3044229e-02   6.2295523e-02   5.9915239e-02   5.4109974e-02   4.3319992e-02   3.4172241e-02   3.0080733e-02   2.8583510e-02
   9.4500000e+00   6.1355293e-02   6.1385891e-02   6.1713571e-02   6.2458456e-02   6.1743534e-02   5.9664862e-02   5.3960749e-02   4.3234756e-02   3.4134494e-02   3.0066235e-02   2.8578306e-02
   9.9000000e+00   6.1856601e-02   6.1841178e-02   6.1888976e-02   6.1873872e-02   6.1182250e-02   5.9406678e-02   5.3804565e-02   4.3145440e-02   3.4094911e-02   3.0051030e-02   2.8572849e-02
   1.0350000e+01   6.2342210e-02   6.2295392e-02   6.2070381e-02   6.1283555e-02   6.0613664e-02   5.9141186e-02   5.3641464e-02   4.3052055e-02   3.4053492e-02   3.0035117e-02   2.8567138e-02
   1.0800000e+01   6.3078562e-02   6.2753952e-02   6.2217983e-02   6.0680421e-02   6.0039788e-02   5.8868878e-02   5.3471492e-02   4.2954611e-02   3.4010238e-02   3.0018498e-02   2.8561173e-02
   1.1250000e+01   6.4147079e-02   6.3229790e-02   6.2283911e-02   6.0057723e-02   5.9462651e-02   5.8590242e-02   5.3294699e-02   4.2853122e-02   3.3965150e-02   3.0001172e-02   2.8554955e-02
   1.1700000e+01   6.4423090e-02   6.3759175e-02   6.2205322e-02   5.9409533e-02   5.8884301e-02   5.8305753e-02   5.3111131e-02   4.2747599e-02   3.3918228e-02   2.9983139e-02   2.8548482e-02
   1.2150000e+01   6.4440753e-02   6.4315204e-02   6.1908312e-02   5.8731168e-02   5.8306798e-02   5.8015874e-02   5.2920842e-02   4.2638056e-02   3.3869473e-02   2.9964399e-02   2.8541756e-02
   1.2600000e+01   6.4441175e-02   6.4149865e-02   6.1331155e-02   5.8019552e-02   5.7732208e-02   5.7721051e-02   5.2723883e-02   4.2524506e-02   3.3818886e-02   2.9944952e-02   2.8534776e-02
   1.3050000e+01   6.4424629e-02   6.2594672e-02   6.0456713e-02   5.7273470e-02   5.7162605e-02   5.7421715e-02   5.2520308e-02   4.2406963e-02   3.3766468e-02   2.9924799e-02   2.8527542e-02
   1.3500000e+01   6.3981626e-02   6.0677772e-02   5.9322605e-02   5.6493721e-02   5.6600054e-02   5.7118271e-02   5.2310174e-02   4.2285442e-02   3.3712221e-02   2.9903938e-02   2.8520055e-02
   1.3950000e+01   6.0458608e-02   5.8827466e-02   5.7997221e-02   5.5683164e-02   5.6046609e-02   5.6811104e-02   5.2093537e-02   4.2159957e-02   3.3656143e-02   2.9882371e-02   2.8512313e-02
   1.4400000e+01   5.7133748e-02   5.7026283e-02   5.6548059e-02   5.4846643e-02   5.5504298e-02   5.6500573e-02   5.1870457e-02   4.2030525e-02   3.3598238e-02   2.9860098e-02   2.8504318e-02
   1.4850000e+01   5.5197049e-02   5.5243618e-02   5.5027055e-02   5.3990829e-02   5.4975114e-02   5.6187010e-02   5.1640992e-02   4.1897161e-02   3.3538506e-02   2.9837117e-02   2.8496069e-02
   1.5300000e+01   5.3347373e-02   5.3464692e-02   5.3472113e-02   5.3123970e-02   5.4460995e-02   5.5870717e-02   5.1405207e-02   4.1759882e-02   3.3476947e-02   2.9813430e-02   2.8487566e-02
   1.5750000e+01   5.0870417e-02   5.1680201e-02   5.1914645e-02   5.2255580e-02   5.3963811e-02   5.5551964e-02   5.1163162e-02   4.1618705e-02   3.3413564e-02   2.9789036e-02   2.8478809e-02
   1.6200000e+01   4.6696529e-02   4.9879605e-02   5.0387413e-02   5.1396090e-02   5.3485343e-02   5.5230990e-02   5.0914922e-02   4.1473647e-02   3.3348356e-02   2.9763936e-02   2.8469799e-02
   1.6650000e+01   4.4965929e-02   4.8045788e-02   4.8930305e-02   5.0556476e-02   5.3027265e-02   5.4908000e-02   5.0660554e-02   4.1324726e-02   3.3281326e-02   2.9738130e-02   2.8460535e-02
   1.7100000e+01   4.4825508e-02   4.6203357e-02   4.7590004e-02   4.9747888e-02   5.2591124e-02   5.4583165e-02   5.0400125e-02   4.1171961e-02   3.3212474e-02   2.9711616e-02   2.8451017e-02
   1.7550000e+01   4.4819696e-02   4.4781106e-02   4.6408332e-02   4.8981287e-02   5.2178317e-02   5.4256620e-02   5.0133702e-02   4.1015370e-02   3.3141802e-02   2.9684397e-02   2.8441245e-02
   1.8000000e+01   4.4815791e-02   4.4188699e-02   4.5403497e-02   4.8267116e-02   5.1790067e-02   5.3928464e-02   4.9861355e-02   4.0854974e-02   3.3069311e-02   2.9656471e-02   2.8431219e-02
   1.8450000e+01   4.4690071e-02   4.3769986e-02   4.4562165e-02   4.7615008e-02   5.1427409e-02   5.3598762e-02   4.9583155e-02   4.0690792e-02   3.2995002e-02   2.9627839e-02   2.8420940e-02
   1.8900000e+01   4.3697825e-02   4.3297662e-02   4.3852100e-02   4.7033524e-02   5.1091160e-02   5.3267539e-02   4.9299174e-02   4.0522844e-02   3.2918877e-02   2.9598501e-02   2.8410407e-02
   1.9350000e+01   4.2849165e-02   4.2805814e-02   4.3241672e-02   4.6529950e-02   5.0781907e-02   5.2934788e-02   4.9009485e-02   4.0351152e-02   3.2840936e-02   2.9568456e-02   2.8399620e-02
   1.9800000e+01   4.2323089e-02   4.2311347e-02   4.2710656e-02   4.6110116e-02   5.0499983e-02   5.2600466e-02   4.8714163e-02   4.0175736e-02   3.2761182e-02   2.9537705e-02   2.8388579e-02
   2.0250000e+01   4.1826161e-02   4.1817026e-02   4.2251945e-02   4.5778274e-02   5.0245457e-02   5.2264496e-02   4.8413283e-02   3.9996618e-02   3.2679615e-02   2.9506248e-02   2.8377284e-02
   2.0700000e+01   4.1330267e-02   4.1321747e-02   4.1870972e-02   4.5537001e-02   5.0018114e-02   5.1926766e-02   4.8106922e-02   3.9813821e-02   3.2596238e-02   2.9474086e-02   2.8365736e-02
   2.1150000e+01   4.0833816e-02   4.0818733e-02   4.1587153e-02   4.5387146e-02   4.9817451e-02   5.1587133e-02   4.7795157e-02   3.9627368e-02   3.2511051e-02   2.9441217e-02   2.8353934e-02
   2.1600000e+01   4.0336825e-02   4.0279820e-02   4.1436667e-02   4.5327817e-02   4.9642664e-02   5.1245426e-02   4.7478067e-02   3.9437281e-02   3.2424057e-02   2.9407642e-02   2.8341878e-02
   2.2050000e+01   3.9832286e-02   3.9667343e-02   4.1470119e-02   4.5356406e-02   4.9492648e-02   5.0901441e-02   4.7155733e-02   3.9243584e-02   3.2335256e-02   2.9373362e-02   2.8329568e-02
   2.2500000e+01   3.9342079e-02   3.9438887e-02   4.1735925e-02   4.5468667e-02   4.9365995e-02   5.0554950e-02   4.6828235e-02   3.9046301e-02   3.2244651e-02   2.9338376e-02   2.8317005e-02
   2.2950000e+01   4.0642298e-02   4.0474343e-02   4.2252454e-02   4.5658826e-02   4.9260996e-02   5.0205701e-02   4.6495656e-02   3.8845458e-02   3.2152243e-02   2.9302684e-02   2.8304188e-02
   2.3400000e+01   4.1956442e-02   4.1893120e-02   4.2993123e-02   4.5919762e-02   4.9175651e-02   4.9853420e-02   4.6158078e-02   3.8641078e-02   3.2058034e-02   2.9266286e-02   2.8291117e-02
   2.3850000e+01   4.3262471e-02   4.3237671e-02   4.3901225e-02   4.6243208e-02   4.9107677e-02   4.9497810e-02   4.5815585e-02   3.8433188e-02   3.1962025e-02   2.9229183e-02   2.8277792e-02
   2.4300000e+01   4.4567174e-02   4.4545700e-02   4.4917108e-02   4.6620012e-02   4.9054528e-02   4.9138563e-02   4.5468263e-02   3.8221812e-02   3.1864219e-02   2.9191374e-02   2.8264214e-02
   2.4750000e+01   4.5870417e-02   4.5845507e-02   4.5993432e-02   4.7040420e-02   4.9013407e-02   4.8775352e-02   4.5116198e-02   3.8006978e-02   3.1764616e-02   2.9152860e-02   2.8250382e-02
   2.5200000e+01   4.7176375e-02   4.7144453e-02   4.7095362e-02   4.7494370e-02   4.8981292e-02   4.8407842e-02   4.4759477e-02   3.7788713e-02   3.1663220e-02   2.9113640e-02   2.8236296e-02
   2.5650000e+01   4.8558938e-02   4.8446006e-02   4.8194118e-02   4.7971795e-02   4.8954963e-02   4.8035689e-02   4.4398188e-02   3.7567042e-02   3.1560031e-02   2.9073715e-02   2.8221956e-02
   2.6100000e+01   5.0789272e-02   4.9757438e-02   4.9259600e-02   4.8462905e-02   4.8931027e-02   4.7658544e-02   4.4032420e-02   3.7341995e-02   3.1455052e-02   2.9033085e-02   2.8207362e-02
   2.6550000e+01   5.3396977e-02   5.1099012e-02   5.0254313e-02   4.8958433e-02   4.8905949e-02   4.7276057e-02   4.3662263e-02   3.7113599e-02   3.1348285e-02   2.8991750e-02   2.8192515e-02
   2.7000000e+01   5.3727479e-02   5.2485481e-02   5.1132277e-02   4.9449831e-02   4.8876092e-02   4.6887878e-02   4.3287809e-02   3.6881882e-02   3.1239731e-02   2.8949710e-02   2.8177414e-02
   2.7450000e+01   5.3737749e-02   5.3597439e-02   5.1849032e-02   4.9929402e-02   4.8837746e-02   4.6493665e-02   4.2909149e-02   3.6646873e-02   3.1129393e-02   2.8906965e-02   2.8162060e-02
   2.7900000e+01   5.3737573e-02   5.3795088e-02   5.2381782e-02   5.0390351e-02   4.8787169e-02   4.6093081e-02   4.2526376e-02   3.6408602e-02   3.1017273e-02   2.8863514e-02   2.8146451e-02
   2.8350000e+01   5.3731483e-02   5.3640392e-02   5.2742688e-02   5.0826761e-02   4.8720627e-02   4.5685800e-02   4.2139585e-02   3.6167098e-02   3.0903373e-02   2.8819359e-02   2.8130589e-02
   2.8800000e+01   5.3656667e-02   5.3526807e-02   5.2970088e-02   5.1233485e-02   4.8634431e-02   4.5271512e-02   4.1748869e-02   3.5922391e-02   3.0787695e-02   2.8774500e-02   2.8114473e-02
   2.9250000e+01   5.3476230e-02   5.3441924e-02   5.3107690e-02   5.1605964e-02   4.8524981e-02   4.4849921e-02   4.1354326e-02   3.5674512e-02   3.0670240e-02   2.8728935e-02   2.8098104e-02
   2.9700000e+01   5.3369152e-02   5.3363958e-02   5.3191005e-02   5.1939987e-02   4.8388807e-02   4.4420755e-02   4.0956051e-02   3.5423491e-02   3.0551013e-02   2.8682666e-02   2.8081480e-02
   3.0150000e+01   5.3289191e-02   5.3287152e-02   5.3245536e-02   5.2231413e-02   4.8222604e-02   4.3983759e-02   4.0554142e-02   3.5169360e-02   3.0430014e-02   2.8635693e-02   2.8064603e-02
   3.0600000e+01   5.3205468e-02   5.3209990e-02   5.3290703e-02   5.2475869e-02   4.8023277e-02   4.3538708e-02   4.0148697e-02   3.4912150e-02   3.0307246e-02   2.8588015e-02   2.8047473e-02
   3.1050000e+01   5.3061734e-02   5.3130142e-02   5.3344594e-02   5.2668467e-02   4.7787977e-02   4.3085401e-02   3.9739817e-02   3.4651893e-02   3.0182711e-02   2.8539632e-02   2.8030088e-02
   3.1500000e+01   5.2909434e-02   5.3039044e-02   5.3427689e-02   5.2803558e-02   4.7514136e-02   4.2623668e-02   3.9327601e-02   3.4388622e-02   3.0056412e-02   2.8490546e-02   2.8012450e-02
   3.1950000e+01   5.2890276e-02   5.2922345e-02   5.3563732e-02   5.2874550e-02   4.7199501e-02   4.2153369e-02   3.8912150e-02   3.4122368e-02   2.9928352e-02   2.8440755e-02   2.7994558e-02
   3.2400000e+01   5.2889552e-02   5.2887547e-02   5.3774697e-02   5.2873823e-02   4.6842166e-02   4.1674399e-02   3.8493566e-02   3.3853166e-02   2.9798532e-02   2.8390260e-02   2.7976413e-02
   3.2850000e+01   5.2890480e-02   5.3288516e-02   5.4069951e-02   5.2792754e-02   4.6440597e-02   4.1186686e-02   3.8071952e-02   3.3581049e-02   2.9666955e-02   2.8339062e-02   2.7958013e-02
   3.3300000e+01   5.2915960e-02   5.3968699e-02   5.4438103e-02   5.2621862e-02   4.5993654e-02   4.0690193e-02   3.7647413e-02   3.3306050e-02   2.9533624e-02   2.8287159e-02   2.7939360e-02
   3.3750000e+01   5.3314839e-02   5.4659111e-02   5.4850280e-02   5.2351091e-02   4.5500614e-02   4.0184923e-02   3.7220051e-02   3.3028203e-02   2.9398541e-02   2.8234553e-02   2.7920454e-02
   3.4200000e+01   5.4859041e-02   5.5329985e-02   5.5270451e-02   5.1970208e-02   4.4961178e-02   3.9670912e-02   3.6789973e-02   3.2747543e-02   2.9261709e-02   2.8181243e-02   2.7901294e-02
   3.4650000e+01   5.5923205e-02   5.5990339e-02   5.5661969e-02   5.1469305e-02   4.4375484e-02   3.9148237e-02   3.6357285e-02   3.2464104e-02   2.9123131e-02   2.8127229e-02   2.7881879e-02
   3.5100000e+01   5.6625000e-02   5.6646656e-02   5.5986429e-02   5.0839390e-02   4.3744111e-02   3.8617012e-02   3.5922093e-02   3.2177922e-02   2.8982809e-02   2.8072512e-02   2.7862212e-02
   3.5550000e+01   5.7349482e-02   5.7305161e-02   5.6196568e-02   5.0073021e-02   4.3068071e-02   3.8077389e-02   3.5484505e-02   3.1889031e-02   2.8840747e-02   2.8017092e-02   2.7842290e-02
   3.6000000e+01   5.8603965e-02   5.7980850e-02   5.6224595e-02   4.9164938e-02   4.2348801e-02   3.7529556e-02   3.5044630e-02   3.1597468e-02   2.8696946e-02   2.7960968e-02   2.7822115e-02
   3.6450000e+01   5.9922274e-02   5.8724612e-02   5.5968548e-02   4.8112665e-02   4.1588153e-02   3.6973741e-02   3.4602575e-02   3.1303268e-02   2.8551410e-02   2.7904141e-02   2.7801687e-02
   3.6900000e+01   6.0098656e-02   5.9628853e-02   5.5288330e-02   4.6917013e-02   4.0788367e-02   3.6410206e-02   3.4158452e-02   3.1006468e-02   2.8404142e-02   2.7846612e-02   2.7781004e-02
   3.7350000e+01   6.0106113e-02   6.0147675e-02   5.4034281e-02   4.5582461e-02   3.9952047e-02   3.5839249e-02   3.3712371e-02   3.0707104e-02   2.8255144e-02   2.7788379e-02   2.7760068e-02
   3.7800000e+01   6.0102680e-02   5.7974629e-02   5.2115100e-02   4.4117356e-02   3.9082132e-02   3.5261200e-02   3.3264441e-02   3.0405212e-02   2.8104420e-02   2.7729443e-02   2.7738879e-02
   3.8250000e+01   5.9993640e-02   5.3582514e-02   4.9556758e-02   4.2533922e-02   3.8181853e-02   3.4676423e-02   3.2814775e-02   3.0100831e-02   2.7951973e-02   2.7669805e-02   2.7717435e-02
   3.8700000e+01   5.8048670e-02   4.8971531e-02   4.6489301e-02   4.0848058e-02   3.7254695e-02   3.4085313e-02   3.2363486e-02   2.9793997e-02   2.7797805e-02   2.7609464e-02   2.7695738e-02
   3.9150000e+01   4.8261345e-02   4.4497425e-02   4.3077472e-02   3.9078931e-02   3.6304356e-02   3.3488292e-02   3.1910685e-02   2.9484747e-02   2.7641921e-02   2.7548420e-02   2.7673788e-02
   3.9600000e+01   4.0592491e-02   4.0109810e-02   3.9464880e-02   3.7248377e-02   3.5334692e-02   3.2885808e-02   3.1456486e-02   2.9173120e-02   2.7484322e-02   2.7486674e-02   2.7651583e-02
   4.0050000e+01   3.5850280e-02   3.5757552e-02   3.5760972e-02   3.5380144e-02   3.4349670e-02   3.2278336e-02   3.1001003e-02   2.8859155e-02   2.7325013e-02   2.7424226e-02   2.7629125e-02
   4.0500000e+01   3.1030834e-02   3.1401555e-02   3.2054506e-02   3.3499038e-02   3.3353318e-02   3.1666370e-02   3.0544349e-02   2.8542888e-02   2.7163996e-02   2.7361076e-02   2.7606414e-02
   4.0950000e+01   2.2765192e-02   2.6999718e-02   2.8434385e-02   3.1629987e-02   3.2349671e-02   3.1050427e-02   3.0086640e-02   2.8224358e-02   2.7001274e-02   2.7297224e-02   2.7583449e-02
   4.1400000e+01   1.3777517e-02   2.2494869e-02   2.5009396e-02   2.9797128e-02   3.1342721e-02   3.0431038e-02   2.9627989e-02   2.7903605e-02   2.6836852e-02   2.7232670e-02   2.7560230e-02
   4.1850000e+01   1.2456773e-02   1.7869757e-02   2.1917692e-02   2.8022923e-02   3.0336367e-02   2.9808750e-02   2.9168513e-02   2.7580668e-02   2.6670732e-02   2.7167414e-02   2.7536757e-02
   4.2300000e+01   1.2395888e-02   1.3758751e-02   1.9307672e-02   2.6327391e-02   2.9334368e-02   2.9184121e-02   2.8708327e-02   2.7255584e-02   2.6502919e-02   2.7101456e-02   2.7513031e-02
   4.2750000e+01   1.2394490e-02   1.2126786e-02   1.7281594e-02   2.4727481e-02   2.8340297e-02   2.8557721e-02   2.8247546e-02   2.6928395e-02   2.6333414e-02   2.7034797e-02   2.7489052e-02
   4.3200000e+01   1.2397000e-02   1.2363107e-02   1.5839865e-02   2.3236616e-02   2.7357505e-02   2.7930122e-02   2.7786287e-02   2.6599139e-02   2.6162223e-02   2.6967437e-02   2.7464819e-02
   4.3650000e+01   1.2444875e-02   1.2669892e-02   1.4885524e-02   2.1864429e-02   2.6389084e-02   2.7301905e-02   2.7324665e-02   2.6267856e-02   2.5989348e-02   2.6899375e-02   2.7440332e-02
   4.4100000e+01   1.2731726e-02   1.2851317e-02   1.4284427e-02   2.0616696e-02   2.5437834e-02   2.6673648e-02   2.6862797e-02   2.5934586e-02   2.5814794e-02   2.6830612e-02   2.7415591e-02
   4.4550000e+01   1.2978921e-02   1.2993039e-02   1.3920094e-02   1.9495439e-02   2.4506246e-02   2.6045932e-02   2.6400798e-02   2.5599370e-02   2.5638563e-02   2.6761148e-02   2.7390597e-02
   4.5000000e+01   1.3126220e-02   1.3126890e-02   1.3711545e-02   1.8499199e-02   2.3596475e-02   2.5419331e-02   2.5938786e-02   2.5262247e-02   2.5460659e-02   2.6690983e-02   2.7365350e-02
   4.5450000e+01   1.3273519e-02   1.3260168e-02   1.3606963e-02   1.7623422e-02   2.2710339e-02   2.4794416e-02   2.5476876e-02   2.4923257e-02   2.5281087e-02   2.6620118e-02   2.7339848e-02
   4.5900000e+01   1.3520714e-02   1.3394893e-02   1.3572393e-02   1.6860946e-02   2.1849303e-02   2.4171749e-02   2.5015185e-02   2.4582442e-02   2.5099850e-02   2.6548551e-02   2.7314094e-02
   4.6350000e+01   1.3807562e-02   1.3532675e-02   1.3583415e-02   1.6202524e-02   2.1014488e-02   2.3551880e-02   2.4553827e-02   2.4239842e-02   2.4916952e-02   2.6476285e-02   2.7288085e-02
   4.6800000e+01   1.3855418e-02   1.3674335e-02   1.3620462e-02   1.5637384e-02   2.0206675e-02   2.2935349e-02   2.4092920e-02   2.3895498e-02   2.4732397e-02   2.6403318e-02   2.7261824e-02
   4.7250000e+01   1.3857841e-02   1.3804646e-02   1.3666994e-02   1.5153753e-02   1.9426315e-02   2.2322681e-02   2.3632578e-02   2.3549451e-02   2.4546189e-02   2.6329651e-02   2.7235308e-02
   4.7700000e+01   1.3857908e-02   1.3864060e-02   1.3710036e-02   1.4739362e-02   1.8673550e-02   2.1714387e-02   2.3172916e-02   2.3201741e-02   2.4358331e-02   2.6255284e-02   2.7208539e-02
   4.8150000e+01   1.3857811e-02   1.3856931e-02   1.3741696e-02   1.4381881e-02   1.7948235e-02   2.1110957e-02   2.2714050e-02   2.2852411e-02   2.4168829e-02   2.6180216e-02   2.7181517e-02
   4.8600000e+01   1.3855759e-02   1.3844089e-02   1.3759228e-02   1.4069293e-02   1.7249959e-02   2.0512866e-02   2.2256093e-02   2.2501500e-02   2.3977685e-02   2.6104450e-02   2.7154240e-02
   4.9050000e+01   1.3841802e-02   1.3835473e-02   1.3762867e-02   1.3790193e-02   1.6578083e-02   1.9920566e-02   2.1799159e-02   2.2149051e-02   2.3784904e-02   2.6027983e-02   2.7126711e-02
   4.9500000e+01   1.3828966e-02   1.3828347e-02   1.3753229e-02   1.3534014e-02   1.5931760e-02   1.9334492e-02   2.1343362e-02   2.1795105e-02   2.3590491e-02   2.5950817e-02   2.7098928e-02
   4.9950000e+01   1.3821482e-02   1.3821523e-02   1.3729758e-02   1.3291193e-02   1.5309980e-02   1.8755052e-02   2.0888813e-02   2.1439704e-02   2.3394449e-02   2.5872952e-02   2.7070891e-02
   5.0400000e+01   1.3814117e-02   1.3814779e-02   1.3689978e-02   1.3053263e-02   1.4711594e-02   1.8182635e-02   2.0435626e-02   2.1082888e-02   2.3196783e-02   2.5794388e-02   2.7042601e-02
   5.0850000e+01   1.3802208e-02   1.3808661e-02   1.3628709e-02   1.2812910e-02   1.4135353e-02   1.7617606e-02   1.9983910e-02   2.0724700e-02   2.2997498e-02   2.5715124e-02   2.7014057e-02
   5.1300000e+01   1.3787009e-02   1.3806457e-02   1.3536847e-02   1.2563982e-02   1.3579940e-02   1.7060306e-02   1.9533777e-02   2.0365181e-02   2.2796597e-02   2.5635162e-02   2.6985260e-02
   5.1750000e+01   1.3783991e-02   1.3818742e-02   1.3400474e-02   1.2301464e-02   1.3044005e-02   1.6511051e-02   1.9085336e-02   2.0004373e-02   2.2594085e-02   2.5554501e-02   2.6956209e-02
   5.2200000e+01   1.3783833e-02   1.3834176e-02   1.3202617e-02   1.2021439e-02   1.2526188e-02   1.5970135e-02   1.8638694e-02   1.9642318e-02   2.2389966e-02   2.5473142e-02   2.6926905e-02
   5.2650000e+01   1.3783704e-02   1.3646913e-02   1.2929675e-02   1.1721024e-02   1.2025155e-02   1.5437828e-02   1.8193961e-02   1.9279057e-02   2.2184245e-02   2.5391084e-02   2.6897347e-02
   5.3100000e+01   1.3777266e-02   1.3122582e-02   1.2579331e-02   1.1398302e-02   1.1539618e-02   1.4914373e-02   1.7751241e-02   1.8914632e-02   2.1976928e-02   2.5308328e-02   2.6867536e-02
   5.3550000e+01   1.3623445e-02   1.2513904e-02   1.2162123e-02   1.1052244e-02   1.1068360e-02   1.4399993e-02   1.7310640e-02   1.8549085e-02   2.1768017e-02   2.5224874e-02   2.6837471e-02
   5.4000000e+01   1.2473545e-02   1.1920341e-02   1.1694870e-02   1.0682626e-02   1.0610250e-02   1.3894886e-02   1.6872263e-02   1.8182458e-02   2.1557518e-02   2.5140722e-02   2.6807153e-02
   5.4450000e+01   1.1379316e-02   1.1340563e-02   1.1193030e-02   1.0289954e-02   1.0164260e-02   1.3399226e-02   1.6436212e-02   1.7814793e-02   2.1345436e-02   2.5055872e-02   2.6776581e-02
   5.4900000e+01   1.0747382e-02   1.0766817e-02   1.0667439e-02   9.8753776e-03   9.7294795e-03   1.2913169e-02   1.6002588e-02   1.7446130e-02   2.1131776e-02   2.4970325e-02   2.6745756e-02
   5.5350000e+01   1.0135237e-02   1.0194011e-02   1.0124638e-02   9.4406149e-03   9.3051179e-03   1.2436844e-02   1.5571492e-02   1.7076513e-02   2.0916542e-02   2.4884080e-02   2.6714678e-02
   5.5800000e+01   9.2070144e-03   9.6184796e-03   9.5681296e-03   8.9878786e-03   8.8905125e-03   1.1970362e-02   1.5143021e-02   1.6705982e-02   2.0699739e-02   2.4797139e-02   2.6683346e-02
   5.6250000e+01   7.8600760e-03   9.0382363e-03   8.9992727e-03   8.5198026e-03   8.4851293e-03   1.1513816e-02   1.4717274e-02   1.6334580e-02   2.0481372e-02   2.4709500e-02   2.6651760e-02
   5.6700000e+01   7.5121532e-03   8.4583200e-03   8.4177376e-03   8.0393738e-03   8.0885605e-03   1.1067274e-02   1.4294345e-02   1.5962348e-02   2.0261447e-02   2.4621164e-02   2.6619921e-02
   5.7150000e+01   7.4899429e-03   7.9019257e-03   7.8221368e-03   7.5498640e-03   7.7005204e-03   1.0630791e-02   1.3874329e-02   1.5589327e-02   2.0039968e-02   2.4532132e-02   2.6587829e-02
   5.7600000e+01   7.4890380e-03   7.3607509e-03   7.2114056e-03   7.0547634e-03   7.3208386e-03   1.0204403e-02   1.3457317e-02   1.5215560e-02   1.9816940e-02   2.4442403e-02   2.6555483e-02
   5.8050000e+01   7.4827328e-03   6.7291770e-03   6.5865175e-03   6.5577127e-03   6.9494505e-03   9.7881262e-03   1.3043401e-02   1.4841087e-02   1.9592368e-02   2.4351977e-02   2.6522884e-02
   5.8500000e+01   7.3136567e-03   6.0371750e-03   5.9510700e-03   6.0624341e-03   6.5863866e-03   9.3819657e-03   1.2632668e-02   1.4465950e-02   1.9366258e-02   2.4260856e-02   2.6490031e-02
   5.8950000e+01   5.9690001e-03   5.3439850e-03   5.3102475e-03   5.5726601e-03   6.2317609e-03   8.9859091e-03   1.2225205e-02   1.4090190e-02   1.9138615e-02   2.4169039e-02   2.6456925e-02
   5.9400000e+01   4.6999749e-03   4.6588833e-03   4.6694980e-03   5.0920605e-03   5.8857570e-03   8.5999309e-03   1.1821096e-02   1.3713848e-02   1.8909445e-02   2.4076526e-02   2.6423566e-02
   5.9850000e+01   3.9607798e-03   3.9786981e-03   4.0341444e-03   4.6241674e-03   5.5486152e-03   8.2239927e-03   1.1420426e-02   1.3336967e-02   1.8678752e-02   2.3983317e-02   2.6389953e-02
   6.0300000e+01   3.2547995e-03   3.2996712e-03   3.4099981e-03   4.1723011e-03   5.2206182e-03   7.8580440e-03   1.1023275e-02   1.2959585e-02   1.8446541e-02   2.3889413e-02   2.6356087e-02
   6.0750000e+01   2.3094003e-03   2.6184055e-03   2.8046897e-03   3.7394978e-03   4.9020774e-03   7.5020231e-03   1.0629720e-02   1.2581746e-02   1.8212819e-02   2.3794813e-02   2.6321967e-02
   6.1200000e+01   7.1632002e-04   1.9301318e-03   2.2295565e-03   3.3284422e-03   4.5933194e-03   7.1558582e-03   1.0239840e-02   1.2203488e-02   1.7977591e-02   2.3699519e-02   2.6287595e-02
   6.1650000e+01   5.5788134e-05   1.2252957e-03   1.7013338e-03   2.9414081e-03   4.2946736e-03   6.8194680e-03   9.8537076e-03   1.1824853e-02   1.7740863e-02   2.3603530e-02   2.6252968e-02
   6.2100000e+01   2.1895911e-06   5.1135585e-04   1.2411892e-03   2.5802100e-03   4.0064598e-03   6.4927624e-03   9.4713961e-03   1.1445882e-02   1.7502640e-02   2.3506846e-02   2.6218089e-02
   6.2550000e+01  -1.7990795e-08   5.5390389e-06   8.6808190e-04   2.2461697e-03   3.7289780e-03   6.1756435e-03   9.0929751e-03   1.1066615e-02   1.7262927e-02   2.3409468e-02   2.6182956e-02
   6.3000000e+01  -1.6845309e-08  -5.8032613e-05   5.8860470e-04   1.9400982e-03   3.4624985e-03   5.8680062e-03   8.7185124e-03   1.0687091e-02   1.7021730e-02   2.3311395e-02   2.6147569e-02
   6.3450000e+01  -2.2881472e-09  -1.7160887e-05   3.9273947e-04   1.6622967e-03   3.2072539e-03   5.5697392e-03   8.3480733e-03   1.0307352e-02   1.6779056e-02   2.3212629e-02   2.6111929e-02
   6.3900000e+01  -8.0672329e-11  -2.8372675e-06   2.6045340e-04   1.4125750e-03   2.9634324e-03   5.2807248e-03   7.9817210e-03   9.9274369e-03   1.6534910e-02   2.3113168e-02   2.6076036e-02
   6.4350000e+01  -5.4770404e-13  -1.5854333e-07   1.7172486e-04   1.1902874e-03   2.7311724e-03   5.0008405e-03   7.6195160e-03   9.5473856e-03   1.6289298e-02   2.3013014e-02   2.6039890e-02
   6.4800000e+01  -1.0280546e-15   1.1086304e-07   1.1174113e-04   9.9438260e-04   2.5105586e-03   4.7299590e-03   7.2615167e-03   9.1672376e-03   1.6042225e-02   2.2912167e-02   2.6003490e-02
   6.5250000e+01   9.2228588e-17   6.5357582e-08   7.0985877e-05   8.2346612e-04   2.3016201e-03   4.4679488e-03   6.9077789e-03   8.7870326e-03   1.5793698e-02   2.2810626e-02   2.5966837e-02
   6.5700000e+01   5.4341422e-18   2.5142668e-08   4.3513973e-05   6.7586954e-04   2.1043286e-03   4.2146747e-03   6.5583559e-03   8.4068095e-03   1.5543723e-02   2.2708392e-02   2.5929931e-02
   6.6150000e+01   2.6473758e-19   8.0191125e-09   2.5438364e-05   5.4972396e-04   1.9185994e-03   3.9699984e-03   6.2132986e-03   8.0266076e-03   1.5292306e-02   2.2605466e-02   2.5892771e-02
   6.6600000e+01   1.1333167e-20   2.1284236e-09   1.4032456e-05   4.4303316e-04   1.7442920e-03   3.7337785e-03   5.8726554e-03   7.6464657e-03   1.5039452e-02   2.2501846e-02   2.5855359e-02
   6.7050000e+01   3.6178246e-22   3.7935483e-10   7.2604153e-06   3.5374308e-04   1.5812134e-03   3.5058714e-03   5.5364722e-03   7.2664223e-03   1.4785169e-02   2.2397535e-02   2.5817692e-02
   6.7500000e+01   3.0968310e-29   4.7013379e-12   3.5415125e-06   2.7980485e-04   1.4291204e-03   3.2861314e-03   5.2047923e-03   6.8865160e-03   1.4529461e-02   2.2292531e-02   2.5779773e-02
   6.7950000e+01  -6.0388679e-27  -7.0201198e-12   1.6631732e-06   2.1922905e-04   1.2877244e-03   3.0744106e-03   4.8776566e-03   6.5067849e-03   1.4272337e-02   2.2186836e-02   2.5741600e-02
   6.8400000e+01  -3.1569616e-30  -8.5278646e-13   7.7563396e-07   1.7012993e-04   1.1566956e-03   2.8705599e-03   4.5551034e-03   6.1272671e-03   1.4013801e-02   2.2080448e-02   2.5703174e-02
   6.8850000e+01  -1.2281275e-33  -6.2148238e-14   3.6751673e-07   1.3075873e-04   1.0356681e-03   2.6744288e-03   4.2371683e-03   5.7480003e-03   1.3753860e-02   2.1973369e-02   2.5664495e-02
   6.9300000e+01  -4.1077191e-37  -2.8998127e-15   1.7711030e-07   9.9526467e-05   9.2424505e-04   2.4858656e-03   3.9238847e-03   5.3690220e-03   1.3492521e-02   2.1865599e-02   2.5625563e-02
   6.9750000e+01  -8.0890187e-41   4.0307149e-17   8.5381415e-08   7.5016578e-05   8.2200420e-04   2.3047179e-03   3.6152831e-03   4.9903696e-03   1.3229790e-02   2.1757138e-02   2.5586377e-02
   7.0200000e+01   1.5361484e-43   3.3787592e-17   4.0297301e-08   5.5988834e-05   7.2850327e-04   2.1308323e-03   3.3113916e-03   4.6120801e-03   1.2965674e-02   2.1647986e-02   2.5546938e-02
   7.0650000e+01   6.2118751e-46   5.8801039e-18   1.8263494e-08   4.1375890e-05   6.4328524e-04   1.9640550e-03   3.0122358e-03   4.2341904e-03   1.2700179e-02   2.1538143e-02   2.5507246e-02
   7.1100000e+01   1.4707096e-48   7.6483463e-19   7.8201061e-09   3.0274185e-05   5.6588347e-04   1.8042317e-03   2.7178388e-03   3.8567369e-03   1.2433311e-02   2.1427610e-02   2.5467300e-02
   7.1550000e+01   6.9483644e-52   8.0454306e-20   3.1205226e-09   2.1930830e-05   4.9582656e-04   1.6512078e-03   2.4282211e-03   3.4797561e-03   1.2165078e-02   2.1316387e-02   2.5427102e-02
   7.2000000e+01   8.5725262e-56   5.7579685e-21   1.1506922e-09   1.5728019e-05   4.3264275e-04   1.5048286e-03   2.1434006e-03   3.1032839e-03   1.1895487e-02   2.1204474e-02   2.5386650e-02
   7.2450000e+01   1.6956155e-60   6.7212839e-23   3.9378538e-10   1.1166270e-05   3.7586413e-04   1.3649391e-03   1.8633930e-03   2.7273560e-03   1.1624543e-02   2.1091871e-02   2.5345945e-02
   7.2900000e+01  -3.0263341e-63  -1.4886171e-23   1.2834013e-10   7.8475695e-06   3.2503020e-04   1.2313844e-03   1.5882113e-03   2.3520081e-03   1.1352254e-02   2.0978579e-02   2.5304987e-02
   7.3350000e+01  -1.2924321e-66  -7.8769133e-25   4.1676768e-11   5.4592257e-06   2.7969117e-04   1.1040097e-03   1.3178662e-03   1.9772753e-03   1.1078626e-02   2.0864597e-02   2.5263776e-02
   7.3800000e+01  -2.7597573e-70  -2.3849483e-26   1.4031054e-11   3.7589625e-06   2.3941071e-04   9.8266024e-04   1.0523658e-03   1.6031925e-03   1.0803667e-02   2.0749927e-02   2.5222311e-02
   7.4250000e+01  -1.4422595e-74  -4.9840567e-28   4.9241062e-12   2.5616082e-06   2.0376830e-04   8.6718156e-04   7.9171595e-04   1.2297944e-03   1.0527384e-02   2.0634568e-02   2.5180594e-02
   7.4700000e+01  -2.4749871e-79  -2.7607178e-30   1.7546110e-12   1.7275231e-06   1.7236116e-04   7.5741950e-04   5.3592010e-04   8.5711535e-04   1.0249782e-02   2.0518520e-02   2.5138623e-02
   7.5150000e+01   1.3512325e-83   4.5769674e-31   6.1372122e-13   1.1527865e-06   1.4480572e-04   6.5322027e-04   2.8497935e-04   4.8518942e-04   9.9708709e-03   2.0401784e-02   2.5096399e-02
   7.5600000e+01   3.7551554e-87   3.5520166e-32   2.0510109e-13   7.6106210e-07   1.2073877e-04   5.5443054e-04   3.8892494e-05   1.1405035e-04   9.6906560e-03   2.0284360e-02   2.5053922e-02
   7.6050000e+01   4.9840908e-91   1.8487608e-33   6.4198926e-14   4.9699215e-07   9.9818235e-05   4.6089749e-04  -2.0234394e-04  -2.5626840e-04   9.4091448e-03   2.0166249e-02   2.5011192e-02
   7.6500000e+01   1.3403163e-95   7.6136013e-35   1.8527149e-14   3.2093891e-07   8.1723634e-05   3.7246892e-04  -4.3873567e-04  -6.2573368e-04   9.1263446e-03   2.0047450e-02   2.4968208e-02
   7.6950000e+01  1.1118531e-100   2.1756066e-36   4.8767848e-15   2.0487476e-07   6.6156225e-05   2.8899329e-04  -6.7029059e-04  -9.9431265e-04   8.8422627e-03   1.9927964e-02   2.4924972e-02
   7.7400000e+01  2.6798575e-106   1.5526482e-38   1.1729984e-15   1.2922630e-07   5.2838938e-05   2.1031983e-04  -8.9701878e-04  -1.3619728e-03   8.5569062e-03   1.9807791e-02   2.4881483e-02
   7.7850000e+01 -1.3500613e-110  -7.7594150e-40   2.6492993e-16   8.0491683e-08   4.1516060e-05   1.3629862e-04  -1.1189324e-03  -1.7286820e-03   8.2702826e-03   1.9686931e-02   2.4837740e-02
   7.8300000e+01 -4.1680684e-115  -1.8062942e-41   5.9520867e-17   4.9470633e-08   3.1952739e-05   6.6780678e-05  -1.3360458e-03  -2.0944082e-03   7.9823993e-03   1.9565384e-02   2.4793744e-02
   7.8750000e+01 -7.1314045e-120  -2.2343755e-43   1.4139709e-17   2.9970023e-08   2.3934324e-05   1.6180350e-06  -1.5483751e-03  -2.4591200e-03   7.6932636e-03   1.9443152e-02   2.4749496e-02
   7.9200000e+01 -3.4290449e-125  -1.9465677e-45   3.6054364e-18   1.7871524e-08   1.7265576e-05  -5.9336154e-05  -1.7559388e-03  -2.8227862e-03   7.4028831e-03   1.9320234e-02   2.4704994e-02
   7.9650000e+01 -4.4868156e-131  -7.7682569e-48   9.5058181e-19   1.0469873e-08   1.1769778e-05  -1.1622752e-04  -1.9587569e-03  -3.1853758e-03   7.1112653e-03   1.9196630e-02   2.4660239e-02
   8.0100000e+01  7.8776159e-137   1.6203579e-49   2.4673567e-19   6.0099132e-09   7.2877534e-06  -1.6920038e-04  -2.1568516e-03  -3.5468584e-03   6.8184177e-03   1.9072340e-02   2.4615231e-02
   8.0550000e+01  1.6684240e-141   5.7423185e-51   6.0852625e-20   3.3672159e-09   3.6768389e-06  -2.1839764e-04  -2.3502469e-03  -3.9072037e-03   6.5243480e-03   1.8947366e-02   2.4569970e-02
   8.1000000e+01  1.3633324e-146   1.1950743e-52   1.3936214e-20   1.8307441e-09   8.0981206e-07  -2.6396068e-04  -2.5389684e-03  -4.2663818e-03   6.2290638e-03   1.8821706e-02   2.4524456e-02
   8.1450000e+01  2.3630930e-152   1.9302556e-54   2.9124054e-21   9.5694222e-10  -1.4261978e-06  -3.0602927e-04  -2.7230438e-03  -4.6243633e-03   5.9325729e-03   1.8695362e-02   2.4478689e-02
   8.1900000e+01  1.3371464e-158   2.2081977e-56   5.4766857e-22   4.7306974e-10  -3.1308022e-06  -3.4474144e-04  -2.9025020e-03  -4.9811189e-03   5.6348830e-03   1.8568334e-02   2.4432669e-02
   8.2350000e+01  2.9625954e-165   8.2604275e-59   9.2216723e-23   2.1400098e-10  -4.3914358e-06  -3.8023340e-04  -3.0773740e-03  -5.3366200e-03   5.3360018e-03   1.8440622e-02   2.4386396e-02
   8.2800000e+01 -5.4800718e-171  -1.0514798e-60   1.4154803e-23   8.1453218e-11  -5.2844146e-06  -4.1263941e-04  -3.2476922e-03  -5.6908379e-03   5.0359373e-03   1.8312226e-02   2.4339871e-02
   8.3250000e+01 -1.2305333e-176  -1.0903339e-62   2.0936909e-24   1.8038558e-11  -5.8759620e-06  -4.4209170e-04  -3.4134904e-03  -6.0437446e-03   4.7346973e-03   1.8183147e-02   2.4293092e-02
   8.3700000e+01 -1.5212696e-182  -5.4716824e-65   3.2387127e-25  -9.0185151e-12  -6.2231928e-06  -4.6872037e-04  -3.5748040e-03  -6.3953124e-03   4.4322897e-03   1.8053384e-02   2.4246060e-02
   8.4150000e+01 -5.7915770e-189  -1.9379193e-67   5.4749916e-26  -1.7947697e-11  -6.3750485e-06  -4.9265324e-04  -3.7316700e-03  -6.7455139e-03   4.1287225e-03   1.7922939e-02   2.4198775e-02
   8.4600000e+01 -5.4316354e-196  -3.8256958e-70   9.6896294e-27  -1.8557906e-11  -6.3731804e-06  -5.1401583e-04  -3.8841264e-03  -7.0943220e-03   3.8240038e-03   1.7791811e-02   2.4151237e-02
   8.5050000e+01  2.8248919e-203   1.4655209e-72   1.6351545e-27  -1.5899571e-11  -6.2527748e-06  -5.3293122e-04  -4.0322128e-03  -7.4417102e-03   3.5181415e-03   1.7660001e-02   2.4103446e-02
   8.5500000e+01  5.4162321e-209   2.5118949e-74   2.3220963e-28  -1.2412006e-11  -6.0433198e-06  -5.4951995e-04  -4.1759699e-03  -7.7876521e-03   3.2111438e-03   1.7527508e-02   2.4055403e-02
   8.5950000e+01  2.8477049e-215   2.0990702e-76   1.9007618e-29  -9.1545928e-12  -5.7693119e-06  -5.6389997e-04  -4.3154397e-03  -8.1321217e-03   2.9030188e-03   1.7394334e-02   2.4007106e-02
   8.6400000e+01  3.3438489e-222   1.3420711e-78  -3.2584446e-30  -6.4941226e-12  -5.4509023e-06  -5.7618655e-04  -4.4506654e-03  -8.4750937e-03   2.5937747e-03   1.7260479e-02   2.3958557e-02
   8.6850000e+01  1.2988399e-229   6.4084886e-81  -2.3064750e-30  -4.4761044e-12  -5.1044849e-06  -5.8649220e-04  -4.5816911e-03  -8.8165427e-03   2.2834197e-03   1.7125943e-02   2.3909754e-02
   8.7300000e+01  2.3603472e-237   1.3352180e-83  -8.2286069e-31  -3.0168493e-12  -4.7432263e-06  -5.9492659e-04  -4.7085621e-03  -9.1564441e-03   1.9719621e-03   1.6990725e-02   2.3860699e-02
   8.7750000e+01 -1.7518696e-244  -1.2722827e-85  -2.3940242e-31  -1.9968915e-12  -4.3775411e-06  -6.0159652e-04  -4.8313246e-03  -9.4947733e-03   1.6594101e-03   1.6854827e-02   2.3811391e-02
   8.8200000e+01 -2.9630394e-251  -1.6945821e-87  -6.2693394e-32  -1.3020813e-12  -4.0155153e-06  -6.0660583e-04  -4.9500258e-03  -9.8315064e-03   1.3457722e-03   1.6718249e-02   2.3761830e-02
   8.8650000e+01 -2.9874235e-258  -1.1228423e-89  -1.5356193e-32  -8.3829651e-13  -3.6632799e-06  -6.1005539e-04  -5.0647137e-03  -1.0166620e-02   1.0310566e-03   1.6580991e-02   2.3712016e-02
   8.9100000e+01 -2.5907127e-265  -5.5369453e-92  -3.5859382e-33  -5.3382304e-13  -3.3253402e-06  -6.1204301e-04  -5.1754372e-03  -1.0500090e-02   7.1527186e-04   1.6443054e-02   2.3661949e-02
   8.9550000e+01 -2.0992184e-272  -2.3538260e-94  -8.0687312e-34  -3.3669890e-13  -3.0048616e-06  -6.1266345e-04  -5.2822461e-03  -1.0831894e-02   3.9842638e-04   1.6304437e-02   2.3611629e-02
   9.0000000e+01 -1.6404564e-279  -9.2610049e-97  -1.7602072e-34  -2.1058144e-13  -2.7039184e-06  -6.1200836e-04  -5.3851905e-03  -1.1162010e-02   8.0528669e-05   1.6165141e-02   2.3561057e-02
