  -9.0000000e+01  -6.1200836e-04
  -8.9550000e+01  -6.1266345e-04
  -8.9100000e+01  -6.1204301e-04
  -8.8650000e+01  -6.1005539e-04
  -8.8200000e+01  -6.0660583e-04
  -8.7750000e+01  -6.0159652e-04
  -8.7300000e+01  -5.9492659e-04
  -8.6850000e+01  -5.8649220e-04
  -8.6400000e+01  -5.7618655e-04
  -8.5950000e+01  -5.6389997e-04
  -8.5500000e+01  -5.4951995e-04
  -8.5050000e+01  -5.3293122e-04
  -8.4600000e+01  -5.1401583e-04
  -8.4150000e+01  -4.9265324e-04
  -8.3700000e+01  -4.6872037e-04
  -8.3250000e+01  -4.4209170e-04
  -8.2800000e+01  -4.1263941e-04
  -8.2350000e+01  -3.8023340e-04
  -8.1900000e+01  -3.4474144e-04
  -8.1450000e+01  -3.0602927e-04
  -8.1000000e+01  -2.6396068e-04
  -8.0550000e+01  -2.1839764e-04
  -8.0100000e+01  -1.6920038e-04
  -7.9650000e+01  -1.1622752e-04
  -7.9200000e+01  -5.9336154e-05
  -7.8750000e+01   1.6180350e-06
  -7.8300000e+01   6.6780678e-05
  -7.7850000e+01   1.3629862e-04
  -7.7400000e+01   2.1031983e-04
  -7.6950000e+01   2.8899329e-04
  -7.6500000e+01   3.7246892e-04
  -7.6050000e+01   4.6089749e-04
  -7.5600000e+01   5.5443054e-04
  -7.5150000e+01   6.5322027e-04
  -7.4700000e+01   7.5741950e-04
  -7.4250000e+01   8.6718156e-04
  -7.3800000e+01   9.8266024e-04
  -7.3350000e+01   1.1040097e-03
  -7.2900000e+01   1.2313844e-03
  -7.2450000e+01   1.3649391e-03
  -7.2000000e+01   1.5048286e-03
  -7.1550000e+01   1.6512078e-03
  -7.1100000e+01   1.8042317e-03
  -7.0650000e+01   1.9640550e-03
  -7.0200000e+01   2.1308323e-03
  -6.9750000e+01   2.3047179e-03
  -6.9300000e+01   2.4858656e-03
  -6.8850000e+01   2.6744288e-03
  -6.8400000e+01   2.8705599e-03
  -6.7950000e+01   3.0744106e-03
  -6.7500000e+01   3.2861314e-03
  -6.7050000e+01   3.5058714e-03
  -6.6600000e+01   3.7337785e-03
  -6.6150000e+01   3.9699984e-03
  -6.5700000e+01   4.2146747e-03
  -6.5250000e+01   4.4679488e-03
  -6.4800000e+01   4.7299590e-03
  -6.4350000e+01   5.0008405e-03
  -6.3900000e+01   5.2807248e-03
  -6.3450000e+01   5.5697392e-03
  -6.3000000e+01   5.8680062e-03
  -6.2550000e+01   6.1756435e-03
  -6.2100000e+01   6.4927624e-03
  -6.1650000e+01   6.8194680e-03
  -6.1200000e+01   7.1558582e-03
  -6.0750000e+01   7.5020231e-03
  -6.0300000e+01   7.8580440e-03
  -5.9850000e+01   8.2239927e-03
  -5.9400000e+01   8.5999309e-03
  -5.8950000e+01   8.9859091e-03
  -5.8500000e+01   9.3819657e-03
  -5.8050000e+01   9.7881262e-03
  -5.7600000e+01   1.0204403e-02
  -5.7150000e+01   1.0630791e-02
  -5.6700000e+01   1.1067274e-02
  -5.6250000e+01   1.1513816e-02
  -5.5800000e+01   1.1970362e-02
  -5.5350000e+01   1.2436844e-02
  -5.4900000e+01   1.2913169e-02
  -5.4450000e+01   1.3399226e-02
  -5.4000000e+01   1.3894886e-02
  -5.3550000e+01   1.4399993e-02
  -5.3100000e+01   1.4914373e-02
  -5.2650000e+01   1.5437828e-02
  -5.2200000e+01   1.5970135e-02
  -5.1750000e+01   1.6511051e-02
  -5.1300000e+01   1.7060306e-02
  -5.0850000e+01   1.7617606e-02
  -5.0400000e+01   1.8182635e-02
  -4.9950000e+01   1.8755052e-02
  -4.9500000e+01   1.9334492e-02
  -4.9050000e+01   1.9920566e-02
  -4.8600000e+01   2.0512866e-02
  -4.8150000e+01   2.1110957e-02
  -4.7700000e+01   2.1714387e-02
  -4.7250000e+01   2.2322681e-02
  -4.6800000e+01   2.2935349e-02
  -4.6350000e+01   2.3551880e-02
  -4.5900000e+01   2.4171749e-02
  -4.5450000e+01   2.4794416e-02
  -4.5000000e+01   2.5419331e-02
  -4.4550000e+01   2.6045932e-02
  -4.4100000e+01   2.6673648e-02
  -4.3650000e+01   2.7301905e-02
  -4.3200000e+01   2.7930122e-02
  -4.2750000e+01   2.8557721e-02
  -4.2300000e+01   2.9184121e-02
  -4.1850000e+01   2.9808750e-02
  -4.1400000e+01   3.0431038e-02
  -4.0950000e+01   3.1050427e-02
  -4.0500000e+01   3.1666370e-02
  -4.0050000e+01   3.2278336e-02
  -3.9600000e+01   3.2885808e-02
  -3.9150000e+01   3.3488292e-02
  -3.8700000e+01   3.4085313e-02
  -3.8250000e+01   3.4676423e-02
  -3.7800000e+01   3.5261200e-02
  -3.7350000e+01   3.5839249e-02
  -3.6900000e+01   3.6410206e-02
  -3.6450000e+01   3.6973741e-02
  -3.6000000e+01   3.7529556e-02
  -3.5550000e+01   3.8077389e-02
  -3.5100000e+01   3.8617012e-02
  -3.4650000e+01   3.9148237e-02
  -3.4200000e+01   3.9670912e-02
  -3.3750000e+01   4.0184923e-02
  -3.3300000e+01   4.0690193e-02
  -3.2850000e+01   4.1186686e-02
  -3.2400000e+01   4.1674399e-02
  -3.1950000e+01   4.2153369e-02
  -3.1500000e+01   4.2623668e-02
  -3.1050000e+01   4.3085401e-02
  -3.0600000e+01   4.3538708e-02
  -3.0150000e+01   4.3983759e-02
  -2.9700000e+01   4.4420755e-02
  -2.9250000e+01   4.4849921e-02
  -2.8800000e+01   4.5271512e-02
  -2.8350000e+01   4.5685800e-02
  -2.7900000e+01   4.6093081e-02
  -2.7450000e+01   4.6493665e-02
  -2.7000000e+01   4.6887878e-02
  -2.6550000e+01   4.7276057e-02
  -2.6100000e+01   4.7658544e-02
  -2.5650000e+01   4.8035689e-02
  -2.5200000e+01   4.8407842e-02
  -2.4750000e+01   4.8775352e-02
  -2.4300000e+01   4.9138563e-02
  -2.3850000e+01   4.9497810e-02
  -2.3400000e+01   4.9853420e-02
  -2.2950000e+01   5.0205701e-02
  -2.2500000e+01   5.0554950e-02
  -2.2050000e+01   5.0901441e-02
  -2.1600000e+01   5.1245426e-02
  -2.1150000e+01   5.1587133e-02
  -2.0700000e+01   5.1926766e-02
  -2.0250000e+01   5.2264496e-02
  -1.9800000e+01   5.2600466e-02
  -1.9350000e+01   5.2934788e-02
  -1.8900000e+01   5.3267539e-02
  -1.8450000e+01   5.3598762e-02
  -1.8000000e+01   5.3928464e-02
  -1.7550000e+01   5.4256620e-02
  -1.7100000e+01   5.4583165e-02
  -1.6650000e+01   5.4908000e-02
  -1.6200000e+01   5.5230990e-02
  -1.5750000e+01   5.5551964e-02
  -1.5300000e+01   5.5870717e-02
  -1.4850000e+01   5.6187010e-02
  -1.4400000e+01   5.6500573e-02
  -1.3950000e+01   5.6811104e-02
  -1.3500000e+01   5.7118271e-02
  -1.3050000e+01   5.7421715e-02
  -1.2600000e+01   5.7721051e-02
  -1.2150000e+01   5.8015874e-02
  -1.1700000e+01   5.8305753e-02
  -1.1250000e+01   5.8590242e-02
  -1.0800000e+01   5.8868878e-02
  -1.0350000e+01   5.9141186e-02
  -9.9000000e+00   5.9406678e-02
  -9.4500000e+00   5.9664862e-02
  -9.0000000e+00   5.9915239e-02
  -8.5500000e+00   6.0157310e-02
  -8.1000000e+00   6.0390575e-02
  -7.6500000e+00   6.0614541e-02
  -7.2000000e+00   6.0828721e-02
  -6.7500000e+00   6.1032638e-02
  -6.3000000e+00   6.1225829e-02
  -5.8500000e+00   6.1407844e-02
  -5.4000000e+00   6.1578254e-02
  -4.9500000e+00   6.1736650e-02
  -4.5000000e+00   6.1882646e-02
  -4.0500000e+00   6.2015882e-02
  -3.6000000e+00   6.2136025e-02
  -3.1500000e+00   6.2242772e-02
  -2.7000000e+00   6.2335850e-02
  -2.2500000e+00   6.2415021e-02
  -1.8000000e+00   6.2480081e-02
  -1.3500000e+00   6.2530860e-02
  -9.0000000e-01   6.2567227e-02
  -4.5000000e-01   6.2589085e-02
   0.0000000e+00   6.2596377e-02
   4.5000000e-01   6.2589085e-02
   9.0000000e-01   6.2567227e-02
   1.3500000e+00   6.2530860e-02
   1.8000000e+00   6.2480081e-02
   2.2500000e+00   6.2415021e-02
   2.7000000e+00   6.2335850e-02
   3.1500000e+00   6.2242772e-02
   3.6000000e+00   6.2136025e-02
   4.0500000e+00   6.2015882e-02
   4.5000000e+00   6.1882646e-02
   4.9500000e+00   6.1736650e-02
   5.4000000e+00   6.1578254e-02
   5.8500000e+00   6.1407844e-02
   6.3000000e+00   6.1225829e-02
   6.7500000e+00   6.1032638e-02
   7.2000000e+00   6.0828721e-02
   7.6500000e+00   6.0614541e-02
   8.1000000e+00   6.0390575e-02
   8.5500000e+00   6.0157310e-02
   9.0000000e+00   5.9915239e-02
   9.4500000e+00   5.9664862e-02
   9.9000000e+00   5.9406678e-02
   1.0350000e+01   5.9141186e-02
   1.0800000e+01   5.8868878e-02
   1.1250000e+01   5.8590242e-02
   1.1700000e+01   5.8305753e-02
   1.2150000e+01   5.8015874e-02
   1.2600000e+01   5.7721051e-02
   1.3050000e+01   5.7421715e-02
   1.3500000e+01   5.7118271e-02
   1.3950000e+01   5.6811104e-02
   1.4400000e+01   5.6500573e-02
   1.4850000e+01   5.6187010e-02
   1.5300000e+01   5.5870717e-02
   1.5750000e+01   5.5551964e-02
   1.6200000e+01   5.5230990e-02
   1.6650000e+01   5.4908000e-02
   1.7100000e+01   5.4583165e-02
   1.7550000e+01   5.4256620e-02
   1.8000000e+01   5.3928464e-02
   1.8450000e+01   5.3598762e-02
   1.8900000e+01   5.3267539e-02
   1.9350000e+01   5.2934788e-02
   1.9800000e+01   5.2600466e-02
   2.0250000e+01   5.2264496e-02
   2.0700000e+01   5.1926766e-02
   2.1150000e+01   5.1587133e-02
   2.1600000e+01   5.1245426e-02
   2.2050000e+01   5.0901441e-02
   2.2500000e+01   5.0554950e-02
   2.2950000e+01   5.0205701e-02
   2.3400000e+01   4.9853420e-02
   2.3850000e+01   4.9497810e-02
   2.4300000e+01   4.9138563e-02
   2.4750000e+01   4.8775352e-02
   2.5200000e+01   4.8407842e-02
   2.5650000e+01   4.8035689e-02
   2.6100000e+01   4.7658544e-02
   2.6550000e+01   4.7276057e-02
   2.7000000e+01   4.6887878e-02
   2.7450000e+01   4.6493665e-02
   2.7900000e+01   4.6093081e-02
   2.8350000e+01   4.5685800e-02
   2.8800000e+01   4.5271512e-02
   2.9250000e+01   4.4849921e-02
   2.9700000e+01   4.4420755e-02
   3.0150000e+01   4.3983759e-02
   3.0600000e+01   4.3538708e-02
   3.1050000e+01   4.3085401e-02
   3.1500000e+01   4.2623668e-02
   3.1950000e+01   4.2153369e-02
   3.2400000e+01   4.1674399e-02
   3.2850000e+01   4.1186686e-02
   3.3300000e+01   4.0690193e-02
   3.3750000e+01   4.0184923e-02
   3.4200000e+01   3.9670912e-02
   3.4650000e+01   3.9148237e-02
   3.5100000e+01   3.8617012e-02
   3.5550000e+01   3.8077389e-02
   3.6000000e+01   3.7529556e-02
   3.6450000e+01   3.6973741e-02
   3.6900000e+01   3.6410206e-02
   3.7350000e+01   3.5839249e-02
   3.7800000e+01   3.5261200e-02
   3.8250000e+01   3.4676423e-02
   3.8700000e+01   3.4085313e-02
   3.9150000e+01   3.3488292e-02
   3.9600000e+01   3.2885808e-02
   4.0050000e+01   3.2278336e-02
   4.0500000e+01   3.1666370e-02
   4.0950000e+01   3.1050427e-02
   4.1400000e+01   3.0431038e-02
   4.1850000e+01   2.9808750e-02
   4.2300000e+01   2.9184121e-02
   4.2750000e+01   2.8557721e-02
   4.3200000e+01   2.7930122e-02
   4.3650000e+01   2.7301905e-02
   4.4100000e+01   2.6673648e-02
   4.4550000e+01   2.6045932e-02
   4.5000000e+01   2.5419331e-02
   4.5450000e+01   2.4794416e-02
   4.5900000e+01   2.4171749e-02
   4.6350000e+01   2.3551880e-02
   4.6800000e+01   2.2935349e-02
   4.7250000e+01   2.2322681e-02
   4.7700000e+01   2.1714387e-02
   4.8150000e+01   2.1110957e-02
   4.8600000e+01   2.0512866e-02
   4.9050000e+01   1.9920566e-02
   4.9500000e+01   1.9334492e-02
   4.9950000e+01   1.8755052e-02
   5.0400000e+01   1.8182635e-02
   5.0850000e+01   1.7617606e-02
   5.1300000e+01   1.7060306e-02
   5.1750000e+01   1.6511051e-02
   5.2200000e+01   1.5970135e-02
   5.2650000e+01   1.5437828e-02
   5.3100000e+01   1.4914373e-02
   5.3550000e+01   1.4399993e-02
   5.4000000e+01   1.3894886e-02
   5.4450000e+01   1.3399226e-02
   5.4900000e+01   1.2913169e-02
   5.5350000e+01   1.2436844e-02
   5.5800000e+01   1.1970362e-02
   5.6250000e+01   1.1513816e-02
   5.6700000e+01   1.1067274e-02
   5.7150000e+01   1.0630791e-02
   5.7600000e+01   1.0204403e-02
   5.8050000e+01   9.7881262e-03
   5.8500000e+01   9.3819657e-03
   5.8950000e+01   8.9859091e-03
   5.9400000e+01   8.5999309e-03
   5.9850000e+01   8.2239927e-03
   6.0300000e+01   7.8580440e-03
   6.0750000e+01   7.5020231e-03
   6.1200000e+01   7.1558582e-03
   6.1650000e+01   6.8194680e-03
   6.2100000e+01   6.4927624e-03
   6.2550000e+01   6.1756435e-03
   6.3000000e+01   5.8680062e-03
   6.3450000e+01   5.5697392e-03
   6.3900000e+01   5.2807248e-03
   6.4350000e+01   5.0008405e-03
   6.4800000e+01   4.7299590e-03
   6.5250000e+01   4.4679488e-03
   6.5700000e+01   4.2146747e-03
   6.6150000e+01   3.9699984e-03
   6.6600000e+01   3.7337785e-03
   6.7050000e+01   3.5058714e-03
   6.7500000e+01   3.2861314e-03
   6.7950000e+01   3.0744106e-03
   6.8400000e+01   2.8705599e-03
   6.8850000e+01   2.6744288e-03
   6.9300000e+01   2.4858656e-03
   6.9750000e+01   2.3047179e-03
   7.0200000e+01   2.1308323e-03
   7.0650000e+01   1.9640550e-03
   7.1100000e+01   1.8042317e-03
   7.1550000e+01   1.6512078e-03
   7.2000000e+01   1.5048286e-03
   7.2450000e+01   1.3649391e-03
   7.2900000e+01   1.2313844e-03
   7.3350000e+01   1.1040097e-03
   7.3800000e+01   9.8266024e-04
   7.4250000e+01   8.6718156e-04
   7.4700000e+01   7.5741950e-04
   7.5150000e+01   6.5322027e-04
   7.5600000e+01   5.5443054e-04
   7.6050000e+01   4.6089749e-04
   7.6500000e+01   3.7246892e-04
   7.6950000e+01   2.8899329e-04
   7.7400000e+01   2.1031983e-04
   7.7850000e+01   1.3629862e-04
   7.8300000e+01   6.6780678e-05
   7.8750000e+01   1.6180350e-06
   7.9200000e+01  -5.9336154e-05
   7.9650000e+01  -1.1622752e-04
   8.0100000e+01  -1.6920038e-04
   8.0550000e+01  -2.1839764e-04
   8.1000000e+01  -2.6396068e-04
   8.1450000e+01  -3.0602927e-04
   8.1900000e+01  -3.4474144e-04
   8.2350000e+01  -3.8023340e-04
   8.2800000e+01  -4.1263941e-04
   8.3250000e+01  -4.4209170e-04
   8.3700000e+01  -4.6872037e-04
   8.4150000e+01  -4.9265324e-04
   8.4600000e+01  -5.1401583e-04
   8.5050000e+01  -5.3293122e-04
   8.5500000e+01  -5.4951995e-04
   8.5950000e+01  -5.6389997e-04
   8.6400000e+01  -5.7618655e-04
   8.6850000e+01  -5.8649220e-04
   8.7300000e+01  -5.9492659e-04
   8.7750000e+01  -6.0159652e-04
   8.8200000e+01  -6.0660583e-04
   8.8650000e+01  -6.1005539e-04
   8.9100000e+01  -6.1204301e-04
   8.9550000e+01  -6.1266345e-04
   9.0000000e+01  -6.1200836e-04
