  -9.0000000e+01  -2.9863647e-04
  -8.9550000e+01  -3.0703341e-04
  -8.9100000e+01  -3.1515983e-04
  -8.8650000e+01  -3.2294967e-04
  -8.8200000e+01  -3.3033083e-04
  -8.7750000e+01  -3.3722478e-04
  -8.7300000e+01  -3.4354620e-04
  -8.6850000e+01  -3.4920263e-04
  -8.6400000e+01  -3.5409410e-04
  -8.5950000e+01  -3.5811278e-04
  -8.5500000e+01  -3.6114258e-04
  -8.5050000e+01  -3.6305878e-04
  -8.4600000e+01  -3.6372768e-04
  -8.4150000e+01  -3.6300625e-04
  -8.3700000e+01  -3.6074170e-04
  -8.3250000e+01  -3.5677120e-04
  -8.2800000e+01  -3.5092149e-04
  -8.2350000e+01  -3.4300859e-04
  -8.1900000e+01  -3.3283744e-04
  -8.1450000e+01  -3.2020165e-04
  -8.1000000e+01  -3.0488319e-04
  -8.0550000e+01  -2.8665214e-04
  -8.0100000e+01  -2.6526651e-04
  -7.9650000e+01  -2.4047199e-04
  -7.9200000e+01  -2.1200182e-04
  -7.8750000e+01  -1.7957668e-04
  -7.8300000e+01  -1.4290457e-04
  -7.7850000e+01  -1.0168083e-04
  -7.7400000e+01  -5.5588080e-05
  -7.6950000e+01  -4.2963606e-06
  -7.6500000e+01   5.2536806e-05
  -7.6050000e+01   1.1526622e-04
  -7.5600000e+01   1.8425875e-04
  -7.5150000e+01   2.5989307e-04
  -7.4700000e+01   3.4255926e-04
  -7.4250000e+01   4.3265834e-04
  -7.3800000e+01   5.3060183e-04
  -7.3350000e+01   6.3681107e-04
  -7.2900000e+01   7.5171659e-04
  -7.2450000e+01   8.7575737e-04
  -7.2000000e+01   1.0093800e-03
  -7.1550000e+01   1.1530376e-03
  -7.1100000e+01   1.3071891e-03
  -7.0650000e+01   1.4722981e-03
  -7.0200000e+01   1.6488312e-03
  -6.9750000e+01   1.8372573e-03
  -6.9300000e+01   2.0380462e-03
  -6.8850000e+01   2.2516667e-03
  -6.8400000e+01   2.4785853e-03
  -6.7950000e+01   2.7192648e-03
  -6.7500000e+01   2.9741623e-03
  -6.7050000e+01   3.2437272e-03
  -6.6600000e+01   3.5283999e-03
  -6.6150000e+01   3.8286095e-03
  -6.5700000e+01   4.1447714e-03
  -6.5250000e+01   4.4772860e-03
  -6.4800000e+01   4.8265359e-03
  -6.4350000e+01   5.1928839e-03
  -6.3900000e+01   5.5766705e-03
  -6.3450000e+01   5.9782121e-03
  -6.3000000e+01   6.3977980e-03
  -6.2550000e+01   6.8356885e-03
  -6.2100000e+01   7.2921123e-03
  -6.1650000e+01   7.7672639e-03
  -6.1200000e+01   8.2613017e-03
  -6.0750000e+01   8.7743452e-03
  -6.0300000e+01   9.3064729e-03
  -5.9850000e+01   9.8577197e-03
  -5.9400000e+01   1.0428075e-02
  -5.8950000e+01   1.1017481e-02
  -5.8500000e+01   1.1625829e-02
  -5.8050000e+01   1.2252959e-02
  -5.7600000e+01   1.2898659e-02
  -5.7150000e+01   1.3562660e-02
  -5.6700000e+01   1.4244637e-02
  -5.6250000e+01   1.4944207e-02
  -5.5800000e+01   1.5660930e-02
  -5.5350000e+01   1.6394304e-02
  -5.4900000e+01   1.7143768e-02
  -5.4450000e+01   1.7908700e-02
  -5.4000000e+01   1.8688420e-02
  -5.3550000e+01   1.9482184e-02
  -5.3100000e+01   2.0289192e-02
  -5.2650000e+01   2.1108584e-02
  -5.2200000e+01   2.1939443e-02
  -5.1750000e+01   2.2780796e-02
  -5.1300000e+01   2.3631617e-02
  -5.0850000e+01   2.4490830e-02
  -5.0400000e+01   2.5357307e-02
  -4.9950000e+01   2.6229878e-02
  -4.9500000e+01   2.7107330e-02
  -4.9050000e+01   2.7988409e-02
  -4.8600000e+01   2.8871830e-02
  -4.8150000e+01   2.9756274e-02
  -4.7700000e+01   3.0640399e-02
  -4.7250000e+01   3.1522841e-02
  -4.6800000e+01   3.2402220e-02
  -4.6350000e+01   3.3277144e-02
  -4.5900000e+01   3.4146217e-02
  -4.5450000e+01   3.5008041e-02
  -4.5000000e+01   3.5861226e-02
  -4.4550000e+01   3.6704390e-02
  -4.4100000e+01   3.7536170e-02
  -4.3650000e+01   3.8355224e-02
  -4.3200000e+01   3.9160238e-02
  -4.2750000e+01   3.9949930e-02
  -4.2300000e+01   4.0723059e-02
  -4.1850000e+01   4.1478424e-02
  -4.1400000e+01   4.2214876e-02
  -4.0950000e+01   4.2931317e-02
  -4.0500000e+01   4.3626707e-02
  -4.0050000e+01   4.4300067e-02
  -3.9600000e+01   4.4950485e-02
  -3.9150000e+01   4.5577114e-02
  -3.8700000e+01   4.6179184e-02
  -3.8250000e+01   4.6755995e-02
  -3.7800000e+01   4.7306924e-02
  -3.7350000e+01   4.7831429e-02
  -3.6900000e+01   4.8329043e-02
  -3.6450000e+01   4.8799384e-02
  -3.6000000e+01   4.9242147e-02
  -3.5550000e+01   4.9657109e-02
  -3.5100000e+01   5.0044129e-02
  -3.4650000e+01   5.0403142e-02
  -3.4200000e+01   5.0734163e-02
  -3.3750000e+01   5.1037284e-02
  -3.3300000e+01   5.1312670e-02
  -3.2850000e+01   5.1560558e-02
  -3.2400000e+01   5.1781254e-02
  -3.1950000e+01   5.1975130e-02
  -3.1500000e+01   5.2142622e-02
  -3.1050000e+01   5.2284224e-02
  -3.0600000e+01   5.2400484e-02
  -3.0150000e+01   5.2492004e-02
  -2.9700000e+01   5.2559432e-02
  -2.9250000e+01   5.2603458e-02
  -2.8800000e+01   5.2624813e-02
  -2.8350000e+01   5.2624262e-02
  -2.7900000e+01   5.2602600e-02
  -2.7450000e+01   5.2560647e-02
  -2.7000000e+01   5.2499247e-02
  -2.6550000e+01   5.2419261e-02
  -2.6100000e+01   5.2321563e-02
  -2.5650000e+01   5.2207037e-02
  -2.5200000e+01   5.2076576e-02
  -2.4750000e+01   5.1931072e-02
  -2.4300000e+01   5.1771420e-02
  -2.3850000e+01   5.1598509e-02
  -2.3400000e+01   5.1413225e-02
  -2.2950000e+01   5.1216443e-02
  -2.2500000e+01   5.1009028e-02
  -2.2050000e+01   5.0791831e-02
  -2.1600000e+01   5.0565691e-02
  -2.1150000e+01   5.0331429e-02
  -2.0700000e+01   5.0089848e-02
  -2.0250000e+01   4.9841733e-02
  -1.9800000e+01   4.9587852e-02
  -1.9350000e+01   4.9328952e-02
  -1.8900000e+01   4.9065758e-02
  -1.8450000e+01   4.8798977e-02
  -1.8000000e+01   4.8529295e-02
  -1.7550000e+01   4.8257379e-02
  -1.7100000e+01   4.7983876e-02
  -1.6650000e+01   4.7709412e-02
  -1.6200000e+01   4.7434596e-02
  -1.5750000e+01   4.7160019e-02
  -1.5300000e+01   4.6886253e-02
  -1.4850000e+01   4.6613855e-02
  -1.4400000e+01   4.6343363e-02
  -1.3950000e+01   4.6075302e-02
  -1.3500000e+01   4.5810183e-02
  -1.3050000e+01   4.5548499e-02
  -1.2600000e+01   4.5290734e-02
  -1.2150000e+01   4.5037354e-02
  -1.1700000e+01   4.4788817e-02
  -1.1250000e+01   4.4545566e-02
  -1.0800000e+01   4.4308033e-02
  -1.0350000e+01   4.4076637e-02
  -9.9000000e+00   4.3851786e-02
  -9.4500000e+00   4.3633876e-02
  -9.0000000e+00   4.3423293e-02
  -8.5500000e+00   4.3220407e-02
  -8.1000000e+00   4.3025578e-02
  -7.6500000e+00   4.2839154e-02
  -7.2000000e+00   4.2661467e-02
  -6.7500000e+00   4.2492838e-02
  -6.3000000e+00   4.2333571e-02
  -5.8500000e+00   4.2183957e-02
  -5.4000000e+00   4.2044270e-02
  -4.9500000e+00   4.1914767e-02
  -4.5000000e+00   4.1795689e-02
  -4.0500000e+00   4.1687259e-02
  -3.6000000e+00   4.1589680e-02
  -3.1500000e+00   4.1503137e-02
  -2.7000000e+00   4.1427794e-02
  -2.2500000e+00   4.1363796e-02
  -1.8000000e+00   4.1311264e-02
  -1.3500000e+00   4.1270301e-02
  -9.0000000e-01   4.1240984e-02
  -4.5000000e-01   4.1223372e-02
   0.0000000e+00   4.1217497e-02
   4.5000000e-01   4.1223372e-02
   9.0000000e-01   4.1240984e-02
   1.3500000e+00   4.1270301e-02
   1.8000000e+00   4.1311264e-02
   2.2500000e+00   4.1363796e-02
   2.7000000e+00   4.1427794e-02
   3.1500000e+00   4.1503137e-02
   3.6000000e+00   4.1589680e-02
   4.0500000e+00   4.1687259e-02
   4.5000000e+00   4.1795689e-02
   4.9500000e+00   4.1914767e-02
   5.4000000e+00   4.2044270e-02
   5.8500000e+00   4.2183957e-02
   6.3000000e+00   4.2333571e-02
   6.7500000e+00   4.2492838e-02
   7.2000000e+00   4.2661467e-02
   7.6500000e+00   4.2839154e-02
   8.1000000e+00   4.3025578e-02
   8.5500000e+00   4.3220407e-02
   9.0000000e+00   4.3423293e-02
   9.4500000e+00   4.3633876e-02
   9.9000000e+00   4.3851786e-02
   1.0350000e+01   4.4076637e-02
   1.0800000e+01   4.4308033e-02
   1.1250000e+01   4.4545566e-02
   1.1700000e+01   4.4788817e-02
   1.2150000e+01   4.5037354e-02
   1.2600000e+01   4.5290734e-02
   1.3050000e+01   4.5548499e-02
   1.3500000e+01   4.5810183e-02
   1.3950000e+01   4.6075302e-02
   1.4400000e+01   4.6343363e-02
   1.4850000e+01   4.6613855e-02
   1.5300000e+01   4.6886253e-02
   1.5750000e+01   4.7160019e-02
   1.6200000e+01   4.7434596e-02
   1.6650000e+01   4.7709412e-02
   1.7100000e+01   4.7983876e-02
   1.7550000e+01   4.8257379e-02
   1.8000000e+01   4.8529295e-02
   1.8450000e+01   4.8798977e-02
   1.8900000e+01   4.9065758e-02
   1.9350000e+01   4.9328952e-02
   1.9800000e+01   4.9587852e-02
   2.0250000e+01   4.9841733e-02
   2.0700000e+01   5.0089848e-02
   2.1150000e+01   5.0331429e-02
   2.1600000e+01   5.0565691e-02
   2.2050000e+01   5.0791831e-02
   2.2500000e+01   5.1009028e-02
   2.2950000e+01   5.1216443e-02
   2.3400000e+01   5.1413225e-02
   2.3850000e+01   5.1598509e-02
   2.4300000e+01   5.1771420e-02
   2.4750000e+01   5.1931072e-02
   2.5200000e+01   5.2076576e-02
   2.5650000e+01   5.2207037e-02
   2.6100000e+01   5.2321563e-02
   2.6550000e+01   5.2419261e-02
   2.7000000e+01   5.2499247e-02
   2.7450000e+01   5.2560647e-02
   2.7900000e+01   5.2602600e-02
   2.8350000e+01   5.2624262e-02
   2.8800000e+01   5.2624813e-02
   2.9250000e+01   5.2603458e-02
   2.9700000e+01   5.2559432e-02
   3.0150000e+01   5.2492004e-02
   3.0600000e+01   5.2400484e-02
   3.1050000e+01   5.2284224e-02
   3.1500000e+01   5.2142622e-02
   3.1950000e+01   5.1975130e-02
   3.2400000e+01   5.1781254e-02
   3.2850000e+01   5.1560558e-02
   3.3300000e+01   5.1312670e-02
   3.3750000e+01   5.1037284e-02
   3.4200000e+01   5.0734163e-02
   3.4650000e+01   5.0403142e-02
   3.5100000e+01   5.0044129e-02
   3.5550000e+01   4.9657109e-02
   3.6000000e+01   4.9242147e-02
   3.6450000e+01   4.8799384e-02
   3.6900000e+01   4.8329043e-02
   3.7350000e+01   4.7831429e-02
   3.7800000e+01   4.7306924e-02
   3.8250000e+01   4.6755995e-02
   3.8700000e+01   4.6179184e-02
   3.9150000e+01   4.5577114e-02
   3.9600000e+01   4.4950485e-02
   4.0050000e+01   4.4300067e-02
   4.0500000e+01   4.3626707e-02
   4.0950000e+01   4.2931317e-02
   4.1400000e+01   4.2214876e-02
   4.1850000e+01   4.1478424e-02
   4.2300000e+01   4.0723059e-02
   4.2750000e+01   3.9949930e-02
   4.3200000e+01   3.9160238e-02
   4.3650000e+01   3.8355224e-02
   4.4100000e+01   3.7536170e-02
   4.4550000e+01   3.6704390e-02
   4.5000000e+01   3.5861226e-02
   4.5450000e+01   3.5008041e-02
   4.5900000e+01   3.4146217e-02
   4.6350000e+01   3.3277144e-02
   4.6800000e+01   3.2402220e-02
   4.7250000e+01   3.1522841e-02
   4.7700000e+01   3.0640399e-02
   4.8150000e+01   2.9756274e-02
   4.8600000e+01   2.8871830e-02
   4.9050000e+01   2.7988409e-02
   4.9500000e+01   2.7107330e-02
   4.9950000e+01   2.6229878e-02
   5.0400000e+01   2.5357307e-02
   5.0850000e+01   2.4490830e-02
   5.1300000e+01   2.3631617e-02
   5.1750000e+01   2.2780796e-02
   5.2200000e+01   2.1939443e-02
   5.2650000e+01   2.1108584e-02
   5.3100000e+01   2.0289192e-02
   5.3550000e+01   1.9482184e-02
   5.4000000e+01   1.8688420e-02
   5.4450000e+01   1.7908700e-02
   5.4900000e+01   1.7143768e-02
   5.5350000e+01   1.6394304e-02
   5.5800000e+01   1.5660930e-02
   5.6250000e+01   1.4944207e-02
   5.6700000e+01   1.4244637e-02
   5.7150000e+01   1.3562660e-02
   5.7600000e+01   1.2898659e-02
   5.8050000e+01   1.2252959e-02
   5.8500000e+01   1.1625829e-02
   5.8950000e+01   1.1017481e-02
   5.9400000e+01   1.0428075e-02
   5.9850000e+01   9.8577197e-03
   6.0300000e+01   9.3064729e-03
   6.0750000e+01   8.7743452e-03
   6.1200000e+01   8.2613017e-03
   6.1650000e+01   7.7672639e-03
   6.2100000e+01   7.2921123e-03
   6.2550000e+01   6.8356885e-03
   6.3000000e+01   6.3977980e-03
   6.3450000e+01   5.9782121e-03
   6.3900000e+01   5.5766705e-03
   6.4350000e+01   5.1928839e-03
   6.4800000e+01   4.8265359e-03
   6.5250000e+01   4.4772860e-03
   6.5700000e+01   4.1447714e-03
   6.6150000e+01   3.8286095e-03
   6.6600000e+01   3.5283999e-03
   6.7050000e+01   3.2437272e-03
   6.7500000e+01   2.9741623e-03
   6.7950000e+01   2.7192648e-03
   6.8400000e+01   2.4785853e-03
   6.8850000e+01   2.2516667e-03
   6.9300000e+01   2.0380462e-03
   6.9750000e+01   1.8372573e-03
   7.0200000e+01   1.6488312e-03
   7.0650000e+01   1.4722981e-03
   7.1100000e+01   1.3071891e-03
   7.1550000e+01   1.1530376e-03
   7.2000000e+01   1.0093800e-03
   7.2450000e+01   8.7575737e-04
   7.2900000e+01   7.5171659e-04
   7.3350000e+01   6.3681107e-04
   7.3800000e+01   5.3060183e-04
   7.4250000e+01   4.3265834e-04
   7.4700000e+01   3.4255926e-04
   7.5150000e+01   2.5989307e-04
   7.5600000e+01   1.8425875e-04
   7.6050000e+01   1.1526622e-04
   7.6500000e+01   5.2536806e-05
   7.6950000e+01  -4.2963606e-06
   7.7400000e+01  -5.5588080e-05
   7.7850000e+01  -1.0168083e-04
   7.8300000e+01  -1.4290457e-04
   7.8750000e+01  -1.7957668e-04
   7.9200000e+01  -2.1200182e-04
   7.9650000e+01  -2.4047199e-04
   8.0100000e+01  -2.6526651e-04
   8.0550000e+01  -2.8665214e-04
   8.1000000e+01  -3.0488319e-04
   8.1450000e+01  -3.2020165e-04
   8.1900000e+01  -3.3283744e-04
   8.2350000e+01  -3.4300859e-04
   8.2800000e+01  -3.5092149e-04
   8.3250000e+01  -3.5677120e-04
   8.3700000e+01  -3.6074170e-04
   8.4150000e+01  -3.6300625e-04
   8.4600000e+01  -3.6372768e-04
   8.5050000e+01  -3.6305878e-04
   8.5500000e+01  -3.6114258e-04
   8.5950000e+01  -3.5811278e-04
   8.6400000e+01  -3.5409410e-04
   8.6850000e+01  -3.4920263e-04
   8.7300000e+01  -3.4354620e-04
   8.7750000e+01  -3.3722478e-04
   8.8200000e+01  -3.3033083e-04
   8.8650000e+01  -3.2294967e-04
   8.9100000e+01  -3.1515983e-04
   8.9550000e+01  -3.0703341e-04
   9.0000000e+01  -2.9863647e-04
