  -9.0000000e+01  -1.7620818e-04
  -8.9550000e+01  -1.8363618e-04
  -8.9100000e+01  -1.9106144e-04
  -8.8650000e+01  -1.9844143e-04
  -8.8200000e+01  -2.0572833e-04
  -8.7750000e+01  -2.1286863e-04
  -8.7300000e+01  -2.1980271e-04
  -8.6850000e+01  -2.2646448e-04
  -8.6400000e+01  -2.3278089e-04
  -8.5950000e+01  -2.3867154e-04
  -8.5500000e+01  -2.4404824e-04
  -8.5050000e+01  -2.4881454e-04
  -8.4600000e+01  -2.5286530e-04
  -8.4150000e+01  -2.5608622e-04
  -8.3700000e+01  -2.5835344e-04
  -8.3250000e+01  -2.5953302e-04
  -8.2800000e+01  -2.5948056e-04
  -8.2350000e+01  -2.5804073e-04
  -8.1900000e+01  -2.5504688e-04
  -8.1450000e+01  -2.5032062e-04
  -8.1000000e+01  -2.4367147e-04
  -8.0550000e+01  -2.3489645e-04
  -8.0100000e+01  -2.2377980e-04
  -7.9650000e+01  -2.1009265e-04
  -7.9200000e+01  -1.9359278e-04
  -7.8750000e+01  -1.7402439e-04
  -7.8300000e+01  -1.5111792e-04
  -7.7850000e+01  -1.2458994e-04
  -7.7400000e+01  -9.4143050e-05
  -7.6950000e+01  -5.9465909e-05
  -7.6500000e+01  -2.0233247e-05
  -7.6050000e+01   2.3893996e-05
  -7.5600000e+01   7.3268486e-05
  -7.5150000e+01   1.2825623e-04
  -7.4700000e+01   1.8923622e-04
  -7.4250000e+01   2.5660002e-04
  -7.3800000e+01   3.3075122e-04
  -7.3350000e+01   4.1210487e-04
  -7.2900000e+01   5.0108673e-04
  -7.2450000e+01   5.9813250e-04
  -7.2000000e+01   7.0368691e-04
  -7.1550000e+01   8.1820273e-04
  -7.1100000e+01   9.4213968e-04
  -7.0650000e+01   1.0759632e-03
  -7.0200000e+01   1.2201432e-03
  -6.9750000e+01   1.3751525e-03
  -6.9300000e+01   1.5414655e-03
  -6.8850000e+01   1.7195566e-03
  -6.8400000e+01   1.9098983e-03
  -6.7950000e+01   2.1129595e-03
  -6.7500000e+01   2.3292035e-03
  -6.7050000e+01   2.5590863e-03
  -6.6600000e+01   2.8030542e-03
  -6.6150000e+01   3.0615417e-03
  -6.5700000e+01   3.3349696e-03
  -6.5250000e+01   3.6237423e-03
  -6.4800000e+01   3.9282456e-03
  -6.4350000e+01   4.2488445e-03
  -6.3900000e+01   4.5858805e-03
  -6.3450000e+01   4.9396690e-03
  -6.3000000e+01   5.3104976e-03
  -6.2550000e+01   5.6986224e-03
  -6.2100000e+01   6.1042668e-03
  -6.1650000e+01   6.5276180e-03
  -6.1200000e+01   6.9688252e-03
  -6.0750000e+01   7.4279970e-03
  -6.0300000e+01   7.9051992e-03
  -5.9850000e+01   8.4004525e-03
  -5.9400000e+01   8.9137306e-03
  -5.8950000e+01   9.4449579e-03
  -5.8500000e+01   9.9940080e-03
  -5.8050000e+01   1.0560702e-02
  -5.7600000e+01   1.1144807e-02
  -5.7150000e+01   1.1746034e-02
  -5.6700000e+01   1.2364039e-02
  -5.6250000e+01   1.2998421e-02
  -5.5800000e+01   1.3648719e-02
  -5.5350000e+01   1.4314417e-02
  -5.4900000e+01   1.4994940e-02
  -5.4450000e+01   1.5689655e-02
  -5.4000000e+01   1.6397875e-02
  -5.3550000e+01   1.7118853e-02
  -5.3100000e+01   1.7851793e-02
  -5.2650000e+01   1.8595842e-02
  -5.2200000e+01   1.9350101e-02
  -5.1750000e+01   2.0113619e-02
  -5.1300000e+01   2.0885404e-02
  -5.0850000e+01   2.1664420e-02
  -5.0400000e+01   2.2449593e-02
  -4.9950000e+01   2.3239817e-02
  -4.9500000e+01   2.4033954e-02
  -4.9050000e+01   2.4830840e-02
  -4.8600000e+01   2.5629293e-02
  -4.8150000e+01   2.6428112e-02
  -4.7700000e+01   2.7226089e-02
  -4.7250000e+01   2.8022007e-02
  -4.6800000e+01   2.8814652e-02
  -4.6350000e+01   2.9602816e-02
  -4.5900000e+01   3.0385303e-02
  -4.5450000e+01   3.1160932e-02
  -4.5000000e+01   3.1928547e-02
  -4.4550000e+01   3.2687021e-02
  -4.4100000e+01   3.3435262e-02
  -4.3650000e+01   3.4172214e-02
  -4.3200000e+01   3.4896869e-02
  -4.2750000e+01   3.5608268e-02
  -4.2300000e+01   3.6305506e-02
  -4.1850000e+01   3.6987736e-02
  -4.1400000e+01   3.7654174e-02
  -4.0950000e+01   3.8304100e-02
  -4.0500000e+01   3.8936866e-02
  -4.0050000e+01   3.9551894e-02
  -3.9600000e+01   4.0148679e-02
  -3.9150000e+01   4.0726791e-02
  -3.8700000e+01   4.1285880e-02
  -3.8250000e+01   4.1825667e-02
  -3.7800000e+01   4.2345955e-02
  -3.7350000e+01   4.2846622e-02
  -3.6900000e+01   4.3327620e-02
  -3.6450000e+01   4.3788977e-02
  -3.6000000e+01   4.4230791e-02
  -3.5550000e+01   4.4653231e-02
  -3.5100000e+01   4.5056531e-02
  -3.4650000e+01   4.5440988e-02
  -3.4200000e+01   4.5806959e-02
  -3.3750000e+01   4.6154853e-02
  -3.3300000e+01   4.6485133e-02
  -3.2850000e+01   4.6798304e-02
  -3.2400000e+01   4.7094912e-02
  -3.1950000e+01   4.7375539e-02
  -3.1500000e+01   4.7640796e-02
  -3.1050000e+01   4.7891316e-02
  -3.0600000e+01   4.8127752e-02
  -3.0150000e+01   4.8350770e-02
  -2.9700000e+01   4.8561041e-02
  -2.9250000e+01   4.8759241e-02
  -2.8800000e+01   4.8946039e-02
  -2.8350000e+01   4.9122099e-02
  -2.7900000e+01   4.9288069e-02
  -2.7450000e+01   4.9444580e-02
  -2.7000000e+01   4.9592242e-02
  -2.6550000e+01   4.9731638e-02
  -2.6100000e+01   4.9863324e-02
  -2.5650000e+01   4.9987822e-02
  -2.5200000e+01   5.0105622e-02
  -2.4750000e+01   5.0217175e-02
  -2.4300000e+01   5.0322896e-02
  -2.3850000e+01   5.0423162e-02
  -2.3400000e+01   5.0518309e-02
  -2.2950000e+01   5.0608634e-02
  -2.2500000e+01   5.0694396e-02
  -2.2050000e+01   5.0775816e-02
  -2.1600000e+01   5.0853078e-02
  -2.1150000e+01   5.0926332e-02
  -2.0700000e+01   5.0995695e-02
  -2.0250000e+01   5.1061255e-02
  -1.9800000e+01   5.1123071e-02
  -1.9350000e+01   5.1181179e-02
  -1.8900000e+01   5.1235595e-02
  -1.8450000e+01   5.1286317e-02
  -1.8000000e+01   5.1333330e-02
  -1.7550000e+01   5.1376607e-02
  -1.7100000e+01   5.1416119e-02
  -1.6650000e+01   5.1451832e-02
  -1.6200000e+01   5.1483713e-02
  -1.5750000e+01   5.1511735e-02
  -1.5300000e+01   5.1535879e-02
  -1.4850000e+01   5.1556136e-02
  -1.4400000e+01   5.1572514e-02
  -1.3950000e+01   5.1585035e-02
  -1.3500000e+01   5.1593743e-02
  -1.3050000e+01   5.1598699e-02
  -1.2600000e+01   5.1599991e-02
  -1.2150000e+01   5.1597728e-02
  -1.1700000e+01   5.1592044e-02
  -1.1250000e+01   5.1583098e-02
  -1.0800000e+01   5.1571073e-02
  -1.0350000e+01   5.1556177e-02
  -9.9000000e+00   5.1538640e-02
  -9.4500000e+00   5.1518715e-02
  -9.0000000e+00   5.1496675e-02
  -8.5500000e+00   5.1472809e-02
  -8.1000000e+00   5.1447424e-02
  -7.6500000e+00   5.1420839e-02
  -7.2000000e+00   5.1393382e-02
  -6.7500000e+00   5.1365390e-02
  -6.3000000e+00   5.1337200e-02
  -5.8500000e+00   5.1309152e-02
  -5.4000000e+00   5.1281582e-02
  -4.9500000e+00   5.1254817e-02
  -4.5000000e+00   5.1229176e-02
  -4.0500000e+00   5.1204961e-02
  -3.6000000e+00   5.1182460e-02
  -3.1500000e+00   5.1161937e-02
  -2.7000000e+00   5.1143634e-02
  -2.2500000e+00   5.1127767e-02
  -1.8000000e+00   5.1114523e-02
  -1.3500000e+00   5.1104056e-02
  -9.0000000e-01   5.1096491e-02
  -4.5000000e-01   5.1091916e-02
   0.0000000e+00   5.1090385e-02
   4.5000000e-01   5.1091916e-02
   9.0000000e-01   5.1096491e-02
   1.3500000e+00   5.1104056e-02
   1.8000000e+00   5.1114523e-02
   2.2500000e+00   5.1127767e-02
   2.7000000e+00   5.1143634e-02
   3.1500000e+00   5.1161937e-02
   3.6000000e+00   5.1182460e-02
   4.0500000e+00   5.1204961e-02
   4.5000000e+00   5.1229176e-02
   4.9500000e+00   5.1254817e-02
   5.4000000e+00   5.1281582e-02
   5.8500000e+00   5.1309152e-02
   6.3000000e+00   5.1337200e-02
   6.7500000e+00   5.1365390e-02
   7.2000000e+00   5.1393382e-02
   7.6500000e+00   5.1420839e-02
   8.1000000e+00   5.1447424e-02
   8.5500000e+00   5.1472809e-02
   9.0000000e+00   5.1496675e-02
   9.4500000e+00   5.1518715e-02
   9.9000000e+00   5.1538640e-02
   1.0350000e+01   5.1556177e-02
   1.0800000e+01   5.1571073e-02
   1.1250000e+01   5.1583098e-02
   1.1700000e+01   5.1592044e-02
   1.2150000e+01   5.1597728e-02
   1.2600000e+01   5.1599991e-02
   1.3050000e+01   5.1598699e-02
   1.3500000e+01   5.1593743e-02
   1.3950000e+01   5.1585035e-02
   1.4400000e+01   5.1572514e-02
   1.4850000e+01   5.1556136e-02
   1.5300000e+01   5.1535879e-02
   1.5750000e+01   5.1511735e-02
   1.6200000e+01   5.1483713e-02
   1.6650000e+01   5.1451832e-02
   1.7100000e+01   5.1416119e-02
   1.7550000e+01   5.1376607e-02
   1.8000000e+01   5.1333330e-02
   1.8450000e+01   5.1286317e-02
   1.8900000e+01   5.1235595e-02
   1.9350000e+01   5.1181179e-02
   1.9800000e+01   5.1123071e-02
   2.0250000e+01   5.1061255e-02
   2.0700000e+01   5.0995695e-02
   2.1150000e+01   5.0926332e-02
   2.1600000e+01   5.0853078e-02
   2.2050000e+01   5.0775816e-02
   2.2500000e+01   5.0694396e-02
   2.2950000e+01   5.0608634e-02
   2.3400000e+01   5.0518309e-02
   2.3850000e+01   5.0423162e-02
   2.4300000e+01   5.0322896e-02
   2.4750000e+01   5.0217175e-02
   2.5200000e+01   5.0105622e-02
   2.5650000e+01   4.9987822e-02
   2.6100000e+01   4.9863324e-02
   2.6550000e+01   4.9731638e-02
   2.7000000e+01   4.9592242e-02
   2.7450000e+01   4.9444580e-02
   2.7900000e+01   4.9288069e-02
   2.8350000e+01   4.9122099e-02
   2.8800000e+01   4.8946039e-02
   2.9250000e+01   4.8759241e-02
   2.9700000e+01   4.8561041e-02
   3.0150000e+01   4.8350770e-02
   3.0600000e+01   4.8127752e-02
   3.1050000e+01   4.7891316e-02
   3.1500000e+01   4.7640796e-02
   3.1950000e+01   4.7375539e-02
   3.2400000e+01   4.7094912e-02
   3.2850000e+01   4.6798304e-02
   3.3300000e+01   4.6485133e-02
   3.3750000e+01   4.6154853e-02
   3.4200000e+01   4.5806959e-02
   3.4650000e+01   4.5440988e-02
   3.5100000e+01   4.5056531e-02
   3.5550000e+01   4.4653231e-02
   3.6000000e+01   4.4230791e-02
   3.6450000e+01   4.3788977e-02
   3.6900000e+01   4.3327620e-02
   3.7350000e+01   4.2846622e-02
   3.7800000e+01   4.2345955e-02
   3.8250000e+01   4.1825667e-02
   3.8700000e+01   4.1285880e-02
   3.9150000e+01   4.0726791e-02
   3.9600000e+01   4.0148679e-02
   4.0050000e+01   3.9551894e-02
   4.0500000e+01   3.8936866e-02
   4.0950000e+01   3.8304100e-02
   4.1400000e+01   3.7654174e-02
   4.1850000e+01   3.6987736e-02
   4.2300000e+01   3.6305506e-02
   4.2750000e+01   3.5608268e-02
   4.3200000e+01   3.4896869e-02
   4.3650000e+01   3.4172214e-02
   4.4100000e+01   3.3435262e-02
   4.4550000e+01   3.2687021e-02
   4.5000000e+01   3.1928547e-02
   4.5450000e+01   3.1160932e-02
   4.5900000e+01   3.0385303e-02
   4.6350000e+01   2.9602816e-02
   4.6800000e+01   2.8814652e-02
   4.7250000e+01   2.8022007e-02
   4.7700000e+01   2.7226089e-02
   4.8150000e+01   2.6428112e-02
   4.8600000e+01   2.5629293e-02
   4.9050000e+01   2.4830840e-02
   4.9500000e+01   2.4033954e-02
   4.9950000e+01   2.3239817e-02
   5.0400000e+01   2.2449593e-02
   5.0850000e+01   2.1664420e-02
   5.1300000e+01   2.0885404e-02
   5.1750000e+01   2.0113619e-02
   5.2200000e+01   1.9350101e-02
   5.2650000e+01   1.8595842e-02
   5.3100000e+01   1.7851793e-02
   5.3550000e+01   1.7118853e-02
   5.4000000e+01   1.6397875e-02
   5.4450000e+01   1.5689655e-02
   5.4900000e+01   1.4994940e-02
   5.5350000e+01   1.4314417e-02
   5.5800000e+01   1.3648719e-02
   5.6250000e+01   1.2998421e-02
   5.6700000e+01   1.2364039e-02
   5.7150000e+01   1.1746034e-02
   5.7600000e+01   1.1144807e-02
   5.8050000e+01   1.0560702e-02
   5.8500000e+01   9.9940080e-03
   5.8950000e+01   9.4449579e-03
   5.9400000e+01   8.9137306e-03
   5.9850000e+01   8.4004525e-03
   6.0300000e+01   7.9051992e-03
   6.0750000e+01   7.4279970e-03
   6.1200000e+01   6.9688252e-03
   6.1650000e+01   6.5276180e-03
   6.2100000e+01   6.1042668e-03
   6.2550000e+01   5.6986224e-03
   6.3000000e+01   5.3104976e-03
   6.3450000e+01   4.9396690e-03
   6.3900000e+01   4.5858805e-03
   6.4350000e+01   4.2488445e-03
   6.4800000e+01   3.9282456e-03
   6.5250000e+01   3.6237423e-03
   6.5700000e+01   3.3349696e-03
   6.6150000e+01   3.0615417e-03
   6.6600000e+01   2.8030542e-03
   6.7050000e+01   2.5590863e-03
   6.7500000e+01   2.3292035e-03
   6.7950000e+01   2.1129595e-03
   6.8400000e+01   1.9098983e-03
   6.8850000e+01   1.7195566e-03
   6.9300000e+01   1.5414655e-03
   6.9750000e+01   1.3751525e-03
   7.0200000e+01   1.2201432e-03
   7.0650000e+01   1.0759632e-03
   7.1100000e+01   9.4213968e-04
   7.1550000e+01   8.1820273e-04
   7.2000000e+01   7.0368691e-04
   7.2450000e+01   5.9813250e-04
   7.2900000e+01   5.0108673e-04
   7.3350000e+01   4.1210487e-04
   7.3800000e+01   3.3075122e-04
   7.4250000e+01   2.5660002e-04
   7.4700000e+01   1.8923622e-04
   7.5150000e+01   1.2825623e-04
   7.5600000e+01   7.3268486e-05
   7.6050000e+01   2.3893996e-05
   7.6500000e+01  -2.0233247e-05
   7.6950000e+01  -5.9465909e-05
   7.7400000e+01  -9.4143050e-05
   7.7850000e+01  -1.2458994e-04
   7.8300000e+01  -1.5111792e-04
   7.8750000e+01  -1.7402439e-04
   7.9200000e+01  -1.9359278e-04
   7.9650000e+01  -2.1009265e-04
   8.0100000e+01  -2.2377980e-04
   8.0550000e+01  -2.3489645e-04
   8.1000000e+01  -2.4367147e-04
   8.1450000e+01  -2.5032062e-04
   8.1900000e+01  -2.5504688e-04
   8.2350000e+01  -2.5804073e-04
   8.2800000e+01  -2.5948056e-04
   8.3250000e+01  -2.5953302e-04
   8.3700000e+01  -2.5835344e-04
   8.4150000e+01  -2.5608622e-04
   8.4600000e+01  -2.5286530e-04
   8.5050000e+01  -2.4881454e-04
   8.5500000e+01  -2.4404824e-04
   8.5950000e+01  -2.3867154e-04
   8.6400000e+01  -2.3278089e-04
   8.6850000e+01  -2.2646448e-04
   8.7300000e+01  -2.1980271e-04
   8.7750000e+01  -2.1286863e-04
   8.8200000e+01  -2.0572833e-04
   8.8650000e+01  -1.9844143e-04
   8.9100000e+01  -1.9106144e-04
   8.9550000e+01  -1.8363618e-04
   9.0000000e+01  -1.7620818e-04
