  -9.0000000e+01  -2.0060823e-04
  -8.9550000e+01  -2.0719249e-04
  -8.9100000e+01  -2.1364185e-04
  -8.8650000e+01  -2.1990978e-04
  -8.8200000e+01  -2.2594509e-04
  -8.7750000e+01  -2.3169168e-04
  -8.7300000e+01  -2.3708825e-04
  -8.6850000e+01  -2.4206801e-04
  -8.6400000e+01  -2.4655838e-04
  -8.5950000e+01  -2.5048066e-04
  -8.5500000e+01  -2.5374980e-04
  -8.5050000e+01  -2.5627399e-04
  -8.4600000e+01  -2.5795444e-04
  -8.4150000e+01  -2.5868505e-04
  -8.3700000e+01  -2.5835208e-04
  -8.3250000e+01  -2.5683389e-04
  -8.2800000e+01  -2.5400061e-04
  -8.2350000e+01  -2.4971387e-04
  -8.1900000e+01  -2.4382654e-04
  -8.1450000e+01  -2.3618243e-04
  -8.1000000e+01  -2.2661607e-04
  -8.0550000e+01  -2.1495245e-04
  -8.0100000e+01  -2.0100678e-04
  -7.9650000e+01  -1.8458435e-04
  -7.9200000e+01  -1.6548029e-04
  -7.8750000e+01  -1.4347944e-04
  -7.8300000e+01  -1.1835622e-04
  -7.7850000e+01  -8.9874505e-05
  -7.7400000e+01  -5.7787601e-05
  -7.6950000e+01  -2.1838160e-05
  -7.6500000e+01   1.8241799e-05
  -7.6050000e+01   6.2730862e-05
  -7.5600000e+01   1.1191814e-04
  -7.5150000e+01   1.6610316e-04
  -7.4700000e+01   2.2559569e-04
  -7.4250000e+01   2.9071555e-04
  -7.3800000e+01   3.6179234e-04
  -7.3350000e+01   4.3916516e-04
  -7.2900000e+01   5.2318221e-04
  -7.2450000e+01   6.1420040e-04
  -7.2000000e+01   7.1258492e-04
  -7.1550000e+01   8.1870865e-04
  -7.1100000e+01   9.3295162e-04
  -7.0650000e+01   1.0557004e-03
  -7.0200000e+01   1.1873472e-03
  -6.9750000e+01   1.3282895e-03
  -6.9300000e+01   1.4789289e-03
  -6.8850000e+01   1.6396702e-03
  -6.8400000e+01   1.8109208e-03
  -6.7950000e+01   1.9930892e-03
  -6.7500000e+01   2.1865843e-03
  -6.7050000e+01   2.3918142e-03
  -6.6600000e+01   2.6091849e-03
  -6.6150000e+01   2.8390990e-03
  -6.5700000e+01   3.0819544e-03
  -6.5250000e+01   3.3381430e-03
  -6.4800000e+01   3.6080491e-03
  -6.4350000e+01   3.8920482e-03
  -6.3900000e+01   4.1905048e-03
  -6.3450000e+01   4.5037717e-03
  -6.3000000e+01   4.8321873e-03
  -6.2550000e+01   5.1760748e-03
  -6.2100000e+01   5.5357398e-03
  -6.1650000e+01   5.9114689e-03
  -6.1200000e+01   6.3035277e-03
  -6.0750000e+01   6.7121588e-03
  -6.0300000e+01   7.1375804e-03
  -5.9850000e+01   7.5799840e-03
  -5.9400000e+01   8.0395326e-03
  -5.8950000e+01   8.5163589e-03
  -5.8500000e+01   9.0105634e-03
  -5.8050000e+01   9.5222126e-03
  -5.7600000e+01   1.0051337e-02
  -5.7150000e+01   1.0597930e-02
  -5.6700000e+01   1.1161946e-02
  -5.6250000e+01   1.1743296e-02
  -5.5800000e+01   1.2341853e-02
  -5.5350000e+01   1.2957442e-02
  -5.4900000e+01   1.3589846e-02
  -5.4450000e+01   1.4238799e-02
  -5.4000000e+01   1.4903990e-02
  -5.3550000e+01   1.5585059e-02
  -5.3100000e+01   1.6281597e-02
  -5.2650000e+01   1.6993144e-02
  -5.2200000e+01   1.7719194e-02
  -5.1750000e+01   1.8459187e-02
  -5.1300000e+01   1.9212517e-02
  -5.0850000e+01   1.9978526e-02
  -5.0400000e+01   2.0756508e-02
  -4.9950000e+01   2.1545709e-02
  -4.9500000e+01   2.2345328e-02
  -4.9050000e+01   2.3154518e-02
  -4.8600000e+01   2.3972389e-02
  -4.8150000e+01   2.4798008e-02
  -4.7700000e+01   2.5630402e-02
  -4.7250000e+01   2.6468559e-02
  -4.6800000e+01   2.7311434e-02
  -4.6350000e+01   2.8157947e-02
  -4.5900000e+01   2.9006992e-02
  -4.5450000e+01   2.9857433e-02
  -4.5000000e+01   3.0708115e-02
  -4.4550000e+01   3.1557860e-02
  -4.4100000e+01   3.2405479e-02
  -4.3650000e+01   3.3249769e-02
  -4.3200000e+01   3.4089520e-02
  -4.2750000e+01   3.4923521e-02
  -4.2300000e+01   3.5750560e-02
  -4.1850000e+01   3.6569434e-02
  -4.1400000e+01   3.7378948e-02
  -4.0950000e+01   3.8177921e-02
  -4.0500000e+01   3.8965194e-02
  -4.0050000e+01   3.9739630e-02
  -3.9600000e+01   4.0500120e-02
  -3.9150000e+01   4.1245588e-02
  -3.8700000e+01   4.1974995e-02
  -3.8250000e+01   4.2687340e-02
  -3.7800000e+01   4.3381669e-02
  -3.7350000e+01   4.4057076e-02
  -3.6900000e+01   4.4712706e-02
  -3.6450000e+01   4.5347759e-02
  -3.6000000e+01   4.5961492e-02
  -3.5550000e+01   4.6553225e-02
  -3.5100000e+01   4.7122340e-02
  -3.4650000e+01   4.7668284e-02
  -3.4200000e+01   4.8190571e-02
  -3.3750000e+01   4.8688786e-02
  -3.3300000e+01   4.9162581e-02
  -3.2850000e+01   4.9611682e-02
  -3.2400000e+01   5.0035884e-02
  -3.1950000e+01   5.0435055e-02
  -3.1500000e+01   5.0809134e-02
  -3.1050000e+01   5.1158132e-02
  -3.0600000e+01   5.1482127e-02
  -3.0150000e+01   5.1781271e-02
  -2.9700000e+01   5.2055778e-02
  -2.9250000e+01   5.2305932e-02
  -2.8800000e+01   5.2532079e-02
  -2.8350000e+01   5.2734625e-02
  -2.7900000e+01   5.2914036e-02
  -2.7450000e+01   5.3070833e-02
  -2.7000000e+01   5.3205590e-02
  -2.6550000e+01   5.3318931e-02
  -2.6100000e+01   5.3411522e-02
  -2.5650000e+01   5.3484076e-02
  -2.5200000e+01   5.3537340e-02
  -2.4750000e+01   5.3572098e-02
  -2.4300000e+01   5.3589163e-02
  -2.3850000e+01   5.3589375e-02
  -2.3400000e+01   5.3573595e-02
  -2.2950000e+01   5.3542703e-02
  -2.2500000e+01   5.3497593e-02
  -2.2050000e+01   5.3439169e-02
  -2.1600000e+01   5.3368340e-02
  -2.1150000e+01   5.3286020e-02
  -2.0700000e+01   5.3193117e-02
  -2.0250000e+01   5.3090539e-02
  -1.9800000e+01   5.2979180e-02
  -1.9350000e+01   5.2859927e-02
  -1.8900000e+01   5.2733649e-02
  -1.8450000e+01   5.2601197e-02
  -1.8000000e+01   5.2463402e-02
  -1.7550000e+01   5.2321073e-02
  -1.7100000e+01   5.2174991e-02
  -1.6650000e+01   5.2025912e-02
  -1.6200000e+01   5.1874561e-02
  -1.5750000e+01   5.1721632e-02
  -1.5300000e+01   5.1567790e-02
  -1.4850000e+01   5.1413662e-02
  -1.4400000e+01   5.1259846e-02
  -1.3950000e+01   5.1106902e-02
  -1.3500000e+01   5.0955356e-02
  -1.3050000e+01   5.0805702e-02
  -1.2600000e+01   5.0658394e-02
  -1.2150000e+01   5.0513857e-02
  -1.1700000e+01   5.0372478e-02
  -1.1250000e+01   5.0234613e-02
  -1.0800000e+01   5.0100586e-02
  -1.0350000e+01   4.9970689e-02
  -9.9000000e+00   4.9845184e-02
  -9.4500000e+00   4.9724305e-02
  -9.0000000e+00   4.9608258e-02
  -8.5500000e+00   4.9497226e-02
  -8.1000000e+00   4.9391365e-02
  -7.6500000e+00   4.9290811e-02
  -7.2000000e+00   4.9195678e-02
  -6.7500000e+00   4.9106062e-02
  -6.3000000e+00   4.9022042e-02
  -5.8500000e+00   4.8943683e-02
  -5.4000000e+00   4.8871035e-02
  -4.9500000e+00   4.8804137e-02
  -4.5000000e+00   4.8743018e-02
  -4.0500000e+00   4.8687700e-02
  -3.6000000e+00   4.8638196e-02
  -3.1500000e+00   4.8594515e-02
  -2.7000000e+00   4.8556660e-02
  -2.2500000e+00   4.8524634e-02
  -1.8000000e+00   4.8498434e-02
  -1.3500000e+00   4.8478061e-02
  -9.0000000e-01   4.8463510e-02
  -4.5000000e-01   4.8454780e-02
   0.0000000e+00   4.8451871e-02
   4.5000000e-01   4.8454780e-02
   9.0000000e-01   4.8463510e-02
   1.3500000e+00   4.8478061e-02
   1.8000000e+00   4.8498434e-02
   2.2500000e+00   4.8524634e-02
   2.7000000e+00   4.8556660e-02
   3.1500000e+00   4.8594515e-02
   3.6000000e+00   4.8638196e-02
   4.0500000e+00   4.8687700e-02
   4.5000000e+00   4.8743018e-02
   4.9500000e+00   4.8804137e-02
   5.4000000e+00   4.8871035e-02
   5.8500000e+00   4.8943683e-02
   6.3000000e+00   4.9022042e-02
   6.7500000e+00   4.9106062e-02
   7.2000000e+00   4.9195678e-02
   7.6500000e+00   4.9290811e-02
   8.1000000e+00   4.9391365e-02
   8.5500000e+00   4.9497226e-02
   9.0000000e+00   4.9608258e-02
   9.4500000e+00   4.9724305e-02
   9.9000000e+00   4.9845184e-02
   1.0350000e+01   4.9970689e-02
   1.0800000e+01   5.0100586e-02
   1.1250000e+01   5.0234613e-02
   1.1700000e+01   5.0372478e-02
   1.2150000e+01   5.0513857e-02
   1.2600000e+01   5.0658394e-02
   1.3050000e+01   5.0805702e-02
   1.3500000e+01   5.0955356e-02
   1.3950000e+01   5.1106902e-02
   1.4400000e+01   5.1259846e-02
   1.4850000e+01   5.1413662e-02
   1.5300000e+01   5.1567790e-02
   1.5750000e+01   5.1721632e-02
   1.6200000e+01   5.1874561e-02
   1.6650000e+01   5.2025912e-02
   1.7100000e+01   5.2174991e-02
   1.7550000e+01   5.2321073e-02
   1.8000000e+01   5.2463402e-02
   1.8450000e+01   5.2601197e-02
   1.8900000e+01   5.2733649e-02
   1.9350000e+01   5.2859927e-02
   1.9800000e+01   5.2979180e-02
   2.0250000e+01   5.3090539e-02
   2.0700000e+01   5.3193117e-02
   2.1150000e+01   5.3286020e-02
   2.1600000e+01   5.3368340e-02
   2.2050000e+01   5.3439169e-02
   2.2500000e+01   5.3497593e-02
   2.2950000e+01   5.3542703e-02
   2.3400000e+01   5.3573595e-02
   2.3850000e+01   5.3589375e-02
   2.4300000e+01   5.3589163e-02
   2.4750000e+01   5.3572098e-02
   2.5200000e+01   5.3537340e-02
   2.5650000e+01   5.3484076e-02
   2.6100000e+01   5.3411522e-02
   2.6550000e+01   5.3318931e-02
   2.7000000e+01   5.3205590e-02
   2.7450000e+01   5.3070833e-02
   2.7900000e+01   5.2914036e-02
   2.8350000e+01   5.2734625e-02
   2.8800000e+01   5.2532079e-02
   2.9250000e+01   5.2305932e-02
   2.9700000e+01   5.2055778e-02
   3.0150000e+01   5.1781271e-02
   3.0600000e+01   5.1482127e-02
   3.1050000e+01   5.1158132e-02
   3.1500000e+01   5.0809134e-02
   3.1950000e+01   5.0435055e-02
   3.2400000e+01   5.0035884e-02
   3.2850000e+01   4.9611682e-02
   3.3300000e+01   4.9162581e-02
   3.3750000e+01   4.8688786e-02
   3.4200000e+01   4.8190571e-02
   3.4650000e+01   4.7668284e-02
   3.5100000e+01   4.7122340e-02
   3.5550000e+01   4.6553225e-02
   3.6000000e+01   4.5961492e-02
   3.6450000e+01   4.5347759e-02
   3.6900000e+01   4.4712706e-02
   3.7350000e+01   4.4057076e-02
   3.7800000e+01   4.3381669e-02
   3.8250000e+01   4.2687340e-02
   3.8700000e+01   4.1974995e-02
   3.9150000e+01   4.1245588e-02
   3.9600000e+01   4.0500120e-02
   4.0050000e+01   3.9739630e-02
   4.0500000e+01   3.8965194e-02
   4.0950000e+01   3.8177921e-02
   4.1400000e+01   3.7378948e-02
   4.1850000e+01   3.6569434e-02
   4.2300000e+01   3.5750560e-02
   4.2750000e+01   3.4923521e-02
   4.3200000e+01   3.4089520e-02
   4.3650000e+01   3.3249769e-02
   4.4100000e+01   3.2405479e-02
   4.4550000e+01   3.1557860e-02
   4.5000000e+01   3.0708115e-02
   4.5450000e+01   2.9857433e-02
   4.5900000e+01   2.9006992e-02
   4.6350000e+01   2.8157947e-02
   4.6800000e+01   2.7311434e-02
   4.7250000e+01   2.6468559e-02
   4.7700000e+01   2.5630402e-02
   4.8150000e+01   2.4798008e-02
   4.8600000e+01   2.3972389e-02
   4.9050000e+01   2.3154518e-02
   4.9500000e+01   2.2345328e-02
   4.9950000e+01   2.1545709e-02
   5.0400000e+01   2.0756508e-02
   5.0850000e+01   1.9978526e-02
   5.1300000e+01   1.9212517e-02
   5.1750000e+01   1.8459187e-02
   5.2200000e+01   1.7719194e-02
   5.2650000e+01   1.6993144e-02
   5.3100000e+01   1.6281597e-02
   5.3550000e+01   1.5585059e-02
   5.4000000e+01   1.4903990e-02
   5.4450000e+01   1.4238799e-02
   5.4900000e+01   1.3589846e-02
   5.5350000e+01   1.2957442e-02
   5.5800000e+01   1.2341853e-02
   5.6250000e+01   1.1743296e-02
   5.6700000e+01   1.1161946e-02
   5.7150000e+01   1.0597930e-02
   5.7600000e+01   1.0051337e-02
   5.8050000e+01   9.5222126e-03
   5.8500000e+01   9.0105634e-03
   5.8950000e+01   8.5163589e-03
   5.9400000e+01   8.0395326e-03
   5.9850000e+01   7.5799840e-03
   6.0300000e+01   7.1375804e-03
   6.0750000e+01   6.7121588e-03
   6.1200000e+01   6.3035277e-03
   6.1650000e+01   5.9114689e-03
   6.2100000e+01   5.5357398e-03
   6.2550000e+01   5.1760748e-03
   6.3000000e+01   4.8321873e-03
   6.3450000e+01   4.5037717e-03
   6.3900000e+01   4.1905048e-03
   6.4350000e+01   3.8920482e-03
   6.4800000e+01   3.6080491e-03
   6.5250000e+01   3.3381430e-03
   6.5700000e+01   3.0819544e-03
   6.6150000e+01   2.8390990e-03
   6.6600000e+01   2.6091849e-03
   6.7050000e+01   2.3918142e-03
   6.7500000e+01   2.1865843e-03
   6.7950000e+01   1.9930892e-03
   6.8400000e+01   1.8109208e-03
   6.8850000e+01   1.6396702e-03
   6.9300000e+01   1.4789289e-03
   6.9750000e+01   1.3282895e-03
   7.0200000e+01   1.1873472e-03
   7.0650000e+01   1.0557004e-03
   7.1100000e+01   9.3295162e-04
   7.1550000e+01   8.1870865e-04
   7.2000000e+01   7.1258492e-04
   7.2450000e+01   6.1420040e-04
   7.2900000e+01   5.2318221e-04
   7.3350000e+01   4.3916516e-04
   7.3800000e+01   3.6179234e-04
   7.4250000e+01   2.9071555e-04
   7.4700000e+01   2.2559569e-04
   7.5150000e+01   1.6610316e-04
   7.5600000e+01   1.1191814e-04
   7.6050000e+01   6.2730862e-05
   7.6500000e+01   1.8241799e-05
   7.6950000e+01  -2.1838160e-05
   7.7400000e+01  -5.7787601e-05
   7.7850000e+01  -8.9874505e-05
   7.8300000e+01  -1.1835622e-04
   7.8750000e+01  -1.4347944e-04
   7.9200000e+01  -1.6548029e-04
   7.9650000e+01  -1.8458435e-04
   8.0100000e+01  -2.0100678e-04
   8.0550000e+01  -2.1495245e-04
   8.1000000e+01  -2.2661607e-04
   8.1450000e+01  -2.3618243e-04
   8.1900000e+01  -2.4382654e-04
   8.2350000e+01  -2.4971387e-04
   8.2800000e+01  -2.5400061e-04
   8.3250000e+01  -2.5683389e-04
   8.3700000e+01  -2.5835208e-04
   8.4150000e+01  -2.5868505e-04
   8.4600000e+01  -2.5795444e-04
   8.5050000e+01  -2.5627399e-04
   8.5500000e+01  -2.5374980e-04
   8.5950000e+01  -2.5048066e-04
   8.6400000e+01  -2.4655838e-04
   8.6850000e+01  -2.4206801e-04
   8.7300000e+01  -2.3708825e-04
   8.7750000e+01  -2.3169168e-04
   8.8200000e+01  -2.2594509e-04
   8.8650000e+01  -2.1990978e-04
   8.9100000e+01  -2.1364185e-04
   8.9550000e+01  -2.0719249e-04
   9.0000000e+01  -2.0060823e-04
