  -9.0000000e+01 -1.1985293e-132  -4.1807120e-45  -7.7093017e-16  -2.9419391e-06  -3.4527606e-03  -1.9525289e-02  -4.7892208e-03   3.0640878e-02   3.8750759e-02   3.1999120e-02   2.9103290e-02
  -8.9550000e+01 -6.2650504e-128  -1.5790900e-43  -1.8175508e-15  -3.7030734e-06  -3.4933023e-03  -1.8457502e-02  -3.4409679e-03   3.1029366e-02   3.8679607e-02   3.1952483e-02   2.9087694e-02
  -8.9100000e+01 -3.1581349e-123  -5.5196322e-42  -4.1456544e-15  -4.6124044e-06  -3.5125167e-03  -1.7353916e-02  -2.1043316e-03   3.1408272e-02   3.8607494e-02   3.1906010e-02   2.9072174e-02
  -8.8650000e+01 -1.4872891e-118  -1.6629530e-40  -9.0765534e-15  -5.6749368e-06  -3.5072380e-03  -1.6215181e-02  -7.7973284e-04   3.1777635e-02   3.8534439e-02   3.1859701e-02   2.9056728e-02
  -8.8200000e+01 -6.0227063e-114  -3.7259167e-39  -1.8804820e-14  -6.8811022e-06  -3.4741038e-03  -1.5042025e-02   5.3241231e-04   3.2137495e-02   3.8460460e-02   3.1813558e-02   2.9041358e-02
  -8.7750000e+01 -1.4512235e-109  -4.1311073e-38  -3.5851901e-14  -8.1970314e-06  -3.4095660e-03  -1.3835251e-02   1.8316928e-03   3.2487896e-02   3.8385577e-02   3.1767580e-02   2.9026063e-02
  -8.7300000e+01  8.0504303e-105   6.6508330e-37  -5.8917533e-14  -9.5506341e-06  -3.3099049e-03  -1.2595741e-02   3.1177031e-03   3.2828880e-02   3.8309808e-02   3.1721770e-02   2.9010843e-02
  -8.6850000e+01   1.8040975e-99   4.7001725e-35  -6.6181828e-14  -1.0812156e-05  -3.1712477e-03  -1.1324450e-02   4.3900432e-03   3.3160492e-02   3.8233172e-02   3.1676129e-02   2.8995699e-02
  -8.6400000e+01   1.8964127e-94   1.4699167e-33   3.9645921e-14  -1.1767632e-05  -2.9895901e-03  -1.0022413e-02   5.6483192e-03   3.3482778e-02   3.8155687e-02   3.1630657e-02   2.8980629e-02
  -8.5950000e+01   6.6002588e-90   3.4661852e-32   5.9354274e-13  -1.2083372e-05  -2.7608227e-03  -8.6907371e-03   6.8921435e-03   3.3795786e-02   3.8077372e-02   3.1585355e-02   2.8965635e-02
  -8.5500000e+01   5.1597836e-86   6.4220567e-31   2.6174087e-12  -1.1259415e-05  -2.4807612e-03  -7.3306046e-03   8.1211350e-03   3.4099563e-02   3.7998246e-02   3.1540226e-02   2.8950717e-02
  -8.5050000e+01   1.2852886e-82   6.9871252e-30   9.0407399e-12  -8.5696784e-06  -2.1451806e-03  -5.9432700e-03   9.3349194e-03   3.4394160e-02   3.7918327e-02   3.1495269e-02   2.8935874e-02
  -8.4600000e+01  -7.6063139e-78  -1.3109618e-28   2.8158683e-11  -2.9864841e-06  -1.7498531e-03  -4.5300586e-03   1.0533130e-02   3.4679627e-02   3.7837633e-02   3.1450485e-02   2.8921106e-02
  -8.4150000e+01  -3.3727957e-73  -1.2578207e-26   8.4415515e-11   6.9128117e-06  -1.2905899e-03  -3.0923648e-03   1.1715406e-02   3.4956018e-02   3.7756183e-02   3.1405876e-02   2.8906414e-02
  -8.3700000e+01  -3.6225887e-69  -5.5006247e-25   2.5501368e-10   2.3059076e-05  -7.6328678e-04  -1.6316502e-03   1.2881396e-02   3.5223385e-02   3.7673996e-02   3.1361443e-02   2.8891798e-02
  -8.3250000e+01  -1.1960681e-65  -1.6486385e-23   7.9402082e-10   4.8026037e-05  -1.6397141e-04  -1.4944041e-04   1.4030757e-02   3.5481784e-02   3.7591088e-02   3.1317187e-02   2.8877257e-02
  -8.2800000e+01  -2.1699156e-62  -2.3376786e-22   2.5120188e-09   8.5186971e-05   5.1114562e-04   1.3526766e-03   1.5163151e-02   3.5731270e-02   3.7507479e-02   3.1273108e-02   2.8862792e-02
  -8.2350000e+01   4.8512481e-59   2.9917893e-21   7.7551510e-09   1.3889288e-04   1.2656186e-03   2.8730542e-03   1.6278251e-02   3.5971901e-02   3.7423187e-02   3.1229208e-02   2.8848402e-02
  -8.1900000e+01   8.8864405e-55   1.1509440e-19   2.2506371e-08   2.1466992e-04   2.1027132e-03   4.4099895e-03   1.7375739e-02   3.6203736e-02   3.7338229e-02   3.1185488e-02   2.8834089e-02
  -8.1450000e+01   6.4094502e-51   1.5025735e-18   6.0343233e-08   3.1943166e-04   3.0253521e-03   5.9617274e-03   1.8455304e-02   3.6426833e-02   3.7252624e-02   3.1141949e-02   2.8819851e-02
  -8.1000000e+01   1.5110809e-47   1.4097458e-17   1.4959150e-07   4.6169871e-04   4.0360618e-03   7.5264636e-03   1.9516647e-02   3.6641254e-02   3.7166389e-02   3.1098591e-02   2.8805689e-02
  -8.0550000e+01   7.6089764e-45   1.0618592e-16   3.4650462e-07   6.5181498e-04   5.1369194e-03   9.1023486e-03   2.0559474e-02   3.6847061e-02   3.7079542e-02   3.1055416e-02   2.8791603e-02
  -8.0100000e+01   1.6703845e-42   5.5787744e-16   7.6084095e-07   9.0214532e-04   6.3295023e-03   1.0687492e-02   2.1583506e-02   3.7044317e-02   3.6992101e-02   3.1012424e-02   2.8777593e-02
  -7.9650000e+01  -2.7001421e-39  -5.7671716e-16   1.6105079e-06   1.2272352e-03   7.6148402e-03   1.2279965e-02   2.2588469e-02   3.7233087e-02   3.6904084e-02   3.0969618e-02   2.8763658e-02
  -7.9200000e+01  -8.8340014e-36  -7.4631620e-14   3.3517889e-06   1.6439082e-03   8.9933713e-03   1.3877807e-02   2.3574101e-02   3.7413435e-02   3.6815508e-02   3.0926996e-02   2.8749800e-02
  -7.8750000e+01  -7.5239769e-33  -1.4063561e-12   7.0019832e-06   2.1712732e-03   1.0464902e-02   1.5479028e-02   2.4540152e-02   3.7585429e-02   3.6726391e-02   3.0884562e-02   2.8736018e-02
  -7.8300000e+01  -1.7942378e-30  -1.7372339e-11   1.4875524e-05   2.8306122e-03   1.2028575e-02   1.7081617e-02   2.5486380e-02   3.7749136e-02   3.6636749e-02   3.0842314e-02   2.8722312e-02
  -7.7850000e+01  -2.3659710e-28  -1.0970464e-10   3.1943612e-05   3.6451161e-03   1.3682836e-02   1.8683539e-02   2.6412554e-02   3.7904624e-02   3.6546602e-02   3.0800256e-02   2.8708682e-02
  -7.7400000e+01   1.9620119e-26   3.9484590e-10   6.7596704e-05   4.6394454e-03   1.5425418e-02   2.0282749e-02   2.7318454e-02   3.8051965e-02   3.6455965e-02   3.0758386e-02   2.8695129e-02
  -7.6950000e+01   3.2751565e-23   7.5142397e-09   1.3693796e-04   5.8390925e-03   1.7253323e-02   2.1877189e-02   2.8203871e-02   3.8191227e-02   3.6364857e-02   3.0716707e-02   2.8681651e-02
  -7.6500000e+01   1.6102473e-20   3.9326002e-08   2.6110247e-04   7.2695397e-03   1.9162819e-02   2.3464799e-02   2.9068608e-02   3.8322485e-02   3.6273293e-02   3.0675219e-02   2.8668250e-02
  -7.6050000e+01   2.4468132e-18   1.4634063e-07   4.6760962e-04   8.9552189e-03   2.1149437e-02   2.5043517e-02   2.9912478e-02   3.8445809e-02   3.6181292e-02   3.0633923e-02   2.8654925e-02
  -7.5600000e+01   7.6043000e-17   4.5237614e-07   7.9231112e-04   1.0918295e-02   2.3207987e-02   2.6611288e-02   3.0735305e-02   3.8561276e-02   3.6088870e-02   3.0592821e-02   2.8641677e-02
  -7.5150000e+01   1.2892937e-15   1.1274517e-06   1.2840238e-03   1.3177320e-02   2.5332571e-02   2.8166064e-02   3.1536926e-02   3.8668958e-02   3.5996044e-02   3.0551912e-02   2.8628504e-02
  -7.4700000e+01  -4.5036073e-14   1.5431956e-06   2.0136659e-03   1.5745816e-02   2.7516618e-02   2.9705817e-02   3.2317189e-02   3.8768933e-02   3.5902831e-02   3.0511198e-02   2.8615409e-02
  -7.4250000e+01  -1.3069985e-11  -5.8008611e-06   3.0914255e-03   1.8630873e-02   2.9752912e-02   3.1228534e-02   3.3075953e-02   3.8861278e-02   3.5809248e-02   3.0470680e-02   2.8602390e-02
  -7.3800000e+01  -1.0321758e-09  -6.6099382e-05   4.6938403e-03   2.1831851e-02   3.2033646e-02   3.2732228e-02   3.3813090e-02   3.8946069e-02   3.5715311e-02   3.0430358e-02   2.8589447e-02
  -7.3350000e+01  -1.9718624e-08  -3.5923497e-04   7.0888957e-03   2.5339295e-02   3.4350472e-02   3.4214944e-02   3.4528483e-02   3.9023387e-02   3.5621037e-02   3.0390234e-02   2.8576581e-02
  -7.2900000e+01  -1.8777468e-07  -1.0003540e-03   1.0617412e-02   2.9134157e-02   3.6694562e-02   3.5674756e-02   3.5222028e-02   3.9093310e-02   3.5526443e-02   3.0350309e-02   2.8563791e-02
  -7.2450000e+01   4.5527115e-07   1.2133186e-03   1.5579964e-02   3.3187431e-02   3.9056682e-02   3.7109781e-02   3.5893631e-02   3.9155919e-02   3.5431544e-02   3.0310583e-02   2.8551078e-02
  -7.2000000e+01   8.9623719e-05   1.0931122e-02   2.2065586e-02   3.7460263e-02   4.1427267e-02   3.8518176e-02   3.6543212e-02   3.9211297e-02   3.5336358e-02   3.0271056e-02   2.8538442e-02
  -7.1550000e+01   2.9594051e-03   2.2929823e-02   2.9879756e-02   4.1904583e-02   4.3796506e-02   3.9898146e-02   3.7170703e-02   3.9259524e-02   3.5240900e-02   3.0231731e-02   2.8525883e-02
  -7.1100000e+01   2.5602455e-02   3.4564806e-02   3.8653018e-02   4.6464278e-02   4.6154431e-02   4.1247945e-02   3.7776047e-02   3.9300685e-02   3.5145186e-02   3.0192608e-02   2.8513400e-02
  -7.0650000e+01   4.4968743e-02   4.5949525e-02   4.8005311e-02   5.1076861e-02   4.8491007e-02   4.2565886e-02   3.8359200e-02   3.9334863e-02   3.5049233e-02   3.0153688e-02   2.8500994e-02
  -7.0200000e+01   5.6973722e-02   5.7250852e-02   5.7626953e-02   5.5675571e-02   5.0796238e-02   4.3850335e-02   3.8920131e-02   3.9362143e-02   3.4953056e-02   3.0114971e-02   2.8488664e-02
  -6.9750000e+01   6.8313533e-02   6.8529846e-02   6.7268928e-02   6.0191811e-02   5.3060254e-02   4.5099725e-02   3.9458819e-02   3.9382611e-02   3.4856672e-02   3.0076459e-02   2.8476412e-02
  -6.9300000e+01   7.9629763e-02   7.9816003e-02   7.6692455e-02   6.4557773e-02   5.5273417e-02   4.6312550e-02   3.9975257e-02   3.9396354e-02   3.4760096e-02   3.0038152e-02   2.8464237e-02
  -6.8850000e+01   9.0958677e-02   9.1171291e-02   8.5607871e-02   6.8709110e-02   5.7426415e-02   4.7487376e-02   4.0469450e-02   3.9403457e-02   3.4663344e-02   3.0000051e-02   2.8452138e-02
  -6.8400000e+01   1.0229908e-01   1.0283314e-01   9.3621684e-02   7.2587486e-02   5.9510355e-02   4.8622836e-02   4.0941415e-02   3.9404010e-02   3.4566432e-02   2.9962156e-02   2.8440117e-02
  -6.7950000e+01   1.1370782e-01   1.1511780e-01   1.0023996e-01   7.6142852e-02   6.1516850e-02   4.9717641e-02   4.1391179e-02   3.9398100e-02   3.4469374e-02   2.9924470e-02   2.8428172e-02
  -6.7500000e+01   1.2499996e-01   1.2418809e-01   1.0499862e-01   7.9335293e-02   6.3438100e-02   5.0770573e-02   4.1818784e-02   3.9385817e-02   3.4372187e-02   2.9886992e-02   2.8416305e-02
  -6.7050000e+01   1.2127685e-01   1.2265871e-01   1.0769331e-01   8.2136352e-02   6.5266964e-02   5.1780496e-02   4.2224283e-02   3.9367252e-02   3.4274886e-02   2.9849724e-02   2.8404514e-02
  -6.6600000e+01   1.1743336e-01   1.1790845e-01   1.0850425e-01   8.4529727e-02   6.6997021e-02   5.2746353e-02   4.2607740e-02   3.9342493e-02   3.4177486e-02   2.9812665e-02   2.8392801e-02
  -6.6150000e+01   1.1365289e-01   1.1377493e-01   1.0787145e-01   8.6511341e-02   6.8622620e-02   5.3667168e-02   4.2969231e-02   3.9311633e-02   3.4080002e-02   2.9775818e-02   2.8381165e-02
  -6.5700000e+01   1.0987659e-01   1.0994242e-01   1.0626287e-01   8.8088788e-02   7.0138917e-02   5.4542047e-02   4.3308845e-02   3.9274763e-02   3.3982449e-02   2.9739182e-02   2.8369606e-02
  -6.5250000e+01   1.0610451e-01   1.0617509e-01   1.0404018e-01   8.9280219e-02   7.1541900e-02   5.5370184e-02   4.3626681e-02   3.9231977e-02   3.3884842e-02   2.9702759e-02   2.8358124e-02
  -6.4800000e+01   1.0232457e-01   1.0241596e-01   1.0144916e-01   9.0112783e-02   7.2828399e-02   5.6150854e-02   4.3922850e-02   3.9183366e-02   3.3787197e-02   2.9666550e-02   2.8346719e-02
  -6.4350000e+01   9.8322914e-02   9.8649450e-02   9.8662095e-02   9.0620737e-02   7.3996086e-02   5.6883420e-02   4.4197475e-02   3.9129024e-02   3.3689527e-02   2.9630554e-02   2.8335392e-02
  -6.3900000e+01   9.1867485e-02   9.4854809e-02   9.5821882e-02   9.0843363e-02   7.5043455e-02   5.7567331e-02   4.4450689e-02   3.9069045e-02   3.3591848e-02   2.9594773e-02   2.8324142e-02
  -6.3450000e+01   8.4319802e-02   9.0976574e-02   9.3073298e-02   9.0822836e-02   7.5969803e-02   5.8202124e-02   4.4682636e-02   3.9003524e-02   3.3494173e-02   2.9559208e-02   2.8312969e-02
  -6.3000000e+01   8.3363208e-02   8.6977034e-02   9.0573791e-02   9.0602163e-02   7.6775185e-02   5.8787420e-02   4.4893471e-02   3.8932555e-02   3.3396519e-02   2.9523859e-02   2.8301874e-02
  -6.2550000e+01   8.3333485e-02   8.3737773e-02   8.8470281e-02   9.0223293e-02   7.7460370e-02   5.9322930e-02   4.5083362e-02   3.8856235e-02   3.3298898e-02   2.9488727e-02   2.8290856e-02
  -6.2100000e+01   8.3333271e-02   8.2999882e-02   8.6845885e-02   8.9725494e-02   7.8026789e-02   5.9808448e-02   4.5252485e-02   3.8774659e-02   3.3201325e-02   2.9453813e-02   2.8279916e-02
  -6.1650000e+01   8.3333327e-02   8.3213588e-02   8.5683892e-02   8.9144040e-02   7.8476471e-02   6.0243856e-02   4.5401025e-02   3.8687923e-02   3.3103815e-02   2.9419118e-02   2.8269053e-02
  -6.1200000e+01   8.3333333e-02   8.3311300e-02   8.4892057e-02   8.8509245e-02   7.8811979e-02   6.0629121e-02   4.5529182e-02   3.8596124e-02   3.3006381e-02   2.9384642e-02   2.8258268e-02
  -6.0750000e+01   8.3333333e-02   8.3331400e-02   8.4360911e-02   8.7845838e-02   7.9036346e-02   6.0964292e-02   4.5637161e-02   3.8499360e-02   3.2909038e-02   2.9350386e-02   2.8247560e-02
  -6.0300000e+01   8.3333333e-02   8.3333848e-02   8.4003008e-02   8.7172674e-02   7.9153005e-02   6.1249502e-02   4.5725179e-02   3.8397726e-02   3.2811799e-02   2.9316351e-02   2.8236930e-02
  -5.9850000e+01   8.3333333e-02   8.3333709e-02   8.3760285e-02   8.6502735e-02   7.9165725e-02   6.1484967e-02   4.5793463e-02   3.8291322e-02   3.2714678e-02   2.9282537e-02   2.8226378e-02
  -5.9400000e+01   8.3333333e-02   8.3333484e-02   8.3596279e-02   8.5843380e-02   7.9078546e-02   6.1670980e-02   4.5842248e-02   3.8180246e-02   3.2617688e-02   2.9248946e-02   2.8215903e-02
  -5.8950000e+01   8.3333333e-02   8.3333382e-02   8.3487284e-02   8.5196794e-02   7.8895718e-02   6.1807914e-02   4.5871780e-02   3.8064595e-02   3.2520844e-02   2.9215577e-02   2.8205505e-02
  -5.8500000e+01   8.3333333e-02   8.3333346e-02   8.3416559e-02   8.4560589e-02   7.8621652e-02   6.1896219e-02   4.5882310e-02   3.7944468e-02   3.2424159e-02   2.9182433e-02   2.8195186e-02
  -5.8050000e+01   8.3333333e-02   8.3333336e-02   8.3370961e-02   8.3928502e-02   7.8260864e-02   6.1936417e-02   4.5874103e-02   3.7819964e-02   3.2327646e-02   2.9149512e-02   2.8184944e-02
  -5.7600000e+01   8.3333333e-02   8.3333334e-02   8.3338851e-02   8.3291160e-02   7.7817932e-02   6.1929106e-02   4.5847427e-02   3.7691182e-02   3.2231319e-02   2.9116817e-02   2.8174780e-02
  -5.7150000e+01   8.3333333e-02   8.3333332e-02   8.3308908e-02   8.2636880e-02   7.7297465e-02   6.1874948e-02   4.5802562e-02   3.7558222e-02   3.2135190e-02   2.9084347e-02   2.8164694e-02
  -5.6700000e+01   8.3333333e-02   8.3333324e-02   8.3269791e-02   8.1952468e-02   7.6704060e-02   6.1774679e-02   4.5739794e-02   3.7421182e-02   3.2039273e-02   2.9052103e-02   2.8154685e-02
  -5.6250000e+01   8.3333333e-02   8.3333297e-02   8.3210011e-02   8.1224013e-02   7.6042287e-02   6.1629094e-02   4.5659417e-02   3.7280163e-02   3.1943581e-02   2.9020087e-02   2.8144755e-02
  -5.5800000e+01   8.3333333e-02   8.3333215e-02   8.3117157e-02   8.0437654e-02   7.5316659e-02   6.1439052e-02   4.5561732e-02   3.7135264e-02   3.1848126e-02   2.8988298e-02   2.8134902e-02
  -5.5350000e+01   8.3333333e-02   8.3333010e-02   8.2976202e-02   7.9580301e-02   7.4531621e-02   6.1205473e-02   4.5447047e-02   3.6986585e-02   3.1752922e-02   2.8956738e-02   2.8125128e-02
  -5.4900000e+01   8.3333333e-02   8.3332696e-02   8.2766792e-02   7.8640315e-02   7.3691532e-02   6.0929328e-02   4.5315679e-02   3.6834225e-02   3.1657980e-02   2.8925407e-02   2.8115431e-02
  -5.4450000e+01   8.3333333e-02   8.3333388e-02   8.2458675e-02   7.7608116e-02   7.2800660e-02   6.0611647e-02   4.5167948e-02   3.6678285e-02   3.1563314e-02   2.8894305e-02   2.8105812e-02
  -5.4000000e+01   8.3333333e-02   8.3343003e-02   8.2004087e-02   7.6476720e-02   7.1863167e-02   6.0253503e-02   4.5004182e-02   3.6518865e-02   3.1468936e-02   2.8863434e-02   2.8096271e-02
  -5.3550000e+01   8.3333337e-02   8.3398169e-02   8.1328247e-02   7.5242166e-02   7.0883109e-02   5.9856021e-02   4.4824715e-02   3.6356064e-02   3.1374859e-02   2.8832794e-02   2.8086809e-02
  -5.3100000e+01   8.3333365e-02   8.3578119e-02   8.0326829e-02   7.3903845e-02   6.9864422e-02   5.9420367e-02   4.4629886e-02   3.6189984e-02   3.1281094e-02   2.8802385e-02   2.8077424e-02
  -5.2650000e+01   8.3333432e-02   8.3506376e-02   7.8887885e-02   7.2464683e-02   6.8810923e-02   5.8947745e-02   4.4420041e-02   3.6020722e-02   3.1187653e-02   2.8772209e-02   2.8068118e-02
  -5.2200000e+01   8.3330310e-02   8.1424867e-02   7.6943535e-02   7.0931178e-02   6.7726296e-02   5.8439397e-02   4.4195529e-02   3.5848381e-02   3.1094550e-02   2.8742265e-02   2.8058889e-02
  -5.1750000e+01   8.3235097e-02   7.7611461e-02   7.4514752e-02   6.9313282e-02   6.6614085e-02   5.7896597e-02   4.3956704e-02   3.5673058e-02   3.1001795e-02   2.8712555e-02   2.8049739e-02
  -5.1300000e+01   8.1536551e-02   7.3604110e-02   7.1701449e-02   6.7624114e-02   6.5477690e-02   5.7320650e-02   4.3703927e-02   3.5494855e-02   3.0909400e-02   2.8683079e-02   2.8040667e-02
  -5.0850000e+01   7.2989254e-02   6.9701597e-02   6.8629965e-02   6.5879522e-02   6.4320347e-02   5.6712885e-02   4.3437559e-02   3.5313871e-02   3.0817378e-02   2.8653838e-02   2.8031673e-02
  -5.0400000e+01   6.6292022e-02   6.5870564e-02   6.5410869e-02   6.4097510e-02   6.3145125e-02   5.6074655e-02   4.3157969e-02   3.5130205e-02   3.0725740e-02   2.8624832e-02   2.8022757e-02
  -4.9950000e+01   6.2150636e-02   6.2069718e-02   6.2129343e-02   6.2297549e-02   6.1954910e-02   5.5407330e-02   4.2865528e-02   3.4943957e-02   3.0634496e-02   2.8596062e-02   2.8013920e-02
  -4.9500000e+01   5.7941800e-02   5.8265580e-02   5.8855842e-02   6.0499815e-02   6.0752391e-02   5.4712298e-02   4.2560608e-02   3.4755226e-02   3.0543660e-02   2.8567528e-02   2.8005161e-02
  -4.9050000e+01   5.0723392e-02   5.4421655e-02   5.5662669e-02   5.8724385e-02   5.9540052e-02   5.3990959e-02   4.2243589e-02   3.4564111e-02   3.0453242e-02   2.8539232e-02   2.7996480e-02
  -4.8600000e+01   4.2874431e-02   5.0488958e-02   5.2639957e-02   5.6990437e-02   5.8320154e-02   5.3244722e-02   4.1914849e-02   3.4370710e-02   3.0363252e-02   2.8511173e-02   2.7987878e-02
  -4.8150000e+01   4.1721022e-02   4.6454780e-02   4.9903303e-02   5.5315500e-02   5.7094732e-02   5.2475002e-02   4.1574772e-02   3.4175123e-02   3.0273703e-02   2.8483352e-02   2.7979353e-02
  -4.7700000e+01   4.1667853e-02   4.2865278e-02   4.7577356e-02   5.3714777e-02   5.5865583e-02   5.1683220e-02   4.1223741e-02   3.3977447e-02   3.0184606e-02   2.8455771e-02   2.7970908e-02
  -4.7250000e+01   4.1666572e-02   4.1385893e-02   4.5747963e-02   5.2200591e-02   5.4634261e-02   5.0870793e-02   4.0862143e-02   3.3777781e-02   3.0095970e-02   2.8428428e-02   2.7962540e-02
  -4.6800000e+01   4.1666648e-02   4.1478611e-02   4.4414960e-02   5.0781962e-02   5.3402075e-02   5.0039140e-02   4.0490366e-02   3.3576222e-02   3.0007807e-02   2.8401326e-02   2.7954252e-02
  -4.6350000e+01   4.1666665e-02   4.1623017e-02   4.3495985e-02   4.9464335e-02   5.2170092e-02   4.9189672e-02   4.0108799e-02   3.3372867e-02   2.9920128e-02   2.8374464e-02   2.7946041e-02
  -4.5900000e+01   4.1666667e-02   4.1661124e-02   4.2877449e-02   4.8249467e-02   5.0939142e-02   4.8323795e-02   3.9717833e-02   3.3167814e-02   2.9832943e-02   2.8347843e-02   2.7937909e-02
  -4.5450000e+01   4.1666667e-02   4.1667069e-02   4.2460956e-02   4.7135451e-02   4.9709830e-02   4.7442903e-02   3.9317858e-02   3.2961160e-02   2.9746262e-02   2.8321463e-02   2.7929856e-02
  -4.5000000e+01   4.1666667e-02   4.1667253e-02   4.2178398e-02   4.6116883e-02   4.8482549e-02   4.6548380e-02   3.8909265e-02   3.2752999e-02   2.9660096e-02   2.8295326e-02   2.7921881e-02
  -4.4550000e+01   4.1666667e-02   4.1666935e-02   4.1986648e-02   4.5185137e-02   4.7257499e-02   4.5641595e-02   3.8492447e-02   3.2543430e-02   2.9574455e-02   2.8269431e-02   2.7913985e-02
  -4.4100000e+01   4.1666667e-02   4.1666761e-02   4.1858129e-02   4.4328730e-02   4.6034714e-02   4.4723899e-02   3.8067794e-02   3.2332546e-02   2.9489350e-02   2.8243779e-02   2.7906167e-02
  -4.3650000e+01   4.1666667e-02   4.1666694e-02   4.1773934e-02   4.3533759e-02   4.4814086e-02   4.3796628e-02   3.7635698e-02   3.2120443e-02   2.9404789e-02   2.8218372e-02   2.7898428e-02
  -4.3200000e+01   4.1666667e-02   4.1666673e-02   4.1719768e-02   4.2784391e-02   4.3595397e-02   4.2861096e-02   3.7196548e-02   3.1907215e-02   2.9320784e-02   2.8193208e-02   2.7890768e-02
  -4.2750000e+01   4.1666667e-02   4.1666667e-02   4.1683491e-02   4.2063381e-02   4.2378352e-02   4.1918598e-02   3.6750734e-02   3.1692957e-02   2.9237344e-02   2.8168289e-02   2.7883186e-02
  -4.2300000e+01   4.1666667e-02   4.1666666e-02   4.1653622e-02   4.1352617e-02   4.1162616e-02   4.0970403e-02   3.6298644e-02   3.1477762e-02   2.9154478e-02   2.8143615e-02   2.7875683e-02
  -4.1850000e+01   4.1666667e-02   4.1666662e-02   4.1618744e-02   4.0633676e-02   3.9947848e-02   4.0017760e-02   3.5840664e-02   3.1261724e-02   2.9072197e-02   2.8119187e-02   2.7868259e-02
  -4.1400000e+01   4.1666667e-02   4.1666644e-02   4.1567407e-02   3.9888380e-02   3.8733740e-02   3.9061888e-02   3.5377180e-02   3.1044934e-02   2.8990509e-02   2.8095005e-02   2.7860913e-02
  -4.0950000e+01   4.1666667e-02   4.1666586e-02   4.1487621e-02   3.9099357e-02   3.7520051e-02   3.8103982e-02   3.4908574e-02   3.0827485e-02   2.8909424e-02   2.8071070e-02   2.7853646e-02
  -4.0500000e+01   4.1666667e-02   4.1666433e-02   4.1365458e-02   3.8250584e-02   3.6306641e-02   3.7145209e-02   3.4435226e-02   3.0609469e-02   2.8828951e-02   2.8047382e-02   2.7846458e-02
  -4.0050000e+01   4.1666667e-02   4.1666132e-02   4.1182713e-02   3.7327910e-02   3.5093502e-02   3.6186706e-02   3.3957514e-02   3.0390975e-02   2.8749100e-02   2.8023942e-02   2.7839348e-02
  -3.9600000e+01   4.1666667e-02   4.1666155e-02   4.0913078e-02   3.6319555e-02   3.3880786e-02   3.5229583e-02   3.3475814e-02   3.0172095e-02   2.8669880e-02   2.8000749e-02   2.7832318e-02
  -3.9150000e+01   4.1666667e-02   4.1670709e-02   4.0515600e-02   3.5216549e-02   3.2668830e-02   3.4274918e-02   3.2990498e-02   2.9952918e-02   2.8591298e-02   2.7977806e-02   2.7825366e-02
  -3.8700000e+01   4.1666668e-02   4.1702036e-02   3.9925321e-02   3.4013115e-02   3.1458170e-02   3.3323755e-02   3.2501934e-02   2.9733533e-02   2.8513366e-02   2.7955111e-02   2.7818493e-02
  -3.8250000e+01   4.1666682e-02   4.1830520e-02   3.9046791e-02   3.2706954e-02   3.0249558e-02   3.2377112e-02   3.2010489e-02   2.9514028e-02   2.8436090e-02   2.7932666e-02   2.7811699e-02
  -3.7800000e+01   4.1666758e-02   4.1977564e-02   3.7765986e-02   3.1299427e-02   2.9043968e-02   3.1435968e-02   3.1516523e-02   2.9294491e-02   2.8359480e-02   2.7910471e-02   2.7804984e-02
  -3.7350000e+01   4.1665940e-02   4.0762513e-02   3.5993867e-02   2.9795605e-02   2.7842595e-02   3.0501274e-02   3.1020395e-02   2.9075010e-02   2.8283544e-02   2.7888526e-02   2.7798348e-02
  -3.6900000e+01   4.1623324e-02   3.7292639e-02   3.3719780e-02   2.8204171e-02   2.6646852e-02   2.9573943e-02   3.0522458e-02   2.8855670e-02   2.8208291e-02   2.7866832e-02   2.7791791e-02
  -3.6450000e+01   4.0605129e-02   3.3261488e-02   3.1022071e-02   2.6537178e-02   2.5458358e-02   2.8654856e-02   3.0023062e-02   2.8636556e-02   2.8133728e-02   2.7845390e-02   2.7785312e-02
  -3.6000000e+01   3.2993559e-02   2.9331906e-02   2.8024160e-02   2.4809650e-02   2.4278923e-02   2.7744859e-02   2.9522551e-02   2.8417755e-02   2.8059865e-02   2.7824199e-02   2.7778913e-02
  -3.5550000e+01   2.5750484e-02   2.5494201e-02   2.4844111e-02   2.3039054e-02   2.3110523e-02   2.6844761e-02   2.9021265e-02   2.8199350e-02   2.7986709e-02   2.7803260e-02   2.7772593e-02
  -3.5100000e+01   2.1567504e-02   2.1696698e-02   2.1574654e-02   2.1244653e-02   2.1955279e-02   2.5955337e-02   2.8519539e-02   2.7981423e-02   2.7914268e-02   2.7782574e-02   2.7766351e-02
  -3.4650000e+01   1.7515512e-02   1.7905200e-02   1.8289148e-02   1.9446777e-02   2.0815420e-02   2.5077323e-02   2.8017703e-02   2.7764059e-02   2.7842550e-02   2.7762140e-02   2.7760189e-02
  -3.4200000e+01   1.1371291e-02   1.4091524e-02   1.5057250e-02   1.7666059e-02   1.9693258e-02   2.4211422e-02   2.7516081e-02   2.7547339e-02   2.7771563e-02   2.7741960e-02   2.7754106e-02
  -3.3750000e+01   2.4554512e-03   1.0220501e-02   1.1961783e-02   1.5922659e-02   1.8591144e-02   2.3358297e-02   2.7014993e-02   2.7331344e-02   2.7701315e-02   2.7722034e-02   2.7748102e-02
  -3.3300000e+01   1.5241984e-04   6.2473423e-03   9.1107685e-03   1.4235534e-02   1.7511439e-02   2.2518576e-02   2.6514752e-02   2.7116153e-02   2.7631812e-02   2.7702362e-02   2.7742177e-02
  -3.2850000e+01   5.3169582e-06   2.3420450e-03   6.6310175e-03   1.2621783e-02   1.6456472e-02   2.1692846e-02   2.6015664e-02   2.6901847e-02   2.7563064e-02   2.7682945e-02   2.7736331e-02
  -3.2400000e+01  -9.9337508e-08  -8.6985305e-05   4.6290038e-03   1.1096111e-02   1.5428507e-02   2.0881659e-02   2.5518032e-02   2.6688504e-02   2.7495076e-02   2.7663782e-02   2.7730564e-02
  -3.1950000e+01  -4.7601510e-08  -2.8001618e-04   3.1363219e-03   9.6704280e-03   1.4429706e-02   2.0085529e-02   2.5022152e-02   2.6476202e-02   2.7427856e-02   2.7644875e-02   2.7724876e-02
  -3.1500000e+01  -6.1589510e-09  -7.8631676e-05   2.0929013e-03   8.3536053e-03   1.3462094e-02   1.9304930e-02   2.4528311e-02   2.6265017e-02   2.7361412e-02   2.7626223e-02   2.7719267e-02
  -3.1050000e+01  -2.4368274e-10  -1.2432056e-05   1.3880334e-03   7.1513883e-03   1.2527535e-02   1.8540300e-02   2.4036793e-02   2.6055026e-02   2.7295750e-02   2.7607828e-02   2.7713738e-02
  -3.0600000e+01  -1.8605050e-12  -4.1749821e-07   9.1442390e-04   6.0664616e-03   1.1627699e-02   1.7792035e-02   2.3547873e-02   2.5846303e-02   2.7230877e-02   2.7589689e-02   2.7708288e-02
  -3.0150000e+01  -1.2029899e-15   6.3582145e-07   5.9379766e-04   5.0986476e-03   1.0764043e-02   1.7060497e-02   2.3061823e-02   2.5638923e-02   2.7166800e-02   2.7571807e-02   2.7702917e-02
  -2.9700000e+01   4.8864983e-16   3.4507081e-07   3.7598323e-04   4.2452134e-03   9.9377937e-03   1.6346007e-02   2.2578904e-02   2.5432959e-02   2.7103526e-02   2.7554181e-02   2.7697625e-02
  -2.9250000e+01   2.4831087e-17   1.2945654e-07   2.2945609e-04   3.5012566e-03   9.1499298e-03   1.5648849e-02   2.2099372e-02   2.5228484e-02   2.7041062e-02   2.7536814e-02   2.7692412e-02
  -2.8800000e+01   5.0051585e-19   4.0423156e-08   1.3342118e-04   2.8601393e-03   8.4011765e-03   1.4969268e-02   2.1623477e-02   2.5025568e-02   2.6979414e-02   2.7519704e-02   2.7687279e-02
  -2.8350000e+01   2.5062260e-21   1.0325660e-08   7.3174422e-05   2.3139394e-03   7.6919999e-03   1.4307473e-02   2.1151461e-02   2.4824283e-02   2.6918588e-02   2.7502853e-02   2.7682225e-02
  -2.7900000e+01   6.3000894e-24   1.6611397e-09   3.7673866e-05   1.8538921e-03   7.0226074e-03   1.3663634e-02   2.0683559e-02   2.4624698e-02   2.6858591e-02   2.7486260e-02   2.7677250e-02
  -2.7450000e+01  -3.4895458e-27  -1.5560325e-11   1.8336689e-05   1.4708009e-03   6.3929528e-03   1.3037887e-02   2.0220000e-02   2.4426882e-02   2.6799429e-02   2.7469925e-02   2.7672354e-02
  -2.7000000e+01  -2.0098075e-28  -3.3874095e-11   8.6293945e-06   1.1554003e-03   5.8027444e-03   1.2430328e-02   1.9761004e-02   2.4230901e-02   2.6741107e-02   2.7453850e-02   2.7667538e-02
  -2.6550000e+01  -1.7456532e-30  -3.9300985e-12   4.0471134e-06   8.9865891e-04   5.2514575e-03   1.1841021e-02   1.9306785e-02   2.4036824e-02   2.6683633e-02   2.7438035e-02   2.7662801e-02
  -2.6100000e+01  -3.9431712e-33  -2.7998619e-13   1.9292292e-06   6.9201923e-04   4.7383502e-03   1.1269992e-02   1.8857551e-02   2.3844716e-02   2.6627012e-02   2.7422479e-02   2.7658144e-02
  -2.5650000e+01  -1.7382275e-36  -1.2142815e-14   9.3290470e-07   5.2757165e-04   4.2624813e-03   1.0717237e-02   1.8413500e-02   2.3654640e-02   2.6571250e-02   2.7407183e-02   2.7653566e-02
  -2.5200000e+01  -3.0539531e-40   3.7150483e-16   4.4967227e-07   3.9816763e-04   3.8227302e-03   1.0182714e-02   1.7974826e-02   2.3466662e-02   2.6516352e-02   2.7392148e-02   2.7649067e-02
  -2.4750000e+01   8.3548693e-43   1.8120737e-16   2.1154780e-07   2.9747806e-04   3.4178198e-03   9.6663519e-03   1.7541714e-02   2.3280844e-02   2.6462323e-02   2.7377373e-02   2.7644647e-02
  -2.4300000e+01   3.3138398e-45   3.0321608e-17   9.5337189e-08   2.2000569e-04   3.0463383e-03   9.1680477e-03   1.7114341e-02   2.3097247e-02   2.6409171e-02   2.7362860e-02   2.7640307e-02
  -2.3850000e+01   1.0367312e-47   3.8939753e-18   4.0507042e-08   1.6106109e-04   2.7067632e-03   8.6876680e-03   1.6692879e-02   2.2915932e-02   2.6356899e-02   2.7348607e-02   2.7636047e-02
  -2.3400000e+01   2.8395394e-50   4.0587248e-19   1.6009586e-08   1.1671192e-04   2.3974846e-03   8.2250506e-03   1.6277493e-02   2.2736959e-02   2.6305514e-02   2.7334616e-02   2.7631866e-02
  -2.2950000e+01   5.7969886e-53   2.7980008e-20   5.8409084e-09   8.3714405e-05   2.1168284e-03   7.7800056e-03   1.5868339e-02   2.2560386e-02   2.6255020e-02   2.7320887e-02   2.7627764e-02
  -2.2500000e+01   2.1154901e-61   9.1710206e-23   1.9796328e-09   5.9434702e-05   1.8630779e-03   7.3523171e-03   1.5465567e-02   2.2386271e-02   2.6205422e-02   2.7307421e-02   2.7623741e-02
  -2.2050000e+01  -3.9564565e-60  -8.1656970e-23   6.4174754e-10   4.1766802e-05   1.6344955e-03   6.9417438e-03   1.5069320e-02   2.2214671e-02   2.6156726e-02   2.7294216e-02   2.7619799e-02
  -2.1600000e+01  -1.3225090e-64  -3.8382236e-24   2.0867581e-10   2.9051670e-05   1.4293415e-03   6.5480212e-03   1.4679736e-02   2.2045641e-02   2.6108936e-02   2.7281274e-02   2.7615935e-02
  -2.1150000e+01  -3.2906414e-69  -1.1075207e-25   7.0700387e-11   2.0001287e-05   1.2458923e-03   6.1708629e-03   1.4296944e-02   2.1879235e-02   2.6062057e-02   2.7268595e-02   2.7612151e-02
  -2.0700000e+01  -7.0651937e-74  -2.1964500e-27   2.4977537e-11   1.3629816e-05   1.0824559e-03   5.8099616e-03   1.3921067e-02   2.1715506e-02   2.6016093e-02   2.7256179e-02   2.7608447e-02
  -2.0250000e+01  -9.5589493e-79  -5.4358618e-30   8.9334639e-12   9.1931708e-06   9.3738618e-04   5.4649916e-03   1.3552222e-02   2.1554508e-02   2.5971050e-02   2.7244027e-02   2.7604822e-02
  -1.9800000e+01   9.2184453e-83   2.5199434e-30   3.1256446e-12   6.1373570e-06   8.0909452e-04   5.1356095e-03   1.3190520e-02   2.1396291e-02   2.5926932e-02   2.7232138e-02   2.7601276e-02
  -1.9350000e+01   2.4633802e-86   1.8493330e-31   1.0419326e-12   4.0554127e-06   6.9605954e-04   4.8214562e-03   1.2836064e-02   2.1240906e-02   2.5883743e-02   2.7220513e-02   2.7597810e-02
  -1.8900000e+01   3.7368319e-90   9.5227321e-33   3.2456056e-13   2.6523007e-06   5.9683499e-04   4.5221588e-03   1.2488954e-02   2.1088401e-02   2.5841488e-02   2.7209152e-02   2.7594424e-02
  -1.8450000e+01   1.1286779e-94   3.9025009e-34   9.3026754e-14   1.7168825e-06   5.1005563e-04   4.2373318e-03   1.2149280e-02   2.0938824e-02   2.5800169e-02   2.7198055e-02   2.7591117e-02
  -1.8000000e+01  8.8986546e-100   1.0791313e-35   2.4288822e-14   1.0999792e-06   4.3444126e-04   3.9665786e-03   1.1817131e-02   2.0792223e-02   2.5759793e-02   2.7187222e-02   2.7587890e-02
  -1.7550000e+01  1.1181899e-105   4.5768238e-38   5.7986656e-15   6.9751002e-07   3.6879917e-04   3.7094937e-03   1.1492586e-02   2.0648642e-02   2.5720362e-02   2.7176655e-02   2.7584742e-02
  -1.7100000e+01 -1.2853145e-109  -4.2798249e-39   1.3053667e-15   4.3775853e-07   3.1202508e-04   3.4656638e-03   1.1175721e-02   2.0508128e-02   2.5681881e-02   2.7166352e-02   2.7581674e-02
  -1.6650000e+01 -3.5069432e-114  -8.7277793e-41   2.9444697e-16   2.7191495e-07   2.6310268e-04   3.2346697e-03   1.0866605e-02   2.0370723e-02   2.5644353e-02   2.7156315e-02   2.7578685e-02
  -1.6200000e+01 -4.7861483e-119  -1.0299443e-42   7.0616534e-17   1.6716370e-07   2.2110215e-04   3.0160874e-03   1.0565305e-02   2.0236470e-02   2.5607781e-02   2.7146543e-02   2.7575776e-02
  -1.5750000e+01 -1.6009835e-124  -8.6018918e-45   1.8161824e-17   1.0170851e-07   1.8517762e-04   2.8094901e-03   1.0271880e-02   2.0105410e-02   2.5572171e-02   2.7137036e-02   2.7572947e-02
  -1.5300000e+01 -1.7955857e-130  -2.7027869e-47   4.8061750e-18   6.1245622e-08   1.5456385e-04   2.6144493e-03   9.9863850e-03   1.9977583e-02   2.5537524e-02   2.7127795e-02   2.7570197e-02
  -1.4850000e+01  5.5508113e-136   9.2540662e-49   1.2464784e-18   3.6499866e-08   1.2857232e-04   2.4305366e-03   9.7088710e-03   1.9853030e-02   2.5503844e-02   2.7118820e-02   2.7567527e-02
  -1.4400000e+01  1.0178014e-140   2.9902002e-50   3.0625484e-19   2.1527932e-08   1.0658683e-04   2.2573244e-03   9.4393845e-03   1.9731787e-02   2.5471136e-02   2.7110111e-02   2.7564936e-02
  -1.3950000e+01  8.6522361e-146   6.1144122e-52   6.9736371e-20   1.2566233e-08   8.8058762e-05   2.0943881e-03   9.1779676e-03   1.9613891e-02   2.5439400e-02   2.7101668e-02   2.7562425e-02
  -1.3500000e+01  1.4874098e-151   9.7763334e-54   1.4473834e-20   7.2593443e-09   7.2502217e-05   1.9413064e-03   8.9246586e-03   1.9499380e-02   2.5408642e-02   2.7093491e-02   2.7559994e-02
  -1.3050000e+01  7.8846896e-158   1.0788171e-55   2.7049336e-21   4.1502842e-09   5.9488969e-05   1.7976633e-03   8.6794920e-03   1.9388286e-02   2.5378864e-02   2.7085581e-02   2.7557643e-02
  -1.2600000e+01  1.2110419e-164   2.9100364e-58   4.5524568e-22   2.3482591e-09   4.8643515e-05   1.6630486e-03   8.4424988e-03   1.9280644e-02   2.5350068e-02   2.7077938e-02   2.7555371e-02
  -1.2150000e+01 -3.9176695e-170  -5.8382013e-60   7.1038562e-23   1.3149287e-09   3.9638193e-05   1.5370595e-03   8.2137063e-03   1.9176486e-02   2.5322257e-02   2.7070562e-02   2.7553178e-02
  -1.1700000e+01 -7.7261827e-176  -5.2301749e-62   1.1036446e-23   7.2869725e-10   3.2188467e-05   1.4193010e-03   7.9931392e-03   1.9075844e-02   2.5295435e-02   2.7063452e-02   2.7551065e-02
  -1.1250000e+01 -8.4479891e-182  -2.5078128e-64   1.8589742e-24   3.9965149e-10   2.6048431e-05   1.3093873e-03   7.7808187e-03   1.8978748e-02   2.5269604e-02   2.7056610e-02   2.7549032e-02
  -1.0800000e+01 -2.5979115e-188  -8.5711787e-67   3.4740452e-25   2.1692297e-10   2.1006566e-05   1.2069425e-03   7.5767636e-03   1.8885226e-02   2.5244765e-02   2.7050035e-02   2.7547079e-02
  -1.0350000e+01 -2.1928898e-195  -1.4722422e-69   6.8170478e-26   1.1652506e-10   1.6881783e-05   1.1116011e-03   7.3809899e-03   1.8795307e-02   2.5220922e-02   2.7043727e-02   2.7545206e-02
  -9.9000000e+00  2.2555724e-202   8.9069815e-72   1.3136167e-26   6.1947276e-11   1.3519760e-05   1.0230091e-03   7.1935114e-03   1.8709017e-02   2.5198077e-02   2.7037687e-02   2.7543412e-02
  -9.4500000e+00  3.1642524e-208   1.3117926e-73   2.3828142e-27   3.2592174e-11   1.0789589e-05   9.4082469e-04   7.0143396e-03   1.8626383e-02   2.5176232e-02   2.7031915e-02   2.7541697e-02
  -9.0000000e+00  1.6557755e-214   1.0682992e-75   3.9729808e-28   1.6970389e-11   8.5807280e-06   8.6471831e-04   6.8434841e-03   1.8547428e-02   2.5155390e-02   2.7026410e-02   2.7540063e-02
  -8.5500000e+00  1.8346876e-221   6.6874930e-78   5.9861278e-29   8.7449441e-12   6.8002517e-06   7.9437372e-04   6.6809526e-03   1.8472176e-02   2.5135551e-02   2.7021173e-02   2.7538508e-02
  -8.1000000e+00  6.6344116e-229   2.9536468e-80   8.0380828e-30   4.4597343e-12   5.3703953e-06   7.2948819e-04   6.5267513e-03   1.8400649e-02   2.5116718e-02   2.7016204e-02   2.7537033e-02
  -7.6500000e+00  9.3804767e-237   4.2242283e-83   9.5800827e-31   2.2508583e-12   4.2263694e-06   6.6977300e-04   6.3808848e-03   1.8332869e-02   2.5098893e-02   2.7011503e-02   2.7535637e-02
  -7.2000000e+00 -1.1125631e-243  -2.1222407e-85   1.0383289e-31   1.1242827e-12   3.3144341e-06   6.1495376e-04   6.2433565e-03   1.8268855e-02   2.5082078e-02   2.7007070e-02   2.7534322e-02
  -6.7500000e+00 -1.5957861e-250  -8.4631852e-88   1.1051394e-32   5.5576628e-13   2.5902106e-06   5.6477077e-04   6.1141686e-03   1.8208626e-02   2.5066274e-02   2.7002906e-02   2.7533086e-02
  -6.3000000e+00 -1.2607948e-257  -1.6422947e-90   1.2949635e-33   2.7189365e-13   2.0172123e-06   5.1897922e-04   5.9933225e-03   1.8152200e-02   2.5051482e-02   2.6999009e-02   2.7531929e-02
  -5.8500000e+00 -3.0689187e-265  -2.2643704e-93   1.7519161e-34   1.3164263e-13   1.5655728e-06   4.7734948e-04   5.8808187e-03   1.8099594e-02   2.5037704e-02   2.6995382e-02   2.7530853e-02
  -5.4000000e+00 -1.8479501e-273  -1.8078841e-96   2.5531365e-35   6.3078937e-14   1.2109539e-06   4.3966727e-04   5.7766569e-03   1.8050823e-02   2.5024942e-02   2.6992022e-02   2.7529856e-02
  -4.9500000e+00  5.6489468e-282   2.1855407e-99   3.6625831e-36   2.9913114e-14   9.3361156e-07   4.0573378e-04   5.6808363e-03   1.8005900e-02   2.5013196e-02   2.6988931e-02   2.7528939e-02
  -4.5000000e+00  7.2786348e-289  1.5700423e-101   4.9108656e-37   1.4038705e-14   7.1760314e-07   3.7536586e-04   5.5933560e-03   1.7964840e-02   2.5002468e-02   2.6986109e-02   2.7528102e-02
  -4.0500000e+00  2.4504963e-296  5.1174431e-104   6.0022201e-38   6.5204776e-15   5.5011894e-07   3.4839606e-04   5.5142143e-03   1.7927655e-02   2.4992759e-02   2.6983555e-02   2.7527344e-02
  -3.6000000e+00  1.8394822e-304  1.2584638e-106   6.5767604e-39   2.9972157e-15   4.2092153e-07   3.2467275e-04   5.4434096e-03   1.7894354e-02   2.4984069e-02   2.6981270e-02   2.7526666e-02
  -3.1500000e+00  4.5664483e-313  2.2288488e-109   6.3641642e-40   1.3634646e-15   3.2187945e-07   3.0406016e-04   5.3809402e-03   1.7864949e-02   2.4976399e-02   2.6979254e-02   2.7526068e-02
  -2.7000000e+00  7.0157322e-322  1.5512083e-112   5.3930508e-41   6.1385370e-16   2.4658239e-07   2.8643844e-04   5.3268044e-03   1.7839446e-02   2.4969751e-02   2.6977506e-02   2.7525550e-02
  -2.2500000e+00   0.0000000e+00 -2.0639034e-115   4.0703884e-42   2.7354212e-16   1.9002663e-07   2.7170368e-04   5.2810004e-03   1.7817855e-02   2.4964124e-02   2.6976027e-02   2.7525111e-02
  -1.8000000e+00   0.0000000e+00 -3.7456228e-118   2.9535954e-43   1.2071489e-16   1.4836119e-07   2.5976792e-04   5.2435267e-03   1.7800181e-02   2.4959520e-02   2.6974818e-02   2.7524752e-02
  -1.3500000e+00   0.0000000e+00 -2.9343168e-121   2.3798637e-44   5.2919259e-17   1.1868648e-07   2.5055920e-04   5.2143820e-03   1.7786429e-02   2.4955938e-02   2.6973876e-02   2.7524473e-02
  -9.0000000e-01   0.0000000e+00 -1.6174833e-124   2.3197805e-45   2.3441369e-17   9.8898587e-08   2.4402153e-04   5.1935651e-03   1.7776603e-02   2.4953380e-02   2.6973204e-02   2.7524274e-02
  -4.5000000e-01   0.0000000e+00 -5.6179578e-128   2.5437239e-46   1.1434962e-17   8.7573681e-08   2.4011492e-04   5.1810754e-03   1.7770706e-02   2.4951845e-02   2.6972801e-02   2.7524154e-02
   0.0000000e+00   0.0000000e+00  2.5416107e-131   5.3920232e-47   8.2186654e-18   8.3888485e-08   2.3881539e-04   5.1769122e-03   1.7768741e-02   2.4951333e-02   2.6972666e-02   2.7524114e-02
   4.5000000e-01   0.0000000e+00 -5.6179578e-128   2.5437239e-46   1.1434962e-17   8.7573681e-08   2.4011492e-04   5.1810754e-03   1.7770706e-02   2.4951845e-02   2.6972801e-02   2.7524154e-02
   9.0000000e-01   0.0000000e+00 -1.6174833e-124   2.3197805e-45   2.3441369e-17   9.8898587e-08   2.4402153e-04   5.1935651e-03   1.7776603e-02   2.4953380e-02   2.6973204e-02   2.7524274e-02
   1.3500000e+00   0.0000000e+00 -2.9343168e-121   2.3798637e-44   5.2919259e-17   1.1868648e-07   2.5055920e-04   5.2143820e-03   1.7786429e-02   2.4955938e-02   2.6973876e-02   2.7524473e-02
   1.8000000e+00   0.0000000e+00 -3.7456228e-118   2.9535954e-43   1.2071489e-16   1.4836119e-07   2.5976792e-04   5.2435267e-03   1.7800181e-02   2.4959520e-02   2.6974818e-02   2.7524752e-02
   2.2500000e+00   0.0000000e+00 -2.0639034e-115   4.0703884e-42   2.7354212e-16   1.9002663e-07   2.7170368e-04   5.2810004e-03   1.7817855e-02   2.4964124e-02   2.6976027e-02   2.7525111e-02
   2.7000000e+00  7.0157322e-322  1.5512083e-112   5.3930508e-41   6.1385370e-16   2.4658239e-07   2.8643844e-04   5.3268044e-03   1.7839446e-02   2.4969751e-02   2.6977506e-02   2.7525550e-02
   3.1500000e+00  4.5664483e-313  2.2288488e-109   6.3641642e-40   1.3634646e-15   3.2187945e-07   3.0406016e-04   5.3809402e-03   1.7864949e-02   2.4976399e-02   2.6979254e-02   2.7526068e-02
   3.6000000e+00  1.8394822e-304  1.2584638e-106   6.5767604e-39   2.9972157e-15   4.2092153e-07   3.2467275e-04   5.4434096e-03   1.7894354e-02   2.4984069e-02   2.6981270e-02   2.7526666e-02
   4.0500000e+00  2.4504963e-296  5.1174431e-104   6.0022201e-38   6.5204776e-15   5.5011894e-07   3.4839606e-04   5.5142143e-03   1.7927655e-02   2.4992759e-02   2.6983555e-02   2.7527344e-02
   4.5000000e+00  7.2786348e-289  1.5700423e-101   4.9108656e-37   1.4038705e-14   7.1760314e-07   3.7536586e-04   5.5933560e-03   1.7964840e-02   2.5002468e-02   2.6986109e-02   2.7528102e-02
   4.9500000e+00  5.6489468e-282   2.1855407e-99   3.6625831e-36   2.9913114e-14   9.3361156e-07   4.0573378e-04   5.6808363e-03   1.8005900e-02   2.5013196e-02   2.6988931e-02   2.7528939e-02
   5.4000000e+00 -1.8479501e-273  -1.8078841e-96   2.5531365e-35   6.3078937e-14   1.2109539e-06   4.3966727e-04   5.7766569e-03   1.8050823e-02   2.5024942e-02   2.6992022e-02   2.7529856e-02
   5.8500000e+00 -3.0689187e-265  -2.2643704e-93   1.7519161e-34   1.3164263e-13   1.5655728e-06   4.7734948e-04   5.8808187e-03   1.8099594e-02   2.5037704e-02   2.6995382e-02   2.7530853e-02
   6.3000000e+00 -1.2607948e-257  -1.6422947e-90   1.2949635e-33   2.7189365e-13   2.0172123e-06   5.1897922e-04   5.9933225e-03   1.8152200e-02   2.5051482e-02   2.6999009e-02   2.7531929e-02
   6.7500000e+00 -1.5957861e-250  -8.4631852e-88   1.1051394e-32   5.5576628e-13   2.5902106e-06   5.6477077e-04   6.1141686e-03   1.8208626e-02   2.5066274e-02   2.7002906e-02   2.7533086e-02
   7.2000000e+00 -1.1125631e-243  -2.1222407e-85   1.0383289e-31   1.1242827e-12   3.3144341e-06   6.1495376e-04   6.2433565e-03   1.8268855e-02   2.5082078e-02   2.7007070e-02   2.7534322e-02
   7.6500000e+00  9.3804767e-237   4.2242283e-83   9.5800827e-31   2.2508583e-12   4.2263694e-06   6.6977300e-04   6.3808848e-03   1.8332869e-02   2.5098893e-02   2.7011503e-02   2.7535637e-02
   8.1000000e+00  6.6344116e-229   2.9536468e-80   8.0380828e-30   4.4597343e-12   5.3703953e-06   7.2948819e-04   6.5267513e-03   1.8400649e-02   2.5116718e-02   2.7016204e-02   2.7537033e-02
   8.5500000e+00  1.8346876e-221   6.6874930e-78   5.9861278e-29   8.7449441e-12   6.8002517e-06   7.9437372e-04   6.6809526e-03   1.8472176e-02   2.5135551e-02   2.7021173e-02   2.7538508e-02
   9.0000000e+00  1.6557755e-214   1.0682992e-75   3.9729808e-28   1.6970389e-11   8.5807280e-06   8.6471831e-04   6.8434841e-03   1.8547428e-02   2.5155390e-02   2.7026410e-02   2.7540063e-02
   9.4500000e+00  3.1642524e-208   1.3117926e-73   2.3828142e-27   3.2592174e-11   1.0789589e-05   9.4082469e-04   7.0143396e-03   1.8626383e-02   2.5176232e-02   2.7031915e-02   2.7541697e-02
   9.9000000e+00  2.2555724e-202   8.9069815e-72   1.3136167e-26   6.1947276e-11   1.3519760e-05   1.0230091e-03   7.1935114e-03   1.8709017e-02   2.5198077e-02   2.7037687e-02   2.7543412e-02
   1.0350000e+01 -2.1928898e-195  -1.4722422e-69   6.8170478e-26   1.1652506e-10   1.6881783e-05   1.1116011e-03   7.3809899e-03   1.8795307e-02   2.5220922e-02   2.7043727e-02   2.7545206e-02
   1.0800000e+01 -2.5979115e-188  -8.5711787e-67   3.4740452e-25   2.1692297e-10   2.1006566e-05   1.2069425e-03   7.5767636e-03   1.8885226e-02   2.5244765e-02   2.7050035e-02   2.7547079e-02
   1.1250000e+01 -8.4479891e-182  -2.5078128e-64   1.8589742e-24   3.9965149e-10   2.6048431e-05   1.3093873e-03   7.7808187e-03   1.8978748e-02   2.5269604e-02   2.7056610e-02   2.7549032e-02
   1.1700000e+01 -7.7261827e-176  -5.2301749e-62   1.1036446e-23   7.2869725e-10   3.2188467e-05   1.4193010e-03   7.9931392e-03   1.9075844e-02   2.5295435e-02   2.7063452e-02   2.7551065e-02
   1.2150000e+01 -3.9176695e-170  -5.8382013e-60   7.1038562e-23   1.3149287e-09   3.9638193e-05   1.5370595e-03   8.2137063e-03   1.9176486e-02   2.5322257e-02   2.7070562e-02   2.7553178e-02
   1.2600000e+01  1.2110419e-164   2.9100364e-58   4.5524568e-22   2.3482591e-09   4.8643515e-05   1.6630486e-03   8.4424988e-03   1.9280644e-02   2.5350068e-02   2.7077938e-02   2.7555371e-02
   1.3050000e+01  7.8846896e-158   1.0788171e-55   2.7049336e-21   4.1502842e-09   5.9488969e-05   1.7976633e-03   8.6794920e-03   1.9388286e-02   2.5378864e-02   2.7085581e-02   2.7557643e-02
   1.3500000e+01  1.4874098e-151   9.7763334e-54   1.4473834e-20   7.2593443e-09   7.2502217e-05   1.9413064e-03   8.9246586e-03   1.9499380e-02   2.5408642e-02   2.7093491e-02   2.7559994e-02
   1.3950000e+01  8.6522361e-146   6.1144122e-52   6.9736371e-20   1.2566233e-08   8.8058762e-05   2.0943881e-03   9.1779676e-03   1.9613891e-02   2.5439400e-02   2.7101668e-02   2.7562425e-02
   1.4400000e+01  1.0178014e-140   2.9902002e-50   3.0625484e-19   2.1527932e-08   1.0658683e-04   2.2573244e-03   9.4393845e-03   1.9731787e-02   2.5471136e-02   2.7110111e-02   2.7564936e-02
   1.4850000e+01  5.5508113e-136   9.2540662e-49   1.2464784e-18   3.6499866e-08   1.2857232e-04   2.4305366e-03   9.7088710e-03   1.9853030e-02   2.5503844e-02   2.7118820e-02   2.7567527e-02
   1.5300000e+01 -1.7955857e-130  -2.7027869e-47   4.8061750e-18   6.1245622e-08   1.5456385e-04   2.6144493e-03   9.9863850e-03   1.9977583e-02   2.5537524e-02   2.7127795e-02   2.7570197e-02
   1.5750000e+01 -1.6009835e-124  -8.6018918e-45   1.8161824e-17   1.0170851e-07   1.8517762e-04   2.8094901e-03   1.0271880e-02   2.0105410e-02   2.5572171e-02   2.7137036e-02   2.7572947e-02
   1.6200000e+01 -4.7861483e-119  -1.0299443e-42   7.0616534e-17   1.6716370e-07   2.2110215e-04   3.0160874e-03   1.0565305e-02   2.0236470e-02   2.5607781e-02   2.7146543e-02   2.7575776e-02
   1.6650000e+01 -3.5069432e-114  -8.7277793e-41   2.9444697e-16   2.7191495e-07   2.6310268e-04   3.2346697e-03   1.0866605e-02   2.0370723e-02   2.5644353e-02   2.7156315e-02   2.7578685e-02
   1.7100000e+01 -1.2853145e-109  -4.2798249e-39   1.3053667e-15   4.3775853e-07   3.1202508e-04   3.4656638e-03   1.1175721e-02   2.0508128e-02   2.5681881e-02   2.7166352e-02   2.7581674e-02
   1.7550000e+01  1.1181899e-105   4.5768238e-38   5.7986656e-15   6.9751002e-07   3.6879917e-04   3.7094937e-03   1.1492586e-02   2.0648642e-02   2.5720362e-02   2.7176655e-02   2.7584742e-02
   1.8000000e+01  8.8986546e-100   1.0791313e-35   2.4288822e-14   1.0999792e-06   4.3444126e-04   3.9665786e-03   1.1817131e-02   2.0792223e-02   2.5759793e-02   2.7187222e-02   2.7587890e-02
   1.8450000e+01   1.1286779e-94   3.9025009e-34   9.3026754e-14   1.7168825e-06   5.1005563e-04   4.2373318e-03   1.2149280e-02   2.0938824e-02   2.5800169e-02   2.7198055e-02   2.7591117e-02
   1.8900000e+01   3.7368319e-90   9.5227321e-33   3.2456056e-13   2.6523007e-06   5.9683499e-04   4.5221588e-03   1.2488954e-02   2.1088401e-02   2.5841488e-02   2.7209152e-02   2.7594424e-02
   1.9350000e+01   2.4633802e-86   1.8493330e-31   1.0419326e-12   4.0554127e-06   6.9605954e-04   4.8214562e-03   1.2836064e-02   2.1240906e-02   2.5883743e-02   2.7220513e-02   2.7597810e-02
   1.9800000e+01   9.2184453e-83   2.5199434e-30   3.1256446e-12   6.1373570e-06   8.0909452e-04   5.1356095e-03   1.3190520e-02   2.1396291e-02   2.5926932e-02   2.7232138e-02   2.7601276e-02
   2.0250000e+01  -9.5589493e-79  -5.4358618e-30   8.9334639e-12   9.1931708e-06   9.3738618e-04   5.4649916e-03   1.3552222e-02   2.1554508e-02   2.5971050e-02   2.7244027e-02   2.7604822e-02
   2.0700000e+01  -7.0651937e-74  -2.1964500e-27   2.4977537e-11   1.3629816e-05   1.0824559e-03   5.8099616e-03   1.3921067e-02   2.1715506e-02   2.6016093e-02   2.7256179e-02   2.7608447e-02
   2.1150000e+01  -3.2906414e-69  -1.1075207e-25   7.0700387e-11   2.0001287e-05   1.2458923e-03   6.1708629e-03   1.4296944e-02   2.1879235e-02   2.6062057e-02   2.7268595e-02   2.7612151e-02
   2.1600000e+01  -1.3225090e-64  -3.8382236e-24   2.0867581e-10   2.9051670e-05   1.4293415e-03   6.5480212e-03   1.4679736e-02   2.2045641e-02   2.6108936e-02   2.7281274e-02   2.7615935e-02
   2.2050000e+01  -3.9564565e-60  -8.1656970e-23   6.4174754e-10   4.1766802e-05   1.6344955e-03   6.9417438e-03   1.5069320e-02   2.2214671e-02   2.6156726e-02   2.7294216e-02   2.7619799e-02
   2.2500000e+01   2.1154901e-61   9.1710206e-23   1.9796328e-09   5.9434702e-05   1.8630779e-03   7.3523171e-03   1.5465567e-02   2.2386271e-02   2.6205422e-02   2.7307421e-02   2.7623741e-02
   2.2950000e+01   5.7969886e-53   2.7980008e-20   5.8409084e-09   8.3714405e-05   2.1168284e-03   7.7800056e-03   1.5868339e-02   2.2560386e-02   2.6255020e-02   2.7320887e-02   2.7627764e-02
   2.3400000e+01   2.8395394e-50   4.0587248e-19   1.6009586e-08   1.1671192e-04   2.3974846e-03   8.2250506e-03   1.6277493e-02   2.2736959e-02   2.6305514e-02   2.7334616e-02   2.7631866e-02
   2.3850000e+01   1.0367312e-47   3.8939753e-18   4.0507042e-08   1.6106109e-04   2.7067632e-03   8.6876680e-03   1.6692879e-02   2.2915932e-02   2.6356899e-02   2.7348607e-02   2.7636047e-02
   2.4300000e+01   3.3138398e-45   3.0321608e-17   9.5337189e-08   2.2000569e-04   3.0463383e-03   9.1680477e-03   1.7114341e-02   2.3097247e-02   2.6409171e-02   2.7362860e-02   2.7640307e-02
   2.4750000e+01   8.3548693e-43   1.8120737e-16   2.1154780e-07   2.9747806e-04   3.4178198e-03   9.6663519e-03   1.7541714e-02   2.3280844e-02   2.6462323e-02   2.7377373e-02   2.7644647e-02
   2.5200000e+01  -3.0539531e-40   3.7150483e-16   4.4967227e-07   3.9816763e-04   3.8227302e-03   1.0182714e-02   1.7974826e-02   2.3466662e-02   2.6516352e-02   2.7392148e-02   2.7649067e-02
   2.5650000e+01  -1.7382275e-36  -1.2142815e-14   9.3290470e-07   5.2757165e-04   4.2624813e-03   1.0717237e-02   1.8413500e-02   2.3654640e-02   2.6571250e-02   2.7407183e-02   2.7653566e-02
   2.6100000e+01  -3.9431712e-33  -2.7998619e-13   1.9292292e-06   6.9201923e-04   4.7383502e-03   1.1269992e-02   1.8857551e-02   2.3844716e-02   2.6627012e-02   2.7422479e-02   2.7658144e-02
   2.6550000e+01  -1.7456532e-30  -3.9300985e-12   4.0471134e-06   8.9865891e-04   5.2514575e-03   1.1841021e-02   1.9306785e-02   2.4036824e-02   2.6683633e-02   2.7438035e-02   2.7662801e-02
   2.7000000e+01  -2.0098075e-28  -3.3874095e-11   8.6293945e-06   1.1554003e-03   5.8027444e-03   1.2430328e-02   1.9761004e-02   2.4230901e-02   2.6741107e-02   2.7453850e-02   2.7667538e-02
   2.7450000e+01  -3.4895458e-27  -1.5560325e-11   1.8336689e-05   1.4708009e-03   6.3929528e-03   1.3037887e-02   2.0220000e-02   2.4426882e-02   2.6799429e-02   2.7469925e-02   2.7672354e-02
   2.7900000e+01   6.3000894e-24   1.6611397e-09   3.7673866e-05   1.8538921e-03   7.0226074e-03   1.3663634e-02   2.0683559e-02   2.4624698e-02   2.6858591e-02   2.7486260e-02   2.7677250e-02
   2.8350000e+01   2.5062260e-21   1.0325660e-08   7.3174422e-05   2.3139394e-03   7.6919999e-03   1.4307473e-02   2.1151461e-02   2.4824283e-02   2.6918588e-02   2.7502853e-02   2.7682225e-02
   2.8800000e+01   5.0051585e-19   4.0423156e-08   1.3342118e-04   2.8601393e-03   8.4011765e-03   1.4969268e-02   2.1623477e-02   2.5025568e-02   2.6979414e-02   2.7519704e-02   2.7687279e-02
   2.9250000e+01   2.4831087e-17   1.2945654e-07   2.2945609e-04   3.5012566e-03   9.1499298e-03   1.5648849e-02   2.2099372e-02   2.5228484e-02   2.7041062e-02   2.7536814e-02   2.7692412e-02
   2.9700000e+01   4.8864983e-16   3.4507081e-07   3.7598323e-04   4.2452134e-03   9.9377937e-03   1.6346007e-02   2.2578904e-02   2.5432959e-02   2.7103526e-02   2.7554181e-02   2.7697625e-02
   3.0150000e+01  -1.2029899e-15   6.3582145e-07   5.9379766e-04   5.0986476e-03   1.0764043e-02   1.7060497e-02   2.3061823e-02   2.5638923e-02   2.7166800e-02   2.7571807e-02   2.7702917e-02
   3.0600000e+01  -1.8605050e-12  -4.1749821e-07   9.1442390e-04   6.0664616e-03   1.1627699e-02   1.7792035e-02   2.3547873e-02   2.5846303e-02   2.7230877e-02   2.7589689e-02   2.7708288e-02
   3.1050000e+01  -2.4368274e-10  -1.2432056e-05   1.3880334e-03   7.1513883e-03   1.2527535e-02   1.8540300e-02   2.4036793e-02   2.6055026e-02   2.7295750e-02   2.7607828e-02   2.7713738e-02
   3.1500000e+01  -6.1589510e-09  -7.8631676e-05   2.0929013e-03   8.3536053e-03   1.3462094e-02   1.9304930e-02   2.4528311e-02   2.6265017e-02   2.7361412e-02   2.7626223e-02   2.7719267e-02
   3.1950000e+01  -4.7601510e-08  -2.8001618e-04   3.1363219e-03   9.6704280e-03   1.4429706e-02   2.0085529e-02   2.5022152e-02   2.6476202e-02   2.7427856e-02   2.7644875e-02   2.7724876e-02
   3.2400000e+01  -9.9337508e-08  -8.6985305e-05   4.6290038e-03   1.1096111e-02   1.5428507e-02   2.0881659e-02   2.5518032e-02   2.6688504e-02   2.7495076e-02   2.7663782e-02   2.7730564e-02
   3.2850000e+01   5.3169582e-06   2.3420450e-03   6.6310175e-03   1.2621783e-02   1.6456472e-02   2.1692846e-02   2.6015664e-02   2.6901847e-02   2.7563064e-02   2.7682945e-02   2.7736331e-02
   3.3300000e+01   1.5241984e-04   6.2473423e-03   9.1107685e-03   1.4235534e-02   1.7511439e-02   2.2518576e-02   2.6514752e-02   2.7116153e-02   2.7631812e-02   2.7702362e-02   2.7742177e-02
   3.3750000e+01   2.4554512e-03   1.0220501e-02   1.1961783e-02   1.5922659e-02   1.8591144e-02   2.3358297e-02   2.7014993e-02   2.7331344e-02   2.7701315e-02   2.7722034e-02   2.7748102e-02
   3.4200000e+01   1.1371291e-02   1.4091524e-02   1.5057250e-02   1.7666059e-02   1.9693258e-02   2.4211422e-02   2.7516081e-02   2.7547339e-02   2.7771563e-02   2.7741960e-02   2.7754106e-02
   3.4650000e+01   1.7515512e-02   1.7905200e-02   1.8289148e-02   1.9446777e-02   2.0815420e-02   2.5077323e-02   2.8017703e-02   2.7764059e-02   2.7842550e-02   2.7762140e-02   2.7760189e-02
   3.5100000e+01   2.1567504e-02   2.1696698e-02   2.1574654e-02   2.1244653e-02   2.1955279e-02   2.5955337e-02   2.8519539e-02   2.7981423e-02   2.7914268e-02   2.7782574e-02   2.7766351e-02
   3.5550000e+01   2.5750484e-02   2.5494201e-02   2.4844111e-02   2.3039054e-02   2.3110523e-02   2.6844761e-02   2.9021265e-02   2.8199350e-02   2.7986709e-02   2.7803260e-02   2.7772593e-02
   3.6000000e+01   3.2993559e-02   2.9331906e-02   2.8024160e-02   2.4809650e-02   2.4278923e-02   2.7744859e-02   2.9522551e-02   2.8417755e-02   2.8059865e-02   2.7824199e-02   2.7778913e-02
   3.6450000e+01   4.0605129e-02   3.3261488e-02   3.1022071e-02   2.6537178e-02   2.5458358e-02   2.8654856e-02   3.0023062e-02   2.8636556e-02   2.8133728e-02   2.7845390e-02   2.7785312e-02
   3.6900000e+01   4.1623324e-02   3.7292639e-02   3.3719780e-02   2.8204171e-02   2.6646852e-02   2.9573943e-02   3.0522458e-02   2.8855670e-02   2.8208291e-02   2.7866832e-02   2.7791791e-02
   3.7350000e+01   4.1665940e-02   4.0762513e-02   3.5993867e-02   2.9795605e-02   2.7842595e-02   3.0501274e-02   3.1020395e-02   2.9075010e-02   2.8283544e-02   2.7888526e-02   2.7798348e-02
   3.7800000e+01   4.1666758e-02   4.1977564e-02   3.7765986e-02   3.1299427e-02   2.9043968e-02   3.1435968e-02   3.1516523e-02   2.9294491e-02   2.8359480e-02   2.7910471e-02   2.7804984e-02
   3.8250000e+01   4.1666682e-02   4.1830520e-02   3.9046791e-02   3.2706954e-02   3.0249558e-02   3.2377112e-02   3.2010489e-02   2.9514028e-02   2.8436090e-02   2.7932666e-02   2.7811699e-02
   3.8700000e+01   4.1666668e-02   4.1702036e-02   3.9925321e-02   3.4013115e-02   3.1458170e-02   3.3323755e-02   3.2501934e-02   2.9733533e-02   2.8513366e-02   2.7955111e-02   2.7818493e-02
   3.9150000e+01   4.1666667e-02   4.1670709e-02   4.0515600e-02   3.5216549e-02   3.2668830e-02   3.4274918e-02   3.2990498e-02   2.9952918e-02   2.8591298e-02   2.7977806e-02   2.7825366e-02
   3.9600000e+01   4.1666667e-02   4.1666155e-02   4.0913078e-02   3.6319555e-02   3.3880786e-02   3.5229583e-02   3.3475814e-02   3.0172095e-02   2.8669880e-02   2.8000749e-02   2.7832318e-02
   4.0050000e+01   4.1666667e-02   4.1666132e-02   4.1182713e-02   3.7327910e-02   3.5093502e-02   3.6186706e-02   3.3957514e-02   3.0390975e-02   2.8749100e-02   2.8023942e-02   2.7839348e-02
   4.0500000e+01   4.1666667e-02   4.1666433e-02   4.1365458e-02   3.8250584e-02   3.6306641e-02   3.7145209e-02   3.4435226e-02   3.0609469e-02   2.8828951e-02   2.8047382e-02   2.7846458e-02
   4.0950000e+01   4.1666667e-02   4.1666586e-02   4.1487621e-02   3.9099357e-02   3.7520051e-02   3.8103982e-02   3.4908574e-02   3.0827485e-02   2.8909424e-02   2.8071070e-02   2.7853646e-02
   4.1400000e+01   4.1666667e-02   4.1666644e-02   4.1567407e-02   3.9888380e-02   3.8733740e-02   3.9061888e-02   3.5377180e-02   3.1044934e-02   2.8990509e-02   2.8095005e-02   2.7860913e-02
   4.1850000e+01   4.1666667e-02   4.1666662e-02   4.1618744e-02   4.0633676e-02   3.9947848e-02   4.0017760e-02   3.5840664e-02   3.1261724e-02   2.9072197e-02   2.8119187e-02   2.7868259e-02
   4.2300000e+01   4.1666667e-02   4.1666666e-02   4.1653622e-02   4.1352617e-02   4.1162616e-02   4.0970403e-02   3.6298644e-02   3.1477762e-02   2.9154478e-02   2.8143615e-02   2.7875683e-02
   4.2750000e+01   4.1666667e-02   4.1666667e-02   4.1683491e-02   4.2063381e-02   4.2378352e-02   4.1918598e-02   3.6750734e-02   3.1692957e-02   2.9237344e-02   2.8168289e-02   2.7883186e-02
   4.3200000e+01   4.1666667e-02   4.1666673e-02   4.1719768e-02   4.2784391e-02   4.3595397e-02   4.2861096e-02   3.7196548e-02   3.1907215e-02   2.9320784e-02   2.8193208e-02   2.7890768e-02
   4.3650000e+01   4.1666667e-02   4.1666694e-02   4.1773934e-02   4.3533759e-02   4.4814086e-02   4.3796628e-02   3.7635698e-02   3.2120443e-02   2.9404789e-02   2.8218372e-02   2.7898428e-02
   4.4100000e+01   4.1666667e-02   4.1666761e-02   4.1858129e-02   4.4328730e-02   4.6034714e-02   4.4723899e-02   3.8067794e-02   3.2332546e-02   2.9489350e-02   2.8243779e-02   2.7906167e-02
   4.4550000e+01   4.1666667e-02   4.1666935e-02   4.1986648e-02   4.5185137e-02   4.7257499e-02   4.5641595e-02   3.8492447e-02   3.2543430e-02   2.9574455e-02   2.8269431e-02   2.7913985e-02
   4.5000000e+01   4.1666667e-02   4.1667253e-02   4.2178398e-02   4.6116883e-02   4.8482549e-02   4.6548380e-02   3.8909265e-02   3.2752999e-02   2.9660096e-02   2.8295326e-02   2.7921881e-02
   4.5450000e+01   4.1666667e-02   4.1667069e-02   4.2460956e-02   4.7135451e-02   4.9709830e-02   4.7442903e-02   3.9317858e-02   3.2961160e-02   2.9746262e-02   2.8321463e-02   2.7929856e-02
   4.5900000e+01   4.1666667e-02   4.1661124e-02   4.2877449e-02   4.8249467e-02   5.0939142e-02   4.8323795e-02   3.9717833e-02   3.3167814e-02   2.9832943e-02   2.8347843e-02   2.7937909e-02
   4.6350000e+01   4.1666665e-02   4.1623017e-02   4.3495985e-02   4.9464335e-02   5.2170092e-02   4.9189672e-02   4.0108799e-02   3.3372867e-02   2.9920128e-02   2.8374464e-02   2.7946041e-02
   4.6800000e+01   4.1666648e-02   4.1478611e-02   4.4414960e-02   5.0781962e-02   5.3402075e-02   5.0039140e-02   4.0490366e-02   3.3576222e-02   3.0007807e-02   2.8401326e-02   2.7954252e-02
   4.7250000e+01   4.1666572e-02   4.1385893e-02   4.5747963e-02   5.2200591e-02   5.4634261e-02   5.0870793e-02   4.0862143e-02   3.3777781e-02   3.0095970e-02   2.8428428e-02   2.7962540e-02
   4.7700000e+01   4.1667853e-02   4.2865278e-02   4.7577356e-02   5.3714777e-02   5.5865583e-02   5.1683220e-02   4.1223741e-02   3.3977447e-02   3.0184606e-02   2.8455771e-02   2.7970908e-02
   4.8150000e+01   4.1721022e-02   4.6454780e-02   4.9903303e-02   5.5315500e-02   5.7094732e-02   5.2475002e-02   4.1574772e-02   3.4175123e-02   3.0273703e-02   2.8483352e-02   2.7979353e-02
   4.8600000e+01   4.2874431e-02   5.0488958e-02   5.2639957e-02   5.6990437e-02   5.8320154e-02   5.3244722e-02   4.1914849e-02   3.4370710e-02   3.0363252e-02   2.8511173e-02   2.7987878e-02
   4.9050000e+01   5.0723392e-02   5.4421655e-02   5.5662669e-02   5.8724385e-02   5.9540052e-02   5.3990959e-02   4.2243589e-02   3.4564111e-02   3.0453242e-02   2.8539232e-02   2.7996480e-02
   4.9500000e+01   5.7941800e-02   5.8265580e-02   5.8855842e-02   6.0499815e-02   6.0752391e-02   5.4712298e-02   4.2560608e-02   3.4755226e-02   3.0543660e-02   2.8567528e-02   2.8005161e-02
   4.9950000e+01   6.2150636e-02   6.2069718e-02   6.2129343e-02   6.2297549e-02   6.1954910e-02   5.5407330e-02   4.2865528e-02   3.4943957e-02   3.0634496e-02   2.8596062e-02   2.8013920e-02
   5.0400000e+01   6.6292022e-02   6.5870564e-02   6.5410869e-02   6.4097510e-02   6.3145125e-02   5.6074655e-02   4.3157969e-02   3.5130205e-02   3.0725740e-02   2.8624832e-02   2.8022757e-02
   5.0850000e+01   7.2989254e-02   6.9701597e-02   6.8629965e-02   6.5879522e-02   6.4320347e-02   5.6712885e-02   4.3437559e-02   3.5313871e-02   3.0817378e-02   2.8653838e-02   2.8031673e-02
   5.1300000e+01   8.1536551e-02   7.3604110e-02   7.1701449e-02   6.7624114e-02   6.5477690e-02   5.7320650e-02   4.3703927e-02   3.5494855e-02   3.0909400e-02   2.8683079e-02   2.8040667e-02
   5.1750000e+01   8.3235097e-02   7.7611461e-02   7.4514752e-02   6.9313282e-02   6.6614085e-02   5.7896597e-02   4.3956704e-02   3.5673058e-02   3.1001795e-02   2.8712555e-02   2.8049739e-02
   5.2200000e+01   8.3330310e-02   8.1424867e-02   7.6943535e-02   7.0931178e-02   6.7726296e-02   5.8439397e-02   4.4195529e-02   3.5848381e-02   3.1094550e-02   2.8742265e-02   2.8058889e-02
   5.2650000e+01   8.3333432e-02   8.3506376e-02   7.8887885e-02   7.2464683e-02   6.8810923e-02   5.8947745e-02   4.4420041e-02   3.6020722e-02   3.1187653e-02   2.8772209e-02   2.8068118e-02
   5.3100000e+01   8.3333365e-02   8.3578119e-02   8.0326829e-02   7.3903845e-02   6.9864422e-02   5.9420367e-02   4.4629886e-02   3.6189984e-02   3.1281094e-02   2.8802385e-02   2.8077424e-02
   5.3550000e+01   8.3333337e-02   8.3398169e-02   8.1328247e-02   7.5242166e-02   7.0883109e-02   5.9856021e-02   4.4824715e-02   3.6356064e-02   3.1374859e-02   2.8832794e-02   2.8086809e-02
   5.4000000e+01   8.3333333e-02   8.3343003e-02   8.2004087e-02   7.6476720e-02   7.1863167e-02   6.0253503e-02   4.5004182e-02   3.6518865e-02   3.1468936e-02   2.8863434e-02   2.8096271e-02
   5.4450000e+01   8.3333333e-02   8.3333388e-02   8.2458675e-02   7.7608116e-02   7.2800660e-02   6.0611647e-02   4.5167948e-02   3.6678285e-02   3.1563314e-02   2.8894305e-02   2.8105812e-02
   5.4900000e+01   8.3333333e-02   8.3332696e-02   8.2766792e-02   7.8640315e-02   7.3691532e-02   6.0929328e-02   4.5315679e-02   3.6834225e-02   3.1657980e-02   2.8925407e-02   2.8115431e-02
   5.5350000e+01   8.3333333e-02   8.3333010e-02   8.2976202e-02   7.9580301e-02   7.4531621e-02   6.1205473e-02   4.5447047e-02   3.6986585e-02   3.1752922e-02   2.8956738e-02   2.8125128e-02
   5.5800000e+01   8.3333333e-02   8.3333215e-02   8.3117157e-02   8.0437654e-02   7.5316659e-02   6.1439052e-02   4.5561732e-02   3.7135264e-02   3.1848126e-02   2.8988298e-02   2.8134902e-02
   5.6250000e+01   8.3333333e-02   8.3333297e-02   8.3210011e-02   8.1224013e-02   7.6042287e-02   6.1629094e-02   4.5659417e-02   3.7280163e-02   3.1943581e-02   2.9020087e-02   2.8144755e-02
   5.6700000e+01   8.3333333e-02   8.3333324e-02   8.3269791e-02   8.1952468e-02   7.6704060e-02   6.1774679e-02   4.5739794e-02   3.7421182e-02   3.2039273e-02   2.9052103e-02   2.8154685e-02
   5.7150000e+01   8.3333333e-02   8.3333332e-02   8.3308908e-02   8.2636880e-02   7.7297465e-02   6.1874948e-02   4.5802562e-02   3.7558222e-02   3.2135190e-02   2.9084347e-02   2.8164694e-02
   5.7600000e+01   8.3333333e-02   8.3333334e-02   8.3338851e-02   8.3291160e-02   7.7817932e-02   6.1929106e-02   4.5847427e-02   3.7691182e-02   3.2231319e-02   2.9116817e-02   2.8174780e-02
   5.8050000e+01   8.3333333e-02   8.3333336e-02   8.3370961e-02   8.3928502e-02   7.8260864e-02   6.1936417e-02   4.5874103e-02   3.7819964e-02   3.2327646e-02   2.9149512e-02   2.8184944e-02
   5.8500000e+01   8.3333333e-02   8.3333346e-02   8.3416559e-02   8.4560589e-02   7.8621652e-02   6.1896219e-02   4.5882310e-02   3.7944468e-02   3.2424159e-02   2.9182433e-02   2.8195186e-02
   5.8950000e+01   8.3333333e-02   8.3333382e-02   8.3487284e-02   8.5196794e-02   7.8895718e-02   6.1807914e-02   4.5871780e-02   3.8064595e-02   3.2520844e-02   2.9215577e-02   2.8205505e-02
   5.9400000e+01   8.3333333e-02   8.3333484e-02   8.3596279e-02   8.5843380e-02   7.9078546e-02   6.1670980e-02   4.5842248e-02   3.8180246e-02   3.2617688e-02   2.9248946e-02   2.8215903e-02
   5.9850000e+01   8.3333333e-02   8.3333709e-02   8.3760285e-02   8.6502735e-02   7.9165725e-02   6.1484967e-02   4.5793463e-02   3.8291322e-02   3.2714678e-02   2.9282537e-02   2.8226378e-02
   6.0300000e+01   8.3333333e-02   8.3333848e-02   8.4003008e-02   8.7172674e-02   7.9153005e-02   6.1249502e-02   4.5725179e-02   3.8397726e-02   3.2811799e-02   2.9316351e-02   2.8236930e-02
   6.0750000e+01   8.3333333e-02   8.3331400e-02   8.4360911e-02   8.7845838e-02   7.9036346e-02   6.0964292e-02   4.5637161e-02   3.8499360e-02   3.2909038e-02   2.9350386e-02   2.8247560e-02
   6.1200000e+01   8.3333333e-02   8.3311300e-02   8.4892057e-02   8.8509245e-02   7.8811979e-02   6.0629121e-02   4.5529182e-02   3.8596124e-02   3.3006381e-02   2.9384642e-02   2.8258268e-02
   6.1650000e+01   8.3333327e-02   8.3213588e-02   8.5683892e-02   8.9144040e-02   7.8476471e-02   6.0243856e-02   4.5401025e-02   3.8687923e-02   3.3103815e-02   2.9419118e-02   2.8269053e-02
   6.2100000e+01   8.3333271e-02   8.2999882e-02   8.6845885e-02   8.9725494e-02   7.8026789e-02   5.9808448e-02   4.5252485e-02   3.8774659e-02   3.3201325e-02   2.9453813e-02   2.8279916e-02
   6.2550000e+01   8.3333485e-02   8.3737773e-02   8.8470281e-02   9.0223293e-02   7.7460370e-02   5.9322930e-02   4.5083362e-02   3.8856235e-02   3.3298898e-02   2.9488727e-02   2.8290856e-02
   6.3000000e+01   8.3363208e-02   8.6977034e-02   9.0573791e-02   9.0602163e-02   7.6775185e-02   5.8787420e-02   4.4893471e-02   3.8932555e-02   3.3396519e-02   2.9523859e-02   2.8301874e-02
   6.3450000e+01   8.4319802e-02   9.0976574e-02   9.3073298e-02   9.0822836e-02   7.5969803e-02   5.8202124e-02   4.4682636e-02   3.9003524e-02   3.3494173e-02   2.9559208e-02   2.8312969e-02
   6.3900000e+01   9.1867485e-02   9.4854809e-02   9.5821882e-02   9.0843363e-02   7.5043455e-02   5.7567331e-02   4.4450689e-02   3.9069045e-02   3.3591848e-02   2.9594773e-02   2.8324142e-02
   6.4350000e+01   9.8322914e-02   9.8649450e-02   9.8662095e-02   9.0620737e-02   7.3996086e-02   5.6883420e-02   4.4197475e-02   3.9129024e-02   3.3689527e-02   2.9630554e-02   2.8335392e-02
   6.4800000e+01   1.0232457e-01   1.0241596e-01   1.0144916e-01   9.0112783e-02   7.2828399e-02   5.6150854e-02   4.3922850e-02   3.9183366e-02   3.3787197e-02   2.9666550e-02   2.8346719e-02
   6.5250000e+01   1.0610451e-01   1.0617509e-01   1.0404018e-01   8.9280219e-02   7.1541900e-02   5.5370184e-02   4.3626681e-02   3.9231977e-02   3.3884842e-02   2.9702759e-02   2.8358124e-02
   6.5700000e+01   1.0987659e-01   1.0994242e-01   1.0626287e-01   8.8088788e-02   7.0138917e-02   5.4542047e-02   4.3308845e-02   3.9274763e-02   3.3982449e-02   2.9739182e-02   2.8369606e-02
   6.6150000e+01   1.1365289e-01   1.1377493e-01   1.0787145e-01   8.6511341e-02   6.8622620e-02   5.3667168e-02   4.2969231e-02   3.9311633e-02   3.4080002e-02   2.9775818e-02   2.8381165e-02
   6.6600000e+01   1.1743336e-01   1.1790845e-01   1.0850425e-01   8.4529727e-02   6.6997021e-02   5.2746353e-02   4.2607740e-02   3.9342493e-02   3.4177486e-02   2.9812665e-02   2.8392801e-02
   6.7050000e+01   1.2127685e-01   1.2265871e-01   1.0769331e-01   8.2136352e-02   6.5266964e-02   5.1780496e-02   4.2224283e-02   3.9367252e-02   3.4274886e-02   2.9849724e-02   2.8404514e-02
   6.7500000e+01   1.2499996e-01   1.2418809e-01   1.0499862e-01   7.9335293e-02   6.3438100e-02   5.0770573e-02   4.1818784e-02   3.9385817e-02   3.4372187e-02   2.9886992e-02   2.8416305e-02
   6.7950000e+01   1.1370782e-01   1.1511780e-01   1.0023996e-01   7.6142852e-02   6.1516850e-02   4.9717641e-02   4.1391179e-02   3.9398100e-02   3.4469374e-02   2.9924470e-02   2.8428172e-02
   6.8400000e+01   1.0229908e-01   1.0283314e-01   9.3621684e-02   7.2587486e-02   5.9510355e-02   4.8622836e-02   4.0941415e-02   3.9404010e-02   3.4566432e-02   2.9962156e-02   2.8440117e-02
   6.8850000e+01   9.0958677e-02   9.1171291e-02   8.5607871e-02   6.8709110e-02   5.7426415e-02   4.7487376e-02   4.0469450e-02   3.9403457e-02   3.4663344e-02   3.0000051e-02   2.8452138e-02
   6.9300000e+01   7.9629763e-02   7.9816003e-02   7.6692455e-02   6.4557773e-02   5.5273417e-02   4.6312550e-02   3.9975257e-02   3.9396354e-02   3.4760096e-02   3.0038152e-02   2.8464237e-02
   6.9750000e+01   6.8313533e-02   6.8529846e-02   6.7268928e-02   6.0191811e-02   5.3060254e-02   4.5099725e-02   3.9458819e-02   3.9382611e-02   3.4856672e-02   3.0076459e-02   2.8476412e-02
   7.0200000e+01   5.6973722e-02   5.7250852e-02   5.7626953e-02   5.5675571e-02   5.0796238e-02   4.3850335e-02   3.8920131e-02   3.9362143e-02   3.4953056e-02   3.0114971e-02   2.8488664e-02
   7.0650000e+01   4.4968743e-02   4.5949525e-02   4.8005311e-02   5.1076861e-02   4.8491007e-02   4.2565886e-02   3.8359200e-02   3.9334863e-02   3.5049233e-02   3.0153688e-02   2.8500994e-02
   7.1100000e+01   2.5602455e-02   3.4564806e-02   3.8653018e-02   4.6464278e-02   4.6154431e-02   4.1247945e-02   3.7776047e-02   3.9300685e-02   3.5145186e-02   3.0192608e-02   2.8513400e-02
   7.1550000e+01   2.9594051e-03   2.2929823e-02   2.9879756e-02   4.1904583e-02   4.3796506e-02   3.9898146e-02   3.7170703e-02   3.9259524e-02   3.5240900e-02   3.0231731e-02   2.8525883e-02
   7.2000000e+01   8.9623719e-05   1.0931122e-02   2.2065586e-02   3.7460263e-02   4.1427267e-02   3.8518176e-02   3.6543212e-02   3.9211297e-02   3.5336358e-02   3.0271056e-02   2.8538442e-02
   7.2450000e+01   4.5527115e-07   1.2133186e-03   1.5579964e-02   3.3187431e-02   3.9056682e-02   3.7109781e-02   3.5893631e-02   3.9155919e-02   3.5431544e-02   3.0310583e-02   2.8551078e-02
   7.2900000e+01  -1.8777468e-07  -1.0003540e-03   1.0617412e-02   2.9134157e-02   3.6694562e-02   3.5674756e-02   3.5222028e-02   3.9093310e-02   3.5526443e-02   3.0350309e-02   2.8563791e-02
   7.3350000e+01  -1.9718624e-08  -3.5923497e-04   7.0888957e-03   2.5339295e-02   3.4350472e-02   3.4214944e-02   3.4528483e-02   3.9023387e-02   3.5621037e-02   3.0390234e-02   2.8576581e-02
   7.3800000e+01  -1.0321758e-09  -6.6099382e-05   4.6938403e-03   2.1831851e-02   3.2033646e-02   3.2732228e-02   3.3813090e-02   3.8946069e-02   3.5715311e-02   3.0430358e-02   2.8589447e-02
   7.4250000e+01  -1.3069985e-11  -5.8008611e-06   3.0914255e-03   1.8630873e-02   2.9752912e-02   3.1228534e-02   3.3075953e-02   3.8861278e-02   3.5809248e-02   3.0470680e-02   2.8602390e-02
   7.4700000e+01  -4.5036073e-14   1.5431956e-06   2.0136659e-03   1.5745816e-02   2.7516618e-02   2.9705817e-02   3.2317189e-02   3.8768933e-02   3.5902831e-02   3.0511198e-02   2.8615409e-02
   7.5150000e+01   1.2892937e-15   1.1274517e-06   1.2840238e-03   1.3177320e-02   2.5332571e-02   2.8166064e-02   3.1536926e-02   3.8668958e-02   3.5996044e-02   3.0551912e-02   2.8628504e-02
   7.5600000e+01   7.6043000e-17   4.5237614e-07   7.9231112e-04   1.0918295e-02   2.3207987e-02   2.6611288e-02   3.0735305e-02   3.8561276e-02   3.6088870e-02   3.0592821e-02   2.8641677e-02
   7.6050000e+01   2.4468132e-18   1.4634063e-07   4.6760962e-04   8.9552189e-03   2.1149437e-02   2.5043517e-02   2.9912478e-02   3.8445809e-02   3.6181292e-02   3.0633923e-02   2.8654925e-02
   7.6500000e+01   1.6102473e-20   3.9326002e-08   2.6110247e-04   7.2695397e-03   1.9162819e-02   2.3464799e-02   2.9068608e-02   3.8322485e-02   3.6273293e-02   3.0675219e-02   2.8668250e-02
   7.6950000e+01   3.2751565e-23   7.5142397e-09   1.3693796e-04   5.8390925e-03   1.7253323e-02   2.1877189e-02   2.8203871e-02   3.8191227e-02   3.6364857e-02   3.0716707e-02   2.8681651e-02
   7.7400000e+01   1.9620119e-26   3.9484590e-10   6.7596704e-05   4.6394454e-03   1.5425418e-02   2.0282749e-02   2.7318454e-02   3.8051965e-02   3.6455965e-02   3.0758386e-02   2.8695129e-02
   7.7850000e+01  -2.3659710e-28  -1.0970464e-10   3.1943612e-05   3.6451161e-03   1.3682836e-02   1.8683539e-02   2.6412554e-02   3.7904624e-02   3.6546602e-02   3.0800256e-02   2.8708682e-02
   7.8300000e+01  -1.7942378e-30  -1.7372339e-11   1.4875524e-05   2.8306122e-03   1.2028575e-02   1.7081617e-02   2.5486380e-02   3.7749136e-02   3.6636749e-02   3.0842314e-02   2.8722312e-02
   7.8750000e+01  -7.5239769e-33  -1.4063561e-12   7.0019832e-06   2.1712732e-03   1.0464902e-02   1.5479028e-02   2.4540152e-02   3.7585429e-02   3.6726391e-02   3.0884562e-02   2.8736018e-02
   7.9200000e+01  -8.8340014e-36  -7.4631620e-14   3.3517889e-06   1.6439082e-03   8.9933713e-03   1.3877807e-02   2.3574101e-02   3.7413435e-02   3.6815508e-02   3.0926996e-02   2.8749800e-02
   7.9650000e+01  -2.7001421e-39  -5.7671716e-16   1.6105079e-06   1.2272352e-03   7.6148402e-03   1.2279965e-02   2.2588469e-02   3.7233087e-02   3.6904084e-02   3.0969618e-02   2.8763658e-02
   8.0100000e+01   1.6703845e-42   5.5787744e-16   7.6084095e-07   9.0214532e-04   6.3295023e-03   1.0687492e-02   2.1583506e-02   3.7044317e-02   3.6992101e-02   3.1012424e-02   2.8777593e-02
   8.0550000e+01   7.6089764e-45   1.0618592e-16   3.4650462e-07   6.5181498e-04   5.1369194e-03   9.1023486e-03   2.0559474e-02   3.6847061e-02   3.7079542e-02   3.1055416e-02   2.8791603e-02
   8.1000000e+01   1.5110809e-47   1.4097458e-17   1.4959150e-07   4.6169871e-04   4.0360618e-03   7.5264636e-03   1.9516647e-02   3.6641254e-02   3.7166389e-02   3.1098591e-02   2.8805689e-02
   8.1450000e+01   6.4094502e-51   1.5025735e-18   6.0343233e-08   3.1943166e-04   3.0253521e-03   5.9617274e-03   1.8455304e-02   3.6426833e-02   3.7252624e-02   3.1141949e-02   2.8819851e-02
   8.1900000e+01   8.8864405e-55   1.1509440e-19   2.2506371e-08   2.1466992e-04   2.1027132e-03   4.4099895e-03   1.7375739e-02   3.6203736e-02   3.7338229e-02   3.1185488e-02   2.8834089e-02
   8.2350000e+01   4.8512481e-59   2.9917893e-21   7.7551510e-09   1.3889288e-04   1.2656186e-03   2.8730542e-03   1.6278251e-02   3.5971901e-02   3.7423187e-02   3.1229208e-02   2.8848402e-02
   8.2800000e+01  -2.1699156e-62  -2.3376786e-22   2.5120188e-09   8.5186971e-05   5.1114562e-04   1.3526766e-03   1.5163151e-02   3.5731270e-02   3.7507479e-02   3.1273108e-02   2.8862792e-02
   8.3250000e+01  -1.1960681e-65  -1.6486385e-23   7.9402082e-10   4.8026037e-05  -1.6397141e-04  -1.4944041e-04   1.4030757e-02   3.5481784e-02   3.7591088e-02   3.1317187e-02   2.8877257e-02
   8.3700000e+01  -3.6225887e-69  -5.5006247e-25   2.5501368e-10   2.3059076e-05  -7.6328678e-04  -1.6316502e-03   1.2881396e-02   3.5223385e-02   3.7673996e-02   3.1361443e-02   2.8891798e-02
   8.4150000e+01  -3.3727957e-73  -1.2578207e-26   8.4415515e-11   6.9128117e-06  -1.2905899e-03  -3.0923648e-03   1.1715406e-02   3.4956018e-02   3.7756183e-02   3.1405876e-02   2.8906414e-02
   8.4600000e+01  -7.6063139e-78  -1.3109618e-28   2.8158683e-11  -2.9864841e-06  -1.7498531e-03  -4.5300586e-03   1.0533130e-02   3.4679627e-02   3.7837633e-02   3.1450485e-02   2.8921106e-02
   8.5050000e+01   1.2852886e-82   6.9871252e-30   9.0407399e-12  -8.5696784e-06  -2.1451806e-03  -5.9432700e-03   9.3349194e-03   3.4394160e-02   3.7918327e-02   3.1495269e-02   2.8935874e-02
   8.5500000e+01   5.1597836e-86   6.4220567e-31   2.6174087e-12  -1.1259415e-05  -2.4807612e-03  -7.3306046e-03   8.1211350e-03   3.4099563e-02   3.7998246e-02   3.1540226e-02   2.8950717e-02
   8.5950000e+01   6.6002588e-90   3.4661852e-32   5.9354274e-13  -1.2083372e-05  -2.7608227e-03  -8.6907371e-03   6.8921435e-03   3.3795786e-02   3.8077372e-02   3.1585355e-02   2.8965635e-02
   8.6400000e+01   1.8964127e-94   1.4699167e-33   3.9645921e-14  -1.1767632e-05  -2.9895901e-03  -1.0022413e-02   5.6483192e-03   3.3482778e-02   3.8155687e-02   3.1630657e-02   2.8980629e-02
   8.6850000e+01   1.8040975e-99   4.7001725e-35  -6.6181828e-14  -1.0812156e-05  -3.1712477e-03  -1.1324450e-02   4.3900432e-03   3.3160492e-02   3.8233172e-02   3.1676129e-02   2.8995699e-02
   8.7300000e+01  8.0504303e-105   6.6508330e-37  -5.8917533e-14  -9.5506341e-06  -3.3099049e-03  -1.2595741e-02   3.1177031e-03   3.2828880e-02   3.8309808e-02   3.1721770e-02   2.9010843e-02
   8.7750000e+01 -1.4512235e-109  -4.1311073e-38  -3.5851901e-14  -8.1970314e-06  -3.4095660e-03  -1.3835251e-02   1.8316928e-03   3.2487896e-02   3.8385577e-02   3.1767580e-02   2.9026063e-02
   8.8200000e+01 -6.0227063e-114  -3.7259167e-39  -1.8804820e-14  -6.8811022e-06  -3.4741038e-03  -1.5042025e-02   5.3241231e-04   3.2137495e-02   3.8460460e-02   3.1813558e-02   2.9041358e-02
   8.8650000e+01 -1.4872891e-118  -1.6629530e-40  -9.0765534e-15  -5.6749368e-06  -3.5072380e-03  -1.6215181e-02  -7.7973284e-04   3.1777635e-02   3.8534439e-02   3.1859701e-02   2.9056728e-02
   8.9100000e+01 -3.1581349e-123  -5.5196322e-42  -4.1456544e-15  -4.6124044e-06  -3.5125167e-03  -1.7353916e-02  -2.1043316e-03   3.1408272e-02   3.8607494e-02   3.1906010e-02   2.9072174e-02
   8.9550000e+01 -6.2650504e-128  -1.5790900e-43  -1.8175508e-15  -3.7030734e-06  -3.4933023e-03  -1.8457502e-02  -3.4409679e-03   3.1029366e-02   3.8679607e-02   3.1952483e-02   2.9087694e-02
   9.0000000e+01 -1.1985293e-132  -4.1807120e-45  -7.7093017e-16  -2.9419391e-06  -3.4527606e-03  -1.9525289e-02  -4.7892208e-03   3.0640878e-02   3.8750759e-02   3.1999120e-02   2.9103290e-02
