  -9.0000000e+01   1.0000000e-01   9.8669534e-02   8.6007355e-03   4.3115585e-02   1.5235274e-01   1.8659122e-01   1.6360509e-01   1.1855384e-01   7.6910780e-02   4.9025055e-02   3.5848837e-02
  -8.9550000e+01   1.0000000e-01   9.7283042e-02   2.3605343e-02   5.9621568e-02   1.5588677e-01   1.8422589e-01   1.6102655e-01   1.1708238e-01   7.6252517e-02   4.8763321e-02   3.5751520e-02
  -8.9100000e+01   9.9999999e-02   9.4859886e-02   3.9648491e-02   7.5445790e-02   1.5885476e-01   1.8178347e-01   1.5846242e-01   1.1562293e-01   7.5598490e-02   4.8502973e-02   3.5654695e-02
  -8.8650000e+01   9.9999989e-02   9.1618701e-02   5.6390683e-02   9.0483974e-02   1.6127112e-01   1.7926860e-01   1.5591323e-01   1.1417550e-01   7.4948687e-02   4.8244010e-02   3.5558362e-02
  -8.8200000e+01   9.9999907e-02   8.9887045e-02   7.3576743e-02   1.0462980e-01   1.6315198e-01   1.7668592e-01   1.5337947e-01   1.1274007e-01   7.4303097e-02   4.7986431e-02   3.5462520e-02
  -8.7750000e+01   9.9999545e-02   9.4259505e-02   9.1013171e-02   1.1777688e-01   1.6451506e-01   1.7403998e-01   1.5086163e-01   1.1131662e-01   7.3661707e-02   4.7730235e-02   3.5367169e-02
  -8.7300000e+01   1.0000569e-01   1.0665172e-01   1.0854610e-01   1.2982120e-01   1.6537963e-01   1.7133534e-01   1.4836020e-01   1.0990514e-01   7.3024507e-02   4.7475420e-02   3.5272310e-02
  -8.6850000e+01   1.0026091e-01   1.2391742e-01   1.2604164e-01   1.4066392e-01   1.6576634e-01   1.6857647e-01   1.4587564e-01   1.0850561e-01   7.2391485e-02   4.7221986e-02   3.5177942e-02
  -8.6400000e+01   1.0579727e-01   1.4259273e-01   1.4336862e-01   1.5021452e-01   1.6569709e-01   1.6576780e-01   1.4340840e-01   1.0711802e-01   7.1762629e-02   4.6969931e-02   3.5084066e-02
  -8.5950000e+01   1.4347228e-01   1.6125828e-01   1.6038275e-01   1.5839411e-01   1.6519492e-01   1.6291371e-01   1.4095892e-01   1.0574234e-01   7.1137927e-02   4.6719255e-02   3.4990680e-02
  -8.5500000e+01   1.7812064e-01   1.7967209e-01   1.7690913e-01   1.6513891e-01   1.6428379e-01   1.6001850e-01   1.3852764e-01   1.0437856e-01   7.0517369e-02   4.6469957e-02   3.4897786e-02
  -8.5050000e+01   1.9832305e-01   1.9792785e-01   1.9271734e-01   1.7040346e-01   1.6298847e-01   1.5708642e-01   1.3611496e-01   1.0302666e-01   6.9900943e-02   4.6222035e-02   3.4805382e-02
  -8.4600000e+01   2.1820171e-01   2.1617361e-01   2.0747749e-01   1.7416365e-01   1.6133434e-01   1.5412163e-01   1.3372129e-01   1.0168662e-01   6.9288636e-02   4.5975488e-02   3.4713470e-02
  -8.4150000e+01   2.5034842e-01   2.3459628e-01   2.2068277e-01   1.7641916e-01   1.5934722e-01   1.5112823e-01   1.3134702e-01   1.0035840e-01   6.8680438e-02   4.5730316e-02   3.4622049e-02
  -8.3700000e+01   2.9137546e-01   2.5355425e-01   2.3153995e-01   1.7719527e-01   1.5705318e-01   1.4811024e-01   1.2899252e-01   9.9041999e-02   6.8076337e-02   4.5486516e-02   3.4531118e-02
  -8.3250000e+01   2.9952858e-01   2.7371473e-01   2.3889777e-01   1.7654370e-01   1.5447837e-01   1.4507159e-01   1.2665816e-01   9.7737379e-02   6.7476321e-02   4.5244089e-02   3.4440679e-02
  -8.2800000e+01   2.9998615e-01   2.9307783e-01   2.4139588e-01   1.7454254e-01   1.5164884e-01   1.4201612e-01   1.2434430e-01   9.6444516e-02   6.6880379e-02   4.5003034e-02   3.4350730e-02
  -8.2350000e+01   2.9999524e-01   2.9432070e-01   2.3798332e-01   1.7129516e-01   1.4859037e-01   1.3894760e-01   1.2205127e-01   9.5163384e-02   6.6288500e-02   4.4763348e-02   3.4261272e-02
  -8.1900000e+01   2.9968809e-01   2.6968198e-01   2.2854249e-01   1.6692806e-01   1.4532831e-01   1.3586970e-01   1.1977939e-01   9.3893956e-02   6.5700671e-02   4.4525032e-02   3.4172304e-02
  -8.1450000e+01   2.9235694e-01   2.3979397e-01   2.1400370e-01   1.6158769e-01   1.4188741e-01   1.3278597e-01   1.1752897e-01   9.2636201e-02   6.5116881e-02   4.4288084e-02   3.4083828e-02
  -8.1000000e+01   2.3755362e-01   2.1123630e-01   1.9582015e-01   1.5543649e-01   1.3829170e-01   1.2969991e-01   1.1530033e-01   9.1390091e-02   6.4537120e-02   4.4052503e-02   3.3995842e-02
  -8.0550000e+01   1.8540348e-01   1.8355898e-01   1.7537002e-01   1.4864815e-01   1.3456435e-01   1.2661487e-01   1.1309374e-01   9.0155594e-02   6.3961374e-02   4.3818288e-02   3.3908346e-02
  -8.0100000e+01   1.5528603e-01   1.5621428e-01   1.5371750e-01   1.4140228e-01   1.3072757e-01   1.2353414e-01   1.1090947e-01   8.8932679e-02   6.3389633e-02   4.3585438e-02   3.3821341e-02
  -7.9650000e+01   1.2611168e-01   1.2891721e-01   1.3167714e-01   1.3387876e-01   1.2680250e-01   1.2046089e-01   1.0874779e-01   8.7721312e-02   6.2821885e-02   4.3353953e-02   3.3734826e-02
  -7.9200000e+01   8.1873295e-02   1.0145156e-01   1.0998639e-01   1.2625187e-01   1.2280912e-01   1.1739816e-01   1.0660894e-01   8.6521460e-02   6.2258119e-02   4.3123831e-02   3.3648802e-02
  -7.8750000e+01   1.7679246e-02   7.3519674e-02   8.9484581e-02   1.1868460e-01   1.1876624e-01   1.1434892e-01   1.0449316e-01   8.5333088e-02   6.1698324e-02   4.2895071e-02   3.3563268e-02
  -7.8300000e+01   1.0973941e-03   4.4641751e-02   7.1237589e-02   1.1132315e-01   1.1469138e-01   1.1131602e-01   1.0240067e-01   8.4156161e-02   6.1142487e-02   4.2667672e-02   3.3478224e-02
  -7.7850000e+01   3.8080491e-05   1.6075144e-02   5.6479947e-02   1.0429223e-01   1.1060082e-01   1.0830220e-01   1.0033168e-01   8.2990640e-02   6.0590598e-02   4.2441633e-02   3.3393671e-02
  -7.7400000e+01   2.4005395e-07   9.1237135e-04   4.6239561e-02   9.7691161e-02   1.0650953e-01   1.0531007e-01   9.8286372e-02   8.1836490e-02   6.0042644e-02   4.2216954e-02   3.3309607e-02
  -7.6950000e+01   8.4909152e-05   7.5663700e-03   4.0812660e-02   9.1591244e-02   1.0243122e-01   1.0234216e-01   9.6264942e-02   8.0693672e-02   5.9498616e-02   4.1993633e-02   3.3226034e-02
  -7.6500000e+01   2.3429123e-03   1.8662643e-02   3.9601069e-02   8.6034456e-02   9.8378336e-02   9.9400863e-02   9.4267556e-02   7.9562146e-02   5.8958500e-02   4.1771670e-02   3.3142951e-02
  -7.6050000e+01   2.0297757e-02   2.8528689e-02   4.1505000e-02   8.1033724e-02   9.4362085e-02   9.6488483e-02   9.2294372e-02   7.8441872e-02   5.8422286e-02   4.1551063e-02   3.3060358e-02
  -7.5600000e+01   3.7242666e-02   3.7787140e-02   4.5439984e-02   7.6574691e-02   9.0392505e-02   9.3607197e-02   9.0345533e-02   7.7332809e-02   5.7889963e-02   4.1331811e-02   3.2978255e-02
  -7.5150000e+01   4.7112913e-02   4.6878615e-02   5.0577060e-02   7.2618911e-02   8.6478502e-02   9.0759075e-02   8.8421171e-02   7.6234916e-02   5.7361519e-02   4.1113914e-02   3.2896642e-02
  -7.4700000e+01   5.6539653e-02   5.5942441e-02   5.6320583e-02   6.9108232e-02   8.2627918e-02   8.7946074e-02   8.6521407e-02   7.5148149e-02   5.6836942e-02   4.0897371e-02   3.2815519e-02
  -7.4250000e+01   6.9163281e-02   6.5043063e-02   6.2190379e-02   6.5970044e-02   7.8847597e-02   8.5170043e-02   8.4646348e-02   7.4072464e-02   5.6316223e-02   4.0682180e-02   3.2734885e-02
  -7.3800000e+01   9.0435198e-02   7.4280789e-02   6.7702179e-02   6.3123015e-02   7.5143457e-02   8.2432720e-02   8.2796088e-02   7.3007819e-02   5.5799348e-02   4.0468341e-02   3.2654742e-02
  -7.3350000e+01   9.9255094e-02   8.3926483e-02   7.2282170e-02   6.0482918e-02   7.1520569e-02   7.9735734e-02   8.0970711e-02   7.1954166e-02   5.5286308e-02   4.0255853e-02   3.2575088e-02
  -7.2900000e+01   9.9970913e-02   9.3972320e-02   7.5272098e-02   5.7968134e-02   6.7983227e-02   7.7080604e-02   7.9170289e-02   7.0911461e-02   5.4777090e-02   4.0044715e-02   3.2495924e-02
  -7.2450000e+01   9.9999876e-02   9.8955384e-02   7.6096889e-02   5.5504512e-02   6.4535031e-02   7.4468747e-02   7.7394879e-02   6.9879657e-02   5.4271684e-02   3.9834926e-02   3.2417249e-02
  -7.2000000e+01   9.9928526e-02   9.2029992e-02   7.4533187e-02   5.3029282e-02   6.1178954e-02   7.1901469e-02   7.5644531e-02   6.8858706e-02   5.3770078e-02   3.9626485e-02   3.2339064e-02
  -7.1550000e+01   9.7632507e-02   8.1885276e-02   7.0823380e-02   5.0493858e-02   5.7917419e-02   6.9379976e-02   7.3919280e-02   6.7848560e-02   5.3272261e-02   3.9419391e-02   3.2261369e-02
  -7.1100000e+01   7.9518037e-02   7.2386003e-02   6.5498875e-02   4.7865427e-02   5.4752364e-02   6.6905369e-02   7.2219152e-02   6.6849170e-02   5.2778223e-02   3.9213644e-02   3.2184163e-02
  -7.0650000e+01   6.4025006e-02   6.3242380e-02   5.9109458e-02   4.5127349e-02   5.1685301e-02   6.4478651e-02   7.0544159e-02   6.5860487e-02   5.2287952e-02   3.9009241e-02   3.2107447e-02
  -7.0200000e+01   5.4421023e-02   5.4197539e-02   5.2082591e-02   4.2278450e-02   4.8717379e-02   6.2100722e-02   6.8894304e-02   6.4882459e-02   5.1801436e-02   3.8806184e-02   3.2031220e-02
  -6.9750000e+01   4.5349174e-02   4.5174793e-02   4.4724117e-02   3.9331384e-02   4.5849431e-02   5.9772389e-02   6.7269580e-02   6.3915037e-02   5.1318666e-02   3.8604470e-02   3.1955483e-02
  -6.9300000e+01   3.6296189e-02   3.6147988e-02   3.7275501e-02   3.6310280e-02   4.3082014e-02   5.7494362e-02   6.5669967e-02   6.2958168e-02   5.0839629e-02   3.8404099e-02   3.1880235e-02
  -6.8850000e+01   2.7233059e-02   2.7078209e-02   2.9975054e-02   3.3247915e-02   4.0415456e-02   5.5267258e-02   6.4095435e-02   6.2011800e-02   5.0364316e-02   3.8205070e-02   3.1805476e-02
  -6.8400000e+01   1.8160839e-02   1.7822679e-02   2.3104537e-02   3.0182663e-02   3.7849876e-02   5.3091603e-02   6.2545946e-02   6.1075880e-02   4.9892714e-02   3.8007381e-02   3.1731206e-02
  -6.7950000e+01   9.0460213e-03   8.1915914e-03   1.6995132e-02   2.7155448e-02   3.5385213e-02   5.0967834e-02   6.1021448e-02   6.0150354e-02   4.9424814e-02   3.7811033e-02   3.1657426e-02
  -6.7500000e+01   2.4165464e-08   4.8714488e-04   1.1953555e-02   2.4206919e-02   3.3021244e-02   4.8896304e-02   5.9521883e-02   5.9235169e-02   4.8960604e-02   3.7616025e-02   3.1584135e-02
  -6.7050000e+01  -3.6823931e-05  -8.5749868e-04   8.1258108e-03   2.1375001e-02   3.0757591e-02   4.6877278e-02   5.8047181e-02   5.8330268e-02   4.8500073e-02   3.7422355e-02   3.1511333e-02
  -6.6600000e+01  -3.0075431e-07  -2.6766414e-04   5.4223231e-03   1.8692940e-02   2.8593731e-02   4.4910944e-02   5.6597262e-02   5.7435598e-02   4.8043210e-02   3.7230022e-02   3.1439020e-02
  -6.6150000e+01  -1.8265295e-09  -4.6047190e-05   3.5931475e-03   1.6187909e-02   2.6528993e-02   4.2997406e-02   5.5172039e-02   5.6551101e-02   4.7590005e-02   3.7039027e-02   3.1367196e-02
  -6.5700000e+01  -9.4338124e-12  -3.3792181e-06   2.3687906e-03   1.3880187e-02   2.4562562e-02   4.1136693e-02   5.3771414e-02   5.5676722e-02   4.7140448e-02   3.6849367e-02   3.1295861e-02
  -6.5250000e+01  -2.2424155e-14   1.3744115e-06   1.5433739e-03   1.1782875e-02   2.2693465e-02   3.9328762e-02   5.2395280e-02   5.4812403e-02   4.6694526e-02   3.6661042e-02   3.1225015e-02
  -6.4800000e+01   1.2479336e-15   8.9546140e-07   9.8330058e-04   9.9020836e-03   2.0920570e-02   3.7573492e-02   5.1043523e-02   5.3958087e-02   4.6252231e-02   3.6474052e-02   3.1154658e-02
  -6.4350000e+01   7.4130852e-17   3.5235612e-07   6.0546351e-04   8.2375038e-03   1.9242575e-02   3.5870699e-02   4.9716020e-02   5.3113716e-02   4.5813550e-02   3.6288395e-02   3.1084789e-02
  -6.3900000e+01   2.7327172e-18   1.1347659e-07   3.5610733e-04   6.7832478e-03   1.7658003e-02   3.4220128e-02   4.8412639e-02   5.2279231e-02   4.5378474e-02   3.6104071e-02   3.1015410e-02
  -6.3450000e+01   2.0191174e-20   3.0385013e-08   1.9791692e-04   5.5288653e-03   1.6165190e-02   3.2621460e-02   4.7133240e-02   5.1454573e-02   4.4946991e-02   3.5921079e-02   3.0946519e-02
  -6.3000000e+01   3.8992055e-23   5.6214386e-09   1.0324808e-04   4.4604332e-03   1.4762282e-02   3.1074315e-02   4.5877676e-02   5.0639682e-02   4.4519092e-02   3.5739418e-02   3.0878117e-02
  -6.2550000e+01   1.2213380e-26   1.8909229e-10   5.0729625e-05   3.5616377e-03   1.3447231e-02   2.9578253e-02   4.4645793e-02   4.9834499e-02   4.4094766e-02   3.5559087e-02   3.0810204e-02
  -6.2100000e+01  -3.3600845e-28  -9.1913745e-11   2.3920491e-05   2.8147839e-03   1.2217797e-02   2.8132776e-02   4.3437429e-02   4.9038964e-02   4.3674002e-02   3.5380086e-02   3.0742780e-02
  -6.1650000e+01  -2.2472566e-30  -1.2633672e-11   1.1152310e-05   2.2016869e-03   1.1071548e-02   2.6737334e-02   4.2252413e-02   4.8253015e-02   4.3256791e-02   3.5202414e-02   3.0675844e-02
  -6.1200000e+01  -7.5093193e-33  -9.7010116e-13   5.2669303e-06   1.7044134e-03   1.0005869e-02   2.5391322e-02   4.1090572e-02   4.7476591e-02   4.2843121e-02   3.5026069e-02   3.0609397e-02
  -6.0750000e+01  -6.1234298e-36  -4.8452404e-14   2.5291428e-06   1.3058636e-03   9.0179693e-03   2.4094089e-02   3.9951722e-02   4.6709631e-02   4.2432982e-02   3.4851052e-02   3.0543438e-02
  -6.0300000e+01  -1.5701477e-39   1.0176853e-16   1.2168819e-06   9.9019212e-04   8.1048982e-03   2.2844934e-02   3.8835675e-02   4.5952073e-02   4.2026365e-02   3.4677361e-02   3.0477968e-02
  -5.9850000e+01   1.6692550e-42   4.5396266e-16   5.7445569e-07   7.4308025e-04   7.2635614e-03   2.1643115e-02   3.7742235e-02   4.5203855e-02   4.1623258e-02   3.4504995e-02   3.0412986e-02
  -5.9400000e+01   6.9013735e-45   8.2170104e-17   2.6094548e-07   5.5187790e-04   6.4907402e-03   2.0487846e-02   3.6671204e-02   4.4464915e-02   4.1223653e-02   3.4333955e-02   3.0348493e-02
  -5.8950000e+01   1.4283777e-47   1.0776182e-17   1.1219508e-07   4.0563776e-04   5.7831132e-03   1.9378303e-02   3.5622373e-02   4.3735188e-02   4.0827538e-02   3.4164239e-02   3.0284488e-02
  -5.8500000e+01   6.0087724e-51   1.1385203e-18   4.5029362e-08   2.9506629e-04   5.1372805e-03   1.8313626e-02   3.4595532e-02   4.3014613e-02   4.0434904e-02   3.3995846e-02   3.0220971e-02
  -5.8050000e+01   7.8023553e-55   8.4181814e-20   1.6716628e-08   2.1241499e-04   4.5497886e-03   1.7292920e-02   3.3590464e-02   4.2303125e-02   4.0045740e-02   3.3828775e-02   3.0157943e-02
  -5.7600000e+01   2.9571942e-59   1.6083444e-21   5.7548837e-09   1.5133323e-04   4.0171558e-03   1.6315259e-02   3.2606948e-02   4.1600662e-02   3.9660037e-02   3.3663027e-02   3.0095403e-02
  -5.7150000e+01  -2.3132414e-62  -1.9525583e-22   1.8803294e-09   1.0670057e-04   3.5358981e-03   1.5379690e-02   3.1644757e-02   4.0907159e-02   3.9277785e-02   3.3498600e-02   3.0033352e-02
  -5.6700000e+01  -1.1185808e-65  -1.1828902e-23   6.0896729e-10   7.4453084e-05   3.1025546e-03   1.4485232e-02   3.0703662e-02   4.0222551e-02   3.8898973e-02   3.3335493e-02   2.9971788e-02
  -5.6250000e+01  -2.9953834e-69  -3.7610496e-25   2.0373612e-10   5.1414112e-05   2.7137111e-03   1.3630882e-02   2.9783426e-02   3.9546775e-02   3.8523593e-02   3.3173706e-02   2.9910713e-02
  -5.5800000e+01  -2.2514156e-73  -8.2421186e-27   7.1091116e-11   3.5137095e-05   2.3660232e-03   1.2815616e-02   2.8883812e-02   3.8879767e-02   3.8151634e-02   3.3013237e-02   2.9850126e-02
  -5.5350000e+01  -4.5383657e-78  -6.7313840e-29   2.5267250e-11   2.3764742e-05   2.0562367e-03   1.2038392e-02   2.8004577e-02   3.8221460e-02   3.7783086e-02   3.2854088e-02   2.9790027e-02
  -5.4900000e+01   1.4240117e-82   5.9583167e-30   8.8445684e-12   1.5906833e-05   1.7812064e-03   1.1298153e-02   2.7145474e-02   3.7571790e-02   3.7417941e-02   3.2696255e-02   2.9730416e-02
  -5.4450000e+01   4.4847053e-86   4.9736684e-31   2.9656414e-12   1.0537004e-05   1.5379120e-03   1.0593827e-02   2.6306256e-02   3.6930693e-02   3.7056187e-02   3.2539740e-02   2.9671293e-02
  -5.4000000e+01   5.7177650e-90   2.6288336e-32   9.3326958e-13   6.9076899e-06   1.3234715e-03   9.9243347e-03   2.5486669e-02   3.6298103e-02   3.6697816e-02   3.2384541e-02   2.9612658e-02
  -5.3550000e+01   1.5503428e-94   1.0930146e-33   2.7124596e-13   4.4815725e-06   1.1351519e-03   9.2885871e-03   2.4686458e-02   3.5673955e-02   3.6342819e-02   3.2230657e-02   2.9554511e-02
  -5.3100000e+01   1.3729572e-99   3.2369380e-35   7.1982017e-14   2.8774641e-06   9.7037747e-04   8.6854907e-03   2.3905366e-02   3.5058182e-02   3.5991185e-02   3.2078088e-02   2.9496852e-02
  -5.2650000e+01  4.7708487e-105   3.1797115e-37   1.7441911e-14   1.8284020e-06   8.2673531e-04   8.1139493e-03   2.3143133e-02   3.4450721e-02   3.5642906e-02   3.1926834e-02   2.9439681e-02
  -5.2200000e+01 -1.3743046e-109  -1.0139570e-38   3.9523453e-15   1.1497844e-06   7.0197811e-04   7.5728664e-03   2.2399495e-02   3.3851505e-02   3.5297972e-02   3.1776893e-02   2.9382998e-02
  -5.1750000e+01 -4.8330378e-114  -2.7378131e-40   8.8452400e-16   7.1555809e-07   5.9402502e-04   7.0611475e-03   2.1674189e-02   3.3260468e-02   3.4956373e-02   3.1628264e-02   2.9326802e-02
  -5.1300000e+01 -9.3506587e-119  -3.5478086e-42   2.0813777e-16   4.4071500e-07   5.0096029e-04   6.5777029e-03   2.0966948e-02   3.2677545e-02   3.4618101e-02   3.1480948e-02   2.9271094e-02
  -5.0850000e+01 -5.5674027e-124  -3.2105928e-44   5.2607383e-17   2.6863065e-07   4.2103000e-04   6.1214491e-03   2.0277506e-02   3.2102670e-02   3.4283147e-02   3.1334943e-02   2.9215875e-02
  -5.0400000e+01 -8.1145851e-130  -1.5171146e-46   1.3817471e-17   1.6204588e-07   3.5263724e-04   5.6913120e-03   1.9605591e-02   3.1535778e-02   3.3951501e-02   3.1190249e-02   2.9161142e-02
  -4.9950000e+01  7.4062198e-136   1.9975655e-48   3.5900644e-18   9.6739659e-08   2.9433599e-04   5.2862282e-03   1.8950934e-02   3.0976803e-02   3.3623154e-02   3.1046866e-02   2.9106898e-02
  -4.9500000e+01  2.0802049e-140   8.0227802e-50   8.8921730e-19   5.7155026e-08   2.4482380e-04   4.9051472e-03   1.8313264e-02   3.0425679e-02   3.3298097e-02   3.0904792e-02   2.9053141e-02
  -4.9050000e+01  1.7069270e-145   1.7080923e-51   2.0502649e-19   3.3418485e-08   2.0293380e-04   4.5470335e-03   1.7692307e-02   2.9882341e-02   3.2976322e-02   3.0764026e-02   2.8999872e-02
  -4.8600000e+01  3.1352813e-151   2.7977453e-53   4.3246631e-20   1.9337527e-08   1.6762601e-04   4.2108683e-03   1.7087791e-02   2.9346723e-02   3.2657819e-02   3.0624570e-02   2.8947091e-02
  -4.8150000e+01  1.9056941e-157   3.3238278e-55   8.2344915e-21   1.1073803e-08   1.3797827e-04   3.8956510e-03   1.6499443e-02   2.8818759e-02   3.2342580e-02   3.0486420e-02   2.8894797e-02
  -4.7700000e+01  5.4246194e-164   1.5710416e-57   1.4104570e-21   6.2758803e-09   1.1317713e-04   3.6004010e-03   1.5926988e-02   2.8298384e-02   3.2030596e-02   3.0349578e-02   2.8842990e-02
  -4.7250000e+01 -6.2738879e-170  -1.3537553e-59   2.2200953e-22   3.5199399e-09   9.2508567e-05   3.3241588e-03   1.5370152e-02   2.7785534e-02   3.1721859e-02   3.0214042e-02   2.8791671e-02
  -4.6800000e+01 -1.6427561e-175  -1.6648688e-61   3.4162369e-23   1.9537974e-09   7.5348990e-05   3.0659877e-03   1.4828661e-02   2.7280142e-02   3.1416359e-02   3.0079813e-02   2.8740840e-02
  -4.6350000e+01 -2.2272816e-181  -8.7382148e-64   5.6058374e-24   1.0732682e-09   6.1156448e-05   2.8249747e-03   1.4302242e-02   2.6782144e-02   3.1114088e-02   2.9946888e-02   2.8690496e-02
  -4.5900000e+01 -9.7734808e-188  -3.1943722e-66   1.0222703e-24   5.8347455e-10   4.9462238e-05   2.6002318e-03   1.3790620e-02   2.6291475e-02   3.0815038e-02   2.9815268e-02   2.8640639e-02
  -4.5450000e+01 -9.8501231e-195  -7.0136428e-69   1.9861212e-25   3.1392098e-10   3.9862958e-05   2.3908966e-03   1.3293521e-02   2.5808070e-02   3.0519200e-02   2.9684952e-02   2.8591270e-02
  -4.5000000e+01  1.7245554e-202   1.6333298e-71   3.8372582e-26   1.6714865e-10   3.2013068e-05   2.1961333e-03   1.2810675e-02   2.5331865e-02   3.0226566e-02   2.9555940e-02   2.8542389e-02
  -4.4550000e+01  6.9419446e-208   3.4941168e-73   7.0295041e-27   8.8078220e-11   2.5617987e-05   2.0151333e-03   1.2341808e-02   2.4862795e-02   2.9937128e-02   2.9428230e-02   2.8493994e-02
  -4.4100000e+01  3.7762496e-214   3.0075744e-75   1.1889082e-27   4.5932095e-11   2.0427759e-05   1.8471156e-03   1.1886649e-02   2.4400796e-02   2.9650877e-02   2.9301823e-02   2.8446087e-02
  -4.3650000e+01  4.8816762e-221   1.9445419e-77   1.8235456e-28   2.3705290e-11   1.6231278e-05   1.6913276e-03   1.1444929e-02   2.3945804e-02   2.9367805e-02   2.9176718e-02   2.8398667e-02
  -4.3200000e+01  2.0516256e-228   9.2776374e-80   2.4993381e-29   1.2107524e-11   1.2851072e-05   1.5470448e-03   1.1016378e-02   2.3497756e-02   2.9087905e-02   2.9052913e-02   2.8351734e-02
  -4.2750000e+01  4.5013895e-236   2.0227124e-82   3.0387510e-30   6.1199351e-12   1.0138628e-05   1.4135715e-03   1.0600729e-02   2.3056588e-02   2.8811168e-02   2.8930410e-02   2.8305289e-02
  -4.2300000e+01 -2.1371183e-243  -4.7058727e-85   3.3302382e-31   3.0614035e-12   7.9702286e-06   1.2902403e-03   1.0197715e-02   2.2622237e-02   2.8537586e-02   2.8809206e-02   2.8259331e-02
  -4.1850000e+01 -4.3286011e-250  -2.7321331e-87   3.5078301e-32   1.5155761e-12   6.2432815e-06   1.1764128e-03   9.8070721e-03   2.2194640e-02   2.8267151e-02   2.8689302e-02   2.8213860e-02
  -4.1400000e+01 -4.0584367e-257  -5.7877459e-90   3.9736117e-33   7.4253907e-13   4.8730899e-06   1.0714786e-03   9.4285364e-03   2.1773735e-02   2.7999856e-02   2.8570697e-02   2.8168876e-02
  -4.0950000e+01 -1.2540592e-264  -8.4462270e-93   5.2018442e-34   3.6003592e-13   3.7900438e-06   9.7485560e-04   9.0618466e-03   2.1359459e-02   2.7735693e-02   2.8453391e-02   2.8124379e-02
  -4.0500000e+01 -8.4538427e-273  -8.0023940e-96   7.4887787e-35   1.7276559e-13   2.9371854e-06   8.8598936e-04   8.7067430e-03   2.0951749e-02   2.7474654e-02   2.8337382e-02   2.8080370e-02
  -4.0050000e+01 -4.8015645e-282   2.7627502e-99   1.0788846e-35   8.2045139e-14   2.2681140e-06   8.0435289e-04   8.3629679e-03   2.0550546e-02   2.7216732e-02   2.8222671e-02   2.8036847e-02
  -3.9600000e+01  1.6712794e-288  4.1381023e-101   1.4643578e-36   3.8559510e-14   1.7451950e-06   7.2944601e-04   8.0302656e-03   2.0155787e-02   2.6961918e-02   2.8109257e-02   2.7993811e-02
  -3.9150000e+01  6.1885444e-296  1.4491167e-103   1.8191308e-37   1.7934614e-14   1.3380361e-06   6.6079478e-04   7.7083824e-03   1.9767411e-02   2.6710206e-02   2.7997139e-02   2.7951263e-02
  -3.8700000e+01  5.8895916e-304  3.7066440e-106   2.0323961e-38   8.2553125e-15   1.0221996e-06   5.9795094e-04   7.3970672e-03   1.9385357e-02   2.6461589e-02   2.7886317e-02   2.7909201e-02
  -3.8250000e+01  1.7340297e-312  7.1073138e-109   2.0106925e-39   3.7605880e-15   7.7812065e-07   5.4049116e-04   7.0960707e-03   1.9009567e-02   2.6216058e-02   2.7776791e-02   2.7867627e-02
  -3.7800000e+01  3.1224949e-321  6.9524953e-112   1.7419601e-40   1.6953495e-15   5.9020226e-07   4.8801632e-04   6.8051465e-03   1.8639979e-02   2.5973607e-02   2.7668559e-02   2.7826539e-02
  -3.7350000e+01   0.0000000e+00 -4.2151473e-115   1.3331278e-41   7.5638887e-16   4.4606368e-07   4.4015077e-04   6.5240503e-03   1.8276534e-02   2.5734228e-02   2.7561622e-02   2.7785938e-02
  -3.6900000e+01   0.0000000e+00 -1.2282180e-117   9.5769007e-43   3.3397578e-16   3.3591883e-07   3.9654148e-04   6.2525406e-03   1.7919173e-02   2.5497915e-02   2.7455979e-02   2.7745825e-02
  -3.6450000e+01   0.0000000e+00 -1.0472503e-120   7.3998567e-44   1.4593864e-16   2.5206511e-07   3.5685724e-04   5.9903784e-03   1.7567839e-02   2.5264661e-02   2.7351629e-02   2.7706198e-02
  -3.6000000e+01   0.0000000e+00 -6.0503617e-124   6.9083371e-45   6.3112033e-17   1.8846533e-07   3.2078783e-04   5.7373274e-03   1.7222472e-02   2.5034457e-02   2.7248572e-02   2.7667057e-02
  -3.5550000e+01   0.0000000e+00 -2.3851353e-127   7.3904274e-46   2.7011027e-17   1.4040740e-07   2.8804310e-04   5.4931544e-03   1.6883015e-02   2.4807299e-02   2.7146808e-02   2.7628404e-02
  -3.5100000e+01   0.0000000e+00  3.4196717e-134   7.9713102e-47   1.1440814e-17   1.0422881e-07   2.5835213e-04   5.2576286e-03   1.6549410e-02   2.4583178e-02   2.7046336e-02   2.7590238e-02
  -3.4650000e+01   0.0000000e+00  1.3376137e-133   8.0353740e-48   4.7957782e-18   7.7094663e-08   2.3146239e-04   5.0305225e-03   1.6221602e-02   2.4362088e-02   2.6947155e-02   2.7552558e-02
  -3.4200000e+01   0.0000000e+00  1.9221278e-136   7.3427083e-49   1.9895144e-18   5.6819712e-08   2.0713878e-04   4.8116114e-03   1.5899534e-02   2.4144023e-02   2.6849266e-02   2.7515365e-02
  -3.3750000e+01   0.0000000e+00  1.9494501e-139   5.9848632e-50   8.1680949e-19   4.1726446e-08   1.8516284e-04   4.6006736e-03   1.5583149e-02   2.3928976e-02   2.6752667e-02   2.7478659e-02
  -3.3300000e+01   0.0000000e+00  1.5030176e-142   4.2840102e-51   3.3187982e-19   3.0532395e-08   1.6533186e-04   4.3974906e-03   1.5272394e-02   2.3716940e-02   2.6657359e-02   2.7442439e-02
  -3.2850000e+01   0.0000000e+00  6.4765285e-146   2.6539564e-52   1.3345315e-19   2.2261117e-08   1.4745805e-04   4.2018471e-03   1.4967212e-02   2.3507909e-02   2.6563340e-02   2.7406706e-02
  -3.2400000e+01   0.0000000e+00 -9.2827334e-150   1.4231777e-53   5.3108864e-20   1.6172198e-08   1.3136767e-04   4.0135308e-03   1.4667551e-02   2.3301877e-02   2.6470611e-02   2.7371460e-02
  -3.1950000e+01   0.0000000e+00 -1.5278442e-152   6.9539734e-55   2.0916926e-20   1.1706490e-08   1.1690026e-04   3.8323330e-03   1.4373356e-02   2.3098838e-02   2.6379171e-02   2.7336700e-02
  -3.1500000e+01   0.0000000e+00 -5.2279184e-156   3.6134275e-56   8.1531155e-21   8.4434379e-09   1.0390787e-04   3.6580478e-03   1.4084574e-02   2.2898784e-02   2.6289019e-02   2.7302427e-02
  -3.1050000e+01   0.0000000e+00 -1.1872483e-159   2.3841430e-57   3.1451796e-21   6.0680119e-09   9.2254228e-05   3.4904732e-03   1.3801152e-02   2.2701711e-02   2.6200156e-02   2.7268641e-02
  -3.0600000e+01   0.0000000e+00 -1.9048505e-163   1.9037649e-58   1.2007797e-21   4.3451774e-09   8.1814069e-05   3.3294101e-03   1.3523039e-02   2.2507612e-02   2.6112580e-02   2.7235341e-02
  -3.0150000e+01   0.0000000e+00 -6.6885183e-168   1.5461586e-59   4.5370705e-22   3.1002884e-09   7.2472389e-05   3.1746631e-03   1.3250183e-02   2.2316482e-02   2.6026292e-02   2.7202528e-02
  -2.9700000e+01   0.0000000e+00  1.1817434e-170   1.1611503e-60   1.6965975e-22   2.2040922e-09   6.4123769e-05   3.0260401e-03   1.2982534e-02   2.2128314e-02   2.5941290e-02   2.7170202e-02
  -2.9250000e+01   0.0000000e+00  7.0463500e-174   7.8181099e-62   6.2786871e-23   1.5613133e-09   5.6671722e-05   2.8833525e-03   1.2720041e-02   2.1943102e-02   2.5857576e-02   2.7138362e-02
  -2.8800000e+01   0.0000000e+00  2.8398630e-177   4.6558494e-63   2.2995371e-23   1.1020026e-09   5.0028069e-05   2.7464153e-03   1.2462654e-02   2.1760841e-02   2.5775147e-02   2.7107008e-02
  -2.8350000e+01   0.0000000e+00  8.8075271e-181   2.4165253e-64   8.3346634e-24   7.7500969e-10   4.4112341e-05   2.6150468e-03   1.2210324e-02   2.1581526e-02   2.5694005e-02   2.7076141e-02
  -2.7900000e+01   0.0000000e+00  1.6516097e-184   1.0742539e-65   2.9895531e-24   5.4307939e-10   3.8851212e-05   2.4890691e-03   1.1963003e-02   2.1405150e-02   2.5614147e-02   2.7045760e-02
  -2.7450000e+01   0.0000000e+00 -4.1979529e-189   4.0551322e-67   1.0611814e-24   3.7918484e-10   3.4177969e-05   2.3683077e-03   1.1720644e-02   2.1231709e-02   2.5535575e-02   2.7015866e-02
  -2.7000000e+01   0.0000000e+00 -5.3021659e-192   1.3488041e-68   3.7276290e-25   2.6379705e-10   3.0032001e-05   2.2525917e-03   1.1483199e-02   2.1061197e-02   2.5458288e-02   2.6986458e-02
  -2.6550000e+01   0.0000000e+00 -7.2514777e-196   4.6548342e-70   1.2957763e-25   1.8286060e-10   2.6358322e-05   2.1417538e-03   1.1250621e-02   2.0893608e-02   2.5382285e-02   2.6957537e-02
  -2.6100000e+01   0.0000000e+00 -6.4274607e-200   2.1501598e-71   4.4573443e-26   1.2629948e-10   2.3107123e-05   2.0356303e-03   1.1022864e-02   2.0728938e-02   2.5307566e-02   2.6929102e-02
  -2.5650000e+01   0.0000000e+00 -4.1328466e-204   1.2905186e-72   1.5172804e-26   8.6918907e-11   2.0233349e-05   1.9340610e-03   1.0799885e-02   2.0567181e-02   2.5234131e-02   2.6901154e-02
  -2.5200000e+01   0.0000000e+00 -9.6547520e-209   7.9466148e-74   5.1108652e-27   5.9601664e-11   1.7696308e-05   1.8368895e-03   1.0581636e-02   2.0408333e-02   2.5161979e-02   2.6873691e-02
  -2.4750000e+01   0.0000000e+00  2.8518287e-212   4.4602734e-75   1.7035652e-27   4.0722473e-11   1.5459298e-05   1.7439629e-03   1.0368076e-02   2.0252388e-02   2.5091111e-02   2.6846716e-02
  -2.4300000e+01   0.0000000e+00  7.1583341e-216   2.2165753e-76   5.6189866e-28   2.7723100e-11   1.3489265e-05   1.6551317e-03   1.0159161e-02   2.0099342e-02   2.5021525e-02   2.6820226e-02
  -2.3850000e+01   0.0000000e+00  1.1485816e-219   9.6615139e-78   1.8339792e-28   1.8805362e-11   1.1756483e-05   1.5702505e-03   9.9548478e-03   1.9949189e-02   2.4953221e-02   2.6794223e-02
  -2.3400000e+01   0.0000000e+00  1.4314875e-223   3.6453489e-79   5.9234374e-29   1.2710253e-11   1.0234261e-05   1.4891768e-03   9.7550949e-03   1.9801925e-02   2.4886200e-02   2.6768706e-02
  -2.2950000e+01   0.0000000e+00  1.1524686e-227   1.1667581e-80   1.8932397e-29   8.5597245e-12   8.8986628e-06   1.4117724e-03   9.5598613e-03   1.9657545e-02   2.4820460e-02   2.6743676e-02
  -2.2500000e+01   0.0000000e+00  1.3597829e-233   3.1060697e-82   5.9882813e-30   5.7437947e-12   7.7282553e-06   1.3379020e-03   9.3691063e-03   1.9516046e-02   2.4756002e-02   2.6719131e-02
  -2.2050000e+01   0.0000000e+00 -4.9365306e-236   6.9509162e-84   1.8744671e-30   3.8403613e-12   6.7038755e-06   1.2674343e-03   9.1827904e-03   1.9377421e-02   2.4692825e-02   2.6695073e-02
  -2.1600000e+01   0.0000000e+00 -2.7095023e-240   1.5098435e-85   5.8069376e-31   2.5584671e-12   5.8084132e-06   1.2002413e-03   9.0008744e-03   1.9241668e-02   2.4630929e-02   2.6671502e-02
  -2.1150000e+01   0.0000000e+00 -9.3974838e-245   4.6080577e-87   1.7804256e-31   1.6983324e-12   5.0266133e-06   1.1361986e-03   8.8233201e-03   1.9108782e-02   2.4570314e-02   2.6648416e-02
  -2.0700000e+01   0.0000000e+00 -2.4137687e-249   2.0979400e-88   5.4028012e-32   1.1233141e-12   4.3448943e-06   1.0751852e-03   8.6500897e-03   1.8978758e-02   2.4510979e-02   2.6625817e-02
  -2.0250000e+01   0.0000000e+00 -2.9008813e-254   1.0039127e-89   1.6227087e-32   7.4031379e-13   3.7511814e-06   1.0170837e-03   8.4811466e-03   1.8851592e-02   2.4452924e-02   2.6603704e-02
  -1.9800000e+01   0.0000000e+00  1.8239901e-258   4.2816414e-91   4.8238400e-33   4.8614645e-13   3.2347551e-06   9.6177991e-04   8.3164544e-03   1.8727281e-02   2.4396149e-02   2.6582077e-02
  -1.9350000e+01   0.0000000e+00  1.9690880e-262   1.5869398e-92   1.4193090e-33   3.1809401e-13   2.7861123e-06   9.0916318e-04   8.1559778e-03   1.8605820e-02   2.4340653e-02   2.6560936e-02
  -1.8900000e+01   0.0000000e+00  1.2467021e-266   5.1029287e-94   4.1332437e-34   2.0738691e-13   2.3968404e-06   8.5912619e-04   7.9996822e-03   1.8487206e-02   2.4286437e-02   2.6540282e-02
  -1.8450000e+01   0.0000000e+00  6.0610089e-271   1.4117011e-95   1.1913284e-34   1.3472402e-13   2.0595023e-06   8.1156494e-04   7.8475335e-03   1.8371434e-02   2.4233500e-02   2.6520113e-02
  -1.8000000e+01   0.0000000e+00  1.9548663e-275   3.2972995e-97   3.3985506e-35   8.7206092e-14   1.7675332e-06   7.6637872e-04   7.6994988e-03   1.8258502e-02   2.4181841e-02   2.6500431e-02
  -1.7550000e+01   0.0000000e+00  8.4479479e-281   6.3523329e-99   9.5956083e-36   5.6245396e-14   1.5151457e-06   7.2347008e-04   7.5555454e-03   1.8148405e-02   2.4131462e-02   2.6481235e-02
  -1.7100000e+01   0.0000000e+00 -1.1108147e-284  1.0051857e-100   2.6814043e-36   3.6146448e-14   1.2972457e-06   6.8274478e-04   7.4156418e-03   1.8041140e-02   2.4082360e-02   2.6462525e-02
  -1.6650000e+01   0.0000000e+00 -2.6290167e-289  1.4640050e-102   7.4157887e-37   2.3146369e-14   1.1093550e-06   6.4411176e-04   7.2797570e-03   1.7936704e-02   2.4034537e-02   2.6444301e-02
  -1.6200000e+01   0.0000000e+00 -3.6746524e-294  2.9649556e-104   2.0297916e-37   1.4768579e-14   9.4754263e-07   6.0748308e-04   7.1478610e-03   1.7835093e-02   2.3987992e-02   2.6426563e-02
  -1.5750000e+01   0.0000000e+00 -3.7888393e-299  9.8757876e-106   5.4984211e-38   9.3892975e-15   8.0836296e-07   5.7277390e-04   7.0199242e-03   1.7736304e-02   2.3942724e-02   2.6409311e-02
  -1.5300000e+01   0.0000000e+00 -2.1007114e-304  3.5607952e-107   1.4740427e-38   5.9479310e-15   6.8879975e-07   5.3990243e-04   6.8959183e-03   1.7640334e-02   2.3898734e-02   2.6392546e-02
  -1.4850000e+01   0.0000000e+00  3.1004897e-309  1.1301195e-108   3.9107562e-39   3.7543694e-15   5.8621646e-07   5.0878986e-04   6.7758152e-03   1.7547180e-02   2.3856021e-02   2.6376266e-02
  -1.4400000e+01   0.0000000e+00  1.4775480e-313  3.0809710e-110   1.0267953e-39   2.3612725e-15   4.9831164e-07   4.7936036e-04   6.6595880e-03   1.7456838e-02   2.3814585e-02   2.6360473e-02
  -1.3950000e+01   0.0000000e+00  3.6825529e-318  7.2373764e-112   2.6679308e-40   1.4797657e-15   4.2307915e-07   4.5154100e-04   6.5472104e-03   1.7369306e-02   2.3774426e-02   2.6345165e-02
  -1.3500000e+01   0.0000000e+00  4.4465908e-323  1.4567015e-113   6.8600910e-41   9.2401124e-16   3.5877270e-07   4.2526170e-04   6.4386570e-03   1.7284581e-02   2.3735544e-02   2.6330344e-02
  -1.3050000e+01   0.0000000e+00   0.0000000e+00  2.4657507e-115   1.7456171e-41   5.7490837e-16   3.0387432e-07   4.0045521e-04   6.3339029e-03   1.7202661e-02   2.3697939e-02   2.6316008e-02
  -1.2600000e+01   0.0000000e+00   0.0000000e+00  3.4130413e-117   4.3957515e-42   3.5641562e-16   2.5706633e-07   3.7705705e-04   6.2329243e-03   1.7123542e-02   2.3661609e-02   2.6302159e-02
  -1.2150000e+01   0.0000000e+00   0.0000000e+00  3.7810842e-119   1.0954308e-42   2.2016647e-16   2.1720650e-07   3.5500544e-04   6.1356981e-03   1.7047223e-02   2.3626556e-02   2.6288796e-02
  -1.1700000e+01   0.0000000e+00   0.0000000e+00  3.6046234e-121   2.7015175e-43   1.3551319e-16   1.8330606e-07   3.3424130e-04   6.0422019e-03   1.6973700e-02   2.3592779e-02   2.6275918e-02
  -1.1250000e+01   0.0000000e+00   0.0000000e+00  4.6737018e-123   6.5933294e-44   8.3108895e-17   1.5451032e-07   3.1470817e-04   5.9524142e-03   1.6902971e-02   2.3560278e-02   2.6263527e-02
  -1.0800000e+01   0.0000000e+00   0.0000000e+00  1.1629751e-124   1.5924950e-44   5.0786541e-17   1.3008144e-07   2.9635215e-04   5.8663144e-03   1.6835034e-02   2.3529053e-02   2.6251622e-02
  -1.0350000e+01   0.0000000e+00   0.0000000e+00  3.2443058e-126   3.8065245e-45   3.0923211e-17   1.0938339e-07   2.7912192e-04   5.7838823e-03   1.6769887e-02   2.3499103e-02   2.6240202e-02
  -9.9000000e+00   0.0000000e+00   0.0000000e+00  7.7601795e-128   9.0044267e-46   1.8760958e-17   9.1868679e-08   2.6296860e-04   5.7050989e-03   1.6707528e-02   2.3470429e-02   2.6229269e-02
  -9.4500000e+00   0.0000000e+00   0.0000000e+00  1.5655746e-129   2.1079452e-46   1.1341215e-17   7.7066643e-08   2.4784579e-04   5.6299459e-03   1.6647955e-02   2.3443030e-02   2.6218822e-02
  -9.0000000e+00   0.0000000e+00   0.0000000e+00  2.6957593e-131   4.8835676e-47   6.8312161e-18   6.4573278e-08   2.3370948e-04   5.5584057e-03   1.6591165e-02   2.3416906e-02   2.6208860e-02
  -8.5500000e+00   0.0000000e+00   0.0000000e+00  3.9574234e-133   1.1196680e-47   4.0998698e-18   5.4042276e-08   2.2051801e-04   5.4904616e-03   1.6537157e-02   2.3392058e-02   2.6199385e-02
  -8.1000000e+00   0.0000000e+00   0.0000000e+00  4.8670676e-135   2.5404814e-48   2.4517461e-18   4.5177219e-08   2.0823206e-04   5.4260977e-03   1.6485929e-02   2.3368484e-02   2.6190395e-02
  -7.6500000e+00   0.0000000e+00   0.0000000e+00  4.8587993e-137   5.7045225e-49   1.4608785e-18   3.7724768e-08   1.9681457e-04   5.3652988e-03   1.6437480e-02   2.3346185e-02   2.6181892e-02
  -7.2000000e+00   0.0000000e+00   0.0000000e+00  3.7920137e-139   1.2676569e-49   8.6733277e-19   3.1468733e-08   1.8623072e-04   5.3080507e-03   1.6391808e-02   2.3325161e-02   2.6173874e-02
  -6.7500000e+00   0.0000000e+00   0.0000000e+00  2.3607871e-141   2.7878290e-50   5.1308618e-19   2.6224918e-08   1.7644790e-04   5.2543399e-03   1.6348911e-02   2.3305412e-02   2.6166342e-02
  -6.3000000e+00   0.0000000e+00   0.0000000e+00  1.8654396e-143   6.0675709e-51   3.0243198e-19   2.1836655e-08   1.6743567e-04   5.2041536e-03   1.6308788e-02   2.3286937e-02   2.6159297e-02
  -5.8500000e+00   0.0000000e+00   0.0000000e+00  3.4904376e-145   1.3069201e-51   1.7762248e-19   1.8170936e-08   1.5916570e-04   5.1574801e-03   1.6271438e-02   2.3269737e-02   2.6152737e-02
  -5.4000000e+00   0.0000000e+00   0.0000000e+00  7.6963158e-147   2.7859185e-52   1.0394439e-19   1.5115068e-08   1.5161178e-04   5.1143083e-03   1.6236860e-02   2.3253811e-02   2.6146663e-02
  -4.9500000e+00   0.0000000e+00   0.0000000e+00  1.3987301e-148   5.8772111e-53   6.0609052e-20   1.2573796e-08   1.4474976e-04   5.0746280e-03   1.6205052e-02   2.3239159e-02   2.6141075e-02
  -4.5000000e+00   0.0000000e+00   0.0000000e+00  2.0947411e-150   1.2270304e-53   3.5213446e-20   1.0466831e-08   1.3855753e-04   5.0384296e-03   1.6176013e-02   2.3225782e-02   2.6135973e-02
  -4.0500000e+00   0.0000000e+00   0.0000000e+00  2.6480984e-152   2.5352341e-54   2.0385354e-20   8.7267306e-09   1.3301499e-04   5.0057047e-03   1.6149743e-02   2.3213679e-02   2.6131357e-02
  -3.6000000e+00   0.0000000e+00   0.0000000e+00  2.8388154e-154   5.1839159e-55   1.1759252e-20   7.2970932e-09   1.2810405e-04   4.9764454e-03   1.6126240e-02   2.3202850e-02   2.6127227e-02
  -3.1500000e+00   0.0000000e+00   0.0000000e+00  2.5406676e-156   1.0489979e-55   6.7598069e-21   6.1310259e-09   1.2380857e-04   4.9506448e-03   1.6105505e-02   2.3193295e-02   2.6123582e-02
  -2.7000000e+00   0.0000000e+00   0.0000000e+00  1.8345747e-158   2.1007251e-56   3.8735956e-21   5.1898521e-09   1.2011434e-04   4.9282967e-03   1.6087535e-02   2.3185015e-02   2.6120424e-02
  -2.2500000e+00   0.0000000e+00   0.0000000e+00  1.0146163e-160   4.1633605e-57   2.2148330e-21   4.4420332e-09   1.1700912e-04   4.9093958e-03   1.6072331e-02   2.3178008e-02   2.6117752e-02
  -1.8000000e+00   0.0000000e+00   0.0000000e+00  4.1272711e-163   8.1658659e-58   1.2675079e-21   3.8622780e-09   1.1448255e-04   4.8939376e-03   1.6059892e-02   2.3172275e-02   2.6115565e-02
  -1.3500000e+00   0.0000000e+00   0.0000000e+00  1.8403490e-165   1.5851228e-58   7.3301650e-22   3.4308220e-09   1.1252618e-04   4.8819183e-03   1.6050217e-02   2.3167816e-02   2.6113864e-02
  -9.0000000e-01   0.0000000e+00   0.0000000e+00  2.6205195e-167   3.0486374e-59   4.4076828e-22   3.1328582e-09   1.1113345e-04   4.8733352e-03   1.6043307e-02   2.3164632e-02   2.6112650e-02
  -4.5000000e-01   0.0000000e+00   0.0000000e+00  4.7360421e-169   5.9915887e-60   2.9644599e-22   2.9581087e-09   1.1029969e-04   4.8681862e-03   1.6039161e-02   2.3162721e-02   2.6111921e-02
   0.0000000e+00   0.0000000e+00   0.0000000e+00  1.3225737e-170   2.1782938e-60   2.5306825e-22   2.9005245e-09   1.1002208e-04   4.8664700e-03   1.6037779e-02   2.3162084e-02   2.6111678e-02
   4.5000000e-01   0.0000000e+00   0.0000000e+00  4.7360421e-169   5.9915887e-60   2.9644599e-22   2.9581087e-09   1.1029969e-04   4.8681862e-03   1.6039161e-02   2.3162721e-02   2.6111921e-02
   9.0000000e-01   0.0000000e+00   0.0000000e+00  2.6205195e-167   3.0486374e-59   4.4076828e-22   3.1328582e-09   1.1113345e-04   4.8733352e-03   1.6043307e-02   2.3164632e-02   2.6112650e-02
   1.3500000e+00   0.0000000e+00   0.0000000e+00  1.8403490e-165   1.5851228e-58   7.3301650e-22   3.4308220e-09   1.1252618e-04   4.8819183e-03   1.6050217e-02   2.3167816e-02   2.6113864e-02
   1.8000000e+00   0.0000000e+00   0.0000000e+00  4.1272711e-163   8.1658659e-58   1.2675079e-21   3.8622780e-09   1.1448255e-04   4.8939376e-03   1.6059892e-02   2.3172275e-02   2.6115565e-02
   2.2500000e+00   0.0000000e+00   0.0000000e+00  1.0146163e-160   4.1633605e-57   2.2148330e-21   4.4420332e-09   1.1700912e-04   4.9093958e-03   1.6072331e-02   2.3178008e-02   2.6117752e-02
   2.7000000e+00   0.0000000e+00   0.0000000e+00  1.8345747e-158   2.1007251e-56   3.8735956e-21   5.1898521e-09   1.2011434e-04   4.9282967e-03   1.6087535e-02   2.3185015e-02   2.6120424e-02
   3.1500000e+00   0.0000000e+00   0.0000000e+00  2.5406676e-156   1.0489979e-55   6.7598069e-21   6.1310259e-09   1.2380857e-04   4.9506448e-03   1.6105505e-02   2.3193295e-02   2.6123582e-02
   3.6000000e+00   0.0000000e+00   0.0000000e+00  2.8388154e-154   5.1839159e-55   1.1759252e-20   7.2970932e-09   1.2810405e-04   4.9764454e-03   1.6126240e-02   2.3202850e-02   2.6127227e-02
   4.0500000e+00   0.0000000e+00   0.0000000e+00  2.6480984e-152   2.5352341e-54   2.0385354e-20   8.7267306e-09   1.3301499e-04   5.0057047e-03   1.6149743e-02   2.3213679e-02   2.6131357e-02
   4.5000000e+00   0.0000000e+00   0.0000000e+00  2.0947411e-150   1.2270304e-53   3.5213446e-20   1.0466831e-08   1.3855753e-04   5.0384296e-03   1.6176013e-02   2.3225782e-02   2.6135973e-02
   4.9500000e+00   0.0000000e+00   0.0000000e+00  1.3987301e-148   5.8772111e-53   6.0609052e-20   1.2573796e-08   1.4474976e-04   5.0746280e-03   1.6205052e-02   2.3239159e-02   2.6141075e-02
   5.4000000e+00   0.0000000e+00   0.0000000e+00  7.6963158e-147   2.7859185e-52   1.0394439e-19   1.5115068e-08   1.5161178e-04   5.1143083e-03   1.6236860e-02   2.3253811e-02   2.6146663e-02
   5.8500000e+00   0.0000000e+00   0.0000000e+00  3.4904376e-145   1.3069201e-51   1.7762248e-19   1.8170936e-08   1.5916570e-04   5.1574801e-03   1.6271438e-02   2.3269737e-02   2.6152737e-02
   6.3000000e+00   0.0000000e+00   0.0000000e+00  1.8654396e-143   6.0675709e-51   3.0243198e-19   2.1836655e-08   1.6743567e-04   5.2041536e-03   1.6308788e-02   2.3286937e-02   2.6159297e-02
   6.7500000e+00   0.0000000e+00   0.0000000e+00  2.3607871e-141   2.7878290e-50   5.1308618e-19   2.6224918e-08   1.7644790e-04   5.2543399e-03   1.6348911e-02   2.3305412e-02   2.6166342e-02
   7.2000000e+00   0.0000000e+00   0.0000000e+00  3.7920137e-139   1.2676569e-49   8.6733277e-19   3.1468733e-08   1.8623072e-04   5.3080507e-03   1.6391808e-02   2.3325161e-02   2.6173874e-02
   7.6500000e+00   0.0000000e+00   0.0000000e+00  4.8587993e-137   5.7045225e-49   1.4608785e-18   3.7724768e-08   1.9681457e-04   5.3652988e-03   1.6437480e-02   2.3346185e-02   2.6181892e-02
   8.1000000e+00   0.0000000e+00   0.0000000e+00  4.8670676e-135   2.5404814e-48   2.4517461e-18   4.5177219e-08   2.0823206e-04   5.4260977e-03   1.6485929e-02   2.3368484e-02   2.6190395e-02
   8.5500000e+00   0.0000000e+00   0.0000000e+00  3.9574234e-133   1.1196680e-47   4.0998698e-18   5.4042276e-08   2.2051801e-04   5.4904616e-03   1.6537157e-02   2.3392058e-02   2.6199385e-02
   9.0000000e+00   0.0000000e+00   0.0000000e+00  2.6957593e-131   4.8835676e-47   6.8312161e-18   6.4573278e-08   2.3370948e-04   5.5584057e-03   1.6591165e-02   2.3416906e-02   2.6208860e-02
   9.4500000e+00   0.0000000e+00   0.0000000e+00  1.5655746e-129   2.1079452e-46   1.1341215e-17   7.7066643e-08   2.4784579e-04   5.6299459e-03   1.6647955e-02   2.3443030e-02   2.6218822e-02
   9.9000000e+00   0.0000000e+00   0.0000000e+00  7.7601795e-128   9.0044267e-46   1.8760958e-17   9.1868679e-08   2.6296860e-04   5.7050989e-03   1.6707528e-02   2.3470429e-02   2.6229269e-02
   1.0350000e+01   0.0000000e+00   0.0000000e+00  3.2443058e-126   3.8065245e-45   3.0923211e-17   1.0938339e-07   2.7912192e-04   5.7838823e-03   1.6769887e-02   2.3499103e-02   2.6240202e-02
   1.0800000e+01   0.0000000e+00   0.0000000e+00  1.1629751e-124   1.5924950e-44   5.0786541e-17   1.3008144e-07   2.9635215e-04   5.8663144e-03   1.6835034e-02   2.3529053e-02   2.6251622e-02
   1.1250000e+01   0.0000000e+00   0.0000000e+00  4.6737018e-123   6.5933294e-44   8.3108895e-17   1.5451032e-07   3.1470817e-04   5.9524142e-03   1.6902971e-02   2.3560278e-02   2.6263527e-02
   1.1700000e+01   0.0000000e+00   0.0000000e+00  3.6046234e-121   2.7015175e-43   1.3551319e-16   1.8330606e-07   3.3424130e-04   6.0422019e-03   1.6973700e-02   2.3592779e-02   2.6275918e-02
   1.2150000e+01   0.0000000e+00   0.0000000e+00  3.7810842e-119   1.0954308e-42   2.2016647e-16   2.1720650e-07   3.5500544e-04   6.1356981e-03   1.7047223e-02   2.3626556e-02   2.6288796e-02
   1.2600000e+01   0.0000000e+00   0.0000000e+00  3.4130413e-117   4.3957515e-42   3.5641562e-16   2.5706633e-07   3.7705705e-04   6.2329243e-03   1.7123542e-02   2.3661609e-02   2.6302159e-02
   1.3050000e+01   0.0000000e+00   0.0000000e+00  2.4657507e-115   1.7456171e-41   5.7490837e-16   3.0387432e-07   4.0045521e-04   6.3339029e-03   1.7202661e-02   2.3697939e-02   2.6316008e-02
   1.3500000e+01   0.0000000e+00  4.4465908e-323  1.4567015e-113   6.8600910e-41   9.2401124e-16   3.5877270e-07   4.2526170e-04   6.4386570e-03   1.7284581e-02   2.3735544e-02   2.6330344e-02
   1.3950000e+01   0.0000000e+00  3.6825529e-318  7.2373764e-112   2.6679308e-40   1.4797657e-15   4.2307915e-07   4.5154100e-04   6.5472104e-03   1.7369306e-02   2.3774426e-02   2.6345165e-02
   1.4400000e+01   0.0000000e+00  1.4775480e-313  3.0809710e-110   1.0267953e-39   2.3612725e-15   4.9831164e-07   4.7936036e-04   6.6595880e-03   1.7456838e-02   2.3814585e-02   2.6360473e-02
   1.4850000e+01   0.0000000e+00  3.1004897e-309  1.1301195e-108   3.9107562e-39   3.7543694e-15   5.8621646e-07   5.0878986e-04   6.7758152e-03   1.7547180e-02   2.3856021e-02   2.6376266e-02
   1.5300000e+01   0.0000000e+00 -2.1007114e-304  3.5607952e-107   1.4740427e-38   5.9479310e-15   6.8879975e-07   5.3990243e-04   6.8959183e-03   1.7640334e-02   2.3898734e-02   2.6392546e-02
   1.5750000e+01   0.0000000e+00 -3.7888393e-299  9.8757876e-106   5.4984211e-38   9.3892975e-15   8.0836296e-07   5.7277390e-04   7.0199242e-03   1.7736304e-02   2.3942724e-02   2.6409311e-02
   1.6200000e+01   0.0000000e+00 -3.6746524e-294  2.9649556e-104   2.0297916e-37   1.4768579e-14   9.4754263e-07   6.0748308e-04   7.1478610e-03   1.7835093e-02   2.3987992e-02   2.6426563e-02
   1.6650000e+01   0.0000000e+00 -2.6290167e-289  1.4640050e-102   7.4157887e-37   2.3146369e-14   1.1093550e-06   6.4411176e-04   7.2797570e-03   1.7936704e-02   2.4034537e-02   2.6444301e-02
   1.7100000e+01   0.0000000e+00 -1.1108147e-284  1.0051857e-100   2.6814043e-36   3.6146448e-14   1.2972457e-06   6.8274478e-04   7.4156418e-03   1.8041140e-02   2.4082360e-02   2.6462525e-02
   1.7550000e+01   0.0000000e+00  8.4479479e-281   6.3523329e-99   9.5956083e-36   5.6245396e-14   1.5151457e-06   7.2347008e-04   7.5555454e-03   1.8148405e-02   2.4131462e-02   2.6481235e-02
   1.8000000e+01   0.0000000e+00  1.9548663e-275   3.2972995e-97   3.3985506e-35   8.7206092e-14   1.7675332e-06   7.6637872e-04   7.6994988e-03   1.8258502e-02   2.4181841e-02   2.6500431e-02
   1.8450000e+01   0.0000000e+00  6.0610089e-271   1.4117011e-95   1.1913284e-34   1.3472402e-13   2.0595023e-06   8.1156494e-04   7.8475335e-03   1.8371434e-02   2.4233500e-02   2.6520113e-02
   1.8900000e+01   0.0000000e+00  1.2467021e-266   5.1029287e-94   4.1332437e-34   2.0738691e-13   2.3968404e-06   8.5912619e-04   7.9996822e-03   1.8487206e-02   2.4286437e-02   2.6540282e-02
   1.9350000e+01   0.0000000e+00  1.9690880e-262   1.5869398e-92   1.4193090e-33   3.1809401e-13   2.7861123e-06   9.0916318e-04   8.1559778e-03   1.8605820e-02   2.4340653e-02   2.6560936e-02
   1.9800000e+01   0.0000000e+00  1.8239901e-258   4.2816414e-91   4.8238400e-33   4.8614645e-13   3.2347551e-06   9.6177991e-04   8.3164544e-03   1.8727281e-02   2.4396149e-02   2.6582077e-02
   2.0250000e+01   0.0000000e+00 -2.9008813e-254   1.0039127e-89   1.6227087e-32   7.4031379e-13   3.7511814e-06   1.0170837e-03   8.4811466e-03   1.8851592e-02   2.4452924e-02   2.6603704e-02
   2.0700000e+01   0.0000000e+00 -2.4137687e-249   2.0979400e-88   5.4028012e-32   1.1233141e-12   4.3448943e-06   1.0751852e-03   8.6500897e-03   1.8978758e-02   2.4510979e-02   2.6625817e-02
   2.1150000e+01   0.0000000e+00 -9.3974838e-245   4.6080577e-87   1.7804256e-31   1.6983324e-12   5.0266133e-06   1.1361986e-03   8.8233201e-03   1.9108782e-02   2.4570314e-02   2.6648416e-02
   2.1600000e+01   0.0000000e+00 -2.7095023e-240   1.5098435e-85   5.8069376e-31   2.5584671e-12   5.8084132e-06   1.2002413e-03   9.0008744e-03   1.9241668e-02   2.4630929e-02   2.6671502e-02
   2.2050000e+01   0.0000000e+00 -4.9365306e-236   6.9509162e-84   1.8744671e-30   3.8403613e-12   6.7038755e-06   1.2674343e-03   9.1827904e-03   1.9377421e-02   2.4692825e-02   2.6695073e-02
   2.2500000e+01   0.0000000e+00  1.3597829e-233   3.1060697e-82   5.9882813e-30   5.7437947e-12   7.7282553e-06   1.3379020e-03   9.3691063e-03   1.9516046e-02   2.4756002e-02   2.6719131e-02
   2.2950000e+01   0.0000000e+00  1.1524686e-227   1.1667581e-80   1.8932397e-29   8.5597245e-12   8.8986628e-06   1.4117724e-03   9.5598613e-03   1.9657545e-02   2.4820460e-02   2.6743676e-02
   2.3400000e+01   0.0000000e+00  1.4314875e-223   3.6453489e-79   5.9234374e-29   1.2710253e-11   1.0234261e-05   1.4891768e-03   9.7550949e-03   1.9801925e-02   2.4886200e-02   2.6768706e-02
   2.3850000e+01   0.0000000e+00  1.1485816e-219   9.6615139e-78   1.8339792e-28   1.8805362e-11   1.1756483e-05   1.5702505e-03   9.9548478e-03   1.9949189e-02   2.4953221e-02   2.6794223e-02
   2.4300000e+01   0.0000000e+00  7.1583341e-216   2.2165753e-76   5.6189866e-28   2.7723100e-11   1.3489265e-05   1.6551317e-03   1.0159161e-02   2.0099342e-02   2.5021525e-02   2.6820226e-02
   2.4750000e+01   0.0000000e+00  2.8518287e-212   4.4602734e-75   1.7035652e-27   4.0722473e-11   1.5459298e-05   1.7439629e-03   1.0368076e-02   2.0252388e-02   2.5091111e-02   2.6846716e-02
   2.5200000e+01   0.0000000e+00 -9.6547520e-209   7.9466148e-74   5.1108652e-27   5.9601664e-11   1.7696308e-05   1.8368895e-03   1.0581636e-02   2.0408333e-02   2.5161979e-02   2.6873691e-02
   2.5650000e+01   0.0000000e+00 -4.1328466e-204   1.2905186e-72   1.5172804e-26   8.6918907e-11   2.0233349e-05   1.9340610e-03   1.0799885e-02   2.0567181e-02   2.5234131e-02   2.6901154e-02
   2.6100000e+01   0.0000000e+00 -6.4274607e-200   2.1501598e-71   4.4573443e-26   1.2629948e-10   2.3107123e-05   2.0356303e-03   1.1022864e-02   2.0728938e-02   2.5307566e-02   2.6929102e-02
   2.6550000e+01   0.0000000e+00 -7.2514777e-196   4.6548342e-70   1.2957763e-25   1.8286060e-10   2.6358322e-05   2.1417538e-03   1.1250621e-02   2.0893608e-02   2.5382285e-02   2.6957537e-02
   2.7000000e+01   0.0000000e+00 -5.3021659e-192   1.3488041e-68   3.7276290e-25   2.6379705e-10   3.0032001e-05   2.2525917e-03   1.1483199e-02   2.1061197e-02   2.5458288e-02   2.6986458e-02
   2.7450000e+01   0.0000000e+00 -4.1979529e-189   4.0551322e-67   1.0611814e-24   3.7918484e-10   3.4177969e-05   2.3683077e-03   1.1720644e-02   2.1231709e-02   2.5535575e-02   2.7015866e-02
   2.7900000e+01   0.0000000e+00  1.6516097e-184   1.0742539e-65   2.9895531e-24   5.4307939e-10   3.8851212e-05   2.4890691e-03   1.1963003e-02   2.1405150e-02   2.5614147e-02   2.7045760e-02
   2.8350000e+01   0.0000000e+00  8.8075271e-181   2.4165253e-64   8.3346634e-24   7.7500969e-10   4.4112341e-05   2.6150468e-03   1.2210324e-02   2.1581526e-02   2.5694005e-02   2.7076141e-02
   2.8800000e+01   0.0000000e+00  2.8398630e-177   4.6558494e-63   2.2995371e-23   1.1020026e-09   5.0028069e-05   2.7464153e-03   1.2462654e-02   2.1760841e-02   2.5775147e-02   2.7107008e-02
   2.9250000e+01   0.0000000e+00  7.0463500e-174   7.8181099e-62   6.2786871e-23   1.5613133e-09   5.6671722e-05   2.8833525e-03   1.2720041e-02   2.1943102e-02   2.5857576e-02   2.7138362e-02
   2.9700000e+01   0.0000000e+00  1.1817434e-170   1.1611503e-60   1.6965975e-22   2.2040922e-09   6.4123769e-05   3.0260401e-03   1.2982534e-02   2.2128314e-02   2.5941290e-02   2.7170202e-02
   3.0150000e+01   0.0000000e+00 -6.6885183e-168   1.5461586e-59   4.5370705e-22   3.1002884e-09   7.2472389e-05   3.1746631e-03   1.3250183e-02   2.2316482e-02   2.6026292e-02   2.7202528e-02
   3.0600000e+01   0.0000000e+00 -1.9048505e-163   1.9037649e-58   1.2007797e-21   4.3451774e-09   8.1814069e-05   3.3294101e-03   1.3523039e-02   2.2507612e-02   2.6112580e-02   2.7235341e-02
   3.1050000e+01   0.0000000e+00 -1.1872483e-159   2.3841430e-57   3.1451796e-21   6.0680119e-09   9.2254228e-05   3.4904732e-03   1.3801152e-02   2.2701711e-02   2.6200156e-02   2.7268641e-02
   3.1500000e+01   0.0000000e+00 -5.2279184e-156   3.6134275e-56   8.1531155e-21   8.4434379e-09   1.0390787e-04   3.6580478e-03   1.4084574e-02   2.2898784e-02   2.6289019e-02   2.7302427e-02
   3.1950000e+01   0.0000000e+00 -1.5278442e-152   6.9539734e-55   2.0916926e-20   1.1706490e-08   1.1690026e-04   3.8323330e-03   1.4373356e-02   2.3098838e-02   2.6379171e-02   2.7336700e-02
   3.2400000e+01   0.0000000e+00 -9.2827334e-150   1.4231777e-53   5.3108864e-20   1.6172198e-08   1.3136767e-04   4.0135308e-03   1.4667551e-02   2.3301877e-02   2.6470611e-02   2.7371460e-02
   3.2850000e+01   0.0000000e+00  6.4765285e-146   2.6539564e-52   1.3345315e-19   2.2261117e-08   1.4745805e-04   4.2018471e-03   1.4967212e-02   2.3507909e-02   2.6563340e-02   2.7406706e-02
   3.3300000e+01   0.0000000e+00  1.5030176e-142   4.2840102e-51   3.3187982e-19   3.0532395e-08   1.6533186e-04   4.3974906e-03   1.5272394e-02   2.3716940e-02   2.6657359e-02   2.7442439e-02
   3.3750000e+01   0.0000000e+00  1.9494501e-139   5.9848632e-50   8.1680949e-19   4.1726446e-08   1.8516284e-04   4.6006736e-03   1.5583149e-02   2.3928976e-02   2.6752667e-02   2.7478659e-02
   3.4200000e+01   0.0000000e+00  1.9221278e-136   7.3427083e-49   1.9895144e-18   5.6819712e-08   2.0713878e-04   4.8116114e-03   1.5899534e-02   2.4144023e-02   2.6849266e-02   2.7515365e-02
   3.4650000e+01   0.0000000e+00  1.3376137e-133   8.0353740e-48   4.7957782e-18   7.7094663e-08   2.3146239e-04   5.0305225e-03   1.6221602e-02   2.4362088e-02   2.6947155e-02   2.7552558e-02
   3.5100000e+01   0.0000000e+00  3.4196717e-134   7.9713102e-47   1.1440814e-17   1.0422881e-07   2.5835213e-04   5.2576286e-03   1.6549410e-02   2.4583178e-02   2.7046336e-02   2.7590238e-02
   3.5550000e+01   0.0000000e+00 -2.3851353e-127   7.3904274e-46   2.7011027e-17   1.4040740e-07   2.8804310e-04   5.4931544e-03   1.6883015e-02   2.4807299e-02   2.7146808e-02   2.7628404e-02
   3.6000000e+01   0.0000000e+00 -6.0503617e-124   6.9083371e-45   6.3112033e-17   1.8846533e-07   3.2078783e-04   5.7373274e-03   1.7222472e-02   2.5034457e-02   2.7248572e-02   2.7667057e-02
   3.6450000e+01   0.0000000e+00 -1.0472503e-120   7.3998567e-44   1.4593864e-16   2.5206511e-07   3.5685724e-04   5.9903784e-03   1.7567839e-02   2.5264661e-02   2.7351629e-02   2.7706198e-02
   3.6900000e+01   0.0000000e+00 -1.2282180e-117   9.5769007e-43   3.3397578e-16   3.3591883e-07   3.9654148e-04   6.2525406e-03   1.7919173e-02   2.5497915e-02   2.7455979e-02   2.7745825e-02
   3.7350000e+01   0.0000000e+00 -4.2151473e-115   1.3331278e-41   7.5638887e-16   4.4606368e-07   4.4015077e-04   6.5240503e-03   1.8276534e-02   2.5734228e-02   2.7561622e-02   2.7785938e-02
   3.7800000e+01  3.1224949e-321  6.9524953e-112   1.7419601e-40   1.6953495e-15   5.9020226e-07   4.8801632e-04   6.8051465e-03   1.8639979e-02   2.5973607e-02   2.7668559e-02   2.7826539e-02
   3.8250000e+01  1.7340297e-312  7.1073138e-109   2.0106925e-39   3.7605880e-15   7.7812065e-07   5.4049116e-04   7.0960707e-03   1.9009567e-02   2.6216058e-02   2.7776791e-02   2.7867627e-02
   3.8700000e+01  5.8895916e-304  3.7066440e-106   2.0323961e-38   8.2553125e-15   1.0221996e-06   5.9795094e-04   7.3970672e-03   1.9385357e-02   2.6461589e-02   2.7886317e-02   2.7909201e-02
   3.9150000e+01  6.1885444e-296  1.4491167e-103   1.8191308e-37   1.7934614e-14   1.3380361e-06   6.6079478e-04   7.7083824e-03   1.9767411e-02   2.6710206e-02   2.7997139e-02   2.7951263e-02
   3.9600000e+01  1.6712794e-288  4.1381023e-101   1.4643578e-36   3.8559510e-14   1.7451950e-06   7.2944601e-04   8.0302656e-03   2.0155787e-02   2.6961918e-02   2.8109257e-02   2.7993811e-02
   4.0050000e+01 -4.8015645e-282   2.7627502e-99   1.0788846e-35   8.2045139e-14   2.2681140e-06   8.0435289e-04   8.3629679e-03   2.0550546e-02   2.7216732e-02   2.8222671e-02   2.8036847e-02
   4.0500000e+01 -8.4538427e-273  -8.0023940e-96   7.4887787e-35   1.7276559e-13   2.9371854e-06   8.8598936e-04   8.7067430e-03   2.0951749e-02   2.7474654e-02   2.8337382e-02   2.8080370e-02
   4.0950000e+01 -1.2540592e-264  -8.4462270e-93   5.2018442e-34   3.6003592e-13   3.7900438e-06   9.7485560e-04   9.0618466e-03   2.1359459e-02   2.7735693e-02   2.8453391e-02   2.8124379e-02
   4.1400000e+01 -4.0584367e-257  -5.7877459e-90   3.9736117e-33   7.4253907e-13   4.8730899e-06   1.0714786e-03   9.4285364e-03   2.1773735e-02   2.7999856e-02   2.8570697e-02   2.8168876e-02
   4.1850000e+01 -4.3286011e-250  -2.7321331e-87   3.5078301e-32   1.5155761e-12   6.2432815e-06   1.1764128e-03   9.8070721e-03   2.2194640e-02   2.8267151e-02   2.8689302e-02   2.8213860e-02
   4.2300000e+01 -2.1371183e-243  -4.7058727e-85   3.3302382e-31   3.0614035e-12   7.9702286e-06   1.2902403e-03   1.0197715e-02   2.2622237e-02   2.8537586e-02   2.8809206e-02   2.8259331e-02
   4.2750000e+01  4.5013895e-236   2.0227124e-82   3.0387510e-30   6.1199351e-12   1.0138628e-05   1.4135715e-03   1.0600729e-02   2.3056588e-02   2.8811168e-02   2.8930410e-02   2.8305289e-02
   4.3200000e+01  2.0516256e-228   9.2776374e-80   2.4993381e-29   1.2107524e-11   1.2851072e-05   1.5470448e-03   1.1016378e-02   2.3497756e-02   2.9087905e-02   2.9052913e-02   2.8351734e-02
   4.3650000e+01  4.8816762e-221   1.9445419e-77   1.8235456e-28   2.3705290e-11   1.6231278e-05   1.6913276e-03   1.1444929e-02   2.3945804e-02   2.9367805e-02   2.9176718e-02   2.8398667e-02
   4.4100000e+01  3.7762496e-214   3.0075744e-75   1.1889082e-27   4.5932095e-11   2.0427759e-05   1.8471156e-03   1.1886649e-02   2.4400796e-02   2.9650877e-02   2.9301823e-02   2.8446087e-02
   4.4550000e+01  6.9419446e-208   3.4941168e-73   7.0295041e-27   8.8078220e-11   2.5617987e-05   2.0151333e-03   1.2341808e-02   2.4862795e-02   2.9937128e-02   2.9428230e-02   2.8493994e-02
   4.5000000e+01  1.7245554e-202   1.6333298e-71   3.8372582e-26   1.6714865e-10   3.2013068e-05   2.1961333e-03   1.2810675e-02   2.5331865e-02   3.0226566e-02   2.9555940e-02   2.8542389e-02
   4.5450000e+01 -9.8501231e-195  -7.0136428e-69   1.9861212e-25   3.1392098e-10   3.9862958e-05   2.3908966e-03   1.3293521e-02   2.5808070e-02   3.0519200e-02   2.9684952e-02   2.8591270e-02
   4.5900000e+01 -9.7734808e-188  -3.1943722e-66   1.0222703e-24   5.8347455e-10   4.9462238e-05   2.6002318e-03   1.3790620e-02   2.6291475e-02   3.0815038e-02   2.9815268e-02   2.8640639e-02
   4.6350000e+01 -2.2272816e-181  -8.7382148e-64   5.6058374e-24   1.0732682e-09   6.1156448e-05   2.8249747e-03   1.4302242e-02   2.6782144e-02   3.1114088e-02   2.9946888e-02   2.8690496e-02
   4.6800000e+01 -1.6427561e-175  -1.6648688e-61   3.4162369e-23   1.9537974e-09   7.5348990e-05   3.0659877e-03   1.4828661e-02   2.7280142e-02   3.1416359e-02   3.0079813e-02   2.8740840e-02
   4.7250000e+01 -6.2738879e-170  -1.3537553e-59   2.2200953e-22   3.5199399e-09   9.2508567e-05   3.3241588e-03   1.5370152e-02   2.7785534e-02   3.1721859e-02   3.0214042e-02   2.8791671e-02
   4.7700000e+01  5.4246194e-164   1.5710416e-57   1.4104570e-21   6.2758803e-09   1.1317713e-04   3.6004010e-03   1.5926988e-02   2.8298384e-02   3.2030596e-02   3.0349578e-02   2.8842990e-02
   4.8150000e+01  1.9056941e-157   3.3238278e-55   8.2344915e-21   1.1073803e-08   1.3797827e-04   3.8956510e-03   1.6499443e-02   2.8818759e-02   3.2342580e-02   3.0486420e-02   2.8894797e-02
   4.8600000e+01  3.1352813e-151   2.7977453e-53   4.3246631e-20   1.9337527e-08   1.6762601e-04   4.2108683e-03   1.7087791e-02   2.9346723e-02   3.2657819e-02   3.0624570e-02   2.8947091e-02
   4.9050000e+01  1.7069270e-145   1.7080923e-51   2.0502649e-19   3.3418485e-08   2.0293380e-04   4.5470335e-03   1.7692307e-02   2.9882341e-02   3.2976322e-02   3.0764026e-02   2.8999872e-02
   4.9500000e+01  2.0802049e-140   8.0227802e-50   8.8921730e-19   5.7155026e-08   2.4482380e-04   4.9051472e-03   1.8313264e-02   3.0425679e-02   3.3298097e-02   3.0904792e-02   2.9053141e-02
   4.9950000e+01  7.4062198e-136   1.9975655e-48   3.5900644e-18   9.6739659e-08   2.9433599e-04   5.2862282e-03   1.8950934e-02   3.0976803e-02   3.3623154e-02   3.1046866e-02   2.9106898e-02
   5.0400000e+01 -8.1145851e-130  -1.5171146e-46   1.3817471e-17   1.6204588e-07   3.5263724e-04   5.6913120e-03   1.9605591e-02   3.1535778e-02   3.3951501e-02   3.1190249e-02   2.9161142e-02
   5.0850000e+01 -5.5674027e-124  -3.2105928e-44   5.2607383e-17   2.6863065e-07   4.2103000e-04   6.1214491e-03   2.0277506e-02   3.2102670e-02   3.4283147e-02   3.1334943e-02   2.9215875e-02
   5.1300000e+01 -9.3506587e-119  -3.5478086e-42   2.0813777e-16   4.4071500e-07   5.0096029e-04   6.5777029e-03   2.0966948e-02   3.2677545e-02   3.4618101e-02   3.1480948e-02   2.9271094e-02
   5.1750000e+01 -4.8330378e-114  -2.7378131e-40   8.8452400e-16   7.1555809e-07   5.9402502e-04   7.0611475e-03   2.1674189e-02   3.3260468e-02   3.4956373e-02   3.1628264e-02   2.9326802e-02
   5.2200000e+01 -1.3743046e-109  -1.0139570e-38   3.9523453e-15   1.1497844e-06   7.0197811e-04   7.5728664e-03   2.2399495e-02   3.3851505e-02   3.5297972e-02   3.1776893e-02   2.9382998e-02
   5.2650000e+01  4.7708487e-105   3.1797115e-37   1.7441911e-14   1.8284020e-06   8.2673531e-04   8.1139493e-03   2.3143133e-02   3.4450721e-02   3.5642906e-02   3.1926834e-02   2.9439681e-02
   5.3100000e+01   1.3729572e-99   3.2369380e-35   7.1982017e-14   2.8774641e-06   9.7037747e-04   8.6854907e-03   2.3905366e-02   3.5058182e-02   3.5991185e-02   3.2078088e-02   2.9496852e-02
   5.3550000e+01   1.5503428e-94   1.0930146e-33   2.7124596e-13   4.4815725e-06   1.1351519e-03   9.2885871e-03   2.4686458e-02   3.5673955e-02   3.6342819e-02   3.2230657e-02   2.9554511e-02
   5.4000000e+01   5.7177650e-90   2.6288336e-32   9.3326958e-13   6.9076899e-06   1.3234715e-03   9.9243347e-03   2.5486669e-02   3.6298103e-02   3.6697816e-02   3.2384541e-02   2.9612658e-02
   5.4450000e+01   4.4847053e-86   4.9736684e-31   2.9656414e-12   1.0537004e-05   1.5379120e-03   1.0593827e-02   2.6306256e-02   3.6930693e-02   3.7056187e-02   3.2539740e-02   2.9671293e-02
   5.4900000e+01   1.4240117e-82   5.9583167e-30   8.8445684e-12   1.5906833e-05   1.7812064e-03   1.1298153e-02   2.7145474e-02   3.7571790e-02   3.7417941e-02   3.2696255e-02   2.9730416e-02
   5.5350000e+01  -4.5383657e-78  -6.7313840e-29   2.5267250e-11   2.3764742e-05   2.0562367e-03   1.2038392e-02   2.8004577e-02   3.8221460e-02   3.7783086e-02   3.2854088e-02   2.9790027e-02
   5.5800000e+01  -2.2514156e-73  -8.2421186e-27   7.1091116e-11   3.5137095e-05   2.3660232e-03   1.2815616e-02   2.8883812e-02   3.8879767e-02   3.8151634e-02   3.3013237e-02   2.9850126e-02
   5.6250000e+01  -2.9953834e-69  -3.7610496e-25   2.0373612e-10   5.1414112e-05   2.7137111e-03   1.3630882e-02   2.9783426e-02   3.9546775e-02   3.8523593e-02   3.3173706e-02   2.9910713e-02
   5.6700000e+01  -1.1185808e-65  -1.1828902e-23   6.0896729e-10   7.4453084e-05   3.1025546e-03   1.4485232e-02   3.0703662e-02   4.0222551e-02   3.8898973e-02   3.3335493e-02   2.9971788e-02
   5.7150000e+01  -2.3132414e-62  -1.9525583e-22   1.8803294e-09   1.0670057e-04   3.5358981e-03   1.5379690e-02   3.1644757e-02   4.0907159e-02   3.9277785e-02   3.3498600e-02   3.0033352e-02
   5.7600000e+01   2.9571942e-59   1.6083444e-21   5.7548837e-09   1.5133323e-04   4.0171558e-03   1.6315259e-02   3.2606948e-02   4.1600662e-02   3.9660037e-02   3.3663027e-02   3.0095403e-02
   5.8050000e+01   7.8023553e-55   8.4181814e-20   1.6716628e-08   2.1241499e-04   4.5497886e-03   1.7292920e-02   3.3590464e-02   4.2303125e-02   4.0045740e-02   3.3828775e-02   3.0157943e-02
   5.8500000e+01   6.0087724e-51   1.1385203e-18   4.5029362e-08   2.9506629e-04   5.1372805e-03   1.8313626e-02   3.4595532e-02   4.3014613e-02   4.0434904e-02   3.3995846e-02   3.0220971e-02
   5.8950000e+01   1.4283777e-47   1.0776182e-17   1.1219508e-07   4.0563776e-04   5.7831132e-03   1.9378303e-02   3.5622373e-02   4.3735188e-02   4.0827538e-02   3.4164239e-02   3.0284488e-02
   5.9400000e+01   6.9013735e-45   8.2170104e-17   2.6094548e-07   5.5187790e-04   6.4907402e-03   2.0487846e-02   3.6671204e-02   4.4464915e-02   4.1223653e-02   3.4333955e-02   3.0348493e-02
   5.9850000e+01   1.6692550e-42   4.5396266e-16   5.7445569e-07   7.4308025e-04   7.2635614e-03   2.1643115e-02   3.7742235e-02   4.5203855e-02   4.1623258e-02   3.4504995e-02   3.0412986e-02
   6.0300000e+01  -1.5701477e-39   1.0176853e-16   1.2168819e-06   9.9019212e-04   8.1048982e-03   2.2844934e-02   3.8835675e-02   4.5952073e-02   4.2026365e-02   3.4677361e-02   3.0477968e-02
   6.0750000e+01  -6.1234298e-36  -4.8452404e-14   2.5291428e-06   1.3058636e-03   9.0179693e-03   2.4094089e-02   3.9951722e-02   4.6709631e-02   4.2432982e-02   3.4851052e-02   3.0543438e-02
   6.1200000e+01  -7.5093193e-33  -9.7010116e-13   5.2669303e-06   1.7044134e-03   1.0005869e-02   2.5391322e-02   4.1090572e-02   4.7476591e-02   4.2843121e-02   3.5026069e-02   3.0609397e-02
   6.1650000e+01  -2.2472566e-30  -1.2633672e-11   1.1152310e-05   2.2016869e-03   1.1071548e-02   2.6737334e-02   4.2252413e-02   4.8253015e-02   4.3256791e-02   3.5202414e-02   3.0675844e-02
   6.2100000e+01  -3.3600845e-28  -9.1913745e-11   2.3920491e-05   2.8147839e-03   1.2217797e-02   2.8132776e-02   4.3437429e-02   4.9038964e-02   4.3674002e-02   3.5380086e-02   3.0742780e-02
   6.2550000e+01   1.2213380e-26   1.8909229e-10   5.0729625e-05   3.5616377e-03   1.3447231e-02   2.9578253e-02   4.4645793e-02   4.9834499e-02   4.4094766e-02   3.5559087e-02   3.0810204e-02
   6.3000000e+01   3.8992055e-23   5.6214386e-09   1.0324808e-04   4.4604332e-03   1.4762282e-02   3.1074315e-02   4.5877676e-02   5.0639682e-02   4.4519092e-02   3.5739418e-02   3.0878117e-02
   6.3450000e+01   2.0191174e-20   3.0385013e-08   1.9791692e-04   5.5288653e-03   1.6165190e-02   3.2621460e-02   4.7133240e-02   5.1454573e-02   4.4946991e-02   3.5921079e-02   3.0946519e-02
   6.3900000e+01   2.7327172e-18   1.1347659e-07   3.5610733e-04   6.7832478e-03   1.7658003e-02   3.4220128e-02   4.8412639e-02   5.2279231e-02   4.5378474e-02   3.6104071e-02   3.1015410e-02
   6.4350000e+01   7.4130852e-17   3.5235612e-07   6.0546351e-04   8.2375038e-03   1.9242575e-02   3.5870699e-02   4.9716020e-02   5.3113716e-02   4.5813550e-02   3.6288395e-02   3.1084789e-02
   6.4800000e+01   1.2479336e-15   8.9546140e-07   9.8330058e-04   9.9020836e-03   2.0920570e-02   3.7573492e-02   5.1043523e-02   5.3958087e-02   4.6252231e-02   3.6474052e-02   3.1154658e-02
   6.5250000e+01  -2.2424155e-14   1.3744115e-06   1.5433739e-03   1.1782875e-02   2.2693465e-02   3.9328762e-02   5.2395280e-02   5.4812403e-02   4.6694526e-02   3.6661042e-02   3.1225015e-02
   6.5700000e+01  -9.4338124e-12  -3.3792181e-06   2.3687906e-03   1.3880187e-02   2.4562562e-02   4.1136693e-02   5.3771414e-02   5.5676722e-02   4.7140448e-02   3.6849367e-02   3.1295861e-02
   6.6150000e+01  -1.8265295e-09  -4.6047190e-05   3.5931475e-03   1.6187909e-02   2.6528993e-02   4.2997406e-02   5.5172039e-02   5.6551101e-02   4.7590005e-02   3.7039027e-02   3.1367196e-02
   6.6600000e+01  -3.0075431e-07  -2.6766414e-04   5.4223231e-03   1.8692940e-02   2.8593731e-02   4.4910944e-02   5.6597262e-02   5.7435598e-02   4.8043210e-02   3.7230022e-02   3.1439020e-02
   6.7050000e+01  -3.6823931e-05  -8.5749868e-04   8.1258108e-03   2.1375001e-02   3.0757591e-02   4.6877278e-02   5.8047181e-02   5.8330268e-02   4.8500073e-02   3.7422355e-02   3.1511333e-02
   6.7500000e+01   2.4165464e-08   4.8714488e-04   1.1953555e-02   2.4206919e-02   3.3021244e-02   4.8896304e-02   5.9521883e-02   5.9235169e-02   4.8960604e-02   3.7616025e-02   3.1584135e-02
   6.7950000e+01   9.0460213e-03   8.1915914e-03   1.6995132e-02   2.7155448e-02   3.5385213e-02   5.0967834e-02   6.1021448e-02   6.0150354e-02   4.9424814e-02   3.7811033e-02   3.1657426e-02
   6.8400000e+01   1.8160839e-02   1.7822679e-02   2.3104537e-02   3.0182663e-02   3.7849876e-02   5.3091603e-02   6.2545946e-02   6.1075880e-02   4.9892714e-02   3.8007381e-02   3.1731206e-02
   6.8850000e+01   2.7233059e-02   2.7078209e-02   2.9975054e-02   3.3247915e-02   4.0415456e-02   5.5267258e-02   6.4095435e-02   6.2011800e-02   5.0364316e-02   3.8205070e-02   3.1805476e-02
   6.9300000e+01   3.6296189e-02   3.6147988e-02   3.7275501e-02   3.6310280e-02   4.3082014e-02   5.7494362e-02   6.5669967e-02   6.2958168e-02   5.0839629e-02   3.8404099e-02   3.1880235e-02
   6.9750000e+01   4.5349174e-02   4.5174793e-02   4.4724117e-02   3.9331384e-02   4.5849431e-02   5.9772389e-02   6.7269580e-02   6.3915037e-02   5.1318666e-02   3.8604470e-02   3.1955483e-02
   7.0200000e+01   5.4421023e-02   5.4197539e-02   5.2082591e-02   4.2278450e-02   4.8717379e-02   6.2100722e-02   6.8894304e-02   6.4882459e-02   5.1801436e-02   3.8806184e-02   3.2031220e-02
   7.0650000e+01   6.4025006e-02   6.3242380e-02   5.9109458e-02   4.5127349e-02   5.1685301e-02   6.4478651e-02   7.0544159e-02   6.5860487e-02   5.2287952e-02   3.9009241e-02   3.2107447e-02
   7.1100000e+01   7.9518037e-02   7.2386003e-02   6.5498875e-02   4.7865427e-02   5.4752364e-02   6.6905369e-02   7.2219152e-02   6.6849170e-02   5.2778223e-02   3.9213644e-02   3.2184163e-02
   7.1550000e+01   9.7632507e-02   8.1885276e-02   7.0823380e-02   5.0493858e-02   5.7917419e-02   6.9379976e-02   7.3919280e-02   6.7848560e-02   5.3272261e-02   3.9419391e-02   3.2261369e-02
   7.2000000e+01   9.9928526e-02   9.2029992e-02   7.4533187e-02   5.3029282e-02   6.1178954e-02   7.1901469e-02   7.5644531e-02   6.8858706e-02   5.3770078e-02   3.9626485e-02   3.2339064e-02
   7.2450000e+01   9.9999876e-02   9.8955384e-02   7.6096889e-02   5.5504512e-02   6.4535031e-02   7.4468747e-02   7.7394879e-02   6.9879657e-02   5.4271684e-02   3.9834926e-02   3.2417249e-02
   7.2900000e+01   9.9970913e-02   9.3972320e-02   7.5272098e-02   5.7968134e-02   6.7983227e-02   7.7080604e-02   7.9170289e-02   7.0911461e-02   5.4777090e-02   4.0044715e-02   3.2495924e-02
   7.3350000e+01   9.9255094e-02   8.3926483e-02   7.2282170e-02   6.0482918e-02   7.1520569e-02   7.9735734e-02   8.0970711e-02   7.1954166e-02   5.5286308e-02   4.0255853e-02   3.2575088e-02
   7.3800000e+01   9.0435198e-02   7.4280789e-02   6.7702179e-02   6.3123015e-02   7.5143457e-02   8.2432720e-02   8.2796088e-02   7.3007819e-02   5.5799348e-02   4.0468341e-02   3.2654742e-02
   7.4250000e+01   6.9163281e-02   6.5043063e-02   6.2190379e-02   6.5970044e-02   7.8847597e-02   8.5170043e-02   8.4646348e-02   7.4072464e-02   5.6316223e-02   4.0682180e-02   3.2734885e-02
   7.4700000e+01   5.6539653e-02   5.5942441e-02   5.6320583e-02   6.9108232e-02   8.2627918e-02   8.7946074e-02   8.6521407e-02   7.5148149e-02   5.6836942e-02   4.0897371e-02   3.2815519e-02
   7.5150000e+01   4.7112913e-02   4.6878615e-02   5.0577060e-02   7.2618911e-02   8.6478502e-02   9.0759075e-02   8.8421171e-02   7.6234916e-02   5.7361519e-02   4.1113914e-02   3.2896642e-02
   7.5600000e+01   3.7242666e-02   3.7787140e-02   4.5439984e-02   7.6574691e-02   9.0392505e-02   9.3607197e-02   9.0345533e-02   7.7332809e-02   5.7889963e-02   4.1331811e-02   3.2978255e-02
   7.6050000e+01   2.0297757e-02   2.8528689e-02   4.1505000e-02   8.1033724e-02   9.4362085e-02   9.6488483e-02   9.2294372e-02   7.8441872e-02   5.8422286e-02   4.1551063e-02   3.3060358e-02
   7.6500000e+01   2.3429123e-03   1.8662643e-02   3.9601069e-02   8.6034456e-02   9.8378336e-02   9.9400863e-02   9.4267556e-02   7.9562146e-02   5.8958500e-02   4.1771670e-02   3.3142951e-02
   7.6950000e+01   8.4909152e-05   7.5663700e-03   4.0812660e-02   9.1591244e-02   1.0243122e-01   1.0234216e-01   9.6264942e-02   8.0693672e-02   5.9498616e-02   4.1993633e-02   3.3226034e-02
   7.7400000e+01   2.4005395e-07   9.1237135e-04   4.6239561e-02   9.7691161e-02   1.0650953e-01   1.0531007e-01   9.8286372e-02   8.1836490e-02   6.0042644e-02   4.2216954e-02   3.3309607e-02
   7.7850000e+01   3.8080491e-05   1.6075144e-02   5.6479947e-02   1.0429223e-01   1.1060082e-01   1.0830220e-01   1.0033168e-01   8.2990640e-02   6.0590598e-02   4.2441633e-02   3.3393671e-02
   7.8300000e+01   1.0973941e-03   4.4641751e-02   7.1237589e-02   1.1132315e-01   1.1469138e-01   1.1131602e-01   1.0240067e-01   8.4156161e-02   6.1142487e-02   4.2667672e-02   3.3478224e-02
   7.8750000e+01   1.7679246e-02   7.3519674e-02   8.9484581e-02   1.1868460e-01   1.1876624e-01   1.1434892e-01   1.0449316e-01   8.5333088e-02   6.1698324e-02   4.2895071e-02   3.3563268e-02
   7.9200000e+01   8.1873295e-02   1.0145156e-01   1.0998639e-01   1.2625187e-01   1.2280912e-01   1.1739816e-01   1.0660894e-01   8.6521460e-02   6.2258119e-02   4.3123831e-02   3.3648802e-02
   7.9650000e+01   1.2611168e-01   1.2891721e-01   1.3167714e-01   1.3387876e-01   1.2680250e-01   1.2046089e-01   1.0874779e-01   8.7721312e-02   6.2821885e-02   4.3353953e-02   3.3734826e-02
   8.0100000e+01   1.5528603e-01   1.5621428e-01   1.5371750e-01   1.4140228e-01   1.3072757e-01   1.2353414e-01   1.1090947e-01   8.8932679e-02   6.3389633e-02   4.3585438e-02   3.3821341e-02
   8.0550000e+01   1.8540348e-01   1.8355898e-01   1.7537002e-01   1.4864815e-01   1.3456435e-01   1.2661487e-01   1.1309374e-01   9.0155594e-02   6.3961374e-02   4.3818288e-02   3.3908346e-02
   8.1000000e+01   2.3755362e-01   2.1123630e-01   1.9582015e-01   1.5543649e-01   1.3829170e-01   1.2969991e-01   1.1530033e-01   9.1390091e-02   6.4537120e-02   4.4052503e-02   3.3995842e-02
   8.1450000e+01   2.9235694e-01   2.3979397e-01   2.1400370e-01   1.6158769e-01   1.4188741e-01   1.3278597e-01   1.1752897e-01   9.2636201e-02   6.5116881e-02   4.4288084e-02   3.4083828e-02
   8.1900000e+01   2.9968809e-01   2.6968198e-01   2.2854249e-01   1.6692806e-01   1.4532831e-01   1.3586970e-01   1.1977939e-01   9.3893956e-02   6.5700671e-02   4.4525032e-02   3.4172304e-02
   8.2350000e+01   2.9999524e-01   2.9432070e-01   2.3798332e-01   1.7129516e-01   1.4859037e-01   1.3894760e-01   1.2205127e-01   9.5163384e-02   6.6288500e-02   4.4763348e-02   3.4261272e-02
   8.2800000e+01   2.9998615e-01   2.9307783e-01   2.4139588e-01   1.7454254e-01   1.5164884e-01   1.4201612e-01   1.2434430e-01   9.6444516e-02   6.6880379e-02   4.5003034e-02   3.4350730e-02
   8.3250000e+01   2.9952858e-01   2.7371473e-01   2.3889777e-01   1.7654370e-01   1.5447837e-01   1.4507159e-01   1.2665816e-01   9.7737379e-02   6.7476321e-02   4.5244089e-02   3.4440679e-02
   8.3700000e+01   2.9137546e-01   2.5355425e-01   2.3153995e-01   1.7719527e-01   1.5705318e-01   1.4811024e-01   1.2899252e-01   9.9041999e-02   6.8076337e-02   4.5486516e-02   3.4531118e-02
   8.4150000e+01   2.5034842e-01   2.3459628e-01   2.2068277e-01   1.7641916e-01   1.5934722e-01   1.5112823e-01   1.3134702e-01   1.0035840e-01   6.8680438e-02   4.5730316e-02   3.4622049e-02
   8.4600000e+01   2.1820171e-01   2.1617361e-01   2.0747749e-01   1.7416365e-01   1.6133434e-01   1.5412163e-01   1.3372129e-01   1.0168662e-01   6.9288636e-02   4.5975488e-02   3.4713470e-02
   8.5050000e+01   1.9832305e-01   1.9792785e-01   1.9271734e-01   1.7040346e-01   1.6298847e-01   1.5708642e-01   1.3611496e-01   1.0302666e-01   6.9900943e-02   4.6222035e-02   3.4805382e-02
   8.5500000e+01   1.7812064e-01   1.7967209e-01   1.7690913e-01   1.6513891e-01   1.6428379e-01   1.6001850e-01   1.3852764e-01   1.0437856e-01   7.0517369e-02   4.6469957e-02   3.4897786e-02
   8.5950000e+01   1.4347228e-01   1.6125828e-01   1.6038275e-01   1.5839411e-01   1.6519492e-01   1.6291371e-01   1.4095892e-01   1.0574234e-01   7.1137927e-02   4.6719255e-02   3.4990680e-02
   8.6400000e+01   1.0579727e-01   1.4259273e-01   1.4336862e-01   1.5021452e-01   1.6569709e-01   1.6576780e-01   1.4340840e-01   1.0711802e-01   7.1762629e-02   4.6969931e-02   3.5084066e-02
   8.6850000e+01   1.0026091e-01   1.2391742e-01   1.2604164e-01   1.4066392e-01   1.6576634e-01   1.6857647e-01   1.4587564e-01   1.0850561e-01   7.2391485e-02   4.7221986e-02   3.5177942e-02
   8.7300000e+01   1.0000569e-01   1.0665172e-01   1.0854610e-01   1.2982120e-01   1.6537963e-01   1.7133534e-01   1.4836020e-01   1.0990514e-01   7.3024507e-02   4.7475420e-02   3.5272310e-02
   8.7750000e+01   9.9999545e-02   9.4259505e-02   9.1013171e-02   1.1777688e-01   1.6451506e-01   1.7403998e-01   1.5086163e-01   1.1131662e-01   7.3661707e-02   4.7730235e-02   3.5367169e-02
   8.8200000e+01   9.9999907e-02   8.9887045e-02   7.3576743e-02   1.0462980e-01   1.6315198e-01   1.7668592e-01   1.5337947e-01   1.1274007e-01   7.4303097e-02   4.7986431e-02   3.5462520e-02
   8.8650000e+01   9.9999989e-02   9.1618701e-02   5.6390683e-02   9.0483974e-02   1.6127112e-01   1.7926860e-01   1.5591323e-01   1.1417550e-01   7.4948687e-02   4.8244010e-02   3.5558362e-02
   8.9100000e+01   9.9999999e-02   9.4859886e-02   3.9648491e-02   7.5445790e-02   1.5885476e-01   1.8178347e-01   1.5846242e-01   1.1562293e-01   7.5598490e-02   4.8502973e-02   3.5654695e-02
   8.9550000e+01   1.0000000e-01   9.7283042e-02   2.3605343e-02   5.9621568e-02   1.5588677e-01   1.8422589e-01   1.6102655e-01   1.1708238e-01   7.6252517e-02   4.8763321e-02   3.5751520e-02
   9.0000000e+01   1.0000000e-01   9.8669534e-02   8.6007355e-03   4.3115585e-02   1.5235274e-01   1.8659122e-01   1.6360509e-01   1.1855384e-01   7.6910780e-02   4.9025055e-02   3.5848837e-02
