  -9.0000000e+01   0.0000000e+00 -1.1901707e-164  -1.8156165e-57  -9.1082521e-21  -3.1926607e-08  -4.9541506e-04  -1.0650951e-02  -8.3867084e-03   8.9143663e-03   1.9714876e-02   2.4740686e-02
  -8.9550000e+01   0.0000000e+00 -2.0351543e-161  -1.6145929e-56  -1.8408586e-20  -3.8557576e-08  -5.1073860e-04  -1.0462500e-02  -7.8808280e-03   9.1644661e-03   1.9813770e-02   2.4777265e-02
  -8.9100000e+01   0.0000000e+00 -3.2209169e-158  -1.3934974e-55  -3.6925313e-20  -4.6397705e-08  -5.2563861e-04  -1.0265098e-02  -7.3758495e-03   9.4130474e-03   1.9912148e-02   2.4813659e-02
  -8.8650000e+01   0.0000000e+00 -4.3949635e-155  -1.1609913e-54  -7.3444849e-20  -5.5616465e-08  -5.3999745e-04  -1.0058658e-02  -6.8718416e-03   9.6601119e-03   2.0010008e-02   2.4849868e-02
  -8.8200000e+01   0.0000000e+00 -4.4645757e-152  -9.2537822e-54  -1.4470056e-19  -6.6390438e-08  -5.5368661e-04  -9.8430957e-03  -6.3688732e-03   9.9056612e-03   2.0107352e-02   2.4885894e-02
  -8.7750000e+01   0.0000000e+00 -2.2621611e-149  -6.9489013e-53  -2.8202491e-19  -7.8896857e-08  -5.6656609e-04  -9.6183350e-03  -5.8670125e-03   1.0149697e-02   2.0204180e-02   2.4921735e-02
  -8.7300000e+01   0.0000000e+00  1.5715849e-146  -4.7788827e-52  -5.4288882e-19  -9.3303914e-08  -5.7848382e-04  -9.3843039e-03  -5.3663278e-03   1.0392221e-02   2.0300492e-02   2.4957391e-02
  -8.6850000e+01   0.0000000e+00  5.0988096e-143  -2.8284694e-51  -1.0300115e-18  -1.0975682e-07  -5.8927512e-04  -9.1409364e-03  -4.8668869e-03   1.0633235e-02   2.0396288e-02   2.4992864e-02
  -8.6400000e+01   0.0000000e+00  7.1655827e-140  -1.1797124e-50  -1.9208531e-18  -1.2835831e-07  -5.9876209e-04  -8.8881727e-03  -4.3687573e-03   1.0872740e-02   2.0491569e-02   2.5028152e-02
  -8.5950000e+01   0.0000000e+00  7.4830709e-137   9.7339689e-51  -3.5078080e-18  -1.4914207e-07  -6.0675304e-04  -8.6259590e-03  -3.8720061e-03   1.1110740e-02   2.0586336e-02   2.5063255e-02
  -8.5500000e+01   0.0000000e+00  5.8911273e-134   9.6144314e-49  -6.2389366e-18  -1.7203703e-07  -6.1304194e-04  -8.3542480e-03  -3.3767000e-03   1.1347235e-02   2.0680587e-02   2.5098175e-02
  -8.5050000e+01   0.0000000e+00  1.9809470e-131   1.4256179e-47  -1.0717394e-17  -1.9682022e-07  -6.1740784e-04  -8.0729990e-03  -2.8829054e-03   1.1582227e-02   2.0774324e-02   2.5132910e-02
  -8.4600000e+01   0.0000000e+00 -4.9577361e-128   1.5884948e-46  -1.7533930e-17  -2.2305522e-07  -6.1961437e-04  -7.7821782e-03  -2.3906884e-03   1.1815719e-02   2.0867547e-02   2.5167461e-02
  -8.4150000e+01   0.0000000e+00 -1.5597950e-124   1.6579432e-45  -2.6601359e-17  -2.5001288e-07  -6.1940920e-04  -7.4817587e-03  -1.9001142e-03   1.2047712e-02   2.0960256e-02   2.5201828e-02
  -8.3700000e+01   0.0000000e+00 -2.9143264e-121   1.9329932e-44  -3.5180600e-17  -2.7656985e-07  -6.1652357e-04  -7.1717209e-03  -1.4112480e-03   1.2278209e-02   2.1052452e-02   2.5236011e-02
  -8.3250000e+01   0.0000000e+00 -3.8871592e-118   2.6942095e-43  -3.2710252e-17  -3.0108031e-07  -6.1067183e-04  -6.8520526e-03  -9.2415422e-04   1.2507212e-02   2.1144134e-02   2.5270010e-02
  -8.2800000e+01   0.0000000e+00 -2.5327033e-115   3.9970146e-42   1.1802444e-17  -3.2121482e-07  -6.0155099e-04  -6.5227491e-03  -4.3889689e-04   1.2734722e-02   2.1235304e-02   2.5303824e-02
  -8.2350000e+01  7.8062372e-322  1.2857088e-112   5.5142570e-41   1.7909335e-16  -3.3375956e-07  -5.8884038e-04  -6.1838135e-03   4.4460558e-05   1.2960743e-02   2.1325960e-02   2.5337454e-02
  -8.1900000e+01  5.0812817e-313  2.3460222e-109   6.6651687e-40   6.6541846e-16  -3.3436793e-07  -5.7220129e-04  -5.8352570e-03   5.2585524e-04   1.3185276e-02   2.1416105e-02   2.5370900e-02
  -8.1450000e+01  2.1986130e-304  1.3763370e-106   6.9998285e-39   1.9261191e-15  -3.1725537e-07  -5.5127666e-04  -5.4770985e-03   1.0052249e-03   1.3408323e-02   2.1505737e-02   2.5404162e-02
  -8.1000000e+01  3.1038740e-296  5.6809191e-104   6.4639580e-38   4.9818722e-15  -2.7482661e-07  -5.2569090e-04  -5.1093654e-03   1.4825078e-03   1.3629887e-02   2.1594857e-02   2.5437240e-02
  -8.0550000e+01  9.2672314e-289  1.7895352e-101   5.3359660e-37   1.2059293e-14  -1.9722350e-07  -4.9504964e-04  -4.7320936e-03   1.9576429e-03   1.3849971e-02   2.1683466e-02   2.5470134e-02
  -8.0100000e+01  1.0065623e-281   2.9674960e-99   4.0049058e-36   2.7907967e-14  -7.1779323e-08  -4.5893971e-04  -4.3453273e-03   2.4305698e-03   1.4068576e-02   2.1771564e-02   2.5502843e-02
  -7.9650000e+01 -1.6284155e-273  -1.5426024e-96   2.7982845e-35   6.2466211e-14   1.1763567e-07  -4.1692903e-04  -3.9491194e-03   2.9012289e-03   1.4285705e-02   2.1859151e-02   2.5535369e-02
  -7.9200000e+01 -2.9996778e-265  -2.1850223e-93   1.9097878e-34   1.3617956e-13   3.9139507e-07  -3.6856671e-04  -3.5435319e-03   3.3695610e-03   1.4501361e-02   2.1946227e-02   2.5567710e-02
  -7.8750000e+01 -1.5254274e-257  -1.6397170e-90   1.3899098e-33   2.9046891e-13   7.7504274e-07  -3.1338314e-04  -3.1286352e-03   3.8355080e-03   1.4715546e-02   2.2032792e-02   2.5599868e-02
  -7.8300000e+01 -2.1827699e-250  -8.8384165e-88   1.1662893e-32   6.0806987e-13   1.3003863e-06  -2.5089019e-04  -2.7045091e-03   4.2990123e-03   1.4928262e-02   2.2118848e-02   2.5631841e-02
  -7.7850000e+01 -1.7322229e-243  -2.5619645e-85   1.0899440e-31   1.2520599e-12   2.0067808e-06  -1.8058157e-04  -2.2712423e-03   4.7600170e-03   1.5139512e-02   2.2204393e-02   2.5663631e-02
  -7.7400000e+01  8.3512078e-237   3.2226662e-83   1.0117340e-30   2.5398345e-12   2.9426287e-06  -1.0193316e-04  -1.8289328e-03   5.2184663e-03   1.5349299e-02   2.2289429e-02   2.5695236e-02
  -7.6950000e+01  8.5233268e-229   3.1413458e-80   8.5804820e-30   5.0816485e-12   4.1671222e-06  -1.4403579e-05  -1.3776879e-03   5.6743048e-03   1.5557625e-02   2.2373956e-02   2.5726658e-02
  -7.6500000e+01  2.5158406e-221   7.3752495e-78   6.4600593e-29   1.0036998e-11   5.7522584e-06   8.2565253e-05  -9.1762400e-04   6.1274783e-03   1.5764493e-02   2.2457974e-02   2.5757895e-02
  -7.6050000e+01  2.2892713e-214   1.1906745e-75   4.3275990e-28   1.9583460e-11   7.7851565e-06   1.8954736e-04  -4.4886710e-04   6.5779333e-03   1.5969906e-02   2.2541483e-02   2.5788949e-02
  -7.5600000e+01  4.2072274e-208   1.4905538e-73   2.6145134e-27   3.7763940e-11   1.0370709e-05   3.0713190e-04   2.8447485e-05   7.0256170e-03   1.6173865e-02   2.2624483e-02   2.5819818e-02
  -7.5150000e+01  3.5120778e-202   1.1286897e-71   1.4485452e-26   7.1999609e-11   1.3634599e-05   4.3592218e-04   5.1417501e-04   7.4704778e-03   1.6376375e-02   2.2706975e-02   2.5850504e-02
  -7.4700000e+01 -1.9205949e-195  -1.1768627e-69   7.5283121e-26   1.3575949e-10   1.7726716e-05   5.7653461e-04   1.0081613e-03   7.9124647e-03   1.6577438e-02   2.2788959e-02   2.5881005e-02
  -7.4250000e+01 -2.6440599e-188  -8.2696233e-67   3.8193799e-25   2.5321475e-10   2.2824998e-05   7.2959748e-04   1.5102426e-03   8.3515279e-03   1.6777056e-02   2.2870436e-02   2.5911323e-02
  -7.3800000e+01 -1.2355457e-181  -2.5168157e-64   2.0201139e-24   4.6725558e-10   2.9139728e-05   8.9574963e-04   2.0202459e-03   8.7876184e-03   1.6975233e-02   2.2951405e-02   2.5941457e-02
  -7.3350000e+01 -1.4163499e-175  -5.4965777e-62   1.1837780e-23   8.5313328e-10   3.6918321e-05   1.0756390e-03   2.5379886e-03   9.2206881e-03   1.7171971e-02   2.3031867e-02   2.5971407e-02
  -7.2900000e+01 -8.1230731e-170  -6.9919793e-60   7.5818328e-23   1.5413912e-09   4.6450593e-05   1.2699212e-03   3.0632790e-03   9.6506899e-03   1.7367273e-02   2.3111822e-02   2.6001173e-02
  -7.2450000e+01  1.1005232e-164   1.8313814e-58   4.8808430e-22   2.7559369e-09   5.8074562e-05   1.4792574e-03   3.5959158e-03   1.0077578e-02   1.7561142e-02   2.3191270e-02   2.6030756e-02
  -7.2000000e+01  1.3751915e-157   1.1636169e-55   2.9267657e-21   4.8764704e-09   7.2182745e-05   1.7043128e-03   4.1356885e-03   1.0501307e-02   1.7753581e-02   2.3270212e-02   2.6060154e-02
  -7.1550000e+01  2.7291080e-151   1.0898951e-53   1.5810836e-20   8.5395748e-09   8.9228972e-05   1.9457548e-03   4.6823776e-03   1.0921833e-02   1.7944593e-02   2.3348648e-02   2.6089369e-02
  -7.1100000e+01  1.4133760e-145   6.8528863e-52   7.6782328e-20   1.4800349e-08   1.0973568e-04   2.2042505e-03   5.2357544e-03   1.1339113e-02   1.8134181e-02   2.3426578e-02   2.6118399e-02
  -7.0650000e+01  1.4555085e-140   3.3936159e-50   3.3910039e-19   2.5387553e-08   1.3430163e-04   2.4804646e-03   5.7955812e-03   1.1753106e-02   1.8322347e-02   2.3504002e-02   2.6147246e-02
  -7.0200000e+01  8.3473307e-136   1.1259290e-48   1.3842530e-18   4.3101152e-08   1.6361008e-04   2.7750573e-03   6.3616116e-03   1.2163770e-02   1.8509096e-02   2.3580921e-02   2.6175909e-02
  -6.9750000e+01 -1.5310945e-130  -1.7938844e-47   5.3342962e-18   7.2423619e-08   1.9843714e-04   3.0886816e-03   6.9335904e-03   1.2571065e-02   1.8694429e-02   2.3657334e-02   2.6204389e-02
  -6.9300000e+01 -1.7111594e-124  -8.2910082e-45   2.0048171e-17   1.2044737e-07   2.3966048e-04   3.4219805e-03   7.5112539e-03   1.2974954e-02   1.8878350e-02   2.3733243e-02   2.6232685e-02
  -6.8850000e+01 -1.2441673e-118  -1.0396234e-42   7.7170505e-17   1.9826267e-07   2.8826801e-04   3.7755849e-03   8.0943299e-03   1.3375398e-02   1.9060862e-02   2.3808648e-02   2.6260796e-02
  -6.8400000e+01 -7.8202318e-113  -9.2265441e-41   3.1869774e-16   3.2300584e-07   3.4536654e-04   4.1501101e-03   8.6825382e-03   1.3772360e-02   1.9241968e-02   2.3883547e-02   2.6288725e-02
  -6.7950000e+01 -3.6594929e-107  -5.0808671e-39   1.4102695e-15   5.2083924e-07   4.1219017e-04   4.5461534e-03   9.2755906e-03   1.4165807e-02   1.9421672e-02   2.3957943e-02   2.6316469e-02
  -6.7500000e+01  2.2955480e-107   1.0931450e-38   6.3110367e-15   8.3122468e-07   4.9010829e-04   4.9642908e-03   9.8731909e-03   1.4555704e-02   1.9599975e-02   2.4031835e-02   2.6344030e-02
  -6.7050000e+01   1.3119293e-97   1.1363388e-35   2.6765308e-14   1.3129619e-06   5.8063283e-04   5.4050739e-03   1.0475035e-02   1.4942017e-02   1.9776882e-02   2.4105223e-02   2.6371406e-02
  -6.6600000e+01   1.0051723e-93   4.2666646e-34   1.0387122e-13   2.0525941e-06   6.8542467e-04   5.8690270e-03   1.1080813e-02   1.5324715e-02   1.9952396e-02   2.4178108e-02   2.6398600e-02
  -6.6150000e+01   5.7393957e-90   1.0510371e-32   3.6667784e-13   3.1759301e-06   8.0629883e-04   6.3566434e-03   1.1690207e-02   1.5703767e-02   2.0126519e-02   2.4250490e-02   2.6425609e-02
  -6.5700000e+01   2.8638810e-86   2.0714924e-31   1.1885977e-12   4.8635930e-06   9.4522820e-04   6.8683823e-03   1.2302891e-02   1.6079145e-02   2.0299255e-02   2.4322369e-02   2.6452435e-02
  -6.5250000e+01   1.0996653e-82   2.9745485e-30   3.5922085e-12   7.3716630e-06   1.1043456e-03   7.4046657e-03   1.2918534e-02   1.6450819e-02   2.0470608e-02   2.4393745e-02   2.6479077e-02
  -6.4800000e+01  -8.0778072e-79   3.2422728e-30   1.0313550e-11   1.1058630e-05   1.2859437e-03   7.9658743e-03   1.3536799e-02   1.6818763e-02   2.0640579e-02   2.4464619e-02   2.6505536e-02
  -6.4350000e+01  -6.5199365e-74  -2.0415434e-27   2.8839283e-11   1.6419966e-05   1.4924728e-03   8.5523447e-03   1.4157342e-02   1.7182952e-02   2.0809173e-02   2.4534991e-02   2.6531811e-02
  -6.3900000e+01  -2.3026590e-69  -1.0829597e-25   8.1152592e-11   2.4131672e-05   1.7265358e-03   9.1643656e-03   1.4779814e-02   1.7543360e-02   2.0976393e-02   2.4604860e-02   2.6557902e-02
  -6.3450000e+01  -1.5941758e-65  -3.8224282e-24   2.3697932e-10   3.5104052e-05   1.9908807e-03   9.8021743e-03   1.5403861e-02   1.7899964e-02   2.1142242e-02   2.4674228e-02   2.6583810e-02
  -6.3000000e+01  -2.8725292e-62  -8.4915916e-23   7.2150594e-10   5.0546768e-05   2.2883895e-03   1.0465954e-02   1.6029123e-02   1.8252742e-02   2.1306723e-02   2.4743095e-02   2.6609534e-02
  -6.2550000e+01  -7.9048783e-60  -1.4643381e-22   2.2165665e-09   7.2045772e-05   2.6220648e-03   1.1155828e-02   1.6655237e-02   1.8601674e-02   2.1469840e-02   2.4811460e-02   2.6635074e-02
  -6.2100000e+01   2.1964907e-55   2.6238941e-20   6.5558870e-09   1.0165210e-04   2.9950119e-03   1.1871859e-02   1.7281834e-02   1.8946740e-02   2.1631595e-02   2.4879324e-02   2.6660431e-02
  -6.1650000e+01   1.3676659e-51   4.2250271e-19   1.8082288e-08   1.4198158e-04   3.4104186e-03   1.2614047e-02   1.7908543e-02   1.9287921e-02   2.1791992e-02   2.4946688e-02   2.6685604e-02
  -6.1200000e+01   4.2711539e-48   4.2144221e-18   4.6089715e-08   1.9632330e-04   3.8715304e-03   1.3382319e-02   1.8534988e-02   1.9625201e-02   2.1951035e-02   2.5013551e-02   2.6710594e-02
  -6.0750000e+01   3.3030746e-45   3.3601456e-17   1.0922773e-07   2.6875333e-04   4.3816239e-03   1.4176536e-02   1.9160791e-02   1.9958563e-02   2.2108726e-02   2.5079913e-02   2.6735400e-02
  -6.0300000e+01   9.7862565e-43   2.0856736e-16   2.4376787e-07   3.6424846e-04   4.9439751e-03   1.4996480e-02   1.9785570e-02   2.0287994e-02   2.2265070e-02   2.5145776e-02   2.6760023e-02
  -5.9850000e+01  -1.6362995e-40   5.7585818e-16   5.2034585e-07   4.8879299e-04   5.5618264e-03   1.5841860e-02   2.0408942e-02   2.0613479e-02   2.2420068e-02   2.5211138e-02   2.6784462e-02
  -5.9400000e+01  -1.2937065e-36  -1.0706253e-14   1.0819307e-06   6.4946979e-04   6.2383492e-03   1.6712301e-02   2.1030523e-02   2.0935008e-02   2.2573725e-02   2.5276001e-02   2.6808718e-02
  -5.8950000e+01  -2.5902816e-33  -2.6996128e-13   2.2371995e-06   8.5452563e-04   6.9766060e-03   1.7607350e-02   2.1649925e-02   2.1252568e-02   2.2726044e-02   2.5340364e-02   2.6832790e-02
  -5.8500000e+01  -1.0205904e-30  -3.8736586e-12   4.6843151e-06   1.1133993e-03   7.7795085e-03   1.8526466e-02   2.2266760e-02   2.1566151e-02   2.2877028e-02   2.5404229e-02   2.6856678e-02
  -5.8050000e+01  -1.2333377e-28  -3.4842428e-11   9.9705309e-06   1.4367016e-03   8.6497762e-03   1.9469022e-02   2.2880642e-02   2.1875748e-02   2.3026680e-02   2.5467594e-02   2.6880383e-02
  -5.7600000e+01  -4.1468680e-27  -5.0241810e-11   2.1199361e-05   1.8361358e-03   9.5898929e-03   2.0434305e-02   2.3491180e-02   2.2181353e-02   2.3175004e-02   2.5530460e-02   2.6903905e-02
  -5.7150000e+01   3.2823155e-24   1.5874377e-09   4.3714388e-05   2.3243509e-03   1.0602063e-02   2.1421510e-02   2.4097988e-02   2.2482959e-02   2.3322003e-02   2.5592828e-02   2.6927243e-02
  -5.6700000e+01   1.4690982e-21   1.1073958e-08   8.5385411e-05   2.9147214e-03   1.1688171e-02   2.2429740e-02   2.4700679e-02   2.2780563e-02   2.3467681e-02   2.5654698e-02   2.6950398e-02
  -5.6250000e+01   3.6694316e-19   4.5130266e-08   1.5663795e-04   3.6210520e-03   1.2849735e-02   2.3458009e-02   2.5298866e-02   2.3074160e-02   2.3612041e-02   2.5716069e-02   2.6973369e-02
  -5.5800000e+01   2.6062162e-17   1.4760906e-07   2.7089021e-04   4.4572115e-03   1.4087872e-02   2.4505238e-02   2.5892165e-02   2.3363750e-02   2.3755085e-02   2.5776942e-02   2.6996156e-02
  -5.5350000e+01   5.6980635e-16   4.0275057e-07   4.4593312e-04   5.4367041e-03   1.5403260e-02   2.5570254e-02   2.6480194e-02   2.3649330e-02   2.3896818e-02   2.5837318e-02   2.7018761e-02
  -5.4900000e+01   1.7944883e-15   7.9381946e-07   7.0675902e-04   6.5721934e-03   1.6796102e-02   2.6651795e-02   2.7062575e-02   2.3930902e-02   2.4037243e-02   2.5897196e-02   2.7041182e-02
  -5.4450000e+01  -1.4762754e-12  -6.8336964e-08   1.0909794e-03   7.8749990e-03   1.8266098e-02   2.7748506e-02   2.7638931e-02   2.4208468e-02   2.4176363e-02   2.5956577e-02   2.7063419e-02
  -5.4000000e+01  -1.8968150e-10  -1.2051993e-05   1.6582412e-03   9.3545913e-03   1.9812421e-02   2.8858943e-02   2.8208888e-02   2.4482029e-02   2.4314181e-02   2.6015461e-02   2.7085473e-02
  -5.3550000e+01  -4.8444517e-09  -8.0806020e-05   2.5021636e-03   1.1018112e-02   2.1433694e-02   2.9981575e-02   2.8772079e-02   2.4751591e-02   2.4450701e-02   2.6073847e-02   2.7107344e-02
  -5.3100000e+01  -3.9980682e-08  -3.0508107e-04   3.7537885e-03   1.2869952e-02   2.3127982e-02   3.1114784e-02   2.9328139e-02   2.5017159e-02   2.4585925e-02   2.6131737e-02   2.7129031e-02
  -5.2650000e+01  -1.2253494e-07  -2.1566624e-04   5.5547340e-03   1.4911412e-02   2.4892776e-02   3.2256869e-02   2.9876709e-02   2.5278738e-02   2.4719858e-02   2.6189131e-02   2.7150535e-02
  -5.2200000e+01   3.7676879e-06   2.3785619e-03   7.9932913e-03   1.7140476e-02   2.6724998e-02   3.3406050e-02   3.0417435e-02   2.5536337e-02   2.4852503e-02   2.6246028e-02   2.7171855e-02
  -5.1750000e+01   1.2243408e-04   7.1312952e-03   1.1048846e-02   1.9551709e-02   2.8621005e-02   3.4560472e-02   3.0949970e-02   2.5789965e-02   2.4983863e-02   2.6302429e-02   2.7192993e-02
  -5.1300000e+01   2.2393667e-03   1.2125762e-02   1.4604262e-02   2.2136296e-02   3.0576595e-02   3.5718206e-02   3.1473970e-02   2.6039632e-02   2.5113940e-02   2.6358335e-02   2.7213946e-02
  -5.0850000e+01   1.2892041e-02   1.6989613e-02   1.8511596e-02   2.4882213e-02   3.2587030e-02   3.6877257e-02   3.1989101e-02   2.6285348e-02   2.5242739e-02   2.6413744e-02   2.7234717e-02
  -5.0400000e+01   2.1238940e-02   2.1764483e-02   2.2645597e-02   2.7774523e-02   3.4647059e-02   3.8035567e-02   3.2495036e-02   2.6527126e-02   2.5370263e-02   2.6468658e-02   2.7255304e-02
  -4.9950000e+01   2.6400436e-02   2.6501849e-02   2.6917613e-02   3.0795779e-02   3.6750946e-02   3.9191025e-02   3.2991454e-02   2.6764979e-02   2.5496515e-02   2.6523077e-02   2.7275708e-02
  -4.9500000e+01   3.1645996e-02   3.1242658e-02   3.1265981e-02   3.3926501e-02   3.8892503e-02   4.0341467e-02   3.3478043e-02   2.6998922e-02   2.5621499e-02   2.6577000e-02   2.7295928e-02
  -4.9050000e+01   4.0642447e-02   3.6026499e-02   3.5641857e-02   3.7145708e-02   4.1065136e-02   4.1484685e-02   3.3954500e-02   2.7228970e-02   2.5745216e-02   2.6630429e-02   2.7315965e-02
  -4.8600000e+01   5.0424768e-02   4.0886128e-02   3.9997926e-02   4.0431466e-02   4.3261881e-02   4.2618436e-02   3.4420528e-02   2.7455140e-02   2.5867672e-02   2.6683363e-02   2.7335819e-02
  -4.8150000e+01   5.1862266e-02   4.5767346e-02   4.4282608e-02   4.3761423e-02   4.5475459e-02   4.3740447e-02   3.4875843e-02   2.7677450e-02   2.5988868e-02   2.6735802e-02   2.7355490e-02
  -4.7700000e+01   5.1928466e-02   5.0221720e-02   4.8443929e-02   4.7113316e-02   4.7698319e-02   4.4848425e-02   3.5320169e-02   2.7895918e-02   2.6108809e-02   2.6787747e-02   2.7374977e-02
  -4.7250000e+01   5.1931855e-02   5.3671598e-02   5.2444692e-02   5.0465420e-02   4.9922694e-02   4.5940061e-02   3.5753240e-02   2.8110564e-02   2.6227497e-02   2.6839197e-02   2.7394281e-02
  -4.6800000e+01   5.1994476e-02   5.6925101e-02   5.6277687e-02   5.3796932e-02   5.2140654e-02   4.7013043e-02   3.6174801e-02   2.8321408e-02   2.6344936e-02   2.6890154e-02   2.7413402e-02
  -4.6350000e+01   5.3233231e-02   6.0406080e-02   5.9963716e-02   5.7088279e-02   5.4344159e-02   4.8065060e-02   3.6584606e-02   2.8528473e-02   2.6461128e-02   2.6940616e-02   2.7432340e-02
  -4.5900000e+01   6.0658451e-02   6.3925384e-02   6.3533663e-02   6.0321345e-02   5.6525112e-02   4.9093815e-02   3.6982422e-02   2.8731781e-02   2.6576078e-02   2.6990585e-02   2.7451094e-02
  -4.5450000e+01   6.7057212e-02   6.7410345e-02   6.7011958e-02   6.3479634e-02   5.8675411e-02   5.0097031e-02   3.7368028e-02   2.8931356e-02   2.6689787e-02   2.7040061e-02   2.7469665e-02
  -4.5000000e+01   7.0870134e-02   7.0869607e-02   7.0410208e-02   6.6548361e-02   6.0787002e-02   5.1072462e-02   3.7741212e-02   2.9127222e-02   2.6802260e-02   2.7089043e-02   2.7488053e-02
  -4.4550000e+01   7.4683057e-02   7.4329320e-02   7.3726731e-02   6.9514478e-02   6.2851925e-02   5.2017900e-02   3.8101778e-02   2.9319404e-02   2.6913500e-02   2.7137532e-02   2.7506257e-02
  -4.4100000e+01   8.1081817e-02   7.7819778e-02   7.6945786e-02   7.2366674e-02   6.4862362e-02   5.2931185e-02   3.8449540e-02   2.9507930e-02   2.7023508e-02   2.7185528e-02   2.7524279e-02
  -4.3650000e+01   8.8507039e-02   8.1373369e-02   8.0034442e-02   7.5095310e-02   6.6810679e-02   5.3810213e-02   3.8784324e-02   2.9692826e-02   2.7132290e-02   2.7233031e-02   2.7542117e-02
  -4.3200000e+01   8.9745809e-02   8.4984071e-02   8.2940740e-02   7.7692351e-02   6.8689466e-02   5.4652948e-02   3.9105971e-02   2.9874120e-02   2.7239847e-02   2.7280041e-02   2.7559772e-02
  -4.2750000e+01   8.9808499e-02   8.8320858e-02   8.5602636e-02   8.0151246e-02   7.0491575e-02   5.5457428e-02   3.9414334e-02   3.0051841e-02   2.7346183e-02   2.7326559e-02   2.7577244e-02
  -4.2300000e+01   8.9810737e-02   9.0441966e-02   8.7973968e-02   8.2466814e-02   7.2210153e-02   5.6221772e-02   3.9709280e-02   3.0226019e-02   2.7451301e-02   2.7372585e-02   2.7594532e-02
  -4.1850000e+01   8.9829181e-02   9.1672278e-02   9.0052524e-02   8.4635090e-02   7.3838670e-02   5.6944193e-02   3.9990690e-02   3.0396684e-02   2.7555204e-02   2.7418118e-02   2.7611638e-02
  -4.1400000e+01   9.0230697e-02   9.2930031e-02   9.1881521e-02   8.6653166e-02   7.5370949e-02   5.7623001e-02   4.0258460e-02   3.0563867e-02   2.7657894e-02   2.7463160e-02   2.7628560e-02
  -4.0950000e+01   9.2963145e-02   9.4257343e-02   9.3522696e-02   8.8519025e-02   7.6801186e-02   5.8256615e-02   4.0512496e-02   3.0727601e-02   2.7759376e-02   2.7507709e-02   2.7645299e-02
  -4.0500000e+01   9.5476082e-02   9.5588599e-02   9.5028995e-02   9.0231359e-02   7.8123973e-02   5.8843567e-02   4.0752724e-02   3.0887918e-02   2.7859651e-02   2.7551767e-02   2.7661855e-02
  -4.0050000e+01   9.6941300e-02   9.6912557e-02   9.6434137e-02   9.1789389e-02   7.9334318e-02   5.9382510e-02   4.0979080e-02   3.1044851e-02   2.7958723e-02   2.7595334e-02   2.7678228e-02
  -3.9600000e+01   9.8383037e-02   9.8236035e-02   9.7753896e-02   9.3192685e-02   8.0427656e-02   5.9872223e-02   4.1191517e-02   3.1198433e-02   2.8056595e-02   2.7638409e-02   2.7694417e-02
  -3.9150000e+01   1.0071454e-01   9.9569984e-02   9.8989146e-02   9.4441005e-02   8.1399871e-02   6.0311620e-02   4.1390002e-02   3.1348701e-02   2.8153270e-02   2.7680993e-02   2.7710424e-02
  -3.8700000e+01   1.0369010e-01   1.0092919e-01   1.0012640e-01   9.5534133e-02   8.2247300e-02   6.0699751e-02   4.1574518e-02   3.1495689e-02   2.8248750e-02   2.7723085e-02   2.7726247e-02
  -3.8250000e+01   1.0428141e-01   1.0232657e-01   1.0113753e-01   9.6471745e-02   8.2966751e-02   6.1035810e-02   4.1745060e-02   3.1639432e-02   2.8343039e-02   2.7764687e-02   2.7741887e-02
  -3.7800000e+01   1.0431456e-01   1.0365675e-01   1.0198494e-01   9.7253293e-02   8.3555512e-02   6.1319137e-02   4.1901643e-02   3.1779967e-02   2.8436139e-02   2.7805798e-02   2.7757344e-02
  -3.7350000e+01   1.0431563e-01   1.0435976e-01   1.0263761e-01   9.7877909e-02   8.4011361e-02   6.1549221e-02   4.2044291e-02   3.1917331e-02   2.8528054e-02   2.7846419e-02   2.7772618e-02
  -3.6900000e+01   1.0431485e-01   1.0432298e-01   1.0309034e-01   9.8344339e-02   8.4332573e-02   6.1725705e-02   4.2173049e-02   3.2051560e-02   2.8618785e-02   2.7886549e-02   2.7787709e-02
  -3.6450000e+01   1.0429672e-01   1.0418859e-01   1.0336739e-01   9.8650894e-02   8.4517933e-02   6.1848387e-02   4.2287973e-02   3.2182694e-02   2.8708336e-02   2.7926188e-02   2.7802617e-02
  -3.6000000e+01   1.0416126e-01   1.0409942e-01   1.0350624e-01   9.8795436e-02   8.4566741e-02   6.1917218e-02   4.2389136e-02   3.2310770e-02   2.8796710e-02   2.7965338e-02   2.7817342e-02
  -3.5550000e+01   1.0403236e-01   1.0402770e-01   1.0353878e-01   9.8775388e-02   8.4478823e-02   6.1932308e-02   4.2476626e-02   3.2435827e-02   2.8883909e-02   2.8003997e-02   2.7831884e-02
  -3.5100000e+01   1.0395792e-01   1.0395971e-01   1.0348275e-01   9.8587770e-02   8.4254535e-02   6.1893921e-02   4.2550545e-02   3.2557904e-02   2.8969936e-02   2.8042166e-02   2.7846242e-02
  -3.4650000e+01   1.0388581e-01   1.0389230e-01   1.0334105e-01   9.8229269e-02   8.3894772e-02   6.1802478e-02   4.2611011e-02   3.2677040e-02   2.9054794e-02   2.8079846e-02   2.7860418e-02
  -3.4200000e+01   1.0377646e-01   1.0382656e-01   1.0310174e-01   9.7696340e-02   8.3400975e-02   6.1658552e-02   4.2658157e-02   3.2793275e-02   2.9138485e-02   2.8117036e-02   2.7874410e-02
  -3.3750000e+01   1.0361779e-01   1.0377312e-01   1.0273519e-01   9.6985335e-02   8.2775130e-02   6.1462869e-02   4.2692129e-02   3.2906650e-02   2.9221012e-02   2.8153737e-02   2.7888219e-02
  -3.3300000e+01   1.0357681e-01   1.0377111e-01   1.0219100e-01   9.6092661e-02   8.2019777e-02   6.1216303e-02   4.2713090e-02   3.3017204e-02   2.9302378e-02   2.8189948e-02   2.7901846e-02
  -3.2850000e+01   1.0357424e-01   1.0381516e-01   1.0140335e-01   9.5014966e-02   8.1138005e-02   6.0919870e-02   4.2721215e-02   3.3124978e-02   2.9382585e-02   2.8225669e-02   2.7915289e-02
  -3.2400000e+01   1.0357385e-01   1.0318300e-01   1.0031455e-01   9.3749354e-02   8.0133451e-02   6.0574730e-02   4.2716696e-02   3.3230013e-02   2.9461636e-02   2.8260902e-02   2.7928549e-02
  -3.1950000e+01   1.0355251e-01   1.0114312e-01   9.8907154e-02   9.2293613e-02   7.9010297e-02   6.0182175e-02   4.2699736e-02   3.3332351e-02   2.9539534e-02   2.8295646e-02   2.7941627e-02
  -3.1500000e+01   1.0298093e-01   9.8704548e-02   9.7214120e-02   9.0646474e-02   7.7773258e-02   5.9743628e-02   4.2670554e-02   3.3432032e-02   2.9616280e-02   2.8329901e-02   2.7954521e-02
  -3.1050000e+01   9.8435346e-02   9.6328552e-02   9.5294961e-02   8.8807874e-02   7.6427570e-02   5.9260637e-02   4.2629382e-02   3.3529097e-02   2.9691878e-02   2.8363667e-02   2.7967232e-02
  -3.0600000e+01   9.4145433e-02   9.4006508e-02   9.3203874e-02   8.6779232e-02   7.4978976e-02   5.8734863e-02   4.2576465e-02   3.3623589e-02   2.9766330e-02   2.8396945e-02   2.7979760e-02
  -3.0150000e+01   9.1646600e-02   9.1706307e-02   9.0973741e-02   8.4563727e-02   7.3433702e-02   5.8168079e-02   4.2512061e-02   3.3715549e-02   2.9839638e-02   2.8429734e-02   2.7992105e-02
  -2.9700000e+01   8.9260048e-02   8.9410812e-02   8.8614299e-02   8.2166569e-02   7.1798430e-02   5.7562161e-02   4.2436441e-02   3.3805019e-02   2.9911805e-02   2.8462034e-02   2.8004267e-02
  -2.9250000e+01   8.6064147e-02   8.7111505e-02   8.6112944e-02   7.9595244e-02   7.0080273e-02   5.6919074e-02   4.2349887e-02   3.3892040e-02   2.9982833e-02   2.8493846e-02   2.8016246e-02
  -2.8800000e+01   8.0678773e-02   8.4814340e-02   8.3431733e-02   7.6859724e-02   6.8286732e-02   5.6240872e-02   4.2252696e-02   3.3976654e-02   3.0052724e-02   2.8525171e-02   2.8028042e-02
  -2.8350000e+01   7.8445869e-02   8.2575010e-02   8.0502963e-02   7.3972621e-02   6.6425664e-02   5.5529684e-02   4.2145172e-02   3.4058902e-02   3.0121481e-02   2.8556007e-02   2.8039656e-02
  -2.7900000e+01   7.8264762e-02   8.0475055e-02   7.7235921e-02   7.0949254e-02   6.4505232e-02   5.4787705e-02   4.2027636e-02   3.4138828e-02   3.0189107e-02   2.8586355e-02   2.8051086e-02
  -2.7450000e+01   7.8256985e-02   7.7682696e-02   7.3549914e-02   6.7807628e-02   6.2533858e-02   5.4017190e-02   4.1900414e-02   3.4216471e-02   3.0255602e-02   2.8616215e-02   2.8062333e-02
  -2.7000000e+01   7.8213387e-02   7.2715910e-02   6.9423590e-02   6.4568291e-02   6.0520171e-02   5.3220440e-02   4.1763846e-02   3.4291874e-02   3.0320970e-02   2.8645588e-02   2.8073397e-02
  -2.6550000e+01   7.6810150e-02   6.6986858e-02   6.4915739e-02   6.1254069e-02   5.8472955e-02   5.2399795e-02   4.1618282e-02   3.4365078e-02   3.0385213e-02   2.8674473e-02   2.8084278e-02
  -2.6100000e+01   6.5737996e-02   6.1345898e-02   6.0134518e-02   5.7889676e-02   5.6401083e-02   5.1557623e-02   4.1464079e-02   3.4436124e-02   3.0448333e-02   2.8702871e-02   2.8094976e-02
  -2.5650000e+01   5.6268130e-02   5.5787904e-02   5.5190866e-02   5.4501203e-02   5.4313466e-02   5.0696313e-02   4.1301604e-02   3.4505054e-02   3.0510332e-02   2.8730781e-02   2.8105492e-02
  -2.5200000e+01   5.0397849e-02   5.0262456e-02   5.0175786e-02   5.1115510e-02   5.2218986e-02   4.9818261e-02   4.1131235e-02   3.4571908e-02   3.0571212e-02   2.8758204e-02   2.8115824e-02
  -2.4750000e+01   4.4852827e-02   4.4746882e-02   4.5163645e-02   4.7759539e-02   5.0126433e-02   4.8925864e-02   4.0953353e-02   3.4636727e-02   3.0630976e-02   2.8785140e-02   2.8125973e-02
  -2.4300000e+01   3.9319335e-02   3.9229313e-02   4.0227386e-02   4.4459597e-02   4.8044452e-02   4.8021507e-02   4.0768352e-02   3.4699551e-02   3.0689625e-02   2.8811588e-02   2.8135940e-02
  -2.3850000e+01   3.3779642e-02   3.3688814e-02   3.5457244e-02   4.1240627e-02   4.5981472e-02   4.7107558e-02   4.0576628e-02   3.4760422e-02   3.0747161e-02   2.8837550e-02   2.8145723e-02
  -2.3400000e+01   2.8234418e-02   2.8049395e-02   3.0977217e-02   3.8125535e-02   4.3945656e-02   4.6186356e-02   4.0378587e-02   3.4819377e-02   3.0803587e-02   2.8863025e-02   2.8155324e-02
  -2.2950000e+01   2.2666088e-02   2.2210283e-02   2.6943920e-02   3.5134599e-02   4.1944839e-02   4.5260201e-02   4.0174638e-02   3.4876458e-02   3.0858903e-02   2.8888012e-02   2.8164741e-02
  -2.2500000e+01   1.7133884e-02   1.7392189e-02   2.3505224e-02   3.2284997e-02   3.9986482e-02   4.4331350e-02   3.9965198e-02   3.4931703e-02   3.0913113e-02   2.8912514e-02   2.8173976e-02
  -2.2050000e+01   1.6378944e-02   1.5946498e-02   2.0727207e-02   2.9590497e-02   3.8077616e-02   4.3402005e-02   3.9750687e-02   3.4985151e-02   3.0966218e-02   2.8936528e-02   2.8183028e-02
  -2.1600000e+01   1.5663278e-02   1.5527231e-02   1.8554370e-02   2.7061320e-02   3.6224805e-02   4.2474307e-02   3.9531529e-02   3.5036841e-02   3.1018220e-02   2.8960056e-02   2.8191897e-02
  -2.1150000e+01   1.4928920e-02   1.4913295e-02   1.6849270e-02   2.4704178e-02   3.4434100e-02   4.1550329e-02   3.9308151e-02   3.5086811e-02   3.1069121e-02   2.8983098e-02   2.8200582e-02
  -2.0700000e+01   1.4195116e-02   1.4204993e-02   1.5466344e-02   2.2522488e-02   3.2711012e-02   4.0632069e-02   3.9080986e-02   3.5135098e-02   3.1118922e-02   2.9005653e-02   2.8209085e-02
  -2.0250000e+01   1.3462133e-02   1.3476942e-02   1.4295000e-02   2.0516731e-02   3.1060480e-02   3.9721442e-02   3.8850465e-02   3.5181740e-02   3.1167626e-02   2.9027722e-02   2.8217405e-02
  -1.9800000e+01   1.2727622e-02   1.2746010e-02   1.3263470e-02   1.8684932e-02   2.9486849e-02   3.8820278e-02   3.8617024e-02   3.5226773e-02   3.1215234e-02   2.9049304e-02   2.8225543e-02
  -1.9350000e+01   1.1950027e-02   1.2013971e-02   1.2326817e-02   1.7023206e-02   2.7993854e-02   3.7930316e-02   3.8381098e-02   3.5270233e-02   3.1261747e-02   2.9070401e-02   2.8233497e-02
  -1.8900000e+01   1.0695619e-02   1.1279631e-02   1.1455440e-02   1.5526348e-02   2.6584610e-02   3.7053197e-02   3.8143124e-02   3.5312157e-02   3.1307167e-02   2.9091011e-02   2.8241268e-02
  -1.8450000e+01   9.2289689e-03   1.0543233e-02   1.0628088e-02   1.4188401e-02   2.5261608e-02   3.6190462e-02   3.7903539e-02   3.5352579e-02   3.1351497e-02   2.9111136e-02   2.8248856e-02
  -1.8000000e+01   9.0431028e-03   9.8153489e-03   9.8285318e-03   1.3003181e-02   2.4026711e-02   3.5343550e-02   3.7662778e-02   3.5391535e-02   3.1394737e-02   2.9130774e-02   2.8256262e-02
  -1.7550000e+01   9.0373285e-03   9.1091833e-03   9.0448367e-03   1.1964714e-02   2.2881169e-02   3.4513795e-02   3.7421274e-02   3.5429057e-02   3.1436889e-02   2.9149927e-02   2.8263485e-02
  -1.7100000e+01   9.0346229e-03   8.3554194e-03   8.2703411e-03   1.1067566e-02   2.1825623e-02   3.3702422e-02   3.7179461e-02   3.5465180e-02   3.1477954e-02   2.9168594e-02   2.8270524e-02
  -1.6650000e+01   8.9699554e-03   7.5354274e-03   7.5046119e-03   1.0307048e-02   2.0860124e-02   3.2910548e-02   3.6937769e-02   3.5499937e-02   3.1517935e-02   2.9186775e-02   2.8277381e-02
  -1.6200000e+01   8.1728795e-03   6.7038968e-03   6.7528321e-03   9.6792875e-03   1.9984154e-02   3.2139182e-02   3.6696624e-02   3.5533359e-02   3.1556832e-02   2.9204470e-02   2.8284055e-02
  -1.5750000e+01   6.2504775e-03   5.8773147e-03   6.0242457e-03   9.1811801e-03   1.9196650e-02   3.1389222e-02   3.6456449e-02   3.5565478e-02   3.1594647e-02   2.9221681e-02   2.8290546e-02
  -1.5300000e+01   5.1096453e-03   5.0558526e-03   5.3314577e-03   8.8102162e-03   1.8496032e-02   3.0661460e-02   3.6217664e-02   3.5596326e-02   3.1631381e-02   2.9238405e-02   2.8296854e-02
  -1.4850000e+01   4.2577246e-03   4.2366452e-03   4.6916008e-03   8.5642184e-03   1.7880237e-02   2.9956578e-02   3.5980682e-02   3.5625931e-02   3.1667035e-02   2.9254644e-02   2.8302980e-02
  -1.4400000e+01   3.3657230e-03   3.4150298e-03   4.1298271e-03   8.4410097e-03   1.7346747e-02   2.9275155e-02   3.5745912e-02   3.5654325e-02   3.1701612e-02   2.9270398e-02   2.8308922e-02
  -1.3950000e+01   1.8343646e-03   2.5794041e-03   3.6855301e-03   8.4380440e-03   1.6892634e-02   2.8617667e-02   3.5513757e-02   3.5681536e-02   3.1735111e-02   2.9285666e-02   2.8314682e-02
  -1.3500000e+01   2.1173606e-04   1.6939829e-03   3.4197661e-03   8.5520348e-03   1.6514591e-02   2.7984490e-02   3.5284613e-02   3.5707591e-02   3.1767535e-02   2.9300449e-02   2.8320259e-02
  -1.3050000e+01   7.6779448e-06   7.1008539e-04   3.4160497e-03   8.7786146e-03   1.6208976e-02   2.7375905e-02   3.5058870e-02   3.5732518e-02   3.1798884e-02   2.9314747e-02   2.8325652e-02
  -1.2600000e+01   3.1021073e-08   9.0620558e-05   3.7606431e-03   9.1120569e-03   1.5971853e-02   2.6792100e-02   3.4836909e-02   3.5756344e-02   3.1829160e-02   2.9328560e-02   2.8330863e-02
  -1.2150000e+01   2.9422339e-06   1.2328628e-03   4.5008720e-03   9.5450874e-03   1.5799029e-02   2.6233174e-02   3.4619104e-02   3.5779095e-02   3.1858363e-02   2.9341887e-02   2.8335891e-02
  -1.1700000e+01   8.4863954e-05   3.4478438e-03   5.6135223e-03   1.0068802e-02   1.5686101e-02   2.5699146e-02   3.4405820e-02   3.5800796e-02   3.1886496e-02   2.9354730e-02   2.8340737e-02
  -1.1250000e+01   1.3671819e-03   5.6845962e-03   7.0179315e-03   1.0672701e-02   1.5628495e-02   2.5189956e-02   3.4197414e-02   3.5821470e-02   3.1913558e-02   2.9367087e-02   2.8345399e-02
  -1.0800000e+01   6.3314739e-03   7.8454652e-03   8.6182817e-03   1.1344844e-02   1.5621510e-02   2.4705473e-02   3.3994233e-02   3.5841141e-02   3.1939551e-02   2.9378960e-02   2.8349879e-02
  -1.0350000e+01   9.7525430e-03   9.9696348e-03   1.0334060e-02   1.2072109e-02   1.5660352e-02   2.4245498e-02   3.3796613e-02   3.5859832e-02   3.1964475e-02   2.9390348e-02   2.8354175e-02
  -9.9000000e+00   1.2008671e-02   1.2080699e-02   1.2105444e-02   1.2840538e-02   1.5740181e-02   2.3809774e-02   3.3604881e-02   3.5877565e-02   3.1988332e-02   2.9401250e-02   2.8358289e-02
  -9.4500000e+00   1.4337731e-02   1.4195077e-02   1.3884880e-02   1.3635755e-02   1.5856143e-02   2.3397991e-02   3.3419353e-02   3.5894361e-02   3.2011123e-02   2.9411668e-02   2.8362220e-02
  -9.0000000e+00   1.8370637e-02   1.6331969e-02   1.5625594e-02   1.4443415e-02   1.6003409e-02   2.3009789e-02   3.3240333e-02   3.5910239e-02   3.2032848e-02   2.9421601e-02   2.8365968e-02
  -8.5500000e+00   2.2608718e-02   1.8520535e-02   1.7271437e-02   1.5249659e-02   1.6177207e-02   2.2644771e-02   3.3068115e-02   3.5925219e-02   3.2053508e-02   2.9431050e-02   2.8369534e-02
  -8.1000000e+00   2.3175644e-02   2.0767032e-02   1.8752828e-02   1.6041544e-02   1.6372854e-02   2.2302503e-02   3.2902980e-02   3.5939319e-02   3.2073105e-02   2.9440013e-02   2.8372916e-02
  -7.6500000e+00   2.3199373e-02   2.2698251e-02   1.9997752e-02   1.6807426e-02   1.6585787e-02   2.1982527e-02   3.2745197e-02   3.5952557e-02   3.2091637e-02   2.9448492e-02   2.8376116e-02
  -7.2000000e+00   2.3199794e-02   2.3351907e-02   2.0960246e-02   1.7537263e-02   1.6811587e-02   2.1684362e-02   3.2595023e-02   3.5964949e-02   3.2109107e-02   2.9456486e-02   2.8379133e-02
  -6.7500000e+00   2.3198706e-02   2.3228122e-02   2.1645321e-02   1.8222834e-02   1.7046005e-02   2.1407513e-02   3.2452700e-02   3.5976511e-02   3.2125515e-02   2.9463996e-02   2.8381966e-02
  -6.3000000e+00   2.3180030e-02   2.3112540e-02   2.2102914e-02   1.8857860e-02   1.7284983e-02   2.1151481e-02   3.2318458e-02   3.5987257e-02   3.2140862e-02   2.9471021e-02   2.8384618e-02
  -5.8500000e+00   2.3086089e-02   2.3052206e-02   2.2397502e-02   1.9438018e-02   1.7524670e-02   2.0915762e-02   3.2192516e-02   3.5997201e-02   3.2155148e-02   2.9477561e-02   2.8387086e-02
  -5.4000000e+00   2.3012482e-02   2.3007564e-02   2.2583245e-02   1.9960874e-02   1.7761444e-02   2.0699859e-02   3.2075075e-02   3.6006357e-02   3.2168373e-02   2.9483617e-02   2.8389371e-02
  -4.9500000e+00   2.2966965e-02   2.2965778e-02   2.2697137e-02   2.0425726e-02   1.7991918e-02   2.0503285e-02   3.1966324e-02   3.6014736e-02   3.2180539e-02   2.9489188e-02   2.8391474e-02
  -4.5000000e+00   2.2920707e-02   2.2924135e-02   2.2762667e-02   2.0833383e-02   1.8212955e-02   2.0325571e-02   3.1866438e-02   3.6022350e-02   3.2191645e-02   2.9494275e-02   2.8393394e-02
  -4.0500000e+00   2.2841372e-02   2.2881974e-02   2.2795145e-02   2.1185904e-02   1.8421677e-02   2.0166268e-02   3.1775577e-02   3.6029207e-02   3.2201692e-02   2.9498877e-02   2.8395130e-02
  -3.6000000e+00   2.2755107e-02   2.2838783e-02   2.2805434e-02   2.1486300e-02   1.8615470e-02   2.0024956e-02   3.1693886e-02   3.6035319e-02   3.2210681e-02   2.9502995e-02   2.8396684e-02
  -3.1500000e+00   2.2742430e-02   2.2794454e-02   2.2801984e-02   2.1738231e-02   1.8791989e-02   1.9901244e-02   3.1621497e-02   3.6040692e-02   3.2218611e-02   2.9506628e-02   2.8398056e-02
  -2.7000000e+00   2.2741846e-02   2.2755006e-02   2.2791664e-02   2.1945709e-02   1.8949163e-02   1.9794779e-02   3.1558525e-02   3.6045334e-02   3.2225484e-02   2.9509777e-02   2.8399244e-02
  -2.2500000e+00   2.2741832e-02   2.2738747e-02   2.2779699e-02   2.2112811e-02   1.9085196e-02   1.9705246e-02   3.1505070e-02   3.6049251e-02   3.2231298e-02   2.9512441e-02   2.8400250e-02
  -1.8000000e+00   2.2741833e-02   2.2739766e-02   2.2769255e-02   2.2243433e-02   1.9198567e-02   1.9632373e-02   3.1461217e-02   3.6052448e-02   3.2236056e-02   2.9514621e-02   2.8401072e-02
  -1.3500000e+00   2.2741833e-02   2.2741353e-02   2.2761517e-02   2.2341064e-02   1.9288034e-02   1.9575934e-02   3.1427037e-02   3.6054931e-02   3.2239755e-02   2.9516316e-02   2.8401712e-02
  -9.0000000e-01   2.2741833e-02   2.2741773e-02   2.2756449e-02   2.2408607e-02   1.9352628e-02   1.9535749e-02   3.1402583e-02   3.6056702e-02   3.2242398e-02   2.9517527e-02   2.8402169e-02
  -4.5000000e-01   2.2741833e-02   2.2741840e-02   2.2753631e-02   2.2448234e-02   1.9391661e-02   1.9511690e-02   3.1387896e-02   3.6057763e-02   3.2243984e-02   2.9518254e-02   2.8402444e-02
   0.0000000e+00   2.2741833e-02   2.2741846e-02   2.2752731e-02   2.2461292e-02   1.9404718e-02   1.9503679e-02   3.1382997e-02   3.6058117e-02   3.2244512e-02   2.9518496e-02   2.8402535e-02
   4.5000000e-01   2.2741833e-02   2.2741840e-02   2.2753631e-02   2.2448234e-02   1.9391661e-02   1.9511690e-02   3.1387896e-02   3.6057763e-02   3.2243984e-02   2.9518254e-02   2.8402444e-02
   9.0000000e-01   2.2741833e-02   2.2741773e-02   2.2756449e-02   2.2408607e-02   1.9352628e-02   1.9535749e-02   3.1402583e-02   3.6056702e-02   3.2242398e-02   2.9517527e-02   2.8402169e-02
   1.3500000e+00   2.2741833e-02   2.2741353e-02   2.2761517e-02   2.2341064e-02   1.9288034e-02   1.9575934e-02   3.1427037e-02   3.6054931e-02   3.2239755e-02   2.9516316e-02   2.8401712e-02
   1.8000000e+00   2.2741833e-02   2.2739766e-02   2.2769255e-02   2.2243433e-02   1.9198567e-02   1.9632373e-02   3.1461217e-02   3.6052448e-02   3.2236056e-02   2.9514621e-02   2.8401072e-02
   2.2500000e+00   2.2741832e-02   2.2738747e-02   2.2779699e-02   2.2112811e-02   1.9085196e-02   1.9705246e-02   3.1505070e-02   3.6049251e-02   3.2231298e-02   2.9512441e-02   2.8400250e-02
   2.7000000e+00   2.2741846e-02   2.2755006e-02   2.2791664e-02   2.1945709e-02   1.8949163e-02   1.9794779e-02   3.1558525e-02   3.6045334e-02   3.2225484e-02   2.9509777e-02   2.8399244e-02
   3.1500000e+00   2.2742430e-02   2.2794454e-02   2.2801984e-02   2.1738231e-02   1.8791989e-02   1.9901244e-02   3.1621497e-02   3.6040692e-02   3.2218611e-02   2.9506628e-02   2.8398056e-02
   3.6000000e+00   2.2755107e-02   2.2838783e-02   2.2805434e-02   2.1486300e-02   1.8615470e-02   2.0024956e-02   3.1693886e-02   3.6035319e-02   3.2210681e-02   2.9502995e-02   2.8396684e-02
   4.0500000e+00   2.2841372e-02   2.2881974e-02   2.2795145e-02   2.1185904e-02   1.8421677e-02   2.0166268e-02   3.1775577e-02   3.6029207e-02   3.2201692e-02   2.9498877e-02   2.8395130e-02
   4.5000000e+00   2.2920707e-02   2.2924135e-02   2.2762667e-02   2.0833383e-02   1.8212955e-02   2.0325571e-02   3.1866438e-02   3.6022350e-02   3.2191645e-02   2.9494275e-02   2.8393394e-02
   4.9500000e+00   2.2966965e-02   2.2965778e-02   2.2697137e-02   2.0425726e-02   1.7991918e-02   2.0503285e-02   3.1966324e-02   3.6014736e-02   3.2180539e-02   2.9489188e-02   2.8391474e-02
   5.4000000e+00   2.3012482e-02   2.3007564e-02   2.2583245e-02   1.9960874e-02   1.7761444e-02   2.0699859e-02   3.2075075e-02   3.6006357e-02   3.2168373e-02   2.9483617e-02   2.8389371e-02
   5.8500000e+00   2.3086089e-02   2.3052206e-02   2.2397502e-02   1.9438018e-02   1.7524670e-02   2.0915762e-02   3.2192516e-02   3.5997201e-02   3.2155148e-02   2.9477561e-02   2.8387086e-02
   6.3000000e+00   2.3180030e-02   2.3112540e-02   2.2102914e-02   1.8857860e-02   1.7284983e-02   2.1151481e-02   3.2318458e-02   3.5987257e-02   3.2140862e-02   2.9471021e-02   2.8384618e-02
   6.7500000e+00   2.3198706e-02   2.3228122e-02   2.1645321e-02   1.8222834e-02   1.7046005e-02   2.1407513e-02   3.2452700e-02   3.5976511e-02   3.2125515e-02   2.9463996e-02   2.8381966e-02
   7.2000000e+00   2.3199794e-02   2.3351907e-02   2.0960246e-02   1.7537263e-02   1.6811587e-02   2.1684362e-02   3.2595023e-02   3.5964949e-02   3.2109107e-02   2.9456486e-02   2.8379133e-02
   7.6500000e+00   2.3199373e-02   2.2698251e-02   1.9997752e-02   1.6807426e-02   1.6585787e-02   2.1982527e-02   3.2745197e-02   3.5952557e-02   3.2091637e-02   2.9448492e-02   2.8376116e-02
   8.1000000e+00   2.3175644e-02   2.0767032e-02   1.8752828e-02   1.6041544e-02   1.6372854e-02   2.2302503e-02   3.2902980e-02   3.5939319e-02   3.2073105e-02   2.9440013e-02   2.8372916e-02
   8.5500000e+00   2.2608718e-02   1.8520535e-02   1.7271437e-02   1.5249659e-02   1.6177207e-02   2.2644771e-02   3.3068115e-02   3.5925219e-02   3.2053508e-02   2.9431050e-02   2.8369534e-02
   9.0000000e+00   1.8370637e-02   1.6331969e-02   1.5625594e-02   1.4443415e-02   1.6003409e-02   2.3009789e-02   3.3240333e-02   3.5910239e-02   3.2032848e-02   2.9421601e-02   2.8365968e-02
   9.4500000e+00   1.4337731e-02   1.4195077e-02   1.3884880e-02   1.3635755e-02   1.5856143e-02   2.3397991e-02   3.3419353e-02   3.5894361e-02   3.2011123e-02   2.9411668e-02   2.8362220e-02
   9.9000000e+00   1.2008671e-02   1.2080699e-02   1.2105444e-02   1.2840538e-02   1.5740181e-02   2.3809774e-02   3.3604881e-02   3.5877565e-02   3.1988332e-02   2.9401250e-02   2.8358289e-02
   1.0350000e+01   9.7525430e-03   9.9696348e-03   1.0334060e-02   1.2072109e-02   1.5660352e-02   2.4245498e-02   3.3796613e-02   3.5859832e-02   3.1964475e-02   2.9390348e-02   2.8354175e-02
   1.0800000e+01   6.3314739e-03   7.8454652e-03   8.6182817e-03   1.1344844e-02   1.5621510e-02   2.4705473e-02   3.3994233e-02   3.5841141e-02   3.1939551e-02   2.9378960e-02   2.8349879e-02
   1.1250000e+01   1.3671819e-03   5.6845962e-03   7.0179315e-03   1.0672701e-02   1.5628495e-02   2.5189956e-02   3.4197414e-02   3.5821470e-02   3.1913558e-02   2.9367087e-02   2.8345399e-02
   1.1700000e+01   8.4863954e-05   3.4478438e-03   5.6135223e-03   1.0068802e-02   1.5686101e-02   2.5699146e-02   3.4405820e-02   3.5800796e-02   3.1886496e-02   2.9354730e-02   2.8340737e-02
   1.2150000e+01   2.9422339e-06   1.2328628e-03   4.5008720e-03   9.5450874e-03   1.5799029e-02   2.6233174e-02   3.4619104e-02   3.5779095e-02   3.1858363e-02   2.9341887e-02   2.8335891e-02
   1.2600000e+01   3.1021073e-08   9.0620558e-05   3.7606431e-03   9.1120569e-03   1.5971853e-02   2.6792100e-02   3.4836909e-02   3.5756344e-02   3.1829160e-02   2.9328560e-02   2.8330863e-02
   1.3050000e+01   7.6779448e-06   7.1008539e-04   3.4160497e-03   8.7786146e-03   1.6208976e-02   2.7375905e-02   3.5058870e-02   3.5732518e-02   3.1798884e-02   2.9314747e-02   2.8325652e-02
   1.3500000e+01   2.1173606e-04   1.6939829e-03   3.4197661e-03   8.5520348e-03   1.6514591e-02   2.7984490e-02   3.5284613e-02   3.5707591e-02   3.1767535e-02   2.9300449e-02   2.8320259e-02
   1.3950000e+01   1.8343646e-03   2.5794041e-03   3.6855301e-03   8.4380440e-03   1.6892634e-02   2.8617667e-02   3.5513757e-02   3.5681536e-02   3.1735111e-02   2.9285666e-02   2.8314682e-02
   1.4400000e+01   3.3657230e-03   3.4150298e-03   4.1298271e-03   8.4410097e-03   1.7346747e-02   2.9275155e-02   3.5745912e-02   3.5654325e-02   3.1701612e-02   2.9270398e-02   2.8308922e-02
   1.4850000e+01   4.2577246e-03   4.2366452e-03   4.6916008e-03   8.5642184e-03   1.7880237e-02   2.9956578e-02   3.5980682e-02   3.5625931e-02   3.1667035e-02   2.9254644e-02   2.8302980e-02
   1.5300000e+01   5.1096453e-03   5.0558526e-03   5.3314577e-03   8.8102162e-03   1.8496032e-02   3.0661460e-02   3.6217664e-02   3.5596326e-02   3.1631381e-02   2.9238405e-02   2.8296854e-02
   1.5750000e+01   6.2504775e-03   5.8773147e-03   6.0242457e-03   9.1811801e-03   1.9196650e-02   3.1389222e-02   3.6456449e-02   3.5565478e-02   3.1594647e-02   2.9221681e-02   2.8290546e-02
   1.6200000e+01   8.1728795e-03   6.7038968e-03   6.7528321e-03   9.6792875e-03   1.9984154e-02   3.2139182e-02   3.6696624e-02   3.5533359e-02   3.1556832e-02   2.9204470e-02   2.8284055e-02
   1.6650000e+01   8.9699554e-03   7.5354274e-03   7.5046119e-03   1.0307048e-02   2.0860124e-02   3.2910548e-02   3.6937769e-02   3.5499937e-02   3.1517935e-02   2.9186775e-02   2.8277381e-02
   1.7100000e+01   9.0346229e-03   8.3554194e-03   8.2703411e-03   1.1067566e-02   2.1825623e-02   3.3702422e-02   3.7179461e-02   3.5465180e-02   3.1477954e-02   2.9168594e-02   2.8270524e-02
   1.7550000e+01   9.0373285e-03   9.1091833e-03   9.0448367e-03   1.1964714e-02   2.2881169e-02   3.4513795e-02   3.7421274e-02   3.5429057e-02   3.1436889e-02   2.9149927e-02   2.8263485e-02
   1.8000000e+01   9.0431028e-03   9.8153489e-03   9.8285318e-03   1.3003181e-02   2.4026711e-02   3.5343550e-02   3.7662778e-02   3.5391535e-02   3.1394737e-02   2.9130774e-02   2.8256262e-02
   1.8450000e+01   9.2289689e-03   1.0543233e-02   1.0628088e-02   1.4188401e-02   2.5261608e-02   3.6190462e-02   3.7903539e-02   3.5352579e-02   3.1351497e-02   2.9111136e-02   2.8248856e-02
   1.8900000e+01   1.0695619e-02   1.1279631e-02   1.1455440e-02   1.5526348e-02   2.6584610e-02   3.7053197e-02   3.8143124e-02   3.5312157e-02   3.1307167e-02   2.9091011e-02   2.8241268e-02
   1.9350000e+01   1.1950027e-02   1.2013971e-02   1.2326817e-02   1.7023206e-02   2.7993854e-02   3.7930316e-02   3.8381098e-02   3.5270233e-02   3.1261747e-02   2.9070401e-02   2.8233497e-02
   1.9800000e+01   1.2727622e-02   1.2746010e-02   1.3263470e-02   1.8684932e-02   2.9486849e-02   3.8820278e-02   3.8617024e-02   3.5226773e-02   3.1215234e-02   2.9049304e-02   2.8225543e-02
   2.0250000e+01   1.3462133e-02   1.3476942e-02   1.4295000e-02   2.0516731e-02   3.1060480e-02   3.9721442e-02   3.8850465e-02   3.5181740e-02   3.1167626e-02   2.9027722e-02   2.8217405e-02
   2.0700000e+01   1.4195116e-02   1.4204993e-02   1.5466344e-02   2.2522488e-02   3.2711012e-02   4.0632069e-02   3.9080986e-02   3.5135098e-02   3.1118922e-02   2.9005653e-02   2.8209085e-02
   2.1150000e+01   1.4928920e-02   1.4913295e-02   1.6849270e-02   2.4704178e-02   3.4434100e-02   4.1550329e-02   3.9308151e-02   3.5086811e-02   3.1069121e-02   2.8983098e-02   2.8200582e-02
   2.1600000e+01   1.5663278e-02   1.5527231e-02   1.8554370e-02   2.7061320e-02   3.6224805e-02   4.2474307e-02   3.9531529e-02   3.5036841e-02   3.1018220e-02   2.8960056e-02   2.8191897e-02
   2.2050000e+01   1.6378944e-02   1.5946498e-02   2.0727207e-02   2.9590497e-02   3.8077616e-02   4.3402005e-02   3.9750687e-02   3.4985151e-02   3.0966218e-02   2.8936528e-02   2.8183028e-02
   2.2500000e+01   1.7133884e-02   1.7392189e-02   2.3505224e-02   3.2284997e-02   3.9986482e-02   4.4331350e-02   3.9965198e-02   3.4931703e-02   3.0913113e-02   2.8912514e-02   2.8173976e-02
   2.2950000e+01   2.2666088e-02   2.2210283e-02   2.6943920e-02   3.5134599e-02   4.1944839e-02   4.5260201e-02   4.0174638e-02   3.4876458e-02   3.0858903e-02   2.8888012e-02   2.8164741e-02
   2.3400000e+01   2.8234418e-02   2.8049395e-02   3.0977217e-02   3.8125535e-02   4.3945656e-02   4.6186356e-02   4.0378587e-02   3.4819377e-02   3.0803587e-02   2.8863025e-02   2.8155324e-02
   2.3850000e+01   3.3779642e-02   3.3688814e-02   3.5457244e-02   4.1240627e-02   4.5981472e-02   4.7107558e-02   4.0576628e-02   3.4760422e-02   3.0747161e-02   2.8837550e-02   2.8145723e-02
   2.4300000e+01   3.9319335e-02   3.9229313e-02   4.0227386e-02   4.4459597e-02   4.8044452e-02   4.8021507e-02   4.0768352e-02   3.4699551e-02   3.0689625e-02   2.8811588e-02   2.8135940e-02
   2.4750000e+01   4.4852827e-02   4.4746882e-02   4.5163645e-02   4.7759539e-02   5.0126433e-02   4.8925864e-02   4.0953353e-02   3.4636727e-02   3.0630976e-02   2.8785140e-02   2.8125973e-02
   2.5200000e+01   5.0397849e-02   5.0262456e-02   5.0175786e-02   5.1115510e-02   5.2218986e-02   4.9818261e-02   4.1131235e-02   3.4571908e-02   3.0571212e-02   2.8758204e-02   2.8115824e-02
   2.5650000e+01   5.6268130e-02   5.5787904e-02   5.5190866e-02   5.4501203e-02   5.4313466e-02   5.0696313e-02   4.1301604e-02   3.4505054e-02   3.0510332e-02   2.8730781e-02   2.8105492e-02
   2.6100000e+01   6.5737996e-02   6.1345898e-02   6.0134518e-02   5.7889676e-02   5.6401083e-02   5.1557623e-02   4.1464079e-02   3.4436124e-02   3.0448333e-02   2.8702871e-02   2.8094976e-02
   2.6550000e+01   7.6810150e-02   6.6986858e-02   6.4915739e-02   6.1254069e-02   5.8472955e-02   5.2399795e-02   4.1618282e-02   3.4365078e-02   3.0385213e-02   2.8674473e-02   2.8084278e-02
   2.7000000e+01   7.8213387e-02   7.2715910e-02   6.9423590e-02   6.4568291e-02   6.0520171e-02   5.3220440e-02   4.1763846e-02   3.4291874e-02   3.0320970e-02   2.8645588e-02   2.8073397e-02
   2.7450000e+01   7.8256985e-02   7.7682696e-02   7.3549914e-02   6.7807628e-02   6.2533858e-02   5.4017190e-02   4.1900414e-02   3.4216471e-02   3.0255602e-02   2.8616215e-02   2.8062333e-02
   2.7900000e+01   7.8264762e-02   8.0475055e-02   7.7235921e-02   7.0949254e-02   6.4505232e-02   5.4787705e-02   4.2027636e-02   3.4138828e-02   3.0189107e-02   2.8586355e-02   2.8051086e-02
   2.8350000e+01   7.8445869e-02   8.2575010e-02   8.0502963e-02   7.3972621e-02   6.6425664e-02   5.5529684e-02   4.2145172e-02   3.4058902e-02   3.0121481e-02   2.8556007e-02   2.8039656e-02
   2.8800000e+01   8.0678773e-02   8.4814340e-02   8.3431733e-02   7.6859724e-02   6.8286732e-02   5.6240872e-02   4.2252696e-02   3.3976654e-02   3.0052724e-02   2.8525171e-02   2.8028042e-02
   2.9250000e+01   8.6064147e-02   8.7111505e-02   8.6112944e-02   7.9595244e-02   7.0080273e-02   5.6919074e-02   4.2349887e-02   3.3892040e-02   2.9982833e-02   2.8493846e-02   2.8016246e-02
   2.9700000e+01   8.9260048e-02   8.9410812e-02   8.8614299e-02   8.2166569e-02   7.1798430e-02   5.7562161e-02   4.2436441e-02   3.3805019e-02   2.9911805e-02   2.8462034e-02   2.8004267e-02
   3.0150000e+01   9.1646600e-02   9.1706307e-02   9.0973741e-02   8.4563727e-02   7.3433702e-02   5.8168079e-02   4.2512061e-02   3.3715549e-02   2.9839638e-02   2.8429734e-02   2.7992105e-02
   3.0600000e+01   9.4145433e-02   9.4006508e-02   9.3203874e-02   8.6779232e-02   7.4978976e-02   5.8734863e-02   4.2576465e-02   3.3623589e-02   2.9766330e-02   2.8396945e-02   2.7979760e-02
   3.1050000e+01   9.8435346e-02   9.6328552e-02   9.5294961e-02   8.8807874e-02   7.6427570e-02   5.9260637e-02   4.2629382e-02   3.3529097e-02   2.9691878e-02   2.8363667e-02   2.7967232e-02
   3.1500000e+01   1.0298093e-01   9.8704548e-02   9.7214120e-02   9.0646474e-02   7.7773258e-02   5.9743628e-02   4.2670554e-02   3.3432032e-02   2.9616280e-02   2.8329901e-02   2.7954521e-02
   3.1950000e+01   1.0355251e-01   1.0114312e-01   9.8907154e-02   9.2293613e-02   7.9010297e-02   6.0182175e-02   4.2699736e-02   3.3332351e-02   2.9539534e-02   2.8295646e-02   2.7941627e-02
   3.2400000e+01   1.0357385e-01   1.0318300e-01   1.0031455e-01   9.3749354e-02   8.0133451e-02   6.0574730e-02   4.2716696e-02   3.3230013e-02   2.9461636e-02   2.8260902e-02   2.7928549e-02
   3.2850000e+01   1.0357424e-01   1.0381516e-01   1.0140335e-01   9.5014966e-02   8.1138005e-02   6.0919870e-02   4.2721215e-02   3.3124978e-02   2.9382585e-02   2.8225669e-02   2.7915289e-02
   3.3300000e+01   1.0357681e-01   1.0377111e-01   1.0219100e-01   9.6092661e-02   8.2019777e-02   6.1216303e-02   4.2713090e-02   3.3017204e-02   2.9302378e-02   2.8189948e-02   2.7901846e-02
   3.3750000e+01   1.0361779e-01   1.0377312e-01   1.0273519e-01   9.6985335e-02   8.2775130e-02   6.1462869e-02   4.2692129e-02   3.2906650e-02   2.9221012e-02   2.8153737e-02   2.7888219e-02
   3.4200000e+01   1.0377646e-01   1.0382656e-01   1.0310174e-01   9.7696340e-02   8.3400975e-02   6.1658552e-02   4.2658157e-02   3.2793275e-02   2.9138485e-02   2.8117036e-02   2.7874410e-02
   3.4650000e+01   1.0388581e-01   1.0389230e-01   1.0334105e-01   9.8229269e-02   8.3894772e-02   6.1802478e-02   4.2611011e-02   3.2677040e-02   2.9054794e-02   2.8079846e-02   2.7860418e-02
   3.5100000e+01   1.0395792e-01   1.0395971e-01   1.0348275e-01   9.8587770e-02   8.4254535e-02   6.1893921e-02   4.2550545e-02   3.2557904e-02   2.8969936e-02   2.8042166e-02   2.7846242e-02
   3.5550000e+01   1.0403236e-01   1.0402770e-01   1.0353878e-01   9.8775388e-02   8.4478823e-02   6.1932308e-02   4.2476626e-02   3.2435827e-02   2.8883909e-02   2.8003997e-02   2.7831884e-02
   3.6000000e+01   1.0416126e-01   1.0409942e-01   1.0350624e-01   9.8795436e-02   8.4566741e-02   6.1917218e-02   4.2389136e-02   3.2310770e-02   2.8796710e-02   2.7965338e-02   2.7817342e-02
   3.6450000e+01   1.0429672e-01   1.0418859e-01   1.0336739e-01   9.8650894e-02   8.4517933e-02   6.1848387e-02   4.2287973e-02   3.2182694e-02   2.8708336e-02   2.7926188e-02   2.7802617e-02
   3.6900000e+01   1.0431485e-01   1.0432298e-01   1.0309034e-01   9.8344339e-02   8.4332573e-02   6.1725705e-02   4.2173049e-02   3.2051560e-02   2.8618785e-02   2.7886549e-02   2.7787709e-02
   3.7350000e+01   1.0431563e-01   1.0435976e-01   1.0263761e-01   9.7877909e-02   8.4011361e-02   6.1549221e-02   4.2044291e-02   3.1917331e-02   2.8528054e-02   2.7846419e-02   2.7772618e-02
   3.7800000e+01   1.0431456e-01   1.0365675e-01   1.0198494e-01   9.7253293e-02   8.3555512e-02   6.1319137e-02   4.1901643e-02   3.1779967e-02   2.8436139e-02   2.7805798e-02   2.7757344e-02
   3.8250000e+01   1.0428141e-01   1.0232657e-01   1.0113753e-01   9.6471745e-02   8.2966751e-02   6.1035810e-02   4.1745060e-02   3.1639432e-02   2.8343039e-02   2.7764687e-02   2.7741887e-02
   3.8700000e+01   1.0369010e-01   1.0092919e-01   1.0012640e-01   9.5534133e-02   8.2247300e-02   6.0699751e-02   4.1574518e-02   3.1495689e-02   2.8248750e-02   2.7723085e-02   2.7726247e-02
   3.9150000e+01   1.0071454e-01   9.9569984e-02   9.8989146e-02   9.4441005e-02   8.1399871e-02   6.0311620e-02   4.1390002e-02   3.1348701e-02   2.8153270e-02   2.7680993e-02   2.7710424e-02
   3.9600000e+01   9.8383037e-02   9.8236035e-02   9.7753896e-02   9.3192685e-02   8.0427656e-02   5.9872223e-02   4.1191517e-02   3.1198433e-02   2.8056595e-02   2.7638409e-02   2.7694417e-02
   4.0050000e+01   9.6941300e-02   9.6912557e-02   9.6434137e-02   9.1789389e-02   7.9334318e-02   5.9382510e-02   4.0979080e-02   3.1044851e-02   2.7958723e-02   2.7595334e-02   2.7678228e-02
   4.0500000e+01   9.5476082e-02   9.5588599e-02   9.5028995e-02   9.0231359e-02   7.8123973e-02   5.8843567e-02   4.0752724e-02   3.0887918e-02   2.7859651e-02   2.7551767e-02   2.7661855e-02
   4.0950000e+01   9.2963145e-02   9.4257343e-02   9.3522696e-02   8.8519025e-02   7.6801186e-02   5.8256615e-02   4.0512496e-02   3.0727601e-02   2.7759376e-02   2.7507709e-02   2.7645299e-02
   4.1400000e+01   9.0230697e-02   9.2930031e-02   9.1881521e-02   8.6653166e-02   7.5370949e-02   5.7623001e-02   4.0258460e-02   3.0563867e-02   2.7657894e-02   2.7463160e-02   2.7628560e-02
   4.1850000e+01   8.9829181e-02   9.1672278e-02   9.0052524e-02   8.4635090e-02   7.3838670e-02   5.6944193e-02   3.9990690e-02   3.0396684e-02   2.7555204e-02   2.7418118e-02   2.7611638e-02
   4.2300000e+01   8.9810737e-02   9.0441966e-02   8.7973968e-02   8.2466814e-02   7.2210153e-02   5.6221772e-02   3.9709280e-02   3.0226019e-02   2.7451301e-02   2.7372585e-02   2.7594532e-02
   4.2750000e+01   8.9808499e-02   8.8320858e-02   8.5602636e-02   8.0151246e-02   7.0491575e-02   5.5457428e-02   3.9414334e-02   3.0051841e-02   2.7346183e-02   2.7326559e-02   2.7577244e-02
   4.3200000e+01   8.9745809e-02   8.4984071e-02   8.2940740e-02   7.7692351e-02   6.8689466e-02   5.4652948e-02   3.9105971e-02   2.9874120e-02   2.7239847e-02   2.7280041e-02   2.7559772e-02
   4.3650000e+01   8.8507039e-02   8.1373369e-02   8.0034442e-02   7.5095310e-02   6.6810679e-02   5.3810213e-02   3.8784324e-02   2.9692826e-02   2.7132290e-02   2.7233031e-02   2.7542117e-02
   4.4100000e+01   8.1081817e-02   7.7819778e-02   7.6945786e-02   7.2366674e-02   6.4862362e-02   5.2931185e-02   3.8449540e-02   2.9507930e-02   2.7023508e-02   2.7185528e-02   2.7524279e-02
   4.4550000e+01   7.4683057e-02   7.4329320e-02   7.3726731e-02   6.9514478e-02   6.2851925e-02   5.2017900e-02   3.8101778e-02   2.9319404e-02   2.6913500e-02   2.7137532e-02   2.7506257e-02
   4.5000000e+01   7.0870134e-02   7.0869607e-02   7.0410208e-02   6.6548361e-02   6.0787002e-02   5.1072462e-02   3.7741212e-02   2.9127222e-02   2.6802260e-02   2.7089043e-02   2.7488053e-02
   4.5450000e+01   6.7057212e-02   6.7410345e-02   6.7011958e-02   6.3479634e-02   5.8675411e-02   5.0097031e-02   3.7368028e-02   2.8931356e-02   2.6689787e-02   2.7040061e-02   2.7469665e-02
   4.5900000e+01   6.0658451e-02   6.3925384e-02   6.3533663e-02   6.0321345e-02   5.6525112e-02   4.9093815e-02   3.6982422e-02   2.8731781e-02   2.6576078e-02   2.6990585e-02   2.7451094e-02
   4.6350000e+01   5.3233231e-02   6.0406080e-02   5.9963716e-02   5.7088279e-02   5.4344159e-02   4.8065060e-02   3.6584606e-02   2.8528473e-02   2.6461128e-02   2.6940616e-02   2.7432340e-02
   4.6800000e+01   5.1994476e-02   5.6925101e-02   5.6277687e-02   5.3796932e-02   5.2140654e-02   4.7013043e-02   3.6174801e-02   2.8321408e-02   2.6344936e-02   2.6890154e-02   2.7413402e-02
   4.7250000e+01   5.1931855e-02   5.3671598e-02   5.2444692e-02   5.0465420e-02   4.9922694e-02   4.5940061e-02   3.5753240e-02   2.8110564e-02   2.6227497e-02   2.6839197e-02   2.7394281e-02
   4.7700000e+01   5.1928466e-02   5.0221720e-02   4.8443929e-02   4.7113316e-02   4.7698319e-02   4.4848425e-02   3.5320169e-02   2.7895918e-02   2.6108809e-02   2.6787747e-02   2.7374977e-02
   4.8150000e+01   5.1862266e-02   4.5767346e-02   4.4282608e-02   4.3761423e-02   4.5475459e-02   4.3740447e-02   3.4875843e-02   2.7677450e-02   2.5988868e-02   2.6735802e-02   2.7355490e-02
   4.8600000e+01   5.0424768e-02   4.0886128e-02   3.9997926e-02   4.0431466e-02   4.3261881e-02   4.2618436e-02   3.4420528e-02   2.7455140e-02   2.5867672e-02   2.6683363e-02   2.7335819e-02
   4.9050000e+01   4.0642447e-02   3.6026499e-02   3.5641857e-02   3.7145708e-02   4.1065136e-02   4.1484685e-02   3.3954500e-02   2.7228970e-02   2.5745216e-02   2.6630429e-02   2.7315965e-02
   4.9500000e+01   3.1645996e-02   3.1242658e-02   3.1265981e-02   3.3926501e-02   3.8892503e-02   4.0341467e-02   3.3478043e-02   2.6998922e-02   2.5621499e-02   2.6577000e-02   2.7295928e-02
   4.9950000e+01   2.6400436e-02   2.6501849e-02   2.6917613e-02   3.0795779e-02   3.6750946e-02   3.9191025e-02   3.2991454e-02   2.6764979e-02   2.5496515e-02   2.6523077e-02   2.7275708e-02
   5.0400000e+01   2.1238940e-02   2.1764483e-02   2.2645597e-02   2.7774523e-02   3.4647059e-02   3.8035567e-02   3.2495036e-02   2.6527126e-02   2.5370263e-02   2.6468658e-02   2.7255304e-02
   5.0850000e+01   1.2892041e-02   1.6989613e-02   1.8511596e-02   2.4882213e-02   3.2587030e-02   3.6877257e-02   3.1989101e-02   2.6285348e-02   2.5242739e-02   2.6413744e-02   2.7234717e-02
   5.1300000e+01   2.2393667e-03   1.2125762e-02   1.4604262e-02   2.2136296e-02   3.0576595e-02   3.5718206e-02   3.1473970e-02   2.6039632e-02   2.5113940e-02   2.6358335e-02   2.7213946e-02
   5.1750000e+01   1.2243408e-04   7.1312952e-03   1.1048846e-02   1.9551709e-02   2.8621005e-02   3.4560472e-02   3.0949970e-02   2.5789965e-02   2.4983863e-02   2.6302429e-02   2.7192993e-02
   5.2200000e+01   3.7676879e-06   2.3785619e-03   7.9932913e-03   1.7140476e-02   2.6724998e-02   3.3406050e-02   3.0417435e-02   2.5536337e-02   2.4852503e-02   2.6246028e-02   2.7171855e-02
   5.2650000e+01  -1.2253494e-07  -2.1566624e-04   5.5547340e-03   1.4911412e-02   2.4892776e-02   3.2256869e-02   2.9876709e-02   2.5278738e-02   2.4719858e-02   2.6189131e-02   2.7150535e-02
   5.3100000e+01  -3.9980682e-08  -3.0508107e-04   3.7537885e-03   1.2869952e-02   2.3127982e-02   3.1114784e-02   2.9328139e-02   2.5017159e-02   2.4585925e-02   2.6131737e-02   2.7129031e-02
   5.3550000e+01  -4.8444517e-09  -8.0806020e-05   2.5021636e-03   1.1018112e-02   2.1433694e-02   2.9981575e-02   2.8772079e-02   2.4751591e-02   2.4450701e-02   2.6073847e-02   2.7107344e-02
   5.4000000e+01  -1.8968150e-10  -1.2051993e-05   1.6582412e-03   9.3545913e-03   1.9812421e-02   2.8858943e-02   2.8208888e-02   2.4482029e-02   2.4314181e-02   2.6015461e-02   2.7085473e-02
   5.4450000e+01  -1.4762754e-12  -6.8336964e-08   1.0909794e-03   7.8749990e-03   1.8266098e-02   2.7748506e-02   2.7638931e-02   2.4208468e-02   2.4176363e-02   2.5956577e-02   2.7063419e-02
   5.4900000e+01   1.7944883e-15   7.9381946e-07   7.0675902e-04   6.5721934e-03   1.6796102e-02   2.6651795e-02   2.7062575e-02   2.3930902e-02   2.4037243e-02   2.5897196e-02   2.7041182e-02
   5.5350000e+01   5.6980635e-16   4.0275057e-07   4.4593312e-04   5.4367041e-03   1.5403260e-02   2.5570254e-02   2.6480194e-02   2.3649330e-02   2.3896818e-02   2.5837318e-02   2.7018761e-02
   5.5800000e+01   2.6062162e-17   1.4760906e-07   2.7089021e-04   4.4572115e-03   1.4087872e-02   2.4505238e-02   2.5892165e-02   2.3363750e-02   2.3755085e-02   2.5776942e-02   2.6996156e-02
   5.6250000e+01   3.6694316e-19   4.5130266e-08   1.5663795e-04   3.6210520e-03   1.2849735e-02   2.3458009e-02   2.5298866e-02   2.3074160e-02   2.3612041e-02   2.5716069e-02   2.6973369e-02
   5.6700000e+01   1.4690982e-21   1.1073958e-08   8.5385411e-05   2.9147214e-03   1.1688171e-02   2.2429740e-02   2.4700679e-02   2.2780563e-02   2.3467681e-02   2.5654698e-02   2.6950398e-02
   5.7150000e+01   3.2823155e-24   1.5874377e-09   4.3714388e-05   2.3243509e-03   1.0602063e-02   2.1421510e-02   2.4097988e-02   2.2482959e-02   2.3322003e-02   2.5592828e-02   2.6927243e-02
   5.7600000e+01  -4.1468680e-27  -5.0241810e-11   2.1199361e-05   1.8361358e-03   9.5898929e-03   2.0434305e-02   2.3491180e-02   2.2181353e-02   2.3175004e-02   2.5530460e-02   2.6903905e-02
   5.8050000e+01  -1.2333377e-28  -3.4842428e-11   9.9705309e-06   1.4367016e-03   8.6497762e-03   1.9469022e-02   2.2880642e-02   2.1875748e-02   2.3026680e-02   2.5467594e-02   2.6880383e-02
   5.8500000e+01  -1.0205904e-30  -3.8736586e-12   4.6843151e-06   1.1133993e-03   7.7795085e-03   1.8526466e-02   2.2266760e-02   2.1566151e-02   2.2877028e-02   2.5404229e-02   2.6856678e-02
   5.8950000e+01  -2.5902816e-33  -2.6996128e-13   2.2371995e-06   8.5452563e-04   6.9766060e-03   1.7607350e-02   2.1649925e-02   2.1252568e-02   2.2726044e-02   2.5340364e-02   2.6832790e-02
   5.9400000e+01  -1.2937065e-36  -1.0706253e-14   1.0819307e-06   6.4946979e-04   6.2383492e-03   1.6712301e-02   2.1030523e-02   2.0935008e-02   2.2573725e-02   2.5276001e-02   2.6808718e-02
   5.9850000e+01  -1.6362995e-40   5.7585818e-16   5.2034585e-07   4.8879299e-04   5.5618264e-03   1.5841860e-02   2.0408942e-02   2.0613479e-02   2.2420068e-02   2.5211138e-02   2.6784462e-02
   6.0300000e+01   9.7862565e-43   2.0856736e-16   2.4376787e-07   3.6424846e-04   4.9439751e-03   1.4996480e-02   1.9785570e-02   2.0287994e-02   2.2265070e-02   2.5145776e-02   2.6760023e-02
   6.0750000e+01   3.3030746e-45   3.3601456e-17   1.0922773e-07   2.6875333e-04   4.3816239e-03   1.4176536e-02   1.9160791e-02   1.9958563e-02   2.2108726e-02   2.5079913e-02   2.6735400e-02
   6.1200000e+01   4.2711539e-48   4.2144221e-18   4.6089715e-08   1.9632330e-04   3.8715304e-03   1.3382319e-02   1.8534988e-02   1.9625201e-02   2.1951035e-02   2.5013551e-02   2.6710594e-02
   6.1650000e+01   1.3676659e-51   4.2250271e-19   1.8082288e-08   1.4198158e-04   3.4104186e-03   1.2614047e-02   1.7908543e-02   1.9287921e-02   2.1791992e-02   2.4946688e-02   2.6685604e-02
   6.2100000e+01   2.1964907e-55   2.6238941e-20   6.5558870e-09   1.0165210e-04   2.9950119e-03   1.1871859e-02   1.7281834e-02   1.8946740e-02   2.1631595e-02   2.4879324e-02   2.6660431e-02
   6.2550000e+01  -7.9048783e-60  -1.4643381e-22   2.2165665e-09   7.2045772e-05   2.6220648e-03   1.1155828e-02   1.6655237e-02   1.8601674e-02   2.1469840e-02   2.4811460e-02   2.6635074e-02
   6.3000000e+01  -2.8725292e-62  -8.4915916e-23   7.2150594e-10   5.0546768e-05   2.2883895e-03   1.0465954e-02   1.6029123e-02   1.8252742e-02   2.1306723e-02   2.4743095e-02   2.6609534e-02
   6.3450000e+01  -1.5941758e-65  -3.8224282e-24   2.3697932e-10   3.5104052e-05   1.9908807e-03   9.8021743e-03   1.5403861e-02   1.7899964e-02   2.1142242e-02   2.4674228e-02   2.6583810e-02
   6.3900000e+01  -2.3026590e-69  -1.0829597e-25   8.1152592e-11   2.4131672e-05   1.7265358e-03   9.1643656e-03   1.4779814e-02   1.7543360e-02   2.0976393e-02   2.4604860e-02   2.6557902e-02
   6.4350000e+01  -6.5199365e-74  -2.0415434e-27   2.8839283e-11   1.6419966e-05   1.4924728e-03   8.5523447e-03   1.4157342e-02   1.7182952e-02   2.0809173e-02   2.4534991e-02   2.6531811e-02
   6.4800000e+01  -8.0778072e-79   3.2422728e-30   1.0313550e-11   1.1058630e-05   1.2859437e-03   7.9658743e-03   1.3536799e-02   1.6818763e-02   2.0640579e-02   2.4464619e-02   2.6505536e-02
   6.5250000e+01   1.0996653e-82   2.9745485e-30   3.5922085e-12   7.3716630e-06   1.1043456e-03   7.4046657e-03   1.2918534e-02   1.6450819e-02   2.0470608e-02   2.4393745e-02   2.6479077e-02
   6.5700000e+01   2.8638810e-86   2.0714924e-31   1.1885977e-12   4.8635930e-06   9.4522820e-04   6.8683823e-03   1.2302891e-02   1.6079145e-02   2.0299255e-02   2.4322369e-02   2.6452435e-02
   6.6150000e+01   5.7393957e-90   1.0510371e-32   3.6667784e-13   3.1759301e-06   8.0629883e-04   6.3566434e-03   1.1690207e-02   1.5703767e-02   2.0126519e-02   2.4250490e-02   2.6425609e-02
   6.6600000e+01   1.0051723e-93   4.2666646e-34   1.0387122e-13   2.0525941e-06   6.8542467e-04   5.8690270e-03   1.1080813e-02   1.5324715e-02   1.9952396e-02   2.4178108e-02   2.6398600e-02
   6.7050000e+01   1.3119293e-97   1.1363388e-35   2.6765308e-14   1.3129619e-06   5.8063283e-04   5.4050739e-03   1.0475035e-02   1.4942017e-02   1.9776882e-02   2.4105223e-02   2.6371406e-02
   6.7500000e+01  2.2955480e-107   1.0931450e-38   6.3110367e-15   8.3122468e-07   4.9010829e-04   4.9642908e-03   9.8731909e-03   1.4555704e-02   1.9599975e-02   2.4031835e-02   2.6344030e-02
   6.7950000e+01 -3.6594929e-107  -5.0808671e-39   1.4102695e-15   5.2083924e-07   4.1219017e-04   4.5461534e-03   9.2755906e-03   1.4165807e-02   1.9421672e-02   2.3957943e-02   2.6316469e-02
   6.8400000e+01 -7.8202318e-113  -9.2265441e-41   3.1869774e-16   3.2300584e-07   3.4536654e-04   4.1501101e-03   8.6825382e-03   1.3772360e-02   1.9241968e-02   2.3883547e-02   2.6288725e-02
   6.8850000e+01 -1.2441673e-118  -1.0396234e-42   7.7170505e-17   1.9826267e-07   2.8826801e-04   3.7755849e-03   8.0943299e-03   1.3375398e-02   1.9060862e-02   2.3808648e-02   2.6260796e-02
   6.9300000e+01 -1.7111594e-124  -8.2910082e-45   2.0048171e-17   1.2044737e-07   2.3966048e-04   3.4219805e-03   7.5112539e-03   1.2974954e-02   1.8878350e-02   2.3733243e-02   2.6232685e-02
   6.9750000e+01 -1.5310945e-130  -1.7938844e-47   5.3342962e-18   7.2423619e-08   1.9843714e-04   3.0886816e-03   6.9335904e-03   1.2571065e-02   1.8694429e-02   2.3657334e-02   2.6204389e-02
   7.0200000e+01  8.3473307e-136   1.1259290e-48   1.3842530e-18   4.3101152e-08   1.6361008e-04   2.7750573e-03   6.3616116e-03   1.2163770e-02   1.8509096e-02   2.3580921e-02   2.6175909e-02
   7.0650000e+01  1.4555085e-140   3.3936159e-50   3.3910039e-19   2.5387553e-08   1.3430163e-04   2.4804646e-03   5.7955812e-03   1.1753106e-02   1.8322347e-02   2.3504002e-02   2.6147246e-02
   7.1100000e+01  1.4133760e-145   6.8528863e-52   7.6782328e-20   1.4800349e-08   1.0973568e-04   2.2042505e-03   5.2357544e-03   1.1339113e-02   1.8134181e-02   2.3426578e-02   2.6118399e-02
   7.1550000e+01  2.7291080e-151   1.0898951e-53   1.5810836e-20   8.5395748e-09   8.9228972e-05   1.9457548e-03   4.6823776e-03   1.0921833e-02   1.7944593e-02   2.3348648e-02   2.6089369e-02
   7.2000000e+01  1.3751915e-157   1.1636169e-55   2.9267657e-21   4.8764704e-09   7.2182745e-05   1.7043128e-03   4.1356885e-03   1.0501307e-02   1.7753581e-02   2.3270212e-02   2.6060154e-02
   7.2450000e+01  1.1005232e-164   1.8313814e-58   4.8808430e-22   2.7559369e-09   5.8074562e-05   1.4792574e-03   3.5959158e-03   1.0077578e-02   1.7561142e-02   2.3191270e-02   2.6030756e-02
   7.2900000e+01 -8.1230731e-170  -6.9919793e-60   7.5818328e-23   1.5413912e-09   4.6450593e-05   1.2699212e-03   3.0632790e-03   9.6506899e-03   1.7367273e-02   2.3111822e-02   2.6001173e-02
   7.3350000e+01 -1.4163499e-175  -5.4965777e-62   1.1837780e-23   8.5313328e-10   3.6918321e-05   1.0756390e-03   2.5379886e-03   9.2206881e-03   1.7171971e-02   2.3031867e-02   2.5971407e-02
   7.3800000e+01 -1.2355457e-181  -2.5168157e-64   2.0201139e-24   4.6725558e-10   2.9139728e-05   8.9574963e-04   2.0202459e-03   8.7876184e-03   1.6975233e-02   2.2951405e-02   2.5941457e-02
   7.4250000e+01 -2.6440599e-188  -8.2696233e-67   3.8193799e-25   2.5321475e-10   2.2824998e-05   7.2959748e-04   1.5102426e-03   8.3515279e-03   1.6777056e-02   2.2870436e-02   2.5911323e-02
   7.4700000e+01 -1.9205949e-195  -1.1768627e-69   7.5283121e-26   1.3575949e-10   1.7726716e-05   5.7653461e-04   1.0081613e-03   7.9124647e-03   1.6577438e-02   2.2788959e-02   2.5881005e-02
   7.5150000e+01  3.5120778e-202   1.1286897e-71   1.4485452e-26   7.1999609e-11   1.3634599e-05   4.3592218e-04   5.1417501e-04   7.4704778e-03   1.6376375e-02   2.2706975e-02   2.5850504e-02
   7.5600000e+01  4.2072274e-208   1.4905538e-73   2.6145134e-27   3.7763940e-11   1.0370709e-05   3.0713190e-04   2.8447485e-05   7.0256170e-03   1.6173865e-02   2.2624483e-02   2.5819818e-02
   7.6050000e+01  2.2892713e-214   1.1906745e-75   4.3275990e-28   1.9583460e-11   7.7851565e-06   1.8954736e-04  -4.4886710e-04   6.5779333e-03   1.5969906e-02   2.2541483e-02   2.5788949e-02
   7.6500000e+01  2.5158406e-221   7.3752495e-78   6.4600593e-29   1.0036998e-11   5.7522584e-06   8.2565253e-05  -9.1762400e-04   6.1274783e-03   1.5764493e-02   2.2457974e-02   2.5757895e-02
   7.6950000e+01  8.5233268e-229   3.1413458e-80   8.5804820e-30   5.0816485e-12   4.1671222e-06  -1.4403579e-05  -1.3776879e-03   5.6743048e-03   1.5557625e-02   2.2373956e-02   2.5726658e-02
   7.7400000e+01  8.3512078e-237   3.2226662e-83   1.0117340e-30   2.5398345e-12   2.9426287e-06  -1.0193316e-04  -1.8289328e-03   5.2184663e-03   1.5349299e-02   2.2289429e-02   2.5695236e-02
   7.7850000e+01 -1.7322229e-243  -2.5619645e-85   1.0899440e-31   1.2520599e-12   2.0067808e-06  -1.8058157e-04  -2.2712423e-03   4.7600170e-03   1.5139512e-02   2.2204393e-02   2.5663631e-02
   7.8300000e+01 -2.1827699e-250  -8.8384165e-88   1.1662893e-32   6.0806987e-13   1.3003863e-06  -2.5089019e-04  -2.7045091e-03   4.2990123e-03   1.4928262e-02   2.2118848e-02   2.5631841e-02
   7.8750000e+01 -1.5254274e-257  -1.6397170e-90   1.3899098e-33   2.9046891e-13   7.7504274e-07  -3.1338314e-04  -3.1286352e-03   3.8355080e-03   1.4715546e-02   2.2032792e-02   2.5599868e-02
   7.9200000e+01 -2.9996778e-265  -2.1850223e-93   1.9097878e-34   1.3617956e-13   3.9139507e-07  -3.6856671e-04  -3.5435319e-03   3.3695610e-03   1.4501361e-02   2.1946227e-02   2.5567710e-02
   7.9650000e+01 -1.6284155e-273  -1.5426024e-96   2.7982845e-35   6.2466211e-14   1.1763567e-07  -4.1692903e-04  -3.9491194e-03   2.9012289e-03   1.4285705e-02   2.1859151e-02   2.5535369e-02
   8.0100000e+01  1.0065623e-281   2.9674960e-99   4.0049058e-36   2.7907967e-14  -7.1779323e-08  -4.5893971e-04  -4.3453273e-03   2.4305698e-03   1.4068576e-02   2.1771564e-02   2.5502843e-02
   8.0550000e+01  9.2672314e-289  1.7895352e-101   5.3359660e-37   1.2059293e-14  -1.9722350e-07  -4.9504964e-04  -4.7320936e-03   1.9576429e-03   1.3849971e-02   2.1683466e-02   2.5470134e-02
   8.1000000e+01  3.1038740e-296  5.6809191e-104   6.4639580e-38   4.9818722e-15  -2.7482661e-07  -5.2569090e-04  -5.1093654e-03   1.4825078e-03   1.3629887e-02   2.1594857e-02   2.5437240e-02
   8.1450000e+01  2.1986130e-304  1.3763370e-106   6.9998285e-39   1.9261191e-15  -3.1725537e-07  -5.5127666e-04  -5.4770985e-03   1.0052249e-03   1.3408323e-02   2.1505737e-02   2.5404162e-02
   8.1900000e+01  5.0812817e-313  2.3460222e-109   6.6651687e-40   6.6541846e-16  -3.3436793e-07  -5.7220129e-04  -5.8352570e-03   5.2585524e-04   1.3185276e-02   2.1416105e-02   2.5370900e-02
   8.2350000e+01  7.8062372e-322  1.2857088e-112   5.5142570e-41   1.7909335e-16  -3.3375956e-07  -5.8884038e-04  -6.1838135e-03   4.4460558e-05   1.2960743e-02   2.1325960e-02   2.5337454e-02
   8.2800000e+01   0.0000000e+00 -2.5327033e-115   3.9970146e-42   1.1802444e-17  -3.2121482e-07  -6.0155099e-04  -6.5227491e-03  -4.3889689e-04   1.2734722e-02   2.1235304e-02   2.5303824e-02
   8.3250000e+01   0.0000000e+00 -3.8871592e-118   2.6942095e-43  -3.2710252e-17  -3.0108031e-07  -6.1067183e-04  -6.8520526e-03  -9.2415422e-04   1.2507212e-02   2.1144134e-02   2.5270010e-02
   8.3700000e+01   0.0000000e+00 -2.9143264e-121   1.9329932e-44  -3.5180600e-17  -2.7656985e-07  -6.1652357e-04  -7.1717209e-03  -1.4112480e-03   1.2278209e-02   2.1052452e-02   2.5236011e-02
   8.4150000e+01   0.0000000e+00 -1.5597950e-124   1.6579432e-45  -2.6601359e-17  -2.5001288e-07  -6.1940920e-04  -7.4817587e-03  -1.9001142e-03   1.2047712e-02   2.0960256e-02   2.5201828e-02
   8.4600000e+01   0.0000000e+00 -4.9577361e-128   1.5884948e-46  -1.7533930e-17  -2.2305522e-07  -6.1961437e-04  -7.7821782e-03  -2.3906884e-03   1.1815719e-02   2.0867547e-02   2.5167461e-02
   8.5050000e+01   0.0000000e+00  1.9809470e-131   1.4256179e-47  -1.0717394e-17  -1.9682022e-07  -6.1740784e-04  -8.0729990e-03  -2.8829054e-03   1.1582227e-02   2.0774324e-02   2.5132910e-02
   8.5500000e+01   0.0000000e+00  5.8911273e-134   9.6144314e-49  -6.2389366e-18  -1.7203703e-07  -6.1304194e-04  -8.3542480e-03  -3.3767000e-03   1.1347235e-02   2.0680587e-02   2.5098175e-02
   8.5950000e+01   0.0000000e+00  7.4830709e-137   9.7339689e-51  -3.5078080e-18  -1.4914207e-07  -6.0675304e-04  -8.6259590e-03  -3.8720061e-03   1.1110740e-02   2.0586336e-02   2.5063255e-02
   8.6400000e+01   0.0000000e+00  7.1655827e-140  -1.1797124e-50  -1.9208531e-18  -1.2835831e-07  -5.9876209e-04  -8.8881727e-03  -4.3687573e-03   1.0872740e-02   2.0491569e-02   2.5028152e-02
   8.6850000e+01   0.0000000e+00  5.0988096e-143  -2.8284694e-51  -1.0300115e-18  -1.0975682e-07  -5.8927512e-04  -9.1409364e-03  -4.8668869e-03   1.0633235e-02   2.0396288e-02   2.4992864e-02
   8.7300000e+01   0.0000000e+00  1.5715849e-146  -4.7788827e-52  -5.4288882e-19  -9.3303914e-08  -5.7848382e-04  -9.3843039e-03  -5.3663278e-03   1.0392221e-02   2.0300492e-02   2.4957391e-02
   8.7750000e+01   0.0000000e+00 -2.2621611e-149  -6.9489013e-53  -2.8202491e-19  -7.8896857e-08  -5.6656609e-04  -9.6183350e-03  -5.8670125e-03   1.0149697e-02   2.0204180e-02   2.4921735e-02
   8.8200000e+01   0.0000000e+00 -4.4645757e-152  -9.2537822e-54  -1.4470056e-19  -6.6390438e-08  -5.5368661e-04  -9.8430957e-03  -6.3688732e-03   9.9056612e-03   2.0107352e-02   2.4885894e-02
   8.8650000e+01   0.0000000e+00 -4.3949635e-155  -1.1609913e-54  -7.3444849e-20  -5.5616465e-08  -5.3999745e-04  -1.0058658e-02  -6.8718416e-03   9.6601119e-03   2.0010008e-02   2.4849868e-02
   8.9100000e+01   0.0000000e+00 -3.2209169e-158  -1.3934974e-55  -3.6925313e-20  -4.6397705e-08  -5.2563861e-04  -1.0265098e-02  -7.3758495e-03   9.4130474e-03   1.9912148e-02   2.4813659e-02
   8.9550000e+01   0.0000000e+00 -2.0351543e-161  -1.6145929e-56  -1.8408586e-20  -3.8557576e-08  -5.1073860e-04  -1.0462500e-02  -7.8808280e-03   9.1644661e-03   1.9813770e-02   2.4777265e-02
   9.0000000e+01   0.0000000e+00 -1.1901707e-164  -1.8156165e-57  -9.1082521e-21  -3.1926607e-08  -4.9541506e-04  -1.0650951e-02  -8.3867084e-03   8.9143663e-03   1.9714876e-02   2.4740686e-02
