  -9.0000000e+01   0.0000000e+00 -5.2235538e-129  -9.1658096e-46  -2.1597762e-17  -9.2914082e-08  -1.7075826e-04  -4.9638671e-03  -1.2723363e-02  -3.9798458e-04   1.5965200e-02   2.3483283e-02
  -8.9550000e+01   0.0000000e+00 -3.4436688e-126  -5.8529820e-45  -3.8836921e-17  -1.0756486e-07  -1.7465447e-04  -4.9175647e-03  -1.2377654e-02  -7.2276912e-05   1.6107008e-02   2.3534795e-02
  -8.9100000e+01   0.0000000e+00 -2.1011865e-123  -3.6257399e-44  -6.9284913e-17  -1.2404302e-07  -1.7835711e-04  -4.8673497e-03  -1.2029819e-02   2.5231166e-04   1.6248122e-02   2.3586049e-02
  -8.8650000e+01   0.0000000e+00 -1.1053094e-120  -2.1664920e-43  -1.2250760e-16  -1.4244843e-07  -1.8183164e-04  -4.8131251e-03  -1.1679892e-02   5.7577266e-04   1.6388543e-02   2.3637045e-02
  -8.8200000e+01   0.0000000e+00 -4.3279911e-118  -1.2366483e-42  -2.1443650e-16  -1.6284600e-07  -1.8504064e-04  -4.7547939e-03  -1.1327907e-02   8.9809770e-04   1.6528271e-02   2.3687784e-02
  -8.7750000e+01   0.0000000e+00 -8.4434226e-116  -6.6302012e-42  -3.7102432e-16  -1.8524945e-07  -1.8794365e-04  -4.6922588e-03  -1.0973900e-02   1.2192784e-03   1.6667305e-02   2.3738266e-02
  -8.7300000e+01   0.0000000e+00  2.2773033e-113  -3.2324084e-41  -6.3337027e-16  -2.0960072e-07  -1.9049706e-04  -4.6254225e-03  -1.0617905e-02   1.5393064e-03   1.6805644e-02   2.3788489e-02
  -8.6850000e+01  5.5525285e-314  2.8427090e-110  -1.3278164e-40  -1.0641370e-15  -2.3574425e-07  -1.9265387e-04  -4.5541878e-03  -1.0259957e-02   1.8581736e-03   1.6943289e-02   2.3838455e-02
  -8.6400000e+01  2.2366910e-305  1.5419147e-107  -3.4432921e-40  -1.7537821e-15  -2.6339521e-07  -1.9436353e-04  -4.4784577e-03  -9.9000941e-03   2.1758716e-03   1.7080239e-02   2.3888163e-02
  -8.5950000e+01  2.9796435e-297  6.2284499e-105   9.7387946e-40  -2.8218931e-15  -2.9210047e-07  -1.9557181e-04  -4.3981353e-03  -9.5383519e-03   2.4923922e-03   1.7216494e-02   2.3937614e-02
  -8.5500000e+01  8.8503448e-290  1.9089975e-102   2.4304282e-38  -4.4015839e-15  -3.2119119e-07  -1.9622056e-04  -4.3131244e-03  -9.1747677e-03   2.8077275e-03   1.7352054e-02   2.3986807e-02
  -8.5050000e+01  6.8687506e-283  2.6564295e-100   2.4689711e-37  -6.5792568e-15  -3.4972568e-07  -1.9624753e-04  -4.2233287e-03  -8.8093794e-03   3.1218692e-03   1.7486918e-02   2.4035742e-02
  -8.4600000e+01 -2.2469867e-274  -2.1985779e-97   2.0101508e-36  -9.2299772e-15  -3.7642097e-07  -1.9558622e-04  -4.1286531e-03  -8.4422250e-03   3.4348093e-03   1.7621087e-02   2.4084420e-02
  -8.4150000e+01 -3.7316048e-266  -2.7534047e-94   1.5491651e-35  -1.1625152e-14  -3.9957150e-07  -1.9416565e-04  -4.0290027e-03  -8.0733433e-03   3.7465400e-03   1.7754559e-02   2.4132840e-02
  -8.3700000e+01 -1.5330442e-258  -1.9969406e-91   1.2848786e-34  -1.1566469e-14  -4.1695319e-07  -1.9191015e-04  -3.9242835e-03  -7.7027732e-03   4.0570532e-03   1.7887335e-02   2.4181002e-02
  -8.3250000e+01 -1.9403718e-251  -1.0290711e-88   1.2116289e-33  -3.5682543e-15  -4.2571091e-07  -1.8873921e-04  -3.8144024e-03  -7.3305542e-03   4.3663411e-03   1.8019414e-02   2.4228907e-02
  -8.2800000e+01 -1.3528041e-244  -2.5805085e-86   1.2084662e-32   2.4819028e-14  -4.2222737e-07  -1.8456723e-04  -3.6992674e-03  -6.9567264e-03   4.6743958e-03   1.8150796e-02   2.4276554e-02
  -8.2350000e+01  1.1406047e-237   5.1363864e-84   1.1450581e-31   1.0023324e-13  -4.0197137e-07  -1.7930336e-04  -3.5787875e-03  -6.5813302e-03   4.9812096e-03   1.8281481e-02   2.4323943e-02
  -8.1900000e+01  8.0670115e-230   3.5914418e-81   9.7072149e-31   2.7736346e-13  -3.5932301e-07  -1.7285127e-04  -3.4528730e-03  -6.2044063e-03   5.2867748e-03   1.8411468e-02   2.4371074e-02
  -8.1450000e+01  2.2308604e-222   8.1315549e-79   7.2574500e-30   6.6501644e-13  -2.8737377e-07  -1.6510896e-04  -3.3214355e-03  -5.8259960e-03   5.5910836e-03   1.8540758e-02   2.4417948e-02
  -8.1000000e+01  2.0133150e-215   1.2989820e-76   4.8242004e-29   1.4742621e-12  -1.7769905e-07  -1.5596856e-04  -3.1843880e-03  -5.4461409e-03   5.8941284e-03   1.8669350e-02   2.4464564e-02
  -8.0550000e+01  3.8475243e-209   1.5950542e-74   2.8952662e-28   3.1059378e-12  -2.0100814e-08  -1.4531611e-04  -3.0416454e-03  -5.0648830e-03   6.1959018e-03   1.8797243e-02   2.4510922e-02
  -8.0100000e+01  2.7426288e-203   1.0830308e-72   1.5966355e-27   6.3073450e-12   1.9768183e-07  -1.3303141e-04  -2.8931241e-03  -4.6822648e-03   6.4963960e-03   1.8924438e-02   2.4557022e-02
  -7.9650000e+01 -2.6664109e-196  -1.7901504e-70   8.2871996e-27   1.2448963e-11   4.9029648e-07  -1.1898778e-04  -2.7387423e-03  -4.2983290e-03   6.7956038e-03   1.9050934e-02   2.4602865e-02
  -7.9200000e+01 -3.1588908e-189  -1.0421994e-67   4.2236827e-26   2.4006642e-11   8.7513766e-07  -1.0305191e-04  -2.5784204e-03  -3.9131188e-03   7.0935176e-03   1.9176731e-02   2.4648449e-02
  -7.8750000e+01 -1.0272203e-182  -3.0493366e-65   2.2602537e-25   4.5391080e-11   1.3727454e-06  -8.5083626e-05  -2.4120808e-03  -3.5266776e-03   7.3901301e-03   1.9301829e-02   2.4693776e-02
  -7.8300000e+01 -9.3945339e-177  -6.3595513e-63   1.3419275e-24   8.4356749e-11   2.0072436e-06  -6.4935782e-05  -2.2396482e-03  -3.1390493e-03   7.6854339e-03   1.9426228e-02   2.4738845e-02
  -7.7850000e+01 -4.7636304e-171  -7.0988717e-61   8.6377588e-24   1.5436527e-10   2.8068205e-06  -4.2454033e-05  -2.0610496e-03  -2.7502781e-03   7.9794219e-03   1.9549926e-02   2.4783657e-02
  -7.7400000e+01  1.4725479e-165   3.5384143e-59   5.5354782e-23   2.7850049e-10   3.8042501e-06  -1.7476702e-05  -1.8762146e-03  -2.3604086e-03   8.2720867e-03   1.9672925e-02   2.4828210e-02
  -7.6950000e+01  9.5872679e-159   1.3117712e-56   3.2890207e-22   4.9587352e-10   5.0374579e-06   1.0165376e-05  -1.6850755e-03  -1.9694854e-03   8.5634213e-03   1.9795223e-02   2.4872506e-02
  -7.6500000e+01  1.8085933e-152   1.1887383e-54   1.7599235e-21   8.7196979e-10   6.5501286e-06   4.0648996e-05  -1.4875673e-03  -1.5775537e-03   8.8534186e-03   1.9916821e-02   2.4916544e-02
  -7.6050000e+01  1.0520554e-146   7.4347261e-53   8.4794870e-21   1.5151538e-09   8.3923566e-06   7.4158711e-05  -1.2836279e-03  -1.1846589e-03   9.1420714e-03   2.0037718e-02   2.4960324e-02
  -7.5600000e+01  1.2375801e-141   3.6358882e-51   3.7238589e-20   2.6026603e-09   1.0621337e-05   1.1088694e-04  -1.0731983e-03  -7.9084681e-04   9.4293728e-03   2.0157914e-02   2.5003846e-02
  -7.5150000e+01  6.7494243e-137   1.1252340e-49   1.5156363e-19   4.4209952e-09   1.3302096e-05   1.5103409e-04  -8.5622277e-04  -3.9616325e-04   9.7153158e-03   2.0277409e-02   2.5047110e-02
  -7.4700000e+01 -2.1833151e-131  -3.2864125e-48   5.8439951e-19   7.4279161e-09   1.6508259e-05   1.9480859e-04  -6.3264885e-04  -6.5447617e-07   9.9998936e-03   2.0396202e-02   2.5090117e-02
  -7.4250000e+01 -1.9466914e-125  -1.0459339e-45   2.2083592e-18   1.2346252e-08   2.0322844e-05   2.4242703e-04  -4.0242751e-04   3.9563305e-04   1.0283099e-02   2.0514294e-02   2.5132865e-02
  -7.3800000e+01 -5.8196439e-120  -1.2523450e-43   8.5865096e-18   2.0304004e-08   2.4839096e-05   2.9411413e-04  -1.6551337e-04   7.9265263e-04   1.0564926e-02   2.0631684e-02   2.5175356e-02
  -7.3350000e+01 -4.2642140e-115  -1.0612410e-41   3.5802830e-17   3.3040680e-08   3.0161327e-05   3.5010285e-04   7.8135264e-05   1.1903573e-03   1.0845367e-02   2.0748372e-02   2.5217589e-02
  -7.2900000e+01 -1.5628585e-110  -5.2039877e-40   1.5872407e-16   5.3206937e-08   3.6405787e-05   4.1063433e-04   3.2855620e-04   1.5887001e-03   1.1124416e-02   2.0864358e-02   2.5259564e-02
  -7.2450000e+01  1.3596459e-106   5.5651190e-39   7.0507989e-16   8.4793501e-08   4.3701530e-05   4.7595789e-04   5.8578327e-04   1.9876334e-03   1.1402066e-02   2.0979641e-02   2.5301281e-02
  -7.2000000e+01  1.0820183e-100   1.3121532e-36   2.9533622e-15   1.3373623e-07   5.2191288e-05   5.4633102e-04   8.4984620e-04   2.3871099e-03   1.1678310e-02   2.1094221e-02   2.5342740e-02
  -7.1550000e+01   1.3723987e-95   4.7451863e-35   1.1311446e-14   2.0875691e-07   6.2032333e-05   6.2201927e-04   1.1207705e-03   2.7870819e-03   1.1953143e-02   2.1208098e-02   2.5383941e-02
  -7.1100000e+01   4.5437437e-91   1.1579021e-33   3.9464446e-14   3.2251367e-07   7.3397324e-05   7.0329620e-04   1.3985772e-03   3.1875014e-03   1.2226557e-02   2.1321272e-02   2.5424884e-02
  -7.0650000e+01   2.9953096e-87   2.2486683e-32   1.2669221e-13   4.9315004e-07   8.6475122e-05   7.9044322e-04   1.6832829e-03   3.5883205e-03   1.2498546e-02   2.1433742e-02   2.5465569e-02
  -7.0200000e+01   1.1209028e-83   3.0640867e-31   3.8005799e-13   7.4634644e-07   1.0147158e-04   8.8374945e-04   1.9748998e-03   3.9894909e-03   1.2769103e-02   2.1545509e-02   2.5505997e-02
  -6.9750000e+01  -1.1623058e-79  -6.6096531e-31   1.0862509e-12   1.1179898e-06   1.1861029e-04   9.8351157e-04   2.2734352e-03   4.3909645e-03   1.3038224e-02   2.1656572e-02   2.5546166e-02
  -6.9300000e+01  -8.5908143e-75  -2.6707398e-28   3.0371055e-12   1.6575842e-06   1.3813325e-04   1.0900335e-03   2.5788915e-03   4.7926927e-03   1.3305900e-02   2.1766931e-02   2.5586078e-02
  -6.8850000e+01  -4.0012051e-70  -1.3466728e-26   8.5967057e-12   2.4325251e-06   1.6030159e-04   1.2036264e-03   2.8912664e-03   5.1946271e-03   1.3572126e-02   2.1876586e-02   2.5625731e-02
  -6.8400000e+01  -1.6080846e-65  -4.6670293e-25   2.5373617e-11   3.5333427e-06   1.8539606e-04   1.3246079e-03   3.2105523e-03   5.5967191e-03   1.3836897e-02   2.1985536e-02   2.5665126e-02
  -6.7950000e+01  -4.8107929e-61  -9.9289546e-24   7.8032315e-11   5.0799952e-06   2.1371769e-04   1.4533025e-03   3.5367367e-03   5.9989199e-03   1.4100205e-02   2.2093781e-02   2.5704264e-02
  -6.7500000e+01   2.5722979e-62   1.1151362e-23   2.4071044e-10   7.2292368e-06   2.4558822e-04   1.5900403e-03   3.8698019e-03   6.4011808e-03   1.4362044e-02   2.2201322e-02   2.5743143e-02
  -6.7050000e+01   7.0487598e-54   3.4021864e-21   7.1021639e-10   1.0183016e-05   2.8135063e-04   1.7351576e-03   4.2097246e-03   6.8034531e-03   1.4622410e-02   2.2308157e-02   2.5781765e-02
  -6.6600000e+01   3.4526945e-51   4.9351444e-20   1.9466614e-09   1.4197757e-05   3.2136958e-04   1.8889954e-03   4.5564764e-03   7.2056877e-03   1.4881295e-02   2.2414287e-02   2.5820129e-02
  -6.6150000e+01   1.2605975e-48   4.7348197e-19   4.9253927e-09   1.9594258e-05   3.6603187e-04   2.0519000e-03   4.9100233e-03   7.6078359e-03   1.5138694e-02   2.2519712e-02   2.5858234e-02
  -6.5700000e+01   4.0294128e-46   3.6869097e-18   1.1592382e-08   2.6767784e-05   4.1574692e-04   2.2242215e-03   5.2703257e-03   8.0098487e-03   1.5394602e-02   2.2624431e-02   2.5896082e-02
  -6.5250000e+01   1.0158976e-43   2.2033634e-17   2.5722838e-08   3.6197772e-05   4.7094730e-04   2.4063139e-03   5.6373385e-03   8.4116771e-03   1.5649012e-02   2.2728444e-02   2.5933671e-02
  -6.4800000e+01  -3.7134076e-41   4.5172563e-17   5.4677232e-08   4.8456394e-05   5.3208928e-04   2.5985341e-03   6.0110109e-03   8.8132724e-03   1.5901918e-02   2.2831751e-02   2.5971003e-02
  -6.4350000e+01  -2.1135712e-37  -1.4764870e-15   1.1343518e-07   6.4215064e-05   5.9965352e-04   2.8012414e-03   6.3912862e-03   9.2145854e-03   1.6153315e-02   2.2934351e-02   2.6008076e-02
  -6.3900000e+01  -4.7946389e-34  -3.4044493e-14   2.3458184e-07   8.4247834e-05   6.7414579e-04   3.0147968e-03   6.7781022e-03   9.6155675e-03   1.6403198e-02   2.3036245e-02   2.6044891e-02
  -6.3450000e+01  -2.1226004e-31  -4.7787432e-13   4.9210303e-07   1.0943059e-04   7.5609791e-04   3.2395619e-03   7.1713905e-03   1.0016170e-02   1.6651561e-02   2.3137433e-02   2.6081449e-02
  -6.3000000e+01  -2.4437947e-29  -4.1188689e-12   1.0492794e-06   1.4073491e-04   8.4606872e-04   3.4758986e-03   7.5710773e-03   1.0416343e-02   1.6898398e-02   2.3237914e-02   2.6117748e-02
  -6.2550000e+01  -4.2430599e-28  -1.8920339e-12   2.2296260e-06   1.7921576e-04   9.4464520e-04   3.7241680e-03   7.9770825e-03   1.0816039e-02   1.7143704e-02   2.3337687e-02   2.6153789e-02
  -6.2100000e+01   7.6604975e-25   2.0198374e-10   4.5809088e-06   2.2599217e-04   1.0524438e-03   3.9847293e-03   8.3893203e-03   1.1215209e-02   1.7387473e-02   2.3436754e-02   2.6189572e-02
  -6.1650000e+01   3.0474073e-22   1.2555328e-09   8.8975668e-06   2.8222080e-04   1.1701117e-03   4.2579390e-03   8.8076988e-03   1.1613804e-02   1.7629701e-02   2.3535113e-02   2.6225097e-02
  -6.1200000e+01   6.0859461e-20   4.9151920e-09   1.6223233e-05   3.4906264e-04   1.2983285e-03   4.5441499e-03   9.2321204e-03   1.2011776e-02   1.7870381e-02   2.3632764e-02   2.6260364e-02
  -6.0750000e+01   3.0192981e-18   1.5741070e-08   2.7900572e-05   4.2764366e-04   1.4378072e-03   4.8437100e-03   9.6624813e-03   1.2409077e-02   1.8109510e-02   2.3729708e-02   2.6295373e-02
  -6.0300000e+01   5.9416630e-17   4.1958359e-08   4.5717576e-05   5.1901129e-04   1.5892964e-03   5.1569614e-03   1.0098672e-02   1.2805658e-02   1.8347080e-02   2.3825944e-02   2.6330124e-02
  -5.9850000e+01  -1.4627572e-16   7.7311739e-08   7.2202920e-05   6.2408882e-04   1.7535807e-03   5.4842389e-03   1.0540577e-02   1.3201471e-02   1.8583088e-02   2.3921471e-02   2.6364617e-02
  -5.9400000e+01  -2.2622526e-13  -5.0765057e-08   1.1119006e-04   7.4363116e-04   1.9314828e-03   5.8258692e-03   1.0988075e-02   1.3596468e-02   1.8817529e-02   2.4016291e-02   2.6398852e-02
  -5.8950000e+01  -2.9630231e-11  -1.5116569e-06   1.6878011e-04   8.7818529e-04   2.1238635e-03   6.1821692e-03   1.1441038e-02   1.3990601e-02   1.9050397e-02   2.4110401e-02   2.6432828e-02
  -5.8500000e+01  -7.4888824e-10  -9.5610986e-06   2.5449218e-04   1.0280598e-03   2.3316228e-03   6.5534450e-03   1.1899334e-02   1.4383823e-02   1.9281687e-02   2.4203804e-02   2.6466546e-02
  -5.8050000e+01  -5.7880329e-09  -3.4048140e-05   3.8137559e-04   1.1933075e-03   2.5556994e-03   6.9399903e-03   1.2362824e-02   1.4776086e-02   1.9511394e-02   2.4296497e-02   2.6500007e-02
  -5.7600000e+01  -1.2078793e-08  -1.0576845e-05   5.6289789e-04   1.3737251e-03   2.7970699e-03   7.3420853e-03   1.2831362e-02   1.5167343e-02   1.9739514e-02   2.4388482e-02   2.6533209e-02
  -5.7150000e+01   6.4650742e-07   2.8477739e-04   8.0637404e-04   1.5688730e-03   3.0567476e-03   7.7599951e-03   1.3304800e-02   1.5557547e-02   1.9966042e-02   2.4479757e-02   2.6566153e-02
  -5.6700000e+01   1.8533257e-05   7.5963607e-04   1.1079786e-03   1.7781176e-03   3.3357794e-03   8.1939681e-03   1.3782981e-02   1.5946650e-02   2.0190972e-02   2.4570323e-02   2.6598839e-02
  -5.6250000e+01   2.9856684e-04   1.2427463e-03   1.4547876e-03   2.0006959e-03   3.6352428e-03   8.6442348e-03   1.4265743e-02   1.6334607e-02   2.0414301e-02   2.4660180e-02   2.6631266e-02
  -5.5800000e+01   1.3826748e-03   1.7134376e-03   1.8314128e-03   2.2358021e-03   3.9562407e-03   9.1110060e-03   1.4752921e-02   1.6721370e-02   2.0636024e-02   2.4749327e-02   2.6663436e-02
  -5.5350000e+01   2.1297719e-03   2.1771562e-03   2.2247635e-03   2.4826928e-03   4.2998958e-03   9.5944716e-03   1.5244342e-02   1.7106893e-02   2.0856136e-02   2.4837764e-02   2.6695347e-02
  -5.4900000e+01   2.6224677e-03   2.6381783e-03   2.6248366e-03   2.7408055e-03   4.6673429e-03   1.0094799e-02   1.5739829e-02   1.7491131e-02   2.1074632e-02   2.4925491e-02   2.6727001e-02
  -5.4450000e+01   3.1310908e-03   3.0999283e-03   3.0232741e-03   3.0098850e-03   5.0597207e-03   1.0612131e-02   1.6239200e-02   1.7874037e-02   2.1291508e-02   2.5012509e-02   2.6758396e-02
  -5.4000000e+01   4.0118014e-03   3.5665452e-03   3.4113555e-03   3.2901099e-03   5.4781613e-03   1.1146584e-02   1.6742269e-02   1.8255567e-02   2.1506759e-02   2.5098816e-02   2.6789533e-02
  -5.3550000e+01   4.9373186e-03   4.0442249e-03   3.7781766e-03   3.5822108e-03   5.9237796e-03   1.1698250e-02   1.7248842e-02   1.8635674e-02   2.1720382e-02   2.5184412e-02   2.6820411e-02
  -5.3100000e+01   5.0611245e-03   4.5339563e-03   4.1100591e-03   3.8875730e-03   6.3976602e-03   1.2267189e-02   1.7758723e-02   1.9014315e-02   2.1932372e-02   2.5269298e-02   2.6851032e-02
  -5.2650000e+01   5.0663061e-03   4.9560419e-03   4.3931339e-03   4.2083151e-03   6.9008442e-03   1.2853431e-02   1.8271712e-02   1.9391443e-02   2.2142724e-02   2.5353473e-02   2.6881394e-02
  -5.2200000e+01   5.0664130e-03   5.1087599e-03   4.6195611e-03   4.5473366e-03   7.4343150e-03   1.3456977e-02   1.8787602e-02   1.9767016e-02   2.2351434e-02   2.5436938e-02   2.6911498e-02
  -5.1750000e+01   5.0666314e-03   5.0999977e-03   4.7928679e-03   4.9083310e-03   7.9989831e-03   1.4077792e-02   1.9306185e-02   2.0140989e-02   2.2558499e-02   2.5519691e-02   2.6941344e-02
  -5.1300000e+01   5.0706896e-03   5.0939625e-03   4.9266926e-03   5.2957593e-03   8.5956709e-03   1.4715808e-02   1.9827247e-02   2.0513318e-02   2.2763913e-02   2.5601734e-02   2.6970932e-02
  -5.0850000e+01   5.0911195e-03   5.0995093e-03   5.0385290e-03   5.7147844e-03   9.2250975e-03   1.5370918e-02   2.0350569e-02   2.0883959e-02   2.2967673e-02   2.5683065e-02   2.7000262e-02
  -5.0400000e+01   5.1071274e-03   5.1081841e-03   5.1449108e-03   6.1711666e-03   9.8878640e-03   1.6042982e-02   2.0875932e-02   2.1252871e-02   2.3169775e-02   2.5763684e-02   2.7029333e-02
  -4.9950000e+01   5.1170263e-03   5.1173873e-03   5.2607819e-03   6.6711249e-03   1.0584439e-02   1.6731817e-02   2.1403111e-02   2.1620010e-02   2.3370215e-02   2.5843592e-02   2.7058146e-02
  -4.9500000e+01   5.1270864e-03   5.1263650e-03   5.4017899e-03   7.2211666e-03   1.1315146e-02   1.7437204e-02   2.1931878e-02   2.1985333e-02   2.3568988e-02   2.5922789e-02   2.7086701e-02
  -4.9050000e+01   5.1443400e-03   5.1327162e-03   5.5880944e-03   7.8278938e-03   1.2080153e-02   1.8158881e-02   2.2462003e-02   2.2348799e-02   2.3766092e-02   2.6001273e-02   2.7114998e-02
  -4.8600000e+01   5.1630999e-03   5.1248944e-03   5.8487627e-03   8.4977917e-03   1.2879461e-02   1.8896544e-02   2.2993252e-02   2.2710365e-02   2.3961521e-02   2.6079046e-02   2.7143036e-02
  -4.8150000e+01   5.1658488e-03   5.0740503e-03   6.2239233e-03   9.2370068e-03   1.3712898e-02   1.9649846e-02   2.3525389e-02   2.3069992e-02   2.4155273e-02   2.6156106e-02   2.7170816e-02
  -4.7700000e+01   5.1659486e-03   5.0746713e-03   6.7585357e-03   1.0051121e-02   1.4580119e-02   2.0418398e-02   2.4058176e-02   2.3427637e-02   2.4347343e-02   2.6232454e-02   2.7198338e-02
  -4.7250000e+01   5.1666910e-03   5.7406249e-03   7.4846447e-03   1.0944927e-02   1.5480598e-02   2.1201765e-02   2.4591373e-02   2.3783260e-02   2.4537729e-02   2.6308090e-02   2.7225602e-02
  -4.6800000e+01   5.1925573e-03   7.1299435e-03   8.4037319e-03   1.1922216e-02   1.6413634e-02   2.1999467e-02   2.5124739e-02   2.4136821e-02   2.4726425e-02   2.6383013e-02   2.7252607e-02
  -4.6350000e+01   5.7034790e-03   8.6395388e-03   9.4878867e-03   1.2985570e-02   1.7378358e-02   2.2810979e-02   2.5658028e-02   2.4488280e-02   2.4913429e-02   2.6457223e-02   2.7279354e-02
  -4.5900000e+01   8.7659413e-03   1.0110583e-02   1.0698690e-02   1.4136178e-02   1.8373740e-02   2.3635731e-02   2.6190998e-02   2.4837597e-02   2.5098737e-02   2.6530721e-02   2.7305843e-02
  -4.5450000e+01   1.1405050e-02   1.1551079e-02   1.2004822e-02   1.5373669e-02   1.9398602e-02   2.4473105e-02   2.6723401e-02   2.5184735e-02   2.5282345e-02   2.6603506e-02   2.7332074e-02
  -4.5000000e+01   1.2977653e-02   1.2978124e-02   1.3388511e-02   1.6695966e-02   2.0451635e-02   2.5322438e-02   2.7254991e-02   2.5529653e-02   2.5464251e-02   2.6675578e-02   2.7358046e-02
  -4.4550000e+01   1.4550257e-02   1.4404765e-02   1.4845157e-02   1.8099176e-02   2.1531415e-02   2.6183021e-02   2.7785522e-02   2.5872315e-02   2.5644450e-02   2.6746936e-02   2.7383760e-02
  -4.4100000e+01   1.7189365e-02   1.5840350e-02   1.6382684e-02   1.9577512e-02   2.2636428e-02   2.7054098e-02   2.8314746e-02   2.6212681e-02   2.5822939e-02   2.6817582e-02   2.7409216e-02
  -4.3650000e+01   2.0251826e-02   1.7280756e-02   1.8022964e-02   2.1123264e-02   2.3765094e-02   2.7934869e-02   2.8842417e-02   2.6550716e-02   2.5999715e-02   2.6887514e-02   2.7434413e-02
  -4.3200000e+01   2.0762734e-02   1.8674430e-02   1.9802558e-02   2.2726829e-02   2.4915788e-02   2.8824489e-02   2.9368287e-02   2.6886381e-02   2.6174775e-02   2.6956732e-02   2.7459352e-02
  -4.2750000e+01   2.0788539e-02   1.9989327e-02   2.1765281e-02   2.4376807e-02   2.6086869e-02   2.9722067e-02   2.9892112e-02   2.7219641e-02   2.6348115e-02   2.7025237e-02   2.7484033e-02
  -4.2300000e+01   2.0790310e-02   2.1842665e-02   2.3941585e-02   2.6060178e-02   2.7276707e-02   3.0626671e-02   3.0413646e-02   2.7550459e-02   2.6519732e-02   2.7093028e-02   2.7508456e-02
  -4.1850000e+01   2.0833084e-02   2.4724296e-02   2.6326204e-02   2.7762572e-02   2.8483705e-02   3.1537326e-02   3.0932646e-02   2.7878799e-02   2.6689623e-02   2.7160105e-02   2.7532620e-02
  -4.1400000e+01   2.1761584e-02   2.7911361e-02   2.8876209e-02   2.9468617e-02   2.9706324e-02   3.2453016e-02   3.1448870e-02   2.8204627e-02   2.6857785e-02   2.7226468e-02   2.7556526e-02
  -4.0950000e+01   2.8080086e-02   3.1059982e-02   3.1530919e-02   3.1162395e-02   3.0943107e-02   3.3372685e-02   3.1962079e-02   2.8527908e-02   2.7024215e-02   2.7292118e-02   2.7580174e-02
  -4.0500000e+01   3.3890987e-02   3.4151489e-02   3.4231787e-02   3.2827953e-02   3.2192692e-02   3.4295241e-02   3.2472034e-02   2.8848607e-02   2.7188910e-02   2.7357052e-02   2.7603563e-02
  -4.0050000e+01   3.7279148e-02   3.7213630e-02   3.6928203e-02   3.4449897e-02   3.3453827e-02   3.5219554e-02   3.2978502e-02   2.9166690e-02   2.7351866e-02   2.7421273e-02   2.7626694e-02
  -3.9600000e+01   4.0613011e-02   4.0273481e-02   3.9571898e-02   3.6014008e-02   3.4725380e-02   3.6144463e-02   3.3481250e-02   2.9482125e-02   2.7513082e-02   2.7484779e-02   2.7649567e-02
  -3.9150000e+01   4.6004358e-02   4.3358816e-02   4.2105900e-02   3.7507876e-02   3.6006341e-02   3.7068773e-02   3.3980048e-02   2.9794877e-02   2.7672553e-02   2.7547571e-02   2.7672181e-02
  -3.8700000e+01   5.2885031e-02   4.6508926e-02   4.4451389e-02   3.8921507e-02   3.7295818e-02   3.7991262e-02   3.4474673e-02   3.0104915e-02   2.7830278e-02   2.7609648e-02   2.7694537e-02
  -3.8250000e+01   5.4252383e-02   4.9769818e-02   4.6498995e-02   4.0247865e-02   3.8593030e-02   3.8910680e-02   3.4964902e-02   3.0412207e-02   2.7986253e-02   2.7671010e-02   2.7716635e-02
  -3.7800000e+01   5.4329052e-02   5.2879621e-02   4.8120796e-02   4.1483331e-02   3.9897288e-02   3.9825756e-02   3.5450517e-02   3.0716720e-02   2.8140476e-02   2.7731657e-02   2.7738474e-02
  -3.7350000e+01   5.4331342e-02   5.4225026e-02   4.9216781e-02   4.2628022e-02   4.1207975e-02   4.0735196e-02   3.5931307e-02   3.1018424e-02   2.8292944e-02   2.7791590e-02   2.7760055e-02
  -3.6900000e+01   5.4319707e-02   5.3339720e-02   4.9771923e-02   4.3685971e-02   4.2524517e-02   4.1637692e-02   3.6407062e-02   3.1317288e-02   2.8443654e-02   2.7850807e-02   2.7781378e-02
  -3.6450000e+01   5.4042953e-02   5.2099258e-02   4.9867105e-02   4.4665138e-02   4.3846350e-02   4.2531921e-02   3.6877580e-02   3.1613282e-02   2.8592604e-02   2.7909309e-02   2.7802442e-02
  -3.6000000e+01   5.1974237e-02   5.0986868e-02   4.9631293e-02   4.5577253e-02   4.5172878e-02   4.3416550e-02   3.7342662e-02   3.1906376e-02   2.8739790e-02   2.7967096e-02   2.7823248e-02
  -3.5550000e+01   5.0005674e-02   4.9936155e-02   4.9186784e-02   4.6437488e-02   4.6503434e-02   4.4290241e-02   3.7802116e-02   3.2196540e-02   2.8885211e-02   2.8024168e-02   2.7843795e-02
  -3.5100000e+01   4.8868801e-02   4.8903618e-02   4.8627114e-02   4.7263989e-02   4.7837231e-02   4.5151655e-02   3.8255756e-02   3.2483746e-02   2.9028864e-02   2.8080524e-02   2.7864085e-02
  -3.4650000e+01   4.7767529e-02   4.7873435e-02   4.8022383e-02   4.8077272e-02   4.9173316e-02   4.5999453e-02   3.8703402e-02   3.2767965e-02   2.9170747e-02   2.8136164e-02   2.7884115e-02
  -3.4200000e+01   4.6097619e-02   4.6835516e-02   4.7434081e-02   4.8899524e-02   5.0510523e-02   4.6832304e-02   3.9144879e-02   3.3049169e-02   2.9310856e-02   2.8191089e-02   2.7903888e-02
  -3.3750000e+01   4.3674424e-02   4.5771681e-02   4.6930188e-02   4.9753836e-02   5.1847423e-02   4.7648889e-02   3.9580020e-02   3.3327332e-02   2.9449191e-02   2.8245298e-02   2.7923402e-02
  -3.3300000e+01   4.3048488e-02   4.4639240e-02   4.6595823e-02   5.0663386e-02   5.3182284e-02   4.8447904e-02   4.0008666e-02   3.3602425e-02   2.9585747e-02   2.8298792e-02   2.7942657e-02
  -3.2850000e+01   4.3008474e-02   4.3490864e-02   4.6529907e-02   5.1650619e-02   5.4513031e-02   4.9228064e-02   4.0430663e-02   3.3874422e-02   2.9720524e-02   2.8351569e-02   2.7961655e-02
  -3.2400000e+01   4.3007227e-02   4.3281826e-02   4.6817460e-02   5.2736428e-02   5.5837211e-02   4.9988112e-02   4.0845865e-02   3.4143298e-02   2.9853518e-02   2.8403631e-02   2.7980394e-02
  -3.1950000e+01   4.3023589e-02   4.4789335e-02   4.7489971e-02   5.3939366e-02   5.7151967e-02   5.0726819e-02   4.1254135e-02   3.4409025e-02   2.9984728e-02   2.8454976e-02   2.7998874e-02
  -3.1500000e+01   4.3461445e-02   4.6714833e-02   4.8512933e-02   5.5274907e-02   5.8454021e-02   5.1442989e-02   4.1655342e-02   3.4671580e-02   3.0114151e-02   2.8505606e-02   2.8017096e-02
  -3.1050000e+01   4.6943486e-02   4.8553821e-02   4.9816100e-02   5.6754752e-02   5.9739670e-02   5.2135469e-02   4.2049363e-02   3.4930938e-02   3.0241786e-02   2.8555519e-02   2.8035060e-02
  -3.0600000e+01   5.0229673e-02   5.0336044e-02   5.1334216e-02   5.8386214e-02   6.1004781e-02   5.2803149e-02   4.2436086e-02   3.5187073e-02   3.0367629e-02   2.8604715e-02   2.8052765e-02
  -3.0150000e+01   5.2143845e-02   5.2098465e-02   5.3027903e-02   6.0171666e-02   6.2244814e-02   5.3444966e-02   4.2815403e-02   3.5439963e-02   3.0491680e-02   2.8653196e-02   2.8070212e-02
  -2.9700000e+01   5.3972007e-02   5.3856857e-02   5.4886588e-02   6.2108084e-02   6.3454841e-02   5.4059912e-02   4.3187218e-02   3.5689583e-02   3.0613935e-02   2.8700959e-02   2.8087401e-02
  -2.9250000e+01   5.6420153e-02   5.5616982e-02   5.6927995e-02   6.4186698e-02   6.4629589e-02   5.4647039e-02   4.3551441e-02   3.5935912e-02   3.0734393e-02   2.8748007e-02   2.8104331e-02
  -2.8800000e+01   6.0545492e-02   5.7367256e-02   5.9202329e-02   6.6392760e-02   6.5763490e-02   5.5205458e-02   4.3907995e-02   3.6178925e-02   3.0853052e-02   2.8794337e-02   2.8121003e-02
  -2.8350000e+01   6.2255953e-02   5.9036983e-02   6.1797928e-02   6.8705479e-02   6.6850736e-02   5.5734349e-02   4.4256806e-02   3.6418602e-02   3.0969910e-02   2.8839951e-02   2.8137416e-02
  -2.7900000e+01   6.2394659e-02   6.0545761e-02   6.4831859e-02   7.1098129e-02   6.7885355e-02   5.6232963e-02   4.4597813e-02   3.6654921e-02   3.1084966e-02   2.8884848e-02   2.8153571e-02
  -2.7450000e+01   6.2400717e-02   6.3029516e-02   6.8405768e-02   7.3538380e-02   6.8861291e-02   5.6700625e-02   4.4930963e-02   3.6887859e-02   3.1198216e-02   2.8929028e-02   2.8169467e-02
  -2.7000000e+01   6.2448001e-02   6.8347551e-02   7.2540626e-02   7.5988854e-02   6.9772485e-02   5.7136738e-02   4.5256212e-02   3.7117398e-02   3.1309660e-02   2.8972491e-02   2.8185105e-02
  -2.6550000e+01   6.3969827e-02   7.4604692e-02   7.7149410e-02   7.8407941e-02   7.0612975e-02   5.7540788e-02   4.5573525e-02   3.7343515e-02   3.1419296e-02   2.9015238e-02   2.8200485e-02
  -2.6100000e+01   7.5977581e-02   8.0737675e-02   8.2077426e-02   8.0750855e-02   7.1376986e-02   5.7912343e-02   4.5882875e-02   3.7566192e-02   3.1527121e-02   2.9057267e-02   2.8215606e-02
  -2.5650000e+01   8.6247651e-02   8.6768031e-02   8.7162589e-02   8.2970921e-02   7.2059033e-02   5.8251062e-02   4.6184247e-02   3.7785409e-02   3.1633135e-02   2.9098579e-02   2.8230469e-02
  -2.5200000e+01   9.2613971e-02   9.2760277e-02   9.2263098e-02   8.5021056e-02   7.2654012e-02   5.8556691e-02   4.6477631e-02   3.8001146e-02   3.1737335e-02   2.9139174e-02   2.8245073e-02
  -2.4750000e+01   9.8627548e-02   9.8741521e-02   9.7248961e-02   8.6855381e-02   7.3157301e-02   5.8829068e-02   4.6763030e-02   3.8213385e-02   3.1839720e-02   2.9179051e-02   2.8259419e-02
  -2.4300000e+01   1.0462862e-01   1.0472872e-01   1.0197418e-01   8.8430902e-02   7.3564844e-02   5.9068127e-02   4.7040453e-02   3.8422109e-02   3.1940289e-02   2.9218211e-02   2.8273506e-02
  -2.3850000e+01   1.1063642e-01   1.1076825e-01   1.0623929e-01   8.9709164e-02   7.3873235e-02   5.9273892e-02   4.7309919e-02   3.8627298e-02   3.2039039e-02   2.9256654e-02   2.8287335e-02
  -2.3400000e+01   1.1665043e-01   1.1704454e-01   1.0975618e-01   9.0657786e-02   7.4079791e-02   5.9446486e-02   4.7571456e-02   3.8828936e-02   3.2135969e-02   2.9294379e-02   2.8300906e-02
  -2.2950000e+01   1.2271571e-01   1.2380384e-01   1.1215403e-01   9.1251801e-02   7.4182614e-02   5.9586127e-02   4.7825099e-02   3.9027005e-02   3.2231077e-02   2.9331387e-02   2.8314218e-02
  -2.2500000e+01   1.2868873e-01   1.2805613e-01   1.1308254e-01   9.1474678e-02   7.4180636e-02   5.9693128e-02   4.8070893e-02   3.9221490e-02   3.2324363e-02   2.9367677e-02   2.8327272e-02
  -2.2050000e+01   1.2296216e-01   1.2404937e-01   1.1239165e-01   9.1318997e-02   7.4073662e-02   5.9767897e-02   4.8308892e-02   3.9412373e-02   3.2415824e-02   2.9403249e-02   2.8340067e-02
  -2.1600000e+01   1.1714320e-01   1.1753539e-01   1.1022876e-01   9.0786701e-02   7.3862384e-02   5.9810939e-02   4.8539154e-02   3.9599639e-02   3.2505460e-02   2.9438104e-02   2.8352603e-02
  -2.1150000e+01   1.1137534e-01   1.1150421e-01   1.0694151e-01   8.9888926e-02   7.3548392e-02   5.9822847e-02   4.8761751e-02   3.9783273e-02   3.2593268e-02   2.9472241e-02   2.8364882e-02
  -2.0700000e+01   1.0561346e-01   1.0570961e-01   1.0289779e-01   8.8645415e-02   7.3134162e-02   5.9804311e-02   4.8976756e-02   3.9963260e-02   3.2679248e-02   2.9505660e-02   2.8376902e-02
  -2.0250000e+01   9.9858022e-02   9.9967191e-02   9.8382086e-02   8.7083574e-02   7.2623031e-02   5.9756106e-02   4.9184254e-02   4.0139584e-02   3.2763399e-02   2.9538361e-02   2.8388663e-02
  -1.9800000e+01   9.4090595e-02   9.4230752e-02   9.3588868e-02   8.5237235e-02   7.2019161e-02   5.9679095e-02   4.9384336e-02   4.0312232e-02   3.2845718e-02   2.9570344e-02   2.8400166e-02
  -1.9350000e+01   8.7984863e-02   8.8484083e-02   8.8656553e-02   8.3145204e-02   7.1327484e-02   5.9574225e-02   4.9577098e-02   4.0481190e-02   3.2926205e-02   2.9601610e-02   2.8411410e-02
  -1.8900000e+01   7.8135170e-02   8.2703283e-02   8.3703016e-02   8.0849711e-02   7.0553637e-02   5.9442520e-02   4.9762645e-02   4.0646444e-02   3.3004858e-02   2.9632157e-02   2.8422396e-02
  -1.8450000e+01   6.6618923e-02   7.6835812e-02   7.8851190e-02   7.8394831e-02   6.9703889e-02   5.9285085e-02   4.9941086e-02   4.0807982e-02   3.3081676e-02   2.9661986e-02   2.8433124e-02
  -1.8000000e+01   6.5159404e-02   7.0876082e-02   7.4237586e-02   7.5824972e-02   6.8785055e-02   5.9103095e-02   5.0112537e-02   4.0965790e-02   3.3156659e-02   2.9691097e-02   2.8443593e-02
  -1.7550000e+01   6.5114057e-02   6.5711503e-02   6.9991098e-02   7.3183508e-02   6.7804401e-02   5.8897791e-02   5.0277118e-02   4.1119855e-02   3.3229804e-02   2.9719490e-02   2.8453803e-02
  -1.7100000e+01   6.5106017e-02   6.2818405e-02   6.6185330e-02   7.0511590e-02   6.6769552e-02   5.8670481e-02   5.0434957e-02   4.1270167e-02   3.3301112e-02   2.9747165e-02   2.8463755e-02
  -1.6650000e+01   6.4918839e-02   6.0650115e-02   6.2806558e-02   6.7847193e-02   6.5688387e-02   5.8422529e-02   5.0586183e-02   4.1416713e-02   3.3370580e-02   2.9774121e-02   2.8473449e-02
  -1.6200000e+01   6.2611078e-02   5.8336658e-02   5.9775667e-02   6.5224405e-02   6.4568938e-02   5.8155352e-02   5.0730932e-02   4.1559483e-02   3.3438208e-02   2.9800359e-02   2.8482884e-02
  -1.5750000e+01   5.7045166e-02   5.5962676e-02   5.7000471e-02   6.2672950e-02   6.3419290e-02   5.7870416e-02   5.0869342e-02   4.1698464e-02   3.3503994e-02   2.9825879e-02   2.8492061e-02
  -1.5300000e+01   5.3742124e-02   5.3586309e-02   5.4411263e-02   6.0217945e-02   6.2247482e-02   5.7569229e-02   5.1001557e-02   4.1833647e-02   3.3567939e-02   2.9850680e-02   2.8500979e-02
  -1.4850000e+01   5.1275566e-02   5.1213854e-02   5.1968593e-02   5.7879847e-02   6.1061414e-02   5.7253336e-02   5.1127720e-02   4.1965021e-02   3.3630040e-02   2.9874763e-02   2.8509639e-02
  -1.4400000e+01   4.8692962e-02   4.8836550e-02   4.9658981e-02   5.5674569e-02   5.9868756e-02   5.6924312e-02   5.1247979e-02   4.2092576e-02   3.3690297e-02   2.9898127e-02   2.8518040e-02
  -1.3950000e+01   4.4259234e-02   4.6436782e-02   4.7491797e-02   5.3613716e-02   5.8676872e-02   5.6583756e-02   5.1362485e-02   4.2216302e-02   3.3748709e-02   2.9920773e-02   2.8526183e-02
  -1.3500000e+01   3.9561262e-02   4.3981796e-02   4.5499955e-02   5.1704916e-02   5.7492746e-02   5.6233290e-02   5.1471389e-02   4.2336191e-02   3.3805275e-02   2.9942700e-02   2.8534067e-02
  -1.3050000e+01   3.8970523e-02   4.1463488e-02   4.3737893e-02   4.9952206e-02   5.6322918e-02   5.5874546e-02   5.1574844e-02   4.2452234e-02   3.3859995e-02   2.9963909e-02   2.8541693e-02
  -1.2600000e+01   3.8948467e-02   3.9353287e-02   4.2265099e-02   4.8356454e-02   5.5173437e-02   5.5509165e-02   5.1673002e-02   4.2564421e-02   3.3912867e-02   2.9984399e-02   2.8549060e-02
  -1.2150000e+01   3.8948011e-02   3.8675579e-02   4.1113520e-02   4.6915793e-02   5.4049812e-02   5.5138788e-02   5.1766017e-02   4.2672744e-02   3.3963891e-02   3.0004170e-02   2.8556169e-02
  -1.1700000e+01   3.8943875e-02   3.8681942e-02   4.0263285e-02   4.5626050e-02   5.2956990e-02   5.4765054e-02   5.1854044e-02   4.2777197e-02   3.4013065e-02   3.0023223e-02   2.8563019e-02
  -1.1250000e+01   3.8878429e-02   3.8640013e-02   3.9652969e-02   4.4481168e-02   5.1899329e-02   5.4389590e-02   5.1937233e-02   4.2877770e-02   3.4060391e-02   3.0041557e-02   2.8569611e-02
  -1.0800000e+01   3.8625035e-02   3.8545937e-02   3.9212182e-02   4.3473600e-02   5.0880593e-02   5.4014011e-02   5.2015738e-02   4.2974456e-02   3.4105865e-02   3.0059172e-02   2.8575944e-02
  -1.0350000e+01   3.8450413e-02   3.8439689e-02   3.8885063e-02   4.2594682e-02   4.9903950e-02   5.3639908e-02   5.2089708e-02   4.3067249e-02   3.4149489e-02   3.0076069e-02   2.8582019e-02
  -9.9000000e+00   3.8335252e-02   3.8331887e-02   3.8635055e-02   4.1834969e-02   4.8971980e-02   5.3268849e-02   5.2159290e-02   4.3156142e-02   3.4191261e-02   3.0092246e-02   2.8587835e-02
  -9.4500000e+00   3.8216369e-02   3.8223774e-02   3.8440256e-02   4.1184541e-02   4.8086700e-02   5.2902369e-02   5.2224630e-02   4.3241129e-02   3.4231180e-02   3.0107705e-02   2.8593393e-02
  -9.0000000e+00   3.8010516e-02   3.8114401e-02   3.8288127e-02   4.0633274e-02   4.7249582e-02   5.2541968e-02   5.2285870e-02   4.3322202e-02   3.4269247e-02   3.0122445e-02   2.8598693e-02
  -8.5500000e+00   3.7794191e-02   3.8001418e-02   3.8172295e-02   4.0171067e-02   4.6461589e-02   5.2189106e-02   5.2343149e-02   4.3399358e-02   3.4305460e-02   3.0136466e-02   2.8603733e-02
  -8.1000000e+00   3.7765252e-02   3.7882693e-02   3.8090693e-02   3.9788036e-02   4.5723215e-02   5.1845200e-02   5.2396603e-02   4.3472589e-02   3.4339819e-02   3.0149769e-02   2.8608516e-02
  -7.6500000e+00   3.7764039e-02   3.7785729e-02   3.8043421e-02   3.9474676e-02   4.5034525e-02   5.1511615e-02   5.2446362e-02   4.3541891e-02   3.4372324e-02   3.0162352e-02   2.8613040e-02
  -7.2000000e+00   3.7764088e-02   3.7799182e-02   3.8029655e-02   3.9221976e-02   4.4395204e-02   5.1189666e-02   5.2492553e-02   4.3607258e-02   3.4402974e-02   3.0174216e-02   2.8617305e-02
  -6.7500000e+00   3.7766285e-02   3.7891274e-02   3.8045269e-02   3.9021516e-02   4.3804602e-02   5.0880610e-02   5.2535297e-02   4.3668688e-02   3.4431768e-02   3.0185362e-02   2.8621312e-02
  -6.3000000e+00   3.7805443e-02   3.7987309e-02   3.8083313e-02   3.8865519e-02   4.3261792e-02   5.0585645e-02   5.2574709e-02   4.3726174e-02   3.4458707e-02   3.0195788e-02   2.8625060e-02
  -5.8500000e+00   3.8002489e-02   3.8078166e-02   3.8136489e-02   3.8746894e-02   4.2765612e-02   5.0305906e-02   5.2610901e-02   4.3779712e-02   3.4483789e-02   3.0205496e-02   2.8628550e-02
  -5.4000000e+00   3.8156884e-02   3.8166615e-02   3.8198996e-02   3.8659239e-02   4.2314724e-02   5.0042460e-02   5.2643975e-02   4.3829300e-02   3.4507015e-02   3.0214484e-02   2.8631781e-02
  -4.9500000e+00   3.8252358e-02   3.8254238e-02   3.8266785e-02   3.8596839e-02   4.1907662e-02   4.9796310e-02   5.2674031e-02   4.3874934e-02   3.4528384e-02   3.0222753e-02   2.8634754e-02
  -4.5000000e+00   3.8349386e-02   3.8341929e-02   3.8336962e-02   3.8554643e-02   4.1542878e-02   4.9568382e-02   5.2701158e-02   4.3916610e-02   3.4547896e-02   3.0230304e-02   2.8637468e-02
  -4.0500000e+00   3.8515796e-02   3.8430540e-02   3.8407061e-02   3.8528232e-02   4.1218794e-02   4.9359533e-02   5.2725441e-02   4.3954326e-02   3.4565551e-02   3.0237135e-02   2.8639924e-02
  -3.6000000e+00   3.8696743e-02   3.8521201e-02   3.8474465e-02   3.8513780e-02   4.0933840e-02   4.9170542e-02   5.2746958e-02   4.3988079e-02   3.4581348e-02   3.0243247e-02   2.8642122e-02
  -3.1500000e+00   3.8723333e-02   3.8614203e-02   3.8536106e-02   3.8508011e-02   4.0686498e-02   4.9002112e-02   5.2765776e-02   4.4017866e-02   3.4595287e-02   3.0248641e-02   2.8644060e-02
  -2.7000000e+00   3.8724559e-02   3.8696954e-02   3.8588774e-02   3.8508160e-02   4.0475339e-02   4.8854865e-02   5.2781959e-02   4.4043686e-02   3.4607367e-02   3.0253315e-02   2.8645741e-02
  -2.2500000e+00   3.8724588e-02   3.8731059e-02   3.8630181e-02   3.8511923e-02   4.0299055e-02   4.8729346e-02   5.2795560e-02   4.4065536e-02   3.4617590e-02   3.0257270e-02   2.8647162e-02
  -1.8000000e+00   3.8724586e-02   3.8728921e-02   3.8660037e-02   3.8517426e-02   4.0156490e-02   4.8626016e-02   5.2806625e-02   4.4083416e-02   3.4625954e-02   3.0260506e-02   2.8648326e-02
  -1.3500000e+00   3.8724586e-02   3.8725592e-02   3.8679957e-02   3.8523185e-02   4.0046663e-02   4.8545253e-02   5.2815192e-02   4.4097324e-02   3.4632459e-02   3.0263023e-02   2.8649230e-02
  -9.0000000e-01   3.8724586e-02   3.8724712e-02   3.8692267e-02   3.8528079e-02   3.9968789e-02   4.8487354e-02   5.2821290e-02   4.4107259e-02   3.4637106e-02   3.0264820e-02   2.8649877e-02
  -4.5000000e-01   3.8724586e-02   3.8724571e-02   3.8698903e-02   3.8531324e-02   3.9922297e-02   4.8452530e-02   5.2824940e-02   4.4113220e-02   3.4639894e-02   3.0265899e-02   2.8650264e-02
   0.0000000e+00   3.8724586e-02   3.8724559e-02   3.8700995e-02   3.8532457e-02   3.9906838e-02   4.8440907e-02   5.2826155e-02   4.4115207e-02   3.4640824e-02   3.0266259e-02   2.8650394e-02
   4.5000000e-01   3.8724586e-02   3.8724571e-02   3.8698903e-02   3.8531324e-02   3.9922297e-02   4.8452530e-02   5.2824940e-02   4.4113220e-02   3.4639894e-02   3.0265899e-02   2.8650264e-02
   9.0000000e-01   3.8724586e-02   3.8724712e-02   3.8692267e-02   3.8528079e-02   3.9968789e-02   4.8487354e-02   5.2821290e-02   4.4107259e-02   3.4637106e-02   3.0264820e-02   2.8649877e-02
   1.3500000e+00   3.8724586e-02   3.8725592e-02   3.8679957e-02   3.8523185e-02   4.0046663e-02   4.8545253e-02   5.2815192e-02   4.4097324e-02   3.4632459e-02   3.0263023e-02   2.8649230e-02
   1.8000000e+00   3.8724586e-02   3.8728921e-02   3.8660037e-02   3.8517426e-02   4.0156490e-02   4.8626016e-02   5.2806625e-02   4.4083416e-02   3.4625954e-02   3.0260506e-02   2.8648326e-02
   2.2500000e+00   3.8724588e-02   3.8731059e-02   3.8630181e-02   3.8511923e-02   4.0299055e-02   4.8729346e-02   5.2795560e-02   4.4065536e-02   3.4617590e-02   3.0257270e-02   2.8647162e-02
   2.7000000e+00   3.8724559e-02   3.8696954e-02   3.8588774e-02   3.8508160e-02   4.0475339e-02   4.8854865e-02   5.2781959e-02   4.4043686e-02   3.4607367e-02   3.0253315e-02   2.8645741e-02
   3.1500000e+00   3.8723333e-02   3.8614203e-02   3.8536106e-02   3.8508011e-02   4.0686498e-02   4.9002112e-02   5.2765776e-02   4.4017866e-02   3.4595287e-02   3.0248641e-02   2.8644060e-02
   3.6000000e+00   3.8696743e-02   3.8521201e-02   3.8474465e-02   3.8513780e-02   4.0933840e-02   4.9170542e-02   5.2746958e-02   4.3988079e-02   3.4581348e-02   3.0243247e-02   2.8642122e-02
   4.0500000e+00   3.8515796e-02   3.8430540e-02   3.8407061e-02   3.8528232e-02   4.1218794e-02   4.9359533e-02   5.2725441e-02   4.3954326e-02   3.4565551e-02   3.0237135e-02   2.8639924e-02
   4.5000000e+00   3.8349386e-02   3.8341929e-02   3.8336962e-02   3.8554643e-02   4.1542878e-02   4.9568382e-02   5.2701158e-02   4.3916610e-02   3.4547896e-02   3.0230304e-02   2.8637468e-02
   4.9500000e+00   3.8252358e-02   3.8254238e-02   3.8266785e-02   3.8596839e-02   4.1907662e-02   4.9796310e-02   5.2674031e-02   4.3874934e-02   3.4528384e-02   3.0222753e-02   2.8634754e-02
   5.4000000e+00   3.8156884e-02   3.8166615e-02   3.8198996e-02   3.8659239e-02   4.2314724e-02   5.0042460e-02   5.2643975e-02   4.3829300e-02   3.4507015e-02   3.0214484e-02   2.8631781e-02
   5.8500000e+00   3.8002489e-02   3.8078166e-02   3.8136489e-02   3.8746894e-02   4.2765612e-02   5.0305906e-02   5.2610901e-02   4.3779712e-02   3.4483789e-02   3.0205496e-02   2.8628550e-02
   6.3000000e+00   3.7805443e-02   3.7987309e-02   3.8083313e-02   3.8865519e-02   4.3261792e-02   5.0585645e-02   5.2574709e-02   4.3726174e-02   3.4458707e-02   3.0195788e-02   2.8625060e-02
   6.7500000e+00   3.7766285e-02   3.7891274e-02   3.8045269e-02   3.9021516e-02   4.3804602e-02   5.0880610e-02   5.2535297e-02   4.3668688e-02   3.4431768e-02   3.0185362e-02   2.8621312e-02
   7.2000000e+00   3.7764088e-02   3.7799182e-02   3.8029655e-02   3.9221976e-02   4.4395204e-02   5.1189666e-02   5.2492553e-02   4.3607258e-02   3.4402974e-02   3.0174216e-02   2.8617305e-02
   7.6500000e+00   3.7764039e-02   3.7785729e-02   3.8043421e-02   3.9474676e-02   4.5034525e-02   5.1511615e-02   5.2446362e-02   4.3541891e-02   3.4372324e-02   3.0162352e-02   2.8613040e-02
   8.1000000e+00   3.7765252e-02   3.7882693e-02   3.8090693e-02   3.9788036e-02   4.5723215e-02   5.1845200e-02   5.2396603e-02   4.3472589e-02   3.4339819e-02   3.0149769e-02   2.8608516e-02
   8.5500000e+00   3.7794191e-02   3.8001418e-02   3.8172295e-02   4.0171067e-02   4.6461589e-02   5.2189106e-02   5.2343149e-02   4.3399358e-02   3.4305460e-02   3.0136466e-02   2.8603733e-02
   9.0000000e+00   3.8010516e-02   3.8114401e-02   3.8288127e-02   4.0633274e-02   4.7249582e-02   5.2541968e-02   5.2285870e-02   4.3322202e-02   3.4269247e-02   3.0122445e-02   2.8598693e-02
   9.4500000e+00   3.8216369e-02   3.8223774e-02   3.8440256e-02   4.1184541e-02   4.8086700e-02   5.2902369e-02   5.2224630e-02   4.3241129e-02   3.4231180e-02   3.0107705e-02   2.8593393e-02
   9.9000000e+00   3.8335252e-02   3.8331887e-02   3.8635055e-02   4.1834969e-02   4.8971980e-02   5.3268849e-02   5.2159290e-02   4.3156142e-02   3.4191261e-02   3.0092246e-02   2.8587835e-02
   1.0350000e+01   3.8450413e-02   3.8439689e-02   3.8885063e-02   4.2594682e-02   4.9903950e-02   5.3639908e-02   5.2089708e-02   4.3067249e-02   3.4149489e-02   3.0076069e-02   2.8582019e-02
   1.0800000e+01   3.8625035e-02   3.8545937e-02   3.9212182e-02   4.3473600e-02   5.0880593e-02   5.4014011e-02   5.2015738e-02   4.2974456e-02   3.4105865e-02   3.0059172e-02   2.8575944e-02
   1.1250000e+01   3.8878429e-02   3.8640013e-02   3.9652969e-02   4.4481168e-02   5.1899329e-02   5.4389590e-02   5.1937233e-02   4.2877770e-02   3.4060391e-02   3.0041557e-02   2.8569611e-02
   1.1700000e+01   3.8943875e-02   3.8681942e-02   4.0263285e-02   4.5626050e-02   5.2956990e-02   5.4765054e-02   5.1854044e-02   4.2777197e-02   3.4013065e-02   3.0023223e-02   2.8563019e-02
   1.2150000e+01   3.8948011e-02   3.8675579e-02   4.1113520e-02   4.6915793e-02   5.4049812e-02   5.5138788e-02   5.1766017e-02   4.2672744e-02   3.3963891e-02   3.0004170e-02   2.8556169e-02
   1.2600000e+01   3.8948467e-02   3.9353287e-02   4.2265099e-02   4.8356454e-02   5.5173437e-02   5.5509165e-02   5.1673002e-02   4.2564421e-02   3.3912867e-02   2.9984399e-02   2.8549060e-02
   1.3050000e+01   3.8970523e-02   4.1463488e-02   4.3737893e-02   4.9952206e-02   5.6322918e-02   5.5874546e-02   5.1574844e-02   4.2452234e-02   3.3859995e-02   2.9963909e-02   2.8541693e-02
   1.3500000e+01   3.9561262e-02   4.3981796e-02   4.5499955e-02   5.1704916e-02   5.7492746e-02   5.6233290e-02   5.1471389e-02   4.2336191e-02   3.3805275e-02   2.9942700e-02   2.8534067e-02
   1.3950000e+01   4.4259234e-02   4.6436782e-02   4.7491797e-02   5.3613716e-02   5.8676872e-02   5.6583756e-02   5.1362485e-02   4.2216302e-02   3.3748709e-02   2.9920773e-02   2.8526183e-02
   1.4400000e+01   4.8692962e-02   4.8836550e-02   4.9658981e-02   5.5674569e-02   5.9868756e-02   5.6924312e-02   5.1247979e-02   4.2092576e-02   3.3690297e-02   2.9898127e-02   2.8518040e-02
   1.4850000e+01   5.1275566e-02   5.1213854e-02   5.1968593e-02   5.7879847e-02   6.1061414e-02   5.7253336e-02   5.1127720e-02   4.1965021e-02   3.3630040e-02   2.9874763e-02   2.8509639e-02
   1.5300000e+01   5.3742124e-02   5.3586309e-02   5.4411263e-02   6.0217945e-02   6.2247482e-02   5.7569229e-02   5.1001557e-02   4.1833647e-02   3.3567939e-02   2.9850680e-02   2.8500979e-02
   1.5750000e+01   5.7045166e-02   5.5962676e-02   5.7000471e-02   6.2672950e-02   6.3419290e-02   5.7870416e-02   5.0869342e-02   4.1698464e-02   3.3503994e-02   2.9825879e-02   2.8492061e-02
   1.6200000e+01   6.2611078e-02   5.8336658e-02   5.9775667e-02   6.5224405e-02   6.4568938e-02   5.8155352e-02   5.0730932e-02   4.1559483e-02   3.3438208e-02   2.9800359e-02   2.8482884e-02
   1.6650000e+01   6.4918839e-02   6.0650115e-02   6.2806558e-02   6.7847193e-02   6.5688387e-02   5.8422529e-02   5.0586183e-02   4.1416713e-02   3.3370580e-02   2.9774121e-02   2.8473449e-02
   1.7100000e+01   6.5106017e-02   6.2818405e-02   6.6185330e-02   7.0511590e-02   6.6769552e-02   5.8670481e-02   5.0434957e-02   4.1270167e-02   3.3301112e-02   2.9747165e-02   2.8463755e-02
   1.7550000e+01   6.5114057e-02   6.5711503e-02   6.9991098e-02   7.3183508e-02   6.7804401e-02   5.8897791e-02   5.0277118e-02   4.1119855e-02   3.3229804e-02   2.9719490e-02   2.8453803e-02
   1.8000000e+01   6.5159404e-02   7.0876082e-02   7.4237586e-02   7.5824972e-02   6.8785055e-02   5.9103095e-02   5.0112537e-02   4.0965790e-02   3.3156659e-02   2.9691097e-02   2.8443593e-02
   1.8450000e+01   6.6618923e-02   7.6835812e-02   7.8851190e-02   7.8394831e-02   6.9703889e-02   5.9285085e-02   4.9941086e-02   4.0807982e-02   3.3081676e-02   2.9661986e-02   2.8433124e-02
   1.8900000e+01   7.8135170e-02   8.2703283e-02   8.3703016e-02   8.0849711e-02   7.0553637e-02   5.9442520e-02   4.9762645e-02   4.0646444e-02   3.3004858e-02   2.9632157e-02   2.8422396e-02
   1.9350000e+01   8.7984863e-02   8.8484083e-02   8.8656553e-02   8.3145204e-02   7.1327484e-02   5.9574225e-02   4.9577098e-02   4.0481190e-02   3.2926205e-02   2.9601610e-02   2.8411410e-02
   1.9800000e+01   9.4090595e-02   9.4230752e-02   9.3588868e-02   8.5237235e-02   7.2019161e-02   5.9679095e-02   4.9384336e-02   4.0312232e-02   3.2845718e-02   2.9570344e-02   2.8400166e-02
   2.0250000e+01   9.9858022e-02   9.9967191e-02   9.8382086e-02   8.7083574e-02   7.2623031e-02   5.9756106e-02   4.9184254e-02   4.0139584e-02   3.2763399e-02   2.9538361e-02   2.8388663e-02
   2.0700000e+01   1.0561346e-01   1.0570961e-01   1.0289779e-01   8.8645415e-02   7.3134162e-02   5.9804311e-02   4.8976756e-02   3.9963260e-02   3.2679248e-02   2.9505660e-02   2.8376902e-02
   2.1150000e+01   1.1137534e-01   1.1150421e-01   1.0694151e-01   8.9888926e-02   7.3548392e-02   5.9822847e-02   4.8761751e-02   3.9783273e-02   3.2593268e-02   2.9472241e-02   2.8364882e-02
   2.1600000e+01   1.1714320e-01   1.1753539e-01   1.1022876e-01   9.0786701e-02   7.3862384e-02   5.9810939e-02   4.8539154e-02   3.9599639e-02   3.2505460e-02   2.9438104e-02   2.8352603e-02
   2.2050000e+01   1.2296216e-01   1.2404937e-01   1.1239165e-01   9.1318997e-02   7.4073662e-02   5.9767897e-02   4.8308892e-02   3.9412373e-02   3.2415824e-02   2.9403249e-02   2.8340067e-02
   2.2500000e+01   1.2868873e-01   1.2805613e-01   1.1308254e-01   9.1474678e-02   7.4180636e-02   5.9693128e-02   4.8070893e-02   3.9221490e-02   3.2324363e-02   2.9367677e-02   2.8327272e-02
   2.2950000e+01   1.2271571e-01   1.2380384e-01   1.1215403e-01   9.1251801e-02   7.4182614e-02   5.9586127e-02   4.7825099e-02   3.9027005e-02   3.2231077e-02   2.9331387e-02   2.8314218e-02
   2.3400000e+01   1.1665043e-01   1.1704454e-01   1.0975618e-01   9.0657786e-02   7.4079791e-02   5.9446486e-02   4.7571456e-02   3.8828936e-02   3.2135969e-02   2.9294379e-02   2.8300906e-02
   2.3850000e+01   1.1063642e-01   1.1076825e-01   1.0623929e-01   8.9709164e-02   7.3873235e-02   5.9273892e-02   4.7309919e-02   3.8627298e-02   3.2039039e-02   2.9256654e-02   2.8287335e-02
   2.4300000e+01   1.0462862e-01   1.0472872e-01   1.0197418e-01   8.8430902e-02   7.3564844e-02   5.9068127e-02   4.7040453e-02   3.8422109e-02   3.1940289e-02   2.9218211e-02   2.8273506e-02
   2.4750000e+01   9.8627548e-02   9.8741521e-02   9.7248961e-02   8.6855381e-02   7.3157301e-02   5.8829068e-02   4.6763030e-02   3.8213385e-02   3.1839720e-02   2.9179051e-02   2.8259419e-02
   2.5200000e+01   9.2613971e-02   9.2760277e-02   9.2263098e-02   8.5021056e-02   7.2654012e-02   5.8556691e-02   4.6477631e-02   3.8001146e-02   3.1737335e-02   2.9139174e-02   2.8245073e-02
   2.5650000e+01   8.6247651e-02   8.6768031e-02   8.7162589e-02   8.2970921e-02   7.2059033e-02   5.8251062e-02   4.6184247e-02   3.7785409e-02   3.1633135e-02   2.9098579e-02   2.8230469e-02
   2.6100000e+01   7.5977581e-02   8.0737675e-02   8.2077426e-02   8.0750855e-02   7.1376986e-02   5.7912343e-02   4.5882875e-02   3.7566192e-02   3.1527121e-02   2.9057267e-02   2.8215606e-02
   2.6550000e+01   6.3969827e-02   7.4604692e-02   7.7149410e-02   7.8407941e-02   7.0612975e-02   5.7540788e-02   4.5573525e-02   3.7343515e-02   3.1419296e-02   2.9015238e-02   2.8200485e-02
   2.7000000e+01   6.2448001e-02   6.8347551e-02   7.2540626e-02   7.5988854e-02   6.9772485e-02   5.7136738e-02   4.5256212e-02   3.7117398e-02   3.1309660e-02   2.8972491e-02   2.8185105e-02
   2.7450000e+01   6.2400717e-02   6.3029516e-02   6.8405768e-02   7.3538380e-02   6.8861291e-02   5.6700625e-02   4.4930963e-02   3.6887859e-02   3.1198216e-02   2.8929028e-02   2.8169467e-02
   2.7900000e+01   6.2394659e-02   6.0545761e-02   6.4831859e-02   7.1098129e-02   6.7885355e-02   5.6232963e-02   4.4597813e-02   3.6654921e-02   3.1084966e-02   2.8884848e-02   2.8153571e-02
   2.8350000e+01   6.2255953e-02   5.9036983e-02   6.1797928e-02   6.8705479e-02   6.6850736e-02   5.5734349e-02   4.4256806e-02   3.6418602e-02   3.0969910e-02   2.8839951e-02   2.8137416e-02
   2.8800000e+01   6.0545492e-02   5.7367256e-02   5.9202329e-02   6.6392760e-02   6.5763490e-02   5.5205458e-02   4.3907995e-02   3.6178925e-02   3.0853052e-02   2.8794337e-02   2.8121003e-02
   2.9250000e+01   5.6420153e-02   5.5616982e-02   5.6927995e-02   6.4186698e-02   6.4629589e-02   5.4647039e-02   4.3551441e-02   3.5935912e-02   3.0734393e-02   2.8748007e-02   2.8104331e-02
   2.9700000e+01   5.3972007e-02   5.3856857e-02   5.4886588e-02   6.2108084e-02   6.3454841e-02   5.4059912e-02   4.3187218e-02   3.5689583e-02   3.0613935e-02   2.8700959e-02   2.8087401e-02
   3.0150000e+01   5.2143845e-02   5.2098465e-02   5.3027903e-02   6.0171666e-02   6.2244814e-02   5.3444966e-02   4.2815403e-02   3.5439963e-02   3.0491680e-02   2.8653196e-02   2.8070212e-02
   3.0600000e+01   5.0229673e-02   5.0336044e-02   5.1334216e-02   5.8386214e-02   6.1004781e-02   5.2803149e-02   4.2436086e-02   3.5187073e-02   3.0367629e-02   2.8604715e-02   2.8052765e-02
   3.1050000e+01   4.6943486e-02   4.8553821e-02   4.9816100e-02   5.6754752e-02   5.9739670e-02   5.2135469e-02   4.2049363e-02   3.4930938e-02   3.0241786e-02   2.8555519e-02   2.8035060e-02
   3.1500000e+01   4.3461445e-02   4.6714833e-02   4.8512933e-02   5.5274907e-02   5.8454021e-02   5.1442989e-02   4.1655342e-02   3.4671580e-02   3.0114151e-02   2.8505606e-02   2.8017096e-02
   3.1950000e+01   4.3023589e-02   4.4789335e-02   4.7489971e-02   5.3939366e-02   5.7151967e-02   5.0726819e-02   4.1254135e-02   3.4409025e-02   2.9984728e-02   2.8454976e-02   2.7998874e-02
   3.2400000e+01   4.3007227e-02   4.3281826e-02   4.6817460e-02   5.2736428e-02   5.5837211e-02   4.9988112e-02   4.0845865e-02   3.4143298e-02   2.9853518e-02   2.8403631e-02   2.7980394e-02
   3.2850000e+01   4.3008474e-02   4.3490864e-02   4.6529907e-02   5.1650619e-02   5.4513031e-02   4.9228064e-02   4.0430663e-02   3.3874422e-02   2.9720524e-02   2.8351569e-02   2.7961655e-02
   3.3300000e+01   4.3048488e-02   4.4639240e-02   4.6595823e-02   5.0663386e-02   5.3182284e-02   4.8447904e-02   4.0008666e-02   3.3602425e-02   2.9585747e-02   2.8298792e-02   2.7942657e-02
   3.3750000e+01   4.3674424e-02   4.5771681e-02   4.6930188e-02   4.9753836e-02   5.1847423e-02   4.7648889e-02   3.9580020e-02   3.3327332e-02   2.9449191e-02   2.8245298e-02   2.7923402e-02
   3.4200000e+01   4.6097619e-02   4.6835516e-02   4.7434081e-02   4.8899524e-02   5.0510523e-02   4.6832304e-02   3.9144879e-02   3.3049169e-02   2.9310856e-02   2.8191089e-02   2.7903888e-02
   3.4650000e+01   4.7767529e-02   4.7873435e-02   4.8022383e-02   4.8077272e-02   4.9173316e-02   4.5999453e-02   3.8703402e-02   3.2767965e-02   2.9170747e-02   2.8136164e-02   2.7884115e-02
   3.5100000e+01   4.8868801e-02   4.8903618e-02   4.8627114e-02   4.7263989e-02   4.7837231e-02   4.5151655e-02   3.8255756e-02   3.2483746e-02   2.9028864e-02   2.8080524e-02   2.7864085e-02
   3.5550000e+01   5.0005674e-02   4.9936155e-02   4.9186784e-02   4.6437488e-02   4.6503434e-02   4.4290241e-02   3.7802116e-02   3.2196540e-02   2.8885211e-02   2.8024168e-02   2.7843795e-02
   3.6000000e+01   5.1974237e-02   5.0986868e-02   4.9631293e-02   4.5577253e-02   4.5172878e-02   4.3416550e-02   3.7342662e-02   3.1906376e-02   2.8739790e-02   2.7967096e-02   2.7823248e-02
   3.6450000e+01   5.4042953e-02   5.2099258e-02   4.9867105e-02   4.4665138e-02   4.3846350e-02   4.2531921e-02   3.6877580e-02   3.1613282e-02   2.8592604e-02   2.7909309e-02   2.7802442e-02
   3.6900000e+01   5.4319707e-02   5.3339720e-02   4.9771923e-02   4.3685971e-02   4.2524517e-02   4.1637692e-02   3.6407062e-02   3.1317288e-02   2.8443654e-02   2.7850807e-02   2.7781378e-02
   3.7350000e+01   5.4331342e-02   5.4225026e-02   4.9216781e-02   4.2628022e-02   4.1207975e-02   4.0735196e-02   3.5931307e-02   3.1018424e-02   2.8292944e-02   2.7791590e-02   2.7760055e-02
   3.7800000e+01   5.4329052e-02   5.2879621e-02   4.8120796e-02   4.1483331e-02   3.9897288e-02   3.9825756e-02   3.5450517e-02   3.0716720e-02   2.8140476e-02   2.7731657e-02   2.7738474e-02
   3.8250000e+01   5.4252383e-02   4.9769818e-02   4.6498995e-02   4.0247865e-02   3.8593030e-02   3.8910680e-02   3.4964902e-02   3.0412207e-02   2.7986253e-02   2.7671010e-02   2.7716635e-02
   3.8700000e+01   5.2885031e-02   4.6508926e-02   4.4451389e-02   3.8921507e-02   3.7295818e-02   3.7991262e-02   3.4474673e-02   3.0104915e-02   2.7830278e-02   2.7609648e-02   2.7694537e-02
   3.9150000e+01   4.6004358e-02   4.3358816e-02   4.2105900e-02   3.7507876e-02   3.6006341e-02   3.7068773e-02   3.3980048e-02   2.9794877e-02   2.7672553e-02   2.7547571e-02   2.7672181e-02
   3.9600000e+01   4.0613011e-02   4.0273481e-02   3.9571898e-02   3.6014008e-02   3.4725380e-02   3.6144463e-02   3.3481250e-02   2.9482125e-02   2.7513082e-02   2.7484779e-02   2.7649567e-02
   4.0050000e+01   3.7279148e-02   3.7213630e-02   3.6928203e-02   3.4449897e-02   3.3453827e-02   3.5219554e-02   3.2978502e-02   2.9166690e-02   2.7351866e-02   2.7421273e-02   2.7626694e-02
   4.0500000e+01   3.3890987e-02   3.4151489e-02   3.4231787e-02   3.2827953e-02   3.2192692e-02   3.4295241e-02   3.2472034e-02   2.8848607e-02   2.7188910e-02   2.7357052e-02   2.7603563e-02
   4.0950000e+01   2.8080086e-02   3.1059982e-02   3.1530919e-02   3.1162395e-02   3.0943107e-02   3.3372685e-02   3.1962079e-02   2.8527908e-02   2.7024215e-02   2.7292118e-02   2.7580174e-02
   4.1400000e+01   2.1761584e-02   2.7911361e-02   2.8876209e-02   2.9468617e-02   2.9706324e-02   3.2453016e-02   3.1448870e-02   2.8204627e-02   2.6857785e-02   2.7226468e-02   2.7556526e-02
   4.1850000e+01   2.0833084e-02   2.4724296e-02   2.6326204e-02   2.7762572e-02   2.8483705e-02   3.1537326e-02   3.0932646e-02   2.7878799e-02   2.6689623e-02   2.7160105e-02   2.7532620e-02
   4.2300000e+01   2.0790310e-02   2.1842665e-02   2.3941585e-02   2.6060178e-02   2.7276707e-02   3.0626671e-02   3.0413646e-02   2.7550459e-02   2.6519732e-02   2.7093028e-02   2.7508456e-02
   4.2750000e+01   2.0788539e-02   1.9989327e-02   2.1765281e-02   2.4376807e-02   2.6086869e-02   2.9722067e-02   2.9892112e-02   2.7219641e-02   2.6348115e-02   2.7025237e-02   2.7484033e-02
   4.3200000e+01   2.0762734e-02   1.8674430e-02   1.9802558e-02   2.2726829e-02   2.4915788e-02   2.8824489e-02   2.9368287e-02   2.6886381e-02   2.6174775e-02   2.6956732e-02   2.7459352e-02
   4.3650000e+01   2.0251826e-02   1.7280756e-02   1.8022964e-02   2.1123264e-02   2.3765094e-02   2.7934869e-02   2.8842417e-02   2.6550716e-02   2.5999715e-02   2.6887514e-02   2.7434413e-02
   4.4100000e+01   1.7189365e-02   1.5840350e-02   1.6382684e-02   1.9577512e-02   2.2636428e-02   2.7054098e-02   2.8314746e-02   2.6212681e-02   2.5822939e-02   2.6817582e-02   2.7409216e-02
   4.4550000e+01   1.4550257e-02   1.4404765e-02   1.4845157e-02   1.8099176e-02   2.1531415e-02   2.6183021e-02   2.7785522e-02   2.5872315e-02   2.5644450e-02   2.6746936e-02   2.7383760e-02
   4.5000000e+01   1.2977653e-02   1.2978124e-02   1.3388511e-02   1.6695966e-02   2.0451635e-02   2.5322438e-02   2.7254991e-02   2.5529653e-02   2.5464251e-02   2.6675578e-02   2.7358046e-02
   4.5450000e+01   1.1405050e-02   1.1551079e-02   1.2004822e-02   1.5373669e-02   1.9398602e-02   2.4473105e-02   2.6723401e-02   2.5184735e-02   2.5282345e-02   2.6603506e-02   2.7332074e-02
   4.5900000e+01   8.7659413e-03   1.0110583e-02   1.0698690e-02   1.4136178e-02   1.8373740e-02   2.3635731e-02   2.6190998e-02   2.4837597e-02   2.5098737e-02   2.6530721e-02   2.7305843e-02
   4.6350000e+01   5.7034790e-03   8.6395388e-03   9.4878867e-03   1.2985570e-02   1.7378358e-02   2.2810979e-02   2.5658028e-02   2.4488280e-02   2.4913429e-02   2.6457223e-02   2.7279354e-02
   4.6800000e+01   5.1925573e-03   7.1299435e-03   8.4037319e-03   1.1922216e-02   1.6413634e-02   2.1999467e-02   2.5124739e-02   2.4136821e-02   2.4726425e-02   2.6383013e-02   2.7252607e-02
   4.7250000e+01   5.1666910e-03   5.7406249e-03   7.4846447e-03   1.0944927e-02   1.5480598e-02   2.1201765e-02   2.4591373e-02   2.3783260e-02   2.4537729e-02   2.6308090e-02   2.7225602e-02
   4.7700000e+01   5.1659486e-03   5.0746713e-03   6.7585357e-03   1.0051121e-02   1.4580119e-02   2.0418398e-02   2.4058176e-02   2.3427637e-02   2.4347343e-02   2.6232454e-02   2.7198338e-02
   4.8150000e+01   5.1658488e-03   5.0740503e-03   6.2239233e-03   9.2370068e-03   1.3712898e-02   1.9649846e-02   2.3525389e-02   2.3069992e-02   2.4155273e-02   2.6156106e-02   2.7170816e-02
   4.8600000e+01   5.1630999e-03   5.1248944e-03   5.8487627e-03   8.4977917e-03   1.2879461e-02   1.8896544e-02   2.2993252e-02   2.2710365e-02   2.3961521e-02   2.6079046e-02   2.7143036e-02
   4.9050000e+01   5.1443400e-03   5.1327162e-03   5.5880944e-03   7.8278938e-03   1.2080153e-02   1.8158881e-02   2.2462003e-02   2.2348799e-02   2.3766092e-02   2.6001273e-02   2.7114998e-02
   4.9500000e+01   5.1270864e-03   5.1263650e-03   5.4017899e-03   7.2211666e-03   1.1315146e-02   1.7437204e-02   2.1931878e-02   2.1985333e-02   2.3568988e-02   2.5922789e-02   2.7086701e-02
   4.9950000e+01   5.1170263e-03   5.1173873e-03   5.2607819e-03   6.6711249e-03   1.0584439e-02   1.6731817e-02   2.1403111e-02   2.1620010e-02   2.3370215e-02   2.5843592e-02   2.7058146e-02
   5.0400000e+01   5.1071274e-03   5.1081841e-03   5.1449108e-03   6.1711666e-03   9.8878640e-03   1.6042982e-02   2.0875932e-02   2.1252871e-02   2.3169775e-02   2.5763684e-02   2.7029333e-02
   5.0850000e+01   5.0911195e-03   5.0995093e-03   5.0385290e-03   5.7147844e-03   9.2250975e-03   1.5370918e-02   2.0350569e-02   2.0883959e-02   2.2967673e-02   2.5683065e-02   2.7000262e-02
   5.1300000e+01   5.0706896e-03   5.0939625e-03   4.9266926e-03   5.2957593e-03   8.5956709e-03   1.4715808e-02   1.9827247e-02   2.0513318e-02   2.2763913e-02   2.5601734e-02   2.6970932e-02
   5.1750000e+01   5.0666314e-03   5.0999977e-03   4.7928679e-03   4.9083310e-03   7.9989831e-03   1.4077792e-02   1.9306185e-02   2.0140989e-02   2.2558499e-02   2.5519691e-02   2.6941344e-02
   5.2200000e+01   5.0664130e-03   5.1087599e-03   4.6195611e-03   4.5473366e-03   7.4343150e-03   1.3456977e-02   1.8787602e-02   1.9767016e-02   2.2351434e-02   2.5436938e-02   2.6911498e-02
   5.2650000e+01   5.0663061e-03   4.9560419e-03   4.3931339e-03   4.2083151e-03   6.9008442e-03   1.2853431e-02   1.8271712e-02   1.9391443e-02   2.2142724e-02   2.5353473e-02   2.6881394e-02
   5.3100000e+01   5.0611245e-03   4.5339563e-03   4.1100591e-03   3.8875730e-03   6.3976602e-03   1.2267189e-02   1.7758723e-02   1.9014315e-02   2.1932372e-02   2.5269298e-02   2.6851032e-02
   5.3550000e+01   4.9373186e-03   4.0442249e-03   3.7781766e-03   3.5822108e-03   5.9237796e-03   1.1698250e-02   1.7248842e-02   1.8635674e-02   2.1720382e-02   2.5184412e-02   2.6820411e-02
   5.4000000e+01   4.0118014e-03   3.5665452e-03   3.4113555e-03   3.2901099e-03   5.4781613e-03   1.1146584e-02   1.6742269e-02   1.8255567e-02   2.1506759e-02   2.5098816e-02   2.6789533e-02
   5.4450000e+01   3.1310908e-03   3.0999283e-03   3.0232741e-03   3.0098850e-03   5.0597207e-03   1.0612131e-02   1.6239200e-02   1.7874037e-02   2.1291508e-02   2.5012509e-02   2.6758396e-02
   5.4900000e+01   2.6224677e-03   2.6381783e-03   2.6248366e-03   2.7408055e-03   4.6673429e-03   1.0094799e-02   1.5739829e-02   1.7491131e-02   2.1074632e-02   2.4925491e-02   2.6727001e-02
   5.5350000e+01   2.1297719e-03   2.1771562e-03   2.2247635e-03   2.4826928e-03   4.2998958e-03   9.5944716e-03   1.5244342e-02   1.7106893e-02   2.0856136e-02   2.4837764e-02   2.6695347e-02
   5.5800000e+01   1.3826748e-03   1.7134376e-03   1.8314128e-03   2.2358021e-03   3.9562407e-03   9.1110060e-03   1.4752921e-02   1.6721370e-02   2.0636024e-02   2.4749327e-02   2.6663436e-02
   5.6250000e+01   2.9856684e-04   1.2427463e-03   1.4547876e-03   2.0006959e-03   3.6352428e-03   8.6442348e-03   1.4265743e-02   1.6334607e-02   2.0414301e-02   2.4660180e-02   2.6631266e-02
   5.6700000e+01   1.8533257e-05   7.5963607e-04   1.1079786e-03   1.7781176e-03   3.3357794e-03   8.1939681e-03   1.3782981e-02   1.5946650e-02   2.0190972e-02   2.4570323e-02   2.6598839e-02
   5.7150000e+01   6.4650742e-07   2.8477739e-04   8.0637404e-04   1.5688730e-03   3.0567476e-03   7.7599951e-03   1.3304800e-02   1.5557547e-02   1.9966042e-02   2.4479757e-02   2.6566153e-02
   5.7600000e+01  -1.2078793e-08  -1.0576845e-05   5.6289789e-04   1.3737251e-03   2.7970699e-03   7.3420853e-03   1.2831362e-02   1.5167343e-02   1.9739514e-02   2.4388482e-02   2.6533209e-02
   5.8050000e+01  -5.7880329e-09  -3.4048140e-05   3.8137559e-04   1.1933075e-03   2.5556994e-03   6.9399903e-03   1.2362824e-02   1.4776086e-02   1.9511394e-02   2.4296497e-02   2.6500007e-02
   5.8500000e+01  -7.4888824e-10  -9.5610986e-06   2.5449218e-04   1.0280598e-03   2.3316228e-03   6.5534450e-03   1.1899334e-02   1.4383823e-02   1.9281687e-02   2.4203804e-02   2.6466546e-02
   5.8950000e+01  -2.9630231e-11  -1.5116569e-06   1.6878011e-04   8.7818529e-04   2.1238635e-03   6.1821692e-03   1.1441038e-02   1.3990601e-02   1.9050397e-02   2.4110401e-02   2.6432828e-02
   5.9400000e+01  -2.2622526e-13  -5.0765057e-08   1.1119006e-04   7.4363116e-04   1.9314828e-03   5.8258692e-03   1.0988075e-02   1.3596468e-02   1.8817529e-02   2.4016291e-02   2.6398852e-02
   5.9850000e+01  -1.4627572e-16   7.7311739e-08   7.2202920e-05   6.2408882e-04   1.7535807e-03   5.4842389e-03   1.0540577e-02   1.3201471e-02   1.8583088e-02   2.3921471e-02   2.6364617e-02
   6.0300000e+01   5.9416630e-17   4.1958359e-08   4.5717576e-05   5.1901129e-04   1.5892964e-03   5.1569614e-03   1.0098672e-02   1.2805658e-02   1.8347080e-02   2.3825944e-02   2.6330124e-02
   6.0750000e+01   3.0192981e-18   1.5741070e-08   2.7900572e-05   4.2764366e-04   1.4378072e-03   4.8437100e-03   9.6624813e-03   1.2409077e-02   1.8109510e-02   2.3729708e-02   2.6295373e-02
   6.1200000e+01   6.0859461e-20   4.9151920e-09   1.6223233e-05   3.4906264e-04   1.2983285e-03   4.5441499e-03   9.2321204e-03   1.2011776e-02   1.7870381e-02   2.3632764e-02   2.6260364e-02
   6.1650000e+01   3.0474073e-22   1.2555328e-09   8.8975668e-06   2.8222080e-04   1.1701117e-03   4.2579390e-03   8.8076988e-03   1.1613804e-02   1.7629701e-02   2.3535113e-02   2.6225097e-02
   6.2100000e+01   7.6604975e-25   2.0198374e-10   4.5809088e-06   2.2599217e-04   1.0524438e-03   3.9847293e-03   8.3893203e-03   1.1215209e-02   1.7387473e-02   2.3436754e-02   2.6189572e-02
   6.2550000e+01  -4.2430599e-28  -1.8920339e-12   2.2296260e-06   1.7921576e-04   9.4464520e-04   3.7241680e-03   7.9770825e-03   1.0816039e-02   1.7143704e-02   2.3337687e-02   2.6153789e-02
   6.3000000e+01  -2.4437947e-29  -4.1188689e-12   1.0492794e-06   1.4073491e-04   8.4606872e-04   3.4758986e-03   7.5710773e-03   1.0416343e-02   1.6898398e-02   2.3237914e-02   2.6117748e-02
   6.3450000e+01  -2.1226004e-31  -4.7787432e-13   4.9210303e-07   1.0943059e-04   7.5609791e-04   3.2395619e-03   7.1713905e-03   1.0016170e-02   1.6651561e-02   2.3137433e-02   2.6081449e-02
   6.3900000e+01  -4.7946389e-34  -3.4044493e-14   2.3458184e-07   8.4247834e-05   6.7414579e-04   3.0147968e-03   6.7781022e-03   9.6155675e-03   1.6403198e-02   2.3036245e-02   2.6044891e-02
   6.4350000e+01  -2.1135712e-37  -1.4764870e-15   1.1343518e-07   6.4215064e-05   5.9965352e-04   2.8012414e-03   6.3912862e-03   9.2145854e-03   1.6153315e-02   2.2934351e-02   2.6008076e-02
   6.4800000e+01  -3.7134076e-41   4.5172563e-17   5.4677232e-08   4.8456394e-05   5.3208928e-04   2.5985341e-03   6.0110109e-03   8.8132724e-03   1.5901918e-02   2.2831751e-02   2.5971003e-02
   6.5250000e+01   1.0158976e-43   2.2033634e-17   2.5722838e-08   3.6197772e-05   4.7094730e-04   2.4063139e-03   5.6373385e-03   8.4116771e-03   1.5649012e-02   2.2728444e-02   2.5933671e-02
   6.5700000e+01   4.0294128e-46   3.6869097e-18   1.1592382e-08   2.6767784e-05   4.1574692e-04   2.2242215e-03   5.2703257e-03   8.0098487e-03   1.5394602e-02   2.2624431e-02   2.5896082e-02
   6.6150000e+01   1.2605975e-48   4.7348197e-19   4.9253927e-09   1.9594258e-05   3.6603187e-04   2.0519000e-03   4.9100233e-03   7.6078359e-03   1.5138694e-02   2.2519712e-02   2.5858234e-02
   6.6600000e+01   3.4526945e-51   4.9351444e-20   1.9466614e-09   1.4197757e-05   3.2136958e-04   1.8889954e-03   4.5564764e-03   7.2056877e-03   1.4881295e-02   2.2414287e-02   2.5820129e-02
   6.7050000e+01   7.0487598e-54   3.4021864e-21   7.1021639e-10   1.0183016e-05   2.8135063e-04   1.7351576e-03   4.2097246e-03   6.8034531e-03   1.4622410e-02   2.2308157e-02   2.5781765e-02
   6.7500000e+01   2.5722979e-62   1.1151362e-23   2.4071044e-10   7.2292368e-06   2.4558822e-04   1.5900403e-03   3.8698019e-03   6.4011808e-03   1.4362044e-02   2.2201322e-02   2.5743143e-02
   6.7950000e+01  -4.8107929e-61  -9.9289546e-24   7.8032315e-11   5.0799952e-06   2.1371769e-04   1.4533025e-03   3.5367367e-03   5.9989199e-03   1.4100205e-02   2.2093781e-02   2.5704264e-02
   6.8400000e+01  -1.6080846e-65  -4.6670293e-25   2.5373617e-11   3.5333427e-06   1.8539606e-04   1.3246079e-03   3.2105523e-03   5.5967191e-03   1.3836897e-02   2.1985536e-02   2.5665126e-02
   6.8850000e+01  -4.0012051e-70  -1.3466728e-26   8.5967057e-12   2.4325251e-06   1.6030159e-04   1.2036264e-03   2.8912664e-03   5.1946271e-03   1.3572126e-02   2.1876586e-02   2.5625731e-02
   6.9300000e+01  -8.5908143e-75  -2.6707398e-28   3.0371055e-12   1.6575842e-06   1.3813325e-04   1.0900335e-03   2.5788915e-03   4.7926927e-03   1.3305900e-02   2.1766931e-02   2.5586078e-02
   6.9750000e+01  -1.1623058e-79  -6.6096531e-31   1.0862509e-12   1.1179898e-06   1.1861029e-04   9.8351157e-04   2.2734352e-03   4.3909645e-03   1.3038224e-02   2.1656572e-02   2.5546166e-02
   7.0200000e+01   1.1209028e-83   3.0640867e-31   3.8005799e-13   7.4634644e-07   1.0147158e-04   8.8374945e-04   1.9748998e-03   3.9894909e-03   1.2769103e-02   2.1545509e-02   2.5505997e-02
   7.0650000e+01   2.9953096e-87   2.2486683e-32   1.2669221e-13   4.9315004e-07   8.6475122e-05   7.9044322e-04   1.6832829e-03   3.5883205e-03   1.2498546e-02   2.1433742e-02   2.5465569e-02
   7.1100000e+01   4.5437437e-91   1.1579021e-33   3.9464446e-14   3.2251367e-07   7.3397324e-05   7.0329620e-04   1.3985772e-03   3.1875014e-03   1.2226557e-02   2.1321272e-02   2.5424884e-02
   7.1550000e+01   1.3723987e-95   4.7451863e-35   1.1311446e-14   2.0875691e-07   6.2032333e-05   6.2201927e-04   1.1207705e-03   2.7870819e-03   1.1953143e-02   2.1208098e-02   2.5383941e-02
   7.2000000e+01  1.0820183e-100   1.3121532e-36   2.9533622e-15   1.3373623e-07   5.2191288e-05   5.4633102e-04   8.4984620e-04   2.3871099e-03   1.1678310e-02   2.1094221e-02   2.5342740e-02
   7.2450000e+01  1.3596459e-106   5.5651190e-39   7.0507989e-16   8.4793501e-08   4.3701530e-05   4.7595789e-04   5.8578327e-04   1.9876334e-03   1.1402066e-02   2.0979641e-02   2.5301281e-02
   7.2900000e+01 -1.5628585e-110  -5.2039877e-40   1.5872407e-16   5.3206937e-08   3.6405787e-05   4.1063433e-04   3.2855620e-04   1.5887001e-03   1.1124416e-02   2.0864358e-02   2.5259564e-02
   7.3350000e+01 -4.2642140e-115  -1.0612410e-41   3.5802830e-17   3.3040680e-08   3.0161327e-05   3.5010285e-04   7.8135264e-05   1.1903573e-03   1.0845367e-02   2.0748372e-02   2.5217589e-02
   7.3800000e+01 -5.8196439e-120  -1.2523450e-43   8.5865096e-18   2.0304004e-08   2.4839096e-05   2.9411413e-04  -1.6551337e-04   7.9265263e-04   1.0564926e-02   2.0631684e-02   2.5175356e-02
   7.4250000e+01 -1.9466914e-125  -1.0459339e-45   2.2083592e-18   1.2346252e-08   2.0322844e-05   2.4242703e-04  -4.0242751e-04   3.9563305e-04   1.0283099e-02   2.0514294e-02   2.5132865e-02
   7.4700000e+01 -2.1833151e-131  -3.2864125e-48   5.8439951e-19   7.4279161e-09   1.6508259e-05   1.9480859e-04  -6.3264885e-04  -6.5447617e-07   9.9998936e-03   2.0396202e-02   2.5090117e-02
   7.5150000e+01  6.7494243e-137   1.1252340e-49   1.5156363e-19   4.4209952e-09   1.3302096e-05   1.5103409e-04  -8.5622277e-04  -3.9616325e-04   9.7153158e-03   2.0277409e-02   2.5047110e-02
   7.5600000e+01  1.2375801e-141   3.6358882e-51   3.7238589e-20   2.6026603e-09   1.0621337e-05   1.1088694e-04  -1.0731983e-03  -7.9084681e-04   9.4293728e-03   2.0157914e-02   2.5003846e-02
   7.6050000e+01  1.0520554e-146   7.4347261e-53   8.4794870e-21   1.5151538e-09   8.3923566e-06   7.4158711e-05  -1.2836279e-03  -1.1846589e-03   9.1420714e-03   2.0037718e-02   2.4960324e-02
   7.6500000e+01  1.8085933e-152   1.1887383e-54   1.7599235e-21   8.7196979e-10   6.5501286e-06   4.0648996e-05  -1.4875673e-03  -1.5775537e-03   8.8534186e-03   1.9916821e-02   2.4916544e-02
   7.6950000e+01  9.5872679e-159   1.3117712e-56   3.2890207e-22   4.9587352e-10   5.0374579e-06   1.0165376e-05  -1.6850755e-03  -1.9694854e-03   8.5634213e-03   1.9795223e-02   2.4872506e-02
   7.7400000e+01  1.4725479e-165   3.5384143e-59   5.5354782e-23   2.7850049e-10   3.8042501e-06  -1.7476702e-05  -1.8762146e-03  -2.3604086e-03   8.2720867e-03   1.9672925e-02   2.4828210e-02
   7.7850000e+01 -4.7636304e-171  -7.0988717e-61   8.6377588e-24   1.5436527e-10   2.8068205e-06  -4.2454033e-05  -2.0610496e-03  -2.7502781e-03   7.9794219e-03   1.9549926e-02   2.4783657e-02
   7.8300000e+01 -9.3945339e-177  -6.3595513e-63   1.3419275e-24   8.4356749e-11   2.0072436e-06  -6.4935782e-05  -2.2396482e-03  -3.1390493e-03   7.6854339e-03   1.9426228e-02   2.4738845e-02
   7.8750000e+01 -1.0272203e-182  -3.0493366e-65   2.2602537e-25   4.5391080e-11   1.3727454e-06  -8.5083626e-05  -2.4120808e-03  -3.5266776e-03   7.3901301e-03   1.9301829e-02   2.4693776e-02
   7.9200000e+01 -3.1588908e-189  -1.0421994e-67   4.2236827e-26   2.4006642e-11   8.7513766e-07  -1.0305191e-04  -2.5784204e-03  -3.9131188e-03   7.0935176e-03   1.9176731e-02   2.4648449e-02
   7.9650000e+01 -2.6664109e-196  -1.7901504e-70   8.2871996e-27   1.2448963e-11   4.9029648e-07  -1.1898778e-04  -2.7387423e-03  -4.2983290e-03   6.7956038e-03   1.9050934e-02   2.4602865e-02
   8.0100000e+01  2.7426288e-203   1.0830308e-72   1.5966355e-27   6.3073450e-12   1.9768183e-07  -1.3303141e-04  -2.8931241e-03  -4.6822648e-03   6.4963960e-03   1.8924438e-02   2.4557022e-02
   8.0550000e+01  3.8475243e-209   1.5950542e-74   2.8952662e-28   3.1059378e-12  -2.0100814e-08  -1.4531611e-04  -3.0416454e-03  -5.0648830e-03   6.1959018e-03   1.8797243e-02   2.4510922e-02
   8.1000000e+01  2.0133150e-215   1.2989820e-76   4.8242004e-29   1.4742621e-12  -1.7769905e-07  -1.5596856e-04  -3.1843880e-03  -5.4461409e-03   5.8941284e-03   1.8669350e-02   2.4464564e-02
   8.1450000e+01  2.2308604e-222   8.1315549e-79   7.2574500e-30   6.6501644e-13  -2.8737377e-07  -1.6510896e-04  -3.3214355e-03  -5.8259960e-03   5.5910836e-03   1.8540758e-02   2.4417948e-02
   8.1900000e+01  8.0670115e-230   3.5914418e-81   9.7072149e-31   2.7736346e-13  -3.5932301e-07  -1.7285127e-04  -3.4528730e-03  -6.2044063e-03   5.2867748e-03   1.8411468e-02   2.4371074e-02
   8.2350000e+01  1.1406047e-237   5.1363864e-84   1.1450581e-31   1.0023324e-13  -4.0197137e-07  -1.7930336e-04  -3.5787875e-03  -6.5813302e-03   4.9812096e-03   1.8281481e-02   2.4323943e-02
   8.2800000e+01 -1.3528041e-244  -2.5805085e-86   1.2084662e-32   2.4819028e-14  -4.2222737e-07  -1.8456723e-04  -3.6992674e-03  -6.9567264e-03   4.6743958e-03   1.8150796e-02   2.4276554e-02
   8.3250000e+01 -1.9403718e-251  -1.0290711e-88   1.2116289e-33  -3.5682543e-15  -4.2571091e-07  -1.8873921e-04  -3.8144024e-03  -7.3305542e-03   4.3663411e-03   1.8019414e-02   2.4228907e-02
   8.3700000e+01 -1.5330442e-258  -1.9969406e-91   1.2848786e-34  -1.1566469e-14  -4.1695319e-07  -1.9191015e-04  -3.9242835e-03  -7.7027732e-03   4.0570532e-03   1.7887335e-02   2.4181002e-02
   8.4150000e+01 -3.7316048e-266  -2.7534047e-94   1.5491651e-35  -1.1625152e-14  -3.9957150e-07  -1.9416565e-04  -4.0290027e-03  -8.0733433e-03   3.7465400e-03   1.7754559e-02   2.4132840e-02
   8.4600000e+01 -2.2469867e-274  -2.1985779e-97   2.0101508e-36  -9.2299772e-15  -3.7642097e-07  -1.9558622e-04  -4.1286531e-03  -8.4422250e-03   3.4348093e-03   1.7621087e-02   2.4084420e-02
   8.5050000e+01  6.8687506e-283  2.6564295e-100   2.4689711e-37  -6.5792568e-15  -3.4972568e-07  -1.9624753e-04  -4.2233287e-03  -8.8093794e-03   3.1218692e-03   1.7486918e-02   2.4035742e-02
   8.5500000e+01  8.8503448e-290  1.9089975e-102   2.4304282e-38  -4.4015839e-15  -3.2119119e-07  -1.9622056e-04  -4.3131244e-03  -9.1747677e-03   2.8077275e-03   1.7352054e-02   2.3986807e-02
   8.5950000e+01  2.9796435e-297  6.2284499e-105   9.7387946e-40  -2.8218931e-15  -2.9210047e-07  -1.9557181e-04  -4.3981353e-03  -9.5383519e-03   2.4923922e-03   1.7216494e-02   2.3937614e-02
   8.6400000e+01  2.2366910e-305  1.5419147e-107  -3.4432921e-40  -1.7537821e-15  -2.6339521e-07  -1.9436353e-04  -4.4784577e-03  -9.9000941e-03   2.1758716e-03   1.7080239e-02   2.3888163e-02
   8.6850000e+01  5.5525285e-314  2.8427090e-110  -1.3278164e-40  -1.0641370e-15  -2.3574425e-07  -1.9265387e-04  -4.5541878e-03  -1.0259957e-02   1.8581736e-03   1.6943289e-02   2.3838455e-02
   8.7300000e+01   0.0000000e+00  2.2773033e-113  -3.2324084e-41  -6.3337027e-16  -2.0960072e-07  -1.9049706e-04  -4.6254225e-03  -1.0617905e-02   1.5393064e-03   1.6805644e-02   2.3788489e-02
   8.7750000e+01   0.0000000e+00 -8.4434226e-116  -6.6302012e-42  -3.7102432e-16  -1.8524945e-07  -1.8794365e-04  -4.6922588e-03  -1.0973900e-02   1.2192784e-03   1.6667305e-02   2.3738266e-02
   8.8200000e+01   0.0000000e+00 -4.3279911e-118  -1.2366483e-42  -2.1443650e-16  -1.6284600e-07  -1.8504064e-04  -4.7547939e-03  -1.1327907e-02   8.9809770e-04   1.6528271e-02   2.3687784e-02
   8.8650000e+01   0.0000000e+00 -1.1053094e-120  -2.1664920e-43  -1.2250760e-16  -1.4244843e-07  -1.8183164e-04  -4.8131251e-03  -1.1679892e-02   5.7577266e-04   1.6388543e-02   2.3637045e-02
   8.9100000e+01   0.0000000e+00 -2.1011865e-123  -3.6257399e-44  -6.9284913e-17  -1.2404302e-07  -1.7835711e-04  -4.8673497e-03  -1.2029819e-02   2.5231166e-04   1.6248122e-02   2.3586049e-02
   8.9550000e+01   0.0000000e+00 -3.4436688e-126  -5.8529820e-45  -3.8836921e-17  -1.0756486e-07  -1.7465447e-04  -4.9175647e-03  -1.2377654e-02  -7.2276912e-05   1.6107008e-02   2.3534795e-02
   9.0000000e+01   0.0000000e+00 -5.2235538e-129  -9.1658096e-46  -2.1597762e-17  -9.2914082e-08  -1.7075826e-04  -4.9638671e-03  -1.2723363e-02  -3.9798458e-04   1.5965200e-02   2.3483283e-02
