  -9.0000000e+01  -2.0029030e-12
  -8.9550000e+01  -2.6300645e-12
  -8.9100000e+01  -3.4424148e-12
  -8.8650000e+01  -4.4901903e-12
  -8.8200000e+01  -5.8354640e-12
  -8.7750000e+01  -7.5541824e-12
  -8.7300000e+01  -9.7382017e-12
  -8.6850000e+01  -1.2497103e-11
  -8.6400000e+01  -1.5959432e-11
  -8.5950000e+01  -2.0272809e-11
  -8.5500000e+01  -2.5602077e-11
  -8.5050000e+01  -3.2124268e-11
  -8.4600000e+01  -4.0018614e-11
  -8.4150000e+01  -4.9449099e-11
  -8.3700000e+01  -6.0536009e-11
  -8.3250000e+01  -7.3311588e-11
  -8.2800000e+01  -8.7653056e-11
  -8.2350000e+01  -1.0318380e-10
  -8.1900000e+01  -1.1913029e-10
  -8.1450000e+01  -1.3411814e-10
  -8.1000000e+01  -1.4588489e-10
  -8.0550000e+01  -1.5088027e-10
  -8.0100000e+01  -1.4371510e-10
  -7.9650000e+01  -1.1640796e-10
  -7.9200000e+01  -5.7363710e-11
  -7.8750000e+01   5.0001887e-11
  -7.8300000e+01   2.2910180e-10
  -7.7850000e+01   5.1262319e-10
  -7.7400000e+01   9.4575957e-10
  -7.6950000e+01   1.5904595e-09
  -7.6500000e+01   2.5309826e-09
  -7.6050000e+01   3.8811297e-09
  -7.5600000e+01   5.7936063e-09
  -7.5150000e+01   8.4720935e-09
  -7.4700000e+01   1.2186741e-08
  -7.4250000e+01   1.7293965e-08
  -7.3800000e+01   2.4261637e-08
  -7.3350000e+01   3.3701003e-08
  -7.2900000e+01   4.6406962e-08
  -7.2450000e+01   6.3408669e-08
  -7.2000000e+01   8.6032879e-08
  -7.1550000e+01   1.1598287e-07
  -7.1100000e+01   1.5543641e-07
  -7.0650000e+01   2.0716684e-07
  -7.0200000e+01   2.7469207e-07
  -6.9750000e+01   3.6245721e-07
  -6.9300000e+01   4.7605739e-07
  -6.8850000e+01   6.2250853e-07
  -6.8400000e+01   8.1057478e-07
  -6.7950000e+01   1.0511629e-06
  -6.7500000e+01   1.3577950e-06
  -6.7050000e+01   1.7471726e-06
  -6.6600000e+01   2.2398467e-06
  -6.6150000e+01   2.8610097e-06
  -6.5700000e+01   3.6414272e-06
  -6.5250000e+01   4.6185290e-06
  -6.4800000e+01   5.8376797e-06
  -6.4350000e+01   7.3536518e-06
  -6.3900000e+01   9.2323240e-06
  -6.3450000e+01   1.1552630e-05
  -6.3000000e+01   1.4408782e-05
  -6.2550000e+01   1.7912790e-05
  -6.2100000e+01   2.2197315e-05
  -6.1650000e+01   2.7418852e-05
  -6.1200000e+01   3.3761298e-05
  -6.0750000e+01   4.1439890e-05
  -6.0300000e+01   5.0705553e-05
  -5.9850000e+01   6.1849637e-05
  -5.9400000e+01   7.5209077e-05
  -5.8950000e+01   9.1171937e-05
  -5.8500000e+01   1.1018334e-04
  -5.8050000e+01   1.3275173e-04
  -5.7600000e+01   1.5945548e-04
  -5.7150000e+01   1.9094970e-04
  -5.6700000e+01   2.2797324e-04
  -5.6250000e+01   2.7135577e-04
  -5.5800000e+01   3.2202485e-04
  -5.5350000e+01   3.8101280e-04
  -5.4900000e+01   4.4946330e-04
  -5.4450000e+01   5.2863748e-04
  -5.4000000e+01   6.1991934e-04
  -5.3550000e+01   7.2482037e-04
  -5.3100000e+01   8.4498294e-04
  -5.2650000e+01   9.8218252e-04
  -5.2200000e+01   1.1383282e-03
  -5.1750000e+01   1.3154614e-03
  -5.1300000e+01   1.5157529e-03
  -5.0850000e+01   1.7414965e-03
  -5.0400000e+01   1.9951018e-03
  -4.9950000e+01   2.2790828e-03
  -4.9500000e+01   2.5960442e-03
  -4.9050000e+01   2.9486646e-03
  -4.8600000e+01   3.3396769e-03
  -4.8150000e+01   3.7718449e-03
  -4.7700000e+01   4.2479371e-03
  -4.7250000e+01   4.7706974e-03
  -4.6800000e+01   5.3428132e-03
  -4.6350000e+01   5.9668802e-03
  -4.5900000e+01   6.6453655e-03
  -4.5450000e+01   7.3805685e-03
  -4.5000000e+01   8.1745805e-03
  -4.4550000e+01   9.0292432e-03
  -4.4100000e+01   9.9461073e-03
  -4.3650000e+01   1.0926392e-02
  -4.3200000e+01   1.1970943e-02
  -4.2750000e+01   1.3080199e-02
  -4.2300000e+01   1.4254152e-02
  -4.1850000e+01   1.5492319e-02
  -4.1400000e+01   1.6793718e-02
  -4.0950000e+01   1.8156839e-02
  -4.0500000e+01   1.9579636e-02
  -4.0050000e+01   2.1059518e-02
  -3.9600000e+01   2.2593341e-02
  -3.9150000e+01   2.4177424e-02
  -3.8700000e+01   2.5807557e-02
  -3.8250000e+01   2.7479025e-02
  -3.7800000e+01   2.9186642e-02
  -3.7350000e+01   3.0924786e-02
  -3.6900000e+01   3.2687445e-02
  -3.6450000e+01   3.4468275e-02
  -3.6000000e+01   3.6260659e-02
  -3.5550000e+01   3.8057766e-02
  -3.5100000e+01   3.9852632e-02
  -3.4650000e+01   4.1638223e-02
  -3.4200000e+01   4.3407519e-02
  -3.3750000e+01   4.5153584e-02
  -3.3300000e+01   4.6869647e-02
  -3.2850000e+01   4.8549173e-02
  -3.2400000e+01   5.0185937e-02
  -3.1950000e+01   5.1774086e-02
  -3.1500000e+01   5.3308206e-02
  -3.1050000e+01   5.4783370e-02
  -3.0600000e+01   5.6195189e-02
  -3.0150000e+01   5.7539848e-02
  -2.9700000e+01   5.8814135e-02
  -2.9250000e+01   6.0015460e-02
  -2.8800000e+01   6.1141866e-02
  -2.8350000e+01   6.2192029e-02
  -2.7900000e+01   6.3165247e-02
  -2.7450000e+01   6.4061425e-02
  -2.7000000e+01   6.4881048e-02
  -2.6550000e+01   6.5625145e-02
  -2.6100000e+01   6.6295250e-02
  -2.5650000e+01   6.6893361e-02
  -2.5200000e+01   6.7421881e-02
  -2.4750000e+01   6.7883574e-02
  -2.4300000e+01   6.8281505e-02
  -2.3850000e+01   6.8618987e-02
  -2.3400000e+01   6.8899524e-02
  -2.2950000e+01   6.9126758e-02
  -2.2500000e+01   6.9304418e-02
  -2.2050000e+01   6.9436275e-02
  -2.1600000e+01   6.9526090e-02
  -2.1150000e+01   6.9577584e-02
  -2.0700000e+01   6.9594398e-02
  -2.0250000e+01   6.9580064e-02
  -1.9800000e+01   6.9537981e-02
  -1.9350000e+01   6.9471396e-02
  -1.8900000e+01   6.9383387e-02
  -1.8450000e+01   6.9276858e-02
  -1.8000000e+01   6.9154527e-02
  -1.7550000e+01   6.9018926e-02
  -1.7100000e+01   6.8872404e-02
  -1.6650000e+01   6.8717127e-02
  -1.6200000e+01   6.8555082e-02
  -1.5750000e+01   6.8388088e-02
  -1.5300000e+01   6.8217803e-02
  -1.4850000e+01   6.8045727e-02
  -1.4400000e+01   6.7873218e-02
  -1.3950000e+01   6.7701496e-02
  -1.3500000e+01   6.7531652e-02
  -1.3050000e+01   6.7364655e-02
  -1.2600000e+01   6.7201364e-02
  -1.2150000e+01   6.7042526e-02
  -1.1700000e+01   6.6888791e-02
  -1.1250000e+01   6.6740710e-02
  -1.0800000e+01   6.6598746e-02
  -1.0350000e+01   6.6463275e-02
  -9.9000000e+00   6.6334592e-02
  -9.4500000e+00   6.6212916e-02
  -9.0000000e+00   6.6098391e-02
  -8.5500000e+00   6.5991096e-02
  -8.1000000e+00   6.5891047e-02
  -7.6500000e+00   6.5798202e-02
  -7.2000000e+00   6.5712467e-02
  -6.7500000e+00   6.5633701e-02
  -6.3000000e+00   6.5561727e-02
  -5.8500000e+00   6.5496331e-02
  -5.4000000e+00   6.5437274e-02
  -4.9500000e+00   6.5384298e-02
  -4.5000000e+00   6.5337134e-02
  -4.0500000e+00   6.5295507e-02
  -3.6000000e+00   6.5259141e-02
  -3.1500000e+00   6.5227774e-02
  -2.7000000e+00   6.5201153e-02
  -2.2500000e+00   6.5179051e-02
  -1.8000000e+00   6.5161262e-02
  -1.3500000e+00   6.5147614e-02
  -9.0000000e-01   6.5137967e-02
  -4.5000000e-01   6.5132220e-02
   0.0000000e+00   6.5130311e-02
   4.5000000e-01   6.5132220e-02
   9.0000000e-01   6.5137967e-02
   1.3500000e+00   6.5147614e-02
   1.8000000e+00   6.5161262e-02
   2.2500000e+00   6.5179051e-02
   2.7000000e+00   6.5201153e-02
   3.1500000e+00   6.5227774e-02
   3.6000000e+00   6.5259141e-02
   4.0500000e+00   6.5295507e-02
   4.5000000e+00   6.5337134e-02
   4.9500000e+00   6.5384298e-02
   5.4000000e+00   6.5437274e-02
   5.8500000e+00   6.5496331e-02
   6.3000000e+00   6.5561727e-02
   6.7500000e+00   6.5633701e-02
   7.2000000e+00   6.5712467e-02
   7.6500000e+00   6.5798202e-02
   8.1000000e+00   6.5891047e-02
   8.5500000e+00   6.5991096e-02
   9.0000000e+00   6.6098391e-02
   9.4500000e+00   6.6212916e-02
   9.9000000e+00   6.6334592e-02
   1.0350000e+01   6.6463275e-02
   1.0800000e+01   6.6598746e-02
   1.1250000e+01   6.6740710e-02
   1.1700000e+01   6.6888791e-02
   1.2150000e+01   6.7042526e-02
   1.2600000e+01   6.7201364e-02
   1.3050000e+01   6.7364655e-02
   1.3500000e+01   6.7531652e-02
   1.3950000e+01   6.7701496e-02
   1.4400000e+01   6.7873218e-02
   1.4850000e+01   6.8045727e-02
   1.5300000e+01   6.8217803e-02
   1.5750000e+01   6.8388088e-02
   1.6200000e+01   6.8555082e-02
   1.6650000e+01   6.8717127e-02
   1.7100000e+01   6.8872404e-02
   1.7550000e+01   6.9018926e-02
   1.8000000e+01   6.9154527e-02
   1.8450000e+01   6.9276858e-02
   1.8900000e+01   6.9383387e-02
   1.9350000e+01   6.9471396e-02
   1.9800000e+01   6.9537981e-02
   2.0250000e+01   6.9580064e-02
   2.0700000e+01   6.9594398e-02
   2.1150000e+01   6.9577584e-02
   2.1600000e+01   6.9526090e-02
   2.2050000e+01   6.9436275e-02
   2.2500000e+01   6.9304418e-02
   2.2950000e+01   6.9126758e-02
   2.3400000e+01   6.8899524e-02
   2.3850000e+01   6.8618987e-02
   2.4300000e+01   6.8281505e-02
   2.4750000e+01   6.7883574e-02
   2.5200000e+01   6.7421881e-02
   2.5650000e+01   6.6893361e-02
   2.6100000e+01   6.6295250e-02
   2.6550000e+01   6.5625145e-02
   2.7000000e+01   6.4881048e-02
   2.7450000e+01   6.4061425e-02
   2.7900000e+01   6.3165247e-02
   2.8350000e+01   6.2192029e-02
   2.8800000e+01   6.1141866e-02
   2.9250000e+01   6.0015460e-02
   2.9700000e+01   5.8814135e-02
   3.0150000e+01   5.7539848e-02
   3.0600000e+01   5.6195189e-02
   3.1050000e+01   5.4783370e-02
   3.1500000e+01   5.3308206e-02
   3.1950000e+01   5.1774086e-02
   3.2400000e+01   5.0185937e-02
   3.2850000e+01   4.8549173e-02
   3.3300000e+01   4.6869647e-02
   3.3750000e+01   4.5153584e-02
   3.4200000e+01   4.3407519e-02
   3.4650000e+01   4.1638223e-02
   3.5100000e+01   3.9852632e-02
   3.5550000e+01   3.8057766e-02
   3.6000000e+01   3.6260659e-02
   3.6450000e+01   3.4468275e-02
   3.6900000e+01   3.2687445e-02
   3.7350000e+01   3.0924786e-02
   3.7800000e+01   2.9186642e-02
   3.8250000e+01   2.7479025e-02
   3.8700000e+01   2.5807557e-02
   3.9150000e+01   2.4177424e-02
   3.9600000e+01   2.2593341e-02
   4.0050000e+01   2.1059518e-02
   4.0500000e+01   1.9579636e-02
   4.0950000e+01   1.8156839e-02
   4.1400000e+01   1.6793718e-02
   4.1850000e+01   1.5492319e-02
   4.2300000e+01   1.4254152e-02
   4.2750000e+01   1.3080199e-02
   4.3200000e+01   1.1970943e-02
   4.3650000e+01   1.0926392e-02
   4.4100000e+01   9.9461073e-03
   4.4550000e+01   9.0292432e-03
   4.5000000e+01   8.1745805e-03
   4.5450000e+01   7.3805685e-03
   4.5900000e+01   6.6453655e-03
   4.6350000e+01   5.9668802e-03
   4.6800000e+01   5.3428132e-03
   4.7250000e+01   4.7706974e-03
   4.7700000e+01   4.2479371e-03
   4.8150000e+01   3.7718449e-03
   4.8600000e+01   3.3396769e-03
   4.9050000e+01   2.9486646e-03
   4.9500000e+01   2.5960442e-03
   4.9950000e+01   2.2790828e-03
   5.0400000e+01   1.9951018e-03
   5.0850000e+01   1.7414965e-03
   5.1300000e+01   1.5157529e-03
   5.1750000e+01   1.3154614e-03
   5.2200000e+01   1.1383282e-03
   5.2650000e+01   9.8218252e-04
   5.3100000e+01   8.4498294e-04
   5.3550000e+01   7.2482037e-04
   5.4000000e+01   6.1991934e-04
   5.4450000e+01   5.2863748e-04
   5.4900000e+01   4.4946330e-04
   5.5350000e+01   3.8101280e-04
   5.5800000e+01   3.2202485e-04
   5.6250000e+01   2.7135577e-04
   5.6700000e+01   2.2797324e-04
   5.7150000e+01   1.9094970e-04
   5.7600000e+01   1.5945548e-04
   5.8050000e+01   1.3275173e-04
   5.8500000e+01   1.1018334e-04
   5.8950000e+01   9.1171937e-05
   5.9400000e+01   7.5209077e-05
   5.9850000e+01   6.1849637e-05
   6.0300000e+01   5.0705553e-05
   6.0750000e+01   4.1439890e-05
   6.1200000e+01   3.3761298e-05
   6.1650000e+01   2.7418852e-05
   6.2100000e+01   2.2197315e-05
   6.2550000e+01   1.7912790e-05
   6.3000000e+01   1.4408782e-05
   6.3450000e+01   1.1552630e-05
   6.3900000e+01   9.2323240e-06
   6.4350000e+01   7.3536518e-06
   6.4800000e+01   5.8376797e-06
   6.5250000e+01   4.6185290e-06
   6.5700000e+01   3.6414272e-06
   6.6150000e+01   2.8610097e-06
   6.6600000e+01   2.2398467e-06
   6.7050000e+01   1.7471726e-06
   6.7500000e+01   1.3577950e-06
   6.7950000e+01   1.0511629e-06
   6.8400000e+01   8.1057478e-07
   6.8850000e+01   6.2250853e-07
   6.9300000e+01   4.7605739e-07
   6.9750000e+01   3.6245721e-07
   7.0200000e+01   2.7469207e-07
   7.0650000e+01   2.0716684e-07
   7.1100000e+01   1.5543641e-07
   7.1550000e+01   1.1598287e-07
   7.2000000e+01   8.6032879e-08
   7.2450000e+01   6.3408669e-08
   7.2900000e+01   4.6406962e-08
   7.3350000e+01   3.3701003e-08
   7.3800000e+01   2.4261637e-08
   7.4250000e+01   1.7293965e-08
   7.4700000e+01   1.2186741e-08
   7.5150000e+01   8.4720935e-09
   7.5600000e+01   5.7936063e-09
   7.6050000e+01   3.8811297e-09
   7.6500000e+01   2.5309826e-09
   7.6950000e+01   1.5904595e-09
   7.7400000e+01   9.4575957e-10
   7.7850000e+01   5.1262319e-10
   7.8300000e+01   2.2910180e-10
   7.8750000e+01   5.0001887e-11
   7.9200000e+01  -5.7363710e-11
   7.9650000e+01  -1.1640796e-10
   8.0100000e+01  -1.4371510e-10
   8.0550000e+01  -1.5088027e-10
   8.1000000e+01  -1.4588489e-10
   8.1450000e+01  -1.3411814e-10
   8.1900000e+01  -1.1913029e-10
   8.2350000e+01  -1.0318380e-10
   8.2800000e+01  -8.7653056e-11
   8.3250000e+01  -7.3311588e-11
   8.3700000e+01  -6.0536009e-11
   8.4150000e+01  -4.9449099e-11
   8.4600000e+01  -4.0018614e-11
   8.5050000e+01  -3.2124268e-11
   8.5500000e+01  -2.5602077e-11
   8.5950000e+01  -2.0272809e-11
   8.6400000e+01  -1.5959432e-11
   8.6850000e+01  -1.2497103e-11
   8.7300000e+01  -9.7382017e-12
   8.7750000e+01  -7.5541824e-12
   8.8200000e+01  -5.8354640e-12
   8.8650000e+01  -4.4901903e-12
   8.9100000e+01  -3.4424148e-12
   8.9550000e+01  -2.6300645e-12
   9.0000000e+01  -2.0029030e-12
