  -9.0000000e+01  -3.1926607e-08
  -8.9550000e+01  -3.8557576e-08
  -8.9100000e+01  -4.6397705e-08
  -8.8650000e+01  -5.5616465e-08
  -8.8200000e+01  -6.6390438e-08
  -8.7750000e+01  -7.8896857e-08
  -8.7300000e+01  -9.3303914e-08
  -8.6850000e+01  -1.0975682e-07
  -8.6400000e+01  -1.2835831e-07
  -8.5950000e+01  -1.4914207e-07
  -8.5500000e+01  -1.7203703e-07
  -8.5050000e+01  -1.9682022e-07
  -8.4600000e+01  -2.2305522e-07
  -8.4150000e+01  -2.5001288e-07
  -8.3700000e+01  -2.7656985e-07
  -8.3250000e+01  -3.0108031e-07
  -8.2800000e+01  -3.2121482e-07
  -8.2350000e+01  -3.3375956e-07
  -8.1900000e+01  -3.3436793e-07
  -8.1450000e+01  -3.1725537e-07
  -8.1000000e+01  -2.7482661e-07
  -8.0550000e+01  -1.9722350e-07
  -8.0100000e+01  -7.1779323e-08
  -7.9650000e+01   1.1763567e-07
  -7.9200000e+01   3.9139507e-07
  -7.8750000e+01   7.7504274e-07
  -7.8300000e+01   1.3003863e-06
  -7.7850000e+01   2.0067808e-06
  -7.7400000e+01   2.9426287e-06
  -7.6950000e+01   4.1671222e-06
  -7.6500000e+01   5.7522584e-06
  -7.6050000e+01   7.7851565e-06
  -7.5600000e+01   1.0370709e-05
  -7.5150000e+01   1.3634599e-05
  -7.4700000e+01   1.7726716e-05
  -7.4250000e+01   2.2824998e-05
  -7.3800000e+01   2.9139728e-05
  -7.3350000e+01   3.6918321e-05
  -7.2900000e+01   4.6450593e-05
  -7.2450000e+01   5.8074562e-05
  -7.2000000e+01   7.2182745e-05
  -7.1550000e+01   8.9228972e-05
  -7.1100000e+01   1.0973568e-04
  -7.0650000e+01   1.3430163e-04
  -7.0200000e+01   1.6361008e-04
  -6.9750000e+01   1.9843714e-04
  -6.9300000e+01   2.3966048e-04
  -6.8850000e+01   2.8826801e-04
  -6.8400000e+01   3.4536654e-04
  -6.7950000e+01   4.1219017e-04
  -6.7500000e+01   4.9010829e-04
  -6.7050000e+01   5.8063283e-04
  -6.6600000e+01   6.8542467e-04
  -6.6150000e+01   8.0629883e-04
  -6.5700000e+01   9.4522820e-04
  -6.5250000e+01   1.1043456e-03
  -6.4800000e+01   1.2859437e-03
  -6.4350000e+01   1.4924728e-03
  -6.3900000e+01   1.7265358e-03
  -6.3450000e+01   1.9908807e-03
  -6.3000000e+01   2.2883895e-03
  -6.2550000e+01   2.6220648e-03
  -6.2100000e+01   2.9950119e-03
  -6.1650000e+01   3.4104186e-03
  -6.1200000e+01   3.8715304e-03
  -6.0750000e+01   4.3816239e-03
  -6.0300000e+01   4.9439751e-03
  -5.9850000e+01   5.5618264e-03
  -5.9400000e+01   6.2383492e-03
  -5.8950000e+01   6.9766060e-03
  -5.8500000e+01   7.7795085e-03
  -5.8050000e+01   8.6497762e-03
  -5.7600000e+01   9.5898929e-03
  -5.7150000e+01   1.0602063e-02
  -5.6700000e+01   1.1688171e-02
  -5.6250000e+01   1.2849735e-02
  -5.5800000e+01   1.4087872e-02
  -5.5350000e+01   1.5403260e-02
  -5.4900000e+01   1.6796102e-02
  -5.4450000e+01   1.8266098e-02
  -5.4000000e+01   1.9812421e-02
  -5.3550000e+01   2.1433694e-02
  -5.3100000e+01   2.3127982e-02
  -5.2650000e+01   2.4892776e-02
  -5.2200000e+01   2.6724998e-02
  -5.1750000e+01   2.8621005e-02
  -5.1300000e+01   3.0576595e-02
  -5.0850000e+01   3.2587030e-02
  -5.0400000e+01   3.4647059e-02
  -4.9950000e+01   3.6750946e-02
  -4.9500000e+01   3.8892503e-02
  -4.9050000e+01   4.1065136e-02
  -4.8600000e+01   4.3261881e-02
  -4.8150000e+01   4.5475459e-02
  -4.7700000e+01   4.7698319e-02
  -4.7250000e+01   4.9922694e-02
  -4.6800000e+01   5.2140654e-02
  -4.6350000e+01   5.4344159e-02
  -4.5900000e+01   5.6525112e-02
  -4.5450000e+01   5.8675411e-02
  -4.5000000e+01   6.0787002e-02
  -4.4550000e+01   6.2851925e-02
  -4.4100000e+01   6.4862362e-02
  -4.3650000e+01   6.6810679e-02
  -4.3200000e+01   6.8689466e-02
  -4.2750000e+01   7.0491575e-02
  -4.2300000e+01   7.2210153e-02
  -4.1850000e+01   7.3838670e-02
  -4.1400000e+01   7.5370949e-02
  -4.0950000e+01   7.6801186e-02
  -4.0500000e+01   7.8123973e-02
  -4.0050000e+01   7.9334318e-02
  -3.9600000e+01   8.0427656e-02
  -3.9150000e+01   8.1399871e-02
  -3.8700000e+01   8.2247300e-02
  -3.8250000e+01   8.2966751e-02
  -3.7800000e+01   8.3555512e-02
  -3.7350000e+01   8.4011361e-02
  -3.6900000e+01   8.4332573e-02
  -3.6450000e+01   8.4517933e-02
  -3.6000000e+01   8.4566741e-02
  -3.5550000e+01   8.4478823e-02
  -3.5100000e+01   8.4254535e-02
  -3.4650000e+01   8.3894772e-02
  -3.4200000e+01   8.3400975e-02
  -3.3750000e+01   8.2775130e-02
  -3.3300000e+01   8.2019777e-02
  -3.2850000e+01   8.1138005e-02
  -3.2400000e+01   8.0133451e-02
  -3.1950000e+01   7.9010297e-02
  -3.1500000e+01   7.7773258e-02
  -3.1050000e+01   7.6427570e-02
  -3.0600000e+01   7.4978976e-02
  -3.0150000e+01   7.3433702e-02
  -2.9700000e+01   7.1798430e-02
  -2.9250000e+01   7.0080273e-02
  -2.8800000e+01   6.8286732e-02
  -2.8350000e+01   6.6425664e-02
  -2.7900000e+01   6.4505232e-02
  -2.7450000e+01   6.2533858e-02
  -2.7000000e+01   6.0520171e-02
  -2.6550000e+01   5.8472955e-02
  -2.6100000e+01   5.6401083e-02
  -2.5650000e+01   5.4313466e-02
  -2.5200000e+01   5.2218986e-02
  -2.4750000e+01   5.0126433e-02
  -2.4300000e+01   4.8044452e-02
  -2.3850000e+01   4.5981472e-02
  -2.3400000e+01   4.3945656e-02
  -2.2950000e+01   4.1944839e-02
  -2.2500000e+01   3.9986482e-02
  -2.2050000e+01   3.8077616e-02
  -2.1600000e+01   3.6224805e-02
  -2.1150000e+01   3.4434100e-02
  -2.0700000e+01   3.2711012e-02
  -2.0250000e+01   3.1060480e-02
  -1.9800000e+01   2.9486849e-02
  -1.9350000e+01   2.7993854e-02
  -1.8900000e+01   2.6584610e-02
  -1.8450000e+01   2.5261608e-02
  -1.8000000e+01   2.4026711e-02
  -1.7550000e+01   2.2881169e-02
  -1.7100000e+01   2.1825623e-02
  -1.6650000e+01   2.0860124e-02
  -1.6200000e+01   1.9984154e-02
  -1.5750000e+01   1.9196650e-02
  -1.5300000e+01   1.8496032e-02
  -1.4850000e+01   1.7880237e-02
  -1.4400000e+01   1.7346747e-02
  -1.3950000e+01   1.6892634e-02
  -1.3500000e+01   1.6514591e-02
  -1.3050000e+01   1.6208976e-02
  -1.2600000e+01   1.5971853e-02
  -1.2150000e+01   1.5799029e-02
  -1.1700000e+01   1.5686101e-02
  -1.1250000e+01   1.5628495e-02
  -1.0800000e+01   1.5621510e-02
  -1.0350000e+01   1.5660352e-02
  -9.9000000e+00   1.5740181e-02
  -9.4500000e+00   1.5856143e-02
  -9.0000000e+00   1.6003409e-02
  -8.5500000e+00   1.6177207e-02
  -8.1000000e+00   1.6372854e-02
  -7.6500000e+00   1.6585787e-02
  -7.2000000e+00   1.6811587e-02
  -6.7500000e+00   1.7046005e-02
  -6.3000000e+00   1.7284983e-02
  -5.8500000e+00   1.7524670e-02
  -5.4000000e+00   1.7761444e-02
  -4.9500000e+00   1.7991918e-02
  -4.5000000e+00   1.8212955e-02
  -4.0500000e+00   1.8421677e-02
  -3.6000000e+00   1.8615470e-02
  -3.1500000e+00   1.8791989e-02
  -2.7000000e+00   1.8949163e-02
  -2.2500000e+00   1.9085196e-02
  -1.8000000e+00   1.9198567e-02
  -1.3500000e+00   1.9288034e-02
  -9.0000000e-01   1.9352628e-02
  -4.5000000e-01   1.9391661e-02
   0.0000000e+00   1.9404718e-02
   4.5000000e-01   1.9391661e-02
   9.0000000e-01   1.9352628e-02
   1.3500000e+00   1.9288034e-02
   1.8000000e+00   1.9198567e-02
   2.2500000e+00   1.9085196e-02
   2.7000000e+00   1.8949163e-02
   3.1500000e+00   1.8791989e-02
   3.6000000e+00   1.8615470e-02
   4.0500000e+00   1.8421677e-02
   4.5000000e+00   1.8212955e-02
   4.9500000e+00   1.7991918e-02
   5.4000000e+00   1.7761444e-02
   5.8500000e+00   1.7524670e-02
   6.3000000e+00   1.7284983e-02
   6.7500000e+00   1.7046005e-02
   7.2000000e+00   1.6811587e-02
   7.6500000e+00   1.6585787e-02
   8.1000000e+00   1.6372854e-02
   8.5500000e+00   1.6177207e-02
   9.0000000e+00   1.6003409e-02
   9.4500000e+00   1.5856143e-02
   9.9000000e+00   1.5740181e-02
   1.0350000e+01   1.5660352e-02
   1.0800000e+01   1.5621510e-02
   1.1250000e+01   1.5628495e-02
   1.1700000e+01   1.5686101e-02
   1.2150000e+01   1.5799029e-02
   1.2600000e+01   1.5971853e-02
   1.3050000e+01   1.6208976e-02
   1.3500000e+01   1.6514591e-02
   1.3950000e+01   1.6892634e-02
   1.4400000e+01   1.7346747e-02
   1.4850000e+01   1.7880237e-02
   1.5300000e+01   1.8496032e-02
   1.5750000e+01   1.9196650e-02
   1.6200000e+01   1.9984154e-02
   1.6650000e+01   2.0860124e-02
   1.7100000e+01   2.1825623e-02
   1.7550000e+01   2.2881169e-02
   1.8000000e+01   2.4026711e-02
   1.8450000e+01   2.5261608e-02
   1.8900000e+01   2.6584610e-02
   1.9350000e+01   2.7993854e-02
   1.9800000e+01   2.9486849e-02
   2.0250000e+01   3.1060480e-02
   2.0700000e+01   3.2711012e-02
   2.1150000e+01   3.4434100e-02
   2.1600000e+01   3.6224805e-02
   2.2050000e+01   3.8077616e-02
   2.2500000e+01   3.9986482e-02
   2.2950000e+01   4.1944839e-02
   2.3400000e+01   4.3945656e-02
   2.3850000e+01   4.5981472e-02
   2.4300000e+01   4.8044452e-02
   2.4750000e+01   5.0126433e-02
   2.5200000e+01   5.2218986e-02
   2.5650000e+01   5.4313466e-02
   2.6100000e+01   5.6401083e-02
   2.6550000e+01   5.8472955e-02
   2.7000000e+01   6.0520171e-02
   2.7450000e+01   6.2533858e-02
   2.7900000e+01   6.4505232e-02
   2.8350000e+01   6.6425664e-02
   2.8800000e+01   6.8286732e-02
   2.9250000e+01   7.0080273e-02
   2.9700000e+01   7.1798430e-02
   3.0150000e+01   7.3433702e-02
   3.0600000e+01   7.4978976e-02
   3.1050000e+01   7.6427570e-02
   3.1500000e+01   7.7773258e-02
   3.1950000e+01   7.9010297e-02
   3.2400000e+01   8.0133451e-02
   3.2850000e+01   8.1138005e-02
   3.3300000e+01   8.2019777e-02
   3.3750000e+01   8.2775130e-02
   3.4200000e+01   8.3400975e-02
   3.4650000e+01   8.3894772e-02
   3.5100000e+01   8.4254535e-02
   3.5550000e+01   8.4478823e-02
   3.6000000e+01   8.4566741e-02
   3.6450000e+01   8.4517933e-02
   3.6900000e+01   8.4332573e-02
   3.7350000e+01   8.4011361e-02
   3.7800000e+01   8.3555512e-02
   3.8250000e+01   8.2966751e-02
   3.8700000e+01   8.2247300e-02
   3.9150000e+01   8.1399871e-02
   3.9600000e+01   8.0427656e-02
   4.0050000e+01   7.9334318e-02
   4.0500000e+01   7.8123973e-02
   4.0950000e+01   7.6801186e-02
   4.1400000e+01   7.5370949e-02
   4.1850000e+01   7.3838670e-02
   4.2300000e+01   7.2210153e-02
   4.2750000e+01   7.0491575e-02
   4.3200000e+01   6.8689466e-02
   4.3650000e+01   6.6810679e-02
   4.4100000e+01   6.4862362e-02
   4.4550000e+01   6.2851925e-02
   4.5000000e+01   6.0787002e-02
   4.5450000e+01   5.8675411e-02
   4.5900000e+01   5.6525112e-02
   4.6350000e+01   5.4344159e-02
   4.6800000e+01   5.2140654e-02
   4.7250000e+01   4.9922694e-02
   4.7700000e+01   4.7698319e-02
   4.8150000e+01   4.5475459e-02
   4.8600000e+01   4.3261881e-02
   4.9050000e+01   4.1065136e-02
   4.9500000e+01   3.8892503e-02
   4.9950000e+01   3.6750946e-02
   5.0400000e+01   3.4647059e-02
   5.0850000e+01   3.2587030e-02
   5.1300000e+01   3.0576595e-02
   5.1750000e+01   2.8621005e-02
   5.2200000e+01   2.6724998e-02
   5.2650000e+01   2.4892776e-02
   5.3100000e+01   2.3127982e-02
   5.3550000e+01   2.1433694e-02
   5.4000000e+01   1.9812421e-02
   5.4450000e+01   1.8266098e-02
   5.4900000e+01   1.6796102e-02
   5.5350000e+01   1.5403260e-02
   5.5800000e+01   1.4087872e-02
   5.6250000e+01   1.2849735e-02
   5.6700000e+01   1.1688171e-02
   5.7150000e+01   1.0602063e-02
   5.7600000e+01   9.5898929e-03
   5.8050000e+01   8.6497762e-03
   5.8500000e+01   7.7795085e-03
   5.8950000e+01   6.9766060e-03
   5.9400000e+01   6.2383492e-03
   5.9850000e+01   5.5618264e-03
   6.0300000e+01   4.9439751e-03
   6.0750000e+01   4.3816239e-03
   6.1200000e+01   3.8715304e-03
   6.1650000e+01   3.4104186e-03
   6.2100000e+01   2.9950119e-03
   6.2550000e+01   2.6220648e-03
   6.3000000e+01   2.2883895e-03
   6.3450000e+01   1.9908807e-03
   6.3900000e+01   1.7265358e-03
   6.4350000e+01   1.4924728e-03
   6.4800000e+01   1.2859437e-03
   6.5250000e+01   1.1043456e-03
   6.5700000e+01   9.4522820e-04
   6.6150000e+01   8.0629883e-04
   6.6600000e+01   6.8542467e-04
   6.7050000e+01   5.8063283e-04
   6.7500000e+01   4.9010829e-04
   6.7950000e+01   4.1219017e-04
   6.8400000e+01   3.4536654e-04
   6.8850000e+01   2.8826801e-04
   6.9300000e+01   2.3966048e-04
   6.9750000e+01   1.9843714e-04
   7.0200000e+01   1.6361008e-04
   7.0650000e+01   1.3430163e-04
   7.1100000e+01   1.0973568e-04
   7.1550000e+01   8.9228972e-05
   7.2000000e+01   7.2182745e-05
   7.2450000e+01   5.8074562e-05
   7.2900000e+01   4.6450593e-05
   7.3350000e+01   3.6918321e-05
   7.3800000e+01   2.9139728e-05
   7.4250000e+01   2.2824998e-05
   7.4700000e+01   1.7726716e-05
   7.5150000e+01   1.3634599e-05
   7.5600000e+01   1.0370709e-05
   7.6050000e+01   7.7851565e-06
   7.6500000e+01   5.7522584e-06
   7.6950000e+01   4.1671222e-06
   7.7400000e+01   2.9426287e-06
   7.7850000e+01   2.0067808e-06
   7.8300000e+01   1.3003863e-06
   7.8750000e+01   7.7504274e-07
   7.9200000e+01   3.9139507e-07
   7.9650000e+01   1.1763567e-07
   8.0100000e+01  -7.1779323e-08
   8.0550000e+01  -1.9722350e-07
   8.1000000e+01  -2.7482661e-07
   8.1450000e+01  -3.1725537e-07
   8.1900000e+01  -3.3436793e-07
   8.2350000e+01  -3.3375956e-07
   8.2800000e+01  -3.2121482e-07
   8.3250000e+01  -3.0108031e-07
   8.3700000e+01  -2.7656985e-07
   8.4150000e+01  -2.5001288e-07
   8.4600000e+01  -2.2305522e-07
   8.5050000e+01  -1.9682022e-07
   8.5500000e+01  -1.7203703e-07
   8.5950000e+01  -1.4914207e-07
   8.6400000e+01  -1.2835831e-07
   8.6850000e+01  -1.0975682e-07
   8.7300000e+01  -9.3303914e-08
   8.7750000e+01  -7.8896857e-08
   8.8200000e+01  -6.6390438e-08
   8.8650000e+01  -5.5616465e-08
   8.9100000e+01  -4.6397705e-08
   8.9550000e+01  -3.8557576e-08
   9.0000000e+01  -3.1926607e-08
