  -9.0000000e+01  -8.2405742e-04
  -8.9550000e+01  -7.7968831e-04
  -8.9100000e+01  -7.3422478e-04
  -8.8650000e+01  -6.8768938e-04
  -8.8200000e+01  -6.4010420e-04
  -8.7750000e+01  -5.9149056e-04
  -8.7300000e+01  -5.4186870e-04
  -8.6850000e+01  -4.9125749e-04
  -8.6400000e+01  -4.3967402e-04
  -8.5950000e+01  -3.8713333e-04
  -8.5500000e+01  -3.3364795e-04
  -8.5050000e+01  -2.7922755e-04
  -8.4600000e+01  -2.2387855e-04
  -8.4150000e+01  -1.6760368e-04
  -8.3700000e+01  -1.1040156e-04
  -8.3250000e+01  -5.2266257e-05
  -8.2800000e+01   6.8131512e-06
  -8.2350000e+01   6.6853043e-05
  -8.1900000e+01   1.2787571e-04
  -8.1450000e+01   1.8990985e-04
  -8.1000000e+01   2.5299098e-04
  -8.0550000e+01   3.1716201e-04
  -8.0100000e+01   3.8247363e-04
  -7.9650000e+01   4.4898484e-04
  -7.9200000e+01   5.1676340e-04
  -7.8750000e+01   5.8588633e-04
  -7.8300000e+01   6.5644034e-04
  -7.7850000e+01   7.2852232e-04
  -7.7400000e+01   8.0223979e-04
  -7.6950000e+01   8.7771130e-04
  -7.6500000e+01   9.5506690e-04
  -7.6050000e+01   1.0344485e-03
  -7.5600000e+01   1.1160104e-03
  -7.5150000e+01   1.1999194e-03
  -7.4700000e+01   1.2863554e-03
  -7.4250000e+01   1.3755117e-03
  -7.3800000e+01   1.4675950e-03
  -7.3350000e+01   1.5628262e-03
  -7.2900000e+01   1.6614401e-03
  -7.2450000e+01   1.7636861e-03
  -7.2000000e+01   1.8698279e-03
  -7.1550000e+01   1.9801439e-03
  -7.1100000e+01   2.0949276e-03
  -7.0650000e+01   2.2144868e-03
  -7.0200000e+01   2.3391444e-03
  -6.9750000e+01   2.4692381e-03
  -6.9300000e+01   2.6051202e-03
  -6.8850000e+01   2.7471573e-03
  -6.8400000e+01   2.8957308e-03
  -6.7950000e+01   3.0512355e-03
  -6.7500000e+01   3.2140804e-03
  -6.7050000e+01   3.3846875e-03
  -6.6600000e+01   3.5634915e-03
  -6.6150000e+01   3.7509395e-03
  -6.5700000e+01   3.9474900e-03
  -6.5250000e+01   4.1536124e-03
  -6.4800000e+01   4.3697859e-03
  -6.4350000e+01   4.5964988e-03
  -6.3900000e+01   4.8342476e-03
  -6.3450000e+01   5.0835354e-03
  -6.3000000e+01   5.3448712e-03
  -6.2550000e+01   5.6187682e-03
  -6.2100000e+01   5.9057422e-03
  -6.1650000e+01   6.2063106e-03
  -6.1200000e+01   6.5209900e-03
  -6.0750000e+01   6.8502950e-03
  -6.0300000e+01   7.1947357e-03
  -5.9850000e+01   7.5548160e-03
  -5.9400000e+01   7.9310311e-03
  -5.8950000e+01   8.3238656e-03
  -5.8500000e+01   8.7337905e-03
  -5.8050000e+01   9.1612609e-03
  -5.7600000e+01   9.6067135e-03
  -5.7150000e+01   1.0070563e-02
  -5.6700000e+01   1.0553202e-02
  -5.6250000e+01   1.1054992e-02
  -5.5800000e+01   1.1576268e-02
  -5.5350000e+01   1.2117328e-02
  -5.4900000e+01   1.2678437e-02
  -5.4450000e+01   1.3259818e-02
  -5.4000000e+01   1.3861651e-02
  -5.3550000e+01   1.4484070e-02
  -5.3100000e+01   1.5127158e-02
  -5.2650000e+01   1.5790948e-02
  -5.2200000e+01   1.6475414e-02
  -5.1750000e+01   1.7180473e-02
  -5.1300000e+01   1.7905980e-02
  -5.0850000e+01   1.8651724e-02
  -5.0400000e+01   1.9417428e-02
  -4.9950000e+01   2.0202744e-02
  -4.9500000e+01   2.1007253e-02
  -4.9050000e+01   2.1830462e-02
  -4.8600000e+01   2.2671801e-02
  -4.8150000e+01   2.3530624e-02
  -4.7700000e+01   2.4406208e-02
  -4.7250000e+01   2.5297750e-02
  -4.6800000e+01   2.6204366e-02
  -4.6350000e+01   2.7125097e-02
  -4.5900000e+01   2.8058902e-02
  -4.5450000e+01   2.9004663e-02
  -4.5000000e+01   2.9961188e-02
  -4.4550000e+01   3.0927207e-02
  -4.4100000e+01   3.1901381e-02
  -4.3650000e+01   3.2882299e-02
  -4.3200000e+01   3.3868484e-02
  -4.2750000e+01   3.4858399e-02
  -4.2300000e+01   3.5850446e-02
  -4.1850000e+01   3.6842974e-02
  -4.1400000e+01   3.7834283e-02
  -4.0950000e+01   3.8822631e-02
  -4.0500000e+01   3.9806236e-02
  -4.0050000e+01   4.0783289e-02
  -3.9600000e+01   4.1751952e-02
  -3.9150000e+01   4.2710372e-02
  -3.8700000e+01   4.3656685e-02
  -3.8250000e+01   4.4589025e-02
  -3.7800000e+01   4.5505528e-02
  -3.7350000e+01   4.6404346e-02
  -3.6900000e+01   4.7283648e-02
  -3.6450000e+01   4.8141633e-02
  -3.6000000e+01   4.8976536e-02
  -3.5550000e+01   4.9786637e-02
  -3.5100000e+01   5.0570266e-02
  -3.4650000e+01   5.1325815e-02
  -3.4200000e+01   5.2051740e-02
  -3.3750000e+01   5.2746576e-02
  -3.3300000e+01   5.3408935e-02
  -3.2850000e+01   5.4037519e-02
  -3.2400000e+01   5.4631124e-02
  -3.1950000e+01   5.5188646e-02
  -3.1500000e+01   5.5709086e-02
  -3.1050000e+01   5.6191555e-02
  -3.0600000e+01   5.6635277e-02
  -3.0150000e+01   5.7039597e-02
  -2.9700000e+01   5.7403978e-02
  -2.9250000e+01   5.7728007e-02
  -2.8800000e+01   5.8011399e-02
  -2.8350000e+01   5.8253991e-02
  -2.7900000e+01   5.8455750e-02
  -2.7450000e+01   5.8616768e-02
  -2.7000000e+01   5.8737264e-02
  -2.6550000e+01   5.8817581e-02
  -2.6100000e+01   5.8858185e-02
  -2.5650000e+01   5.8859661e-02
  -2.5200000e+01   5.8822709e-02
  -2.4750000e+01   5.8748145e-02
  -2.4300000e+01   5.8636891e-02
  -2.3850000e+01   5.8489972e-02
  -2.3400000e+01   5.8308512e-02
  -2.2950000e+01   5.8093727e-02
  -2.2500000e+01   5.7846920e-02
  -2.2050000e+01   5.7569472e-02
  -2.1600000e+01   5.7262840e-02
  -2.1150000e+01   5.6928544e-02
  -2.0700000e+01   5.6568165e-02
  -2.0250000e+01   5.6183337e-02
  -1.9800000e+01   5.5775737e-02
  -1.9350000e+01   5.5347081e-02
  -1.8900000e+01   5.4899112e-02
  -1.8450000e+01   5.4433601e-02
  -1.8000000e+01   5.3952332e-02
  -1.7550000e+01   5.3457097e-02
  -1.7100000e+01   5.2949694e-02
  -1.6650000e+01   5.2431913e-02
  -1.6200000e+01   5.1905537e-02
  -1.5750000e+01   5.1372331e-02
  -1.5300000e+01   5.0834038e-02
  -1.4850000e+01   5.0292376e-02
  -1.4400000e+01   4.9749030e-02
  -1.3950000e+01   4.9205648e-02
  -1.3500000e+01   4.8663840e-02
  -1.3050000e+01   4.8125170e-02
  -1.2600000e+01   4.7591156e-02
  -1.2150000e+01   4.7063266e-02
  -1.1700000e+01   4.6542913e-02
  -1.1250000e+01   4.6031461e-02
  -1.0800000e+01   4.5530212e-02
  -1.0350000e+01   4.5040414e-02
  -9.9000000e+00   4.4563255e-02
  -9.4500000e+00   4.4099867e-02
  -9.0000000e+00   4.3651318e-02
  -8.5500000e+00   4.3218620e-02
  -8.1000000e+00   4.2802725e-02
  -7.6500000e+00   4.2404526e-02
  -7.2000000e+00   4.2024859e-02
  -6.7500000e+00   4.1664503e-02
  -6.3000000e+00   4.1324179e-02
  -5.8500000e+00   4.1004555e-02
  -5.4000000e+00   4.0706246e-02
  -4.9500000e+00   4.0429812e-02
  -4.5000000e+00   4.0175764e-02
  -4.0500000e+00   3.9944563e-02
  -3.6000000e+00   3.9736620e-02
  -3.1500000e+00   3.9552300e-02
  -2.7000000e+00   3.9391922e-02
  -2.2500000e+00   3.9255761e-02
  -1.8000000e+00   3.9144046e-02
  -1.3500000e+00   3.9056964e-02
  -9.0000000e-01   3.8994660e-02
  -4.5000000e-01   3.8957236e-02
   0.0000000e+00   3.8944755e-02
   4.5000000e-01   3.8957236e-02
   9.0000000e-01   3.8994660e-02
   1.3500000e+00   3.9056964e-02
   1.8000000e+00   3.9144046e-02
   2.2500000e+00   3.9255761e-02
   2.7000000e+00   3.9391922e-02
   3.1500000e+00   3.9552300e-02
   3.6000000e+00   3.9736620e-02
   4.0500000e+00   3.9944563e-02
   4.5000000e+00   4.0175764e-02
   4.9500000e+00   4.0429812e-02
   5.4000000e+00   4.0706246e-02
   5.8500000e+00   4.1004555e-02
   6.3000000e+00   4.1324179e-02
   6.7500000e+00   4.1664503e-02
   7.2000000e+00   4.2024859e-02
   7.6500000e+00   4.2404526e-02
   8.1000000e+00   4.2802725e-02
   8.5500000e+00   4.3218620e-02
   9.0000000e+00   4.3651318e-02
   9.4500000e+00   4.4099867e-02
   9.9000000e+00   4.4563255e-02
   1.0350000e+01   4.5040414e-02
   1.0800000e+01   4.5530212e-02
   1.1250000e+01   4.6031461e-02
   1.1700000e+01   4.6542913e-02
   1.2150000e+01   4.7063266e-02
   1.2600000e+01   4.7591156e-02
   1.3050000e+01   4.8125170e-02
   1.3500000e+01   4.8663840e-02
   1.3950000e+01   4.9205648e-02
   1.4400000e+01   4.9749030e-02
   1.4850000e+01   5.0292376e-02
   1.5300000e+01   5.0834038e-02
   1.5750000e+01   5.1372331e-02
   1.6200000e+01   5.1905537e-02
   1.6650000e+01   5.2431913e-02
   1.7100000e+01   5.2949694e-02
   1.7550000e+01   5.3457097e-02
   1.8000000e+01   5.3952332e-02
   1.8450000e+01   5.4433601e-02
   1.8900000e+01   5.4899112e-02
   1.9350000e+01   5.5347081e-02
   1.9800000e+01   5.5775737e-02
   2.0250000e+01   5.6183337e-02
   2.0700000e+01   5.6568165e-02
   2.1150000e+01   5.6928544e-02
   2.1600000e+01   5.7262840e-02
   2.2050000e+01   5.7569472e-02
   2.2500000e+01   5.7846920e-02
   2.2950000e+01   5.8093727e-02
   2.3400000e+01   5.8308512e-02
   2.3850000e+01   5.8489972e-02
   2.4300000e+01   5.8636891e-02
   2.4750000e+01   5.8748145e-02
   2.5200000e+01   5.8822709e-02
   2.5650000e+01   5.8859661e-02
   2.6100000e+01   5.8858185e-02
   2.6550000e+01   5.8817581e-02
   2.7000000e+01   5.8737264e-02
   2.7450000e+01   5.8616768e-02
   2.7900000e+01   5.8455750e-02
   2.8350000e+01   5.8253991e-02
   2.8800000e+01   5.8011399e-02
   2.9250000e+01   5.7728007e-02
   2.9700000e+01   5.7403978e-02
   3.0150000e+01   5.7039597e-02
   3.0600000e+01   5.6635277e-02
   3.1050000e+01   5.6191555e-02
   3.1500000e+01   5.5709086e-02
   3.1950000e+01   5.5188646e-02
   3.2400000e+01   5.4631124e-02
   3.2850000e+01   5.4037519e-02
   3.3300000e+01   5.3408935e-02
   3.3750000e+01   5.2746576e-02
   3.4200000e+01   5.2051740e-02
   3.4650000e+01   5.1325815e-02
   3.5100000e+01   5.0570266e-02
   3.5550000e+01   4.9786637e-02
   3.6000000e+01   4.8976536e-02
   3.6450000e+01   4.8141633e-02
   3.6900000e+01   4.7283648e-02
   3.7350000e+01   4.6404346e-02
   3.7800000e+01   4.5505528e-02
   3.8250000e+01   4.4589025e-02
   3.8700000e+01   4.3656685e-02
   3.9150000e+01   4.2710372e-02
   3.9600000e+01   4.1751952e-02
   4.0050000e+01   4.0783289e-02
   4.0500000e+01   3.9806236e-02
   4.0950000e+01   3.8822631e-02
   4.1400000e+01   3.7834283e-02
   4.1850000e+01   3.6842974e-02
   4.2300000e+01   3.5850446e-02
   4.2750000e+01   3.4858399e-02
   4.3200000e+01   3.3868484e-02
   4.3650000e+01   3.2882299e-02
   4.4100000e+01   3.1901381e-02
   4.4550000e+01   3.0927207e-02
   4.5000000e+01   2.9961188e-02
   4.5450000e+01   2.9004663e-02
   4.5900000e+01   2.8058902e-02
   4.6350000e+01   2.7125097e-02
   4.6800000e+01   2.6204366e-02
   4.7250000e+01   2.5297750e-02
   4.7700000e+01   2.4406208e-02
   4.8150000e+01   2.3530624e-02
   4.8600000e+01   2.2671801e-02
   4.9050000e+01   2.1830462e-02
   4.9500000e+01   2.1007253e-02
   4.9950000e+01   2.0202744e-02
   5.0400000e+01   1.9417428e-02
   5.0850000e+01   1.8651724e-02
   5.1300000e+01   1.7905980e-02
   5.1750000e+01   1.7180473e-02
   5.2200000e+01   1.6475414e-02
   5.2650000e+01   1.5790948e-02
   5.3100000e+01   1.5127158e-02
   5.3550000e+01   1.4484070e-02
   5.4000000e+01   1.3861651e-02
   5.4450000e+01   1.3259818e-02
   5.4900000e+01   1.2678437e-02
   5.5350000e+01   1.2117328e-02
   5.5800000e+01   1.1576268e-02
   5.6250000e+01   1.1054992e-02
   5.6700000e+01   1.0553202e-02
   5.7150000e+01   1.0070563e-02
   5.7600000e+01   9.6067135e-03
   5.8050000e+01   9.1612609e-03
   5.8500000e+01   8.7337905e-03
   5.8950000e+01   8.3238656e-03
   5.9400000e+01   7.9310311e-03
   5.9850000e+01   7.5548160e-03
   6.0300000e+01   7.1947357e-03
   6.0750000e+01   6.8502950e-03
   6.1200000e+01   6.5209900e-03
   6.1650000e+01   6.2063106e-03
   6.2100000e+01   5.9057422e-03
   6.2550000e+01   5.6187682e-03
   6.3000000e+01   5.3448712e-03
   6.3450000e+01   5.0835354e-03
   6.3900000e+01   4.8342476e-03
   6.4350000e+01   4.5964988e-03
   6.4800000e+01   4.3697859e-03
   6.5250000e+01   4.1536124e-03
   6.5700000e+01   3.9474900e-03
   6.6150000e+01   3.7509395e-03
   6.6600000e+01   3.5634915e-03
   6.7050000e+01   3.3846875e-03
   6.7500000e+01   3.2140804e-03
   6.7950000e+01   3.0512355e-03
   6.8400000e+01   2.8957308e-03
   6.8850000e+01   2.7471573e-03
   6.9300000e+01   2.6051202e-03
   6.9750000e+01   2.4692381e-03
   7.0200000e+01   2.3391444e-03
   7.0650000e+01   2.2144868e-03
   7.1100000e+01   2.0949276e-03
   7.1550000e+01   1.9801439e-03
   7.2000000e+01   1.8698279e-03
   7.2450000e+01   1.7636861e-03
   7.2900000e+01   1.6614401e-03
   7.3350000e+01   1.5628262e-03
   7.3800000e+01   1.4675950e-03
   7.4250000e+01   1.3755117e-03
   7.4700000e+01   1.2863554e-03
   7.5150000e+01   1.1999194e-03
   7.5600000e+01   1.1160104e-03
   7.6050000e+01   1.0344485e-03
   7.6500000e+01   9.5506690e-04
   7.6950000e+01   8.7771130e-04
   7.7400000e+01   8.0223979e-04
   7.7850000e+01   7.2852232e-04
   7.8300000e+01   6.5644034e-04
   7.8750000e+01   5.8588633e-04
   7.9200000e+01   5.1676340e-04
   7.9650000e+01   4.4898484e-04
   8.0100000e+01   3.8247363e-04
   8.0550000e+01   3.1716201e-04
   8.1000000e+01   2.5299098e-04
   8.1450000e+01   1.8990985e-04
   8.1900000e+01   1.2787571e-04
   8.2350000e+01   6.6853043e-05
   8.2800000e+01   6.8131512e-06
   8.3250000e+01  -5.2266257e-05
   8.3700000e+01  -1.1040156e-04
   8.4150000e+01  -1.6760368e-04
   8.4600000e+01  -2.2387855e-04
   8.5050000e+01  -2.7922755e-04
   8.5500000e+01  -3.3364795e-04
   8.5950000e+01  -3.8713333e-04
   8.6400000e+01  -4.3967402e-04
   8.6850000e+01  -4.9125749e-04
   8.7300000e+01  -5.4186870e-04
   8.7750000e+01  -5.9149056e-04
   8.8200000e+01  -6.4010420e-04
   8.8650000e+01  -6.8768938e-04
   8.9100000e+01  -7.3422478e-04
   8.9550000e+01  -7.7968831e-04
   9.0000000e+01  -8.2405742e-04
