  -9.0000000e+01  -3.7676817e-04
  -8.9550000e+01  -3.8345371e-04
  -8.9100000e+01  -3.8956523e-04
  -8.8650000e+01  -3.9502588e-04
  -8.8200000e+01  -3.9975374e-04
  -8.7750000e+01  -4.0366164e-04
  -8.7300000e+01  -4.0665697e-04
  -8.6850000e+01  -4.0864155e-04
  -8.6400000e+01  -4.0951144e-04
  -8.5950000e+01  -4.0915681e-04
  -8.5500000e+01  -4.0746175e-04
  -8.5050000e+01  -4.0430420e-04
  -8.4600000e+01  -3.9955572e-04
  -8.4150000e+01  -3.9308149e-04
  -8.3700000e+01  -3.8474009e-04
  -8.3250000e+01  -3.7438348e-04
  -8.2800000e+01  -3.6185688e-04
  -8.2350000e+01  -3.4699872e-04
  -8.1900000e+01  -3.2964058e-04
  -8.1450000e+01  -3.0960715e-04
  -8.1000000e+01  -2.8671622e-04
  -8.0550000e+01  -2.6077869e-04
  -8.0100000e+01  -2.3159855e-04
  -7.9650000e+01  -1.9897300e-04
  -7.9200000e+01  -1.6269241e-04
  -7.8750000e+01  -1.2254050e-04
  -7.8300000e+01  -7.8294402e-05
  -7.7850000e+01  -2.9724788e-05
  -7.7400000e+01   2.3403947e-05
  -7.6950000e+01   8.1333512e-05
  -7.6500000e+01   1.4431151e-04
  -7.6050000e+01   2.1259120e-04
  -7.5600000e+01   2.8643124e-04
  -7.5150000e+01   3.6609536e-04
  -7.4700000e+01   4.5185209e-04
  -7.4250000e+01   5.4397439e-04
  -7.3800000e+01   6.4273924e-04
  -7.3350000e+01   7.4842730e-04
  -7.2900000e+01   8.6132240e-04
  -7.2450000e+01   9.8171112e-04
  -7.2000000e+01   1.1098823e-03
  -7.1550000e+01   1.2461265e-03
  -7.1100000e+01   1.3907353e-03
  -7.0650000e+01   1.5440012e-03
  -7.0200000e+01   1.7062164e-03
  -6.9750000e+01   1.8776724e-03
  -6.9300000e+01   2.0586596e-03
  -6.8850000e+01   2.2494662e-03
  -6.8400000e+01   2.4503778e-03
  -6.7950000e+01   2.6616763e-03
  -6.7500000e+01   2.8836395e-03
  -6.7050000e+01   3.1165402e-03
  -6.6600000e+01   3.3606451e-03
  -6.6150000e+01   3.6162144e-03
  -6.5700000e+01   3.8835007e-03
  -6.5250000e+01   4.1627480e-03
  -6.4800000e+01   4.4541910e-03
  -6.4350000e+01   4.7580541e-03
  -6.3900000e+01   5.0745507e-03
  -6.3450000e+01   5.4038817e-03
  -6.3000000e+01   5.7462352e-03
  -6.2550000e+01   6.1017848e-03
  -6.2100000e+01   6.4706896e-03
  -6.1650000e+01   6.8530923e-03
  -6.1200000e+01   7.2491187e-03
  -6.0750000e+01   7.6588766e-03
  -6.0300000e+01   8.0824552e-03
  -5.9850000e+01   8.5199234e-03
  -5.9400000e+01   8.9713296e-03
  -5.8950000e+01   9.4367007e-03
  -5.8500000e+01   9.9160407e-03
  -5.8050000e+01   1.0409331e-02
  -5.7600000e+01   1.0916527e-02
  -5.7150000e+01   1.1437562e-02
  -5.6700000e+01   1.1972341e-02
  -5.6250000e+01   1.2520745e-02
  -5.5800000e+01   1.3082626e-02
  -5.5350000e+01   1.3657811e-02
  -5.4900000e+01   1.4246098e-02
  -5.4450000e+01   1.4847257e-02
  -5.4000000e+01   1.5461029e-02
  -5.3550000e+01   1.6087127e-02
  -5.3100000e+01   1.6725236e-02
  -5.2650000e+01   1.7375012e-02
  -5.2200000e+01   1.8036083e-02
  -5.1750000e+01   1.8708045e-02
  -5.1300000e+01   1.9390472e-02
  -5.0850000e+01   2.0082906e-02
  -5.0400000e+01   2.0784862e-02
  -4.9950000e+01   2.1495832e-02
  -4.9500000e+01   2.2215277e-02
  -4.9050000e+01   2.2942638e-02
  -4.8600000e+01   2.3677329e-02
  -4.8150000e+01   2.4418741e-02
  -4.7700000e+01   2.5166243e-02
  -4.7250000e+01   2.5919185e-02
  -4.6800000e+01   2.6676895e-02
  -4.6350000e+01   2.7438683e-02
  -4.5900000e+01   2.8203844e-02
  -4.5450000e+01   2.8971654e-02
  -4.5000000e+01   2.9741377e-02
  -4.4550000e+01   3.0512265e-02
  -4.4100000e+01   3.1283557e-02
  -4.3650000e+01   3.2054483e-02
  -4.3200000e+01   3.2824266e-02
  -4.2750000e+01   3.3592120e-02
  -4.2300000e+01   3.4357257e-02
  -4.1850000e+01   3.5118883e-02
  -4.1400000e+01   3.5876205e-02
  -4.0950000e+01   3.6628428e-02
  -4.0500000e+01   3.7374759e-02
  -4.0050000e+01   3.8114406e-02
  -3.9600000e+01   3.8846584e-02
  -3.9150000e+01   3.9570513e-02
  -3.8700000e+01   4.0285419e-02
  -3.8250000e+01   4.0990539e-02
  -3.7800000e+01   4.1685116e-02
  -3.7350000e+01   4.2368408e-02
  -3.6900000e+01   4.3039685e-02
  -3.6450000e+01   4.3698230e-02
  -3.6000000e+01   4.4343341e-02
  -3.5550000e+01   4.4974333e-02
  -3.5100000e+01   4.5590538e-02
  -3.4650000e+01   4.6191309e-02
  -3.4200000e+01   4.6776015e-02
  -3.3750000e+01   4.7344049e-02
  -3.3300000e+01   4.7894826e-02
  -3.2850000e+01   4.8427784e-02
  -3.2400000e+01   4.8942385e-02
  -3.1950000e+01   4.9438118e-02
  -3.1500000e+01   4.9914497e-02
  -3.1050000e+01   5.0371066e-02
  -3.0600000e+01   5.0807396e-02
  -3.0150000e+01   5.1223091e-02
  -2.9700000e+01   5.1617783e-02
  -2.9250000e+01   5.1991140e-02
  -2.8800000e+01   5.2342861e-02
  -2.8350000e+01   5.2672681e-02
  -2.7900000e+01   5.2980372e-02
  -2.7450000e+01   5.3265741e-02
  -2.7000000e+01   5.3528636e-02
  -2.6550000e+01   5.3768941e-02
  -2.6100000e+01   5.3986584e-02
  -2.5650000e+01   5.4181531e-02
  -2.5200000e+01   5.4353794e-02
  -2.4750000e+01   5.4503425e-02
  -2.4300000e+01   5.4630523e-02
  -2.3850000e+01   5.4735230e-02
  -2.3400000e+01   5.4817734e-02
  -2.2950000e+01   5.4878271e-02
  -2.2500000e+01   5.4917123e-02
  -2.2050000e+01   5.4934617e-02
  -2.1600000e+01   5.4931130e-02
  -2.1150000e+01   5.4907086e-02
  -2.0700000e+01   5.4862955e-02
  -2.0250000e+01   5.4799257e-02
  -1.9800000e+01   5.4716557e-02
  -1.9350000e+01   5.4615466e-02
  -1.8900000e+01   5.4496641e-02
  -1.8450000e+01   5.4360785e-02
  -1.8000000e+01   5.4208643e-02
  -1.7550000e+01   5.4041003e-02
  -1.7100000e+01   5.3858694e-02
  -1.6650000e+01   5.3662583e-02
  -1.6200000e+01   5.3453575e-02
  -1.5750000e+01   5.3232610e-02
  -1.5300000e+01   5.3000662e-02
  -1.4850000e+01   5.2758732e-02
  -1.4400000e+01   5.2507852e-02
  -1.3950000e+01   5.2249076e-02
  -1.3500000e+01   5.1983483e-02
  -1.3050000e+01   5.1712167e-02
  -1.2600000e+01   5.1436240e-02
  -1.2150000e+01   5.1156823e-02
  -1.1700000e+01   5.0875049e-02
  -1.1250000e+01   5.0592052e-02
  -1.0800000e+01   5.0308968e-02
  -1.0350000e+01   5.0026931e-02
  -9.9000000e+00   4.9747065e-02
  -9.4500000e+00   4.9470487e-02
  -9.0000000e+00   4.9198296e-02
  -8.5500000e+00   4.8931574e-02
  -8.1000000e+00   4.8671378e-02
  -7.6500000e+00   4.8418741e-02
  -7.2000000e+00   4.8174664e-02
  -6.7500000e+00   4.7940112e-02
  -6.3000000e+00   4.7716016e-02
  -5.8500000e+00   4.7503262e-02
  -5.4000000e+00   4.7302693e-02
  -4.9500000e+00   4.7115102e-02
  -4.5000000e+00   4.6941232e-02
  -4.0500000e+00   4.6781772e-02
  -3.6000000e+00   4.6637353e-02
  -3.1500000e+00   4.6508547e-02
  -2.7000000e+00   4.6395864e-02
  -2.2500000e+00   4.6299751e-02
  -1.8000000e+00   4.6220588e-02
  -1.3500000e+00   4.6158689e-02
  -9.0000000e-01   4.6114299e-02
  -4.5000000e-01   4.6087595e-02
   0.0000000e+00   4.6078682e-02
   4.5000000e-01   4.6087595e-02
   9.0000000e-01   4.6114299e-02
   1.3500000e+00   4.6158689e-02
   1.8000000e+00   4.6220588e-02
   2.2500000e+00   4.6299751e-02
   2.7000000e+00   4.6395864e-02
   3.1500000e+00   4.6508547e-02
   3.6000000e+00   4.6637353e-02
   4.0500000e+00   4.6781772e-02
   4.5000000e+00   4.6941232e-02
   4.9500000e+00   4.7115102e-02
   5.4000000e+00   4.7302693e-02
   5.8500000e+00   4.7503262e-02
   6.3000000e+00   4.7716016e-02
   6.7500000e+00   4.7940112e-02
   7.2000000e+00   4.8174664e-02
   7.6500000e+00   4.8418741e-02
   8.1000000e+00   4.8671378e-02
   8.5500000e+00   4.8931574e-02
   9.0000000e+00   4.9198296e-02
   9.4500000e+00   4.9470487e-02
   9.9000000e+00   4.9747065e-02
   1.0350000e+01   5.0026931e-02
   1.0800000e+01   5.0308968e-02
   1.1250000e+01   5.0592052e-02
   1.1700000e+01   5.0875049e-02
   1.2150000e+01   5.1156823e-02
   1.2600000e+01   5.1436240e-02
   1.3050000e+01   5.1712167e-02
   1.3500000e+01   5.1983483e-02
   1.3950000e+01   5.2249076e-02
   1.4400000e+01   5.2507852e-02
   1.4850000e+01   5.2758732e-02
   1.5300000e+01   5.3000662e-02
   1.5750000e+01   5.3232610e-02
   1.6200000e+01   5.3453575e-02
   1.6650000e+01   5.3662583e-02
   1.7100000e+01   5.3858694e-02
   1.7550000e+01   5.4041003e-02
   1.8000000e+01   5.4208643e-02
   1.8450000e+01   5.4360785e-02
   1.8900000e+01   5.4496641e-02
   1.9350000e+01   5.4615466e-02
   1.9800000e+01   5.4716557e-02
   2.0250000e+01   5.4799257e-02
   2.0700000e+01   5.4862955e-02
   2.1150000e+01   5.4907086e-02
   2.1600000e+01   5.4931130e-02
   2.2050000e+01   5.4934617e-02
   2.2500000e+01   5.4917123e-02
   2.2950000e+01   5.4878271e-02
   2.3400000e+01   5.4817734e-02
   2.3850000e+01   5.4735230e-02
   2.4300000e+01   5.4630523e-02
   2.4750000e+01   5.4503425e-02
   2.5200000e+01   5.4353794e-02
   2.5650000e+01   5.4181531e-02
   2.6100000e+01   5.3986584e-02
   2.6550000e+01   5.3768941e-02
   2.7000000e+01   5.3528636e-02
   2.7450000e+01   5.3265741e-02
   2.7900000e+01   5.2980372e-02
   2.8350000e+01   5.2672681e-02
   2.8800000e+01   5.2342861e-02
   2.9250000e+01   5.1991140e-02
   2.9700000e+01   5.1617783e-02
   3.0150000e+01   5.1223091e-02
   3.0600000e+01   5.0807396e-02
   3.1050000e+01   5.0371066e-02
   3.1500000e+01   4.9914497e-02
   3.1950000e+01   4.9438118e-02
   3.2400000e+01   4.8942385e-02
   3.2850000e+01   4.8427784e-02
   3.3300000e+01   4.7894826e-02
   3.3750000e+01   4.7344049e-02
   3.4200000e+01   4.6776015e-02
   3.4650000e+01   4.6191309e-02
   3.5100000e+01   4.5590538e-02
   3.5550000e+01   4.4974333e-02
   3.6000000e+01   4.4343341e-02
   3.6450000e+01   4.3698230e-02
   3.6900000e+01   4.3039685e-02
   3.7350000e+01   4.2368408e-02
   3.7800000e+01   4.1685116e-02
   3.8250000e+01   4.0990539e-02
   3.8700000e+01   4.0285419e-02
   3.9150000e+01   3.9570513e-02
   3.9600000e+01   3.8846584e-02
   4.0050000e+01   3.8114406e-02
   4.0500000e+01   3.7374759e-02
   4.0950000e+01   3.6628428e-02
   4.1400000e+01   3.5876205e-02
   4.1850000e+01   3.5118883e-02
   4.2300000e+01   3.4357257e-02
   4.2750000e+01   3.3592120e-02
   4.3200000e+01   3.2824266e-02
   4.3650000e+01   3.2054483e-02
   4.4100000e+01   3.1283557e-02
   4.4550000e+01   3.0512265e-02
   4.5000000e+01   2.9741377e-02
   4.5450000e+01   2.8971654e-02
   4.5900000e+01   2.8203844e-02
   4.6350000e+01   2.7438683e-02
   4.6800000e+01   2.6676895e-02
   4.7250000e+01   2.5919185e-02
   4.7700000e+01   2.5166243e-02
   4.8150000e+01   2.4418741e-02
   4.8600000e+01   2.3677329e-02
   4.9050000e+01   2.2942638e-02
   4.9500000e+01   2.2215277e-02
   4.9950000e+01   2.1495832e-02
   5.0400000e+01   2.0784862e-02
   5.0850000e+01   2.0082906e-02
   5.1300000e+01   1.9390472e-02
   5.1750000e+01   1.8708045e-02
   5.2200000e+01   1.8036083e-02
   5.2650000e+01   1.7375012e-02
   5.3100000e+01   1.6725236e-02
   5.3550000e+01   1.6087127e-02
   5.4000000e+01   1.5461029e-02
   5.4450000e+01   1.4847257e-02
   5.4900000e+01   1.4246098e-02
   5.5350000e+01   1.3657811e-02
   5.5800000e+01   1.3082626e-02
   5.6250000e+01   1.2520745e-02
   5.6700000e+01   1.1972341e-02
   5.7150000e+01   1.1437562e-02
   5.7600000e+01   1.0916527e-02
   5.8050000e+01   1.0409331e-02
   5.8500000e+01   9.9160407e-03
   5.8950000e+01   9.4367007e-03
   5.9400000e+01   8.9713296e-03
   5.9850000e+01   8.5199234e-03
   6.0300000e+01   8.0824552e-03
   6.0750000e+01   7.6588766e-03
   6.1200000e+01   7.2491187e-03
   6.1650000e+01   6.8530923e-03
   6.2100000e+01   6.4706896e-03
   6.2550000e+01   6.1017848e-03
   6.3000000e+01   5.7462352e-03
   6.3450000e+01   5.4038817e-03
   6.3900000e+01   5.0745507e-03
   6.4350000e+01   4.7580541e-03
   6.4800000e+01   4.4541910e-03
   6.5250000e+01   4.1627480e-03
   6.5700000e+01   3.8835007e-03
   6.6150000e+01   3.6162144e-03
   6.6600000e+01   3.3606451e-03
   6.7050000e+01   3.1165402e-03
   6.7500000e+01   2.8836395e-03
   6.7950000e+01   2.6616763e-03
   6.8400000e+01   2.4503778e-03
   6.8850000e+01   2.2494662e-03
   6.9300000e+01   2.0586596e-03
   6.9750000e+01   1.8776724e-03
   7.0200000e+01   1.7062164e-03
   7.0650000e+01   1.5440012e-03
   7.1100000e+01   1.3907353e-03
   7.1550000e+01   1.2461265e-03
   7.2000000e+01   1.1098823e-03
   7.2450000e+01   9.8171112e-04
   7.2900000e+01   8.6132240e-04
   7.3350000e+01   7.4842730e-04
   7.3800000e+01   6.4273924e-04
   7.4250000e+01   5.4397439e-04
   7.4700000e+01   4.5185209e-04
   7.5150000e+01   3.6609536e-04
   7.5600000e+01   2.8643124e-04
   7.6050000e+01   2.1259120e-04
   7.6500000e+01   1.4431151e-04
   7.6950000e+01   8.1333512e-05
   7.7400000e+01   2.3403947e-05
   7.7850000e+01  -2.9724788e-05
   7.8300000e+01  -7.8294402e-05
   7.8750000e+01  -1.2254050e-04
   7.9200000e+01  -1.6269241e-04
   7.9650000e+01  -1.9897300e-04
   8.0100000e+01  -2.3159855e-04
   8.0550000e+01  -2.6077869e-04
   8.1000000e+01  -2.8671622e-04
   8.1450000e+01  -3.0960715e-04
   8.1900000e+01  -3.2964058e-04
   8.2350000e+01  -3.4699872e-04
   8.2800000e+01  -3.6185688e-04
   8.3250000e+01  -3.7438348e-04
   8.3700000e+01  -3.8474009e-04
   8.4150000e+01  -3.9308149e-04
   8.4600000e+01  -3.9955572e-04
   8.5050000e+01  -4.0430420e-04
   8.5500000e+01  -4.0746175e-04
   8.5950000e+01  -4.0915681e-04
   8.6400000e+01  -4.0951144e-04
   8.6850000e+01  -4.0864155e-04
   8.7300000e+01  -4.0665697e-04
   8.7750000e+01  -4.0366164e-04
   8.8200000e+01  -3.9975374e-04
   8.8650000e+01  -3.9502588e-04
   8.9100000e+01  -3.8956523e-04
   8.9550000e+01  -3.8345371e-04
   9.0000000e+01  -3.7676817e-04
