   0.0000000e+00   0.0000000e+00
   0.0000000e+00   0.0000000e+00
   0.0000000e+00   0.0000000e+00
   0.0000000e+00   0.0000000e+00
   0.0000000e+00   0.0000000e+00
   4.4444444e-01   0.0000000e+00
   5.5555556e-01   0.0000000e+00
   0.0000000e+00   0.0000000e+00
   0.0000000e+00   0.0000000e+00
   0.0000000e+00   0.0000000e+00
   0.0000000e+00   0.0000000e+00
   0.0000000e+00   0.0000000e+00
   0.0000000e+00   0.0000000e+00
   0.0000000e+00   0.0000000e+00
   0.0000000e+00   0.0000000e+00
   0.0000000e+00   0.0000000e+00
   3.3333333e-01   0.0000000e+00
   6.6666667e-01   0.0000000e+00
   0.0000000e+00   0.0000000e+00
   0.0000000e+00   0.0000000e+00
   0.0000000e+00   0.0000000e+00
   0.0000000e+00   0.0000000e+00
   0.0000000e+00   0.0000000e+00
   0.0000000e+00   0.0000000e+00
   0.0000000e+00   0.0000000e+00
   0.0000000e+00   0.0000000e+00
   0.0000000e+00   0.0000000e+00
   2.2222222e-01   0.0000000e+00
   7.7777778e-01   0.0000000e+00
   0.0000000e+00   0.0000000e+00
   0.0000000e+00   0.0000000e+00
   0.0000000e+00   0.0000000e+00
   0.0000000e+00   0.0000000e+00
   0.0000000e+00   0.0000000e+00
   0.0000000e+00   0.0000000e+00
   0.0000000e+00   0.0000000e+00
   0.0000000e+00   0.0000000e+00
   0.0000000e+00   0.0000000e+00
   1.1111111e-01   0.0000000e+00
   8.8888889e-01   0.0000000e+00
   0.0000000e+00   0.0000000e+00
   0.0000000e+00   0.0000000e+00
   0.0000000e+00   0.0000000e+00
   0.0000000e+00   0.0000000e+00
   0.0000000e+00   0.0000000e+00
   0.0000000e+00   0.0000000e+00
   0.0000000e+00   0.0000000e+00
   0.0000000e+00   0.0000000e+00
   0.0000000e+00   0.0000000e+00
   0.0000000e+00   0.0000000e+00
   1.0000000e+00   0.0000000e+00
   0.0000000e+00   0.0000000e+00
   0.0000000e+00   0.0000000e+00
   0.0000000e+00   0.0000000e+00
   0.0000000e+00   0.0000000e+00
   0.0000000e+00   0.0000000e+00
   0.0000000e+00   0.0000000e+00
   0.0000000e+00   0.0000000e+00
   0.0000000e+00   0.0000000e+00
   0.0000000e+00   0.0000000e+00
   0.0000000e+00   0.0000000e+00
   8.8888889e-01   0.0000000e+00
   1.1111111e-01   0.0000000e+00
   0.0000000e+00   0.0000000e+00
   0.0000000e+00   0.0000000e+00
   0.0000000e+00   0.0000000e+00
   0.0000000e+00   0.0000000e+00
   0.0000000e+00   0.0000000e+00
   0.0000000e+00   0.0000000e+00
   0.0000000e+00   0.0000000e+00
   0.0000000e+00   0.0000000e+00
   0.0000000e+00   0.0000000e+00
   7.7777778e-01   5.3365664e-02
   2.2222222e-01   1.5247333e-02
   0.0000000e+00   0.0000000e+00
   0.0000000e+00   0.0000000e+00
   0.0000000e+00   0.0000000e+00
   0.0000000e+00   0.0000000e+00
   0.0000000e+00   0.0000000e+00
   0.0000000e+00   0.0000000e+00
   0.0000000e+00   0.0000000e+00
   0.0000000e+00   0.0000000e+00
   0.0000000e+00   0.0000000e+00
   6.6666667e-01   4.6341015e-02
   3.3333333e-01   2.3170508e-02
   0.0000000e+00   0.0000000e+00
   0.0000000e+00   0.0000000e+00
   0.0000000e+00   0.0000000e+00
   0.0000000e+00   0.0000000e+00
   0.0000000e+00   0.0000000e+00
   0.0000000e+00   0.0000000e+00
   0.0000000e+00   0.0000000e+00
   0.0000000e+00   0.0000000e+00
   0.0000000e+00   0.0000000e+00
   5.5555556e-01   1.6465489e-01
   4.4444444e-01   1.3172391e-01
   0.0000000e+00   0.0000000e+00
   0.0000000e+00   0.0000000e+00
   0.0000000e+00   0.0000000e+00
   0.0000000e+00   0.0000000e+00
   0.0000000e+00   0.0000000e+00
   0.0000000e+00   0.0000000e+00
   0.0000000e+00   0.0000000e+00
   0.0000000e+00   0.0000000e+00
   0.0000000e+00   0.0000000e+00
   4.4444444e-01   2.9109636e-02
   5.5555556e-01   3.6387045e-02
   0.0000000e+00   0.0000000e+00
   0.0000000e+00   0.0000000e+00
   0.0000000e+00   0.0000000e+00
   0.0000000e+00   0.0000000e+00
   0.0000000e+00   0.0000000e+00
   0.0000000e+00   0.0000000e+00
   0.0000000e+00   0.0000000e+00
   0.0000000e+00   0.0000000e+00
   0.0000000e+00   0.0000000e+00
   3.3333333e-01   0.0000000e+00
   6.6666667e-01   0.0000000e+00
   0.0000000e+00   0.0000000e+00
   0.0000000e+00   0.0000000e+00
   0.0000000e+00   0.0000000e+00
   0.0000000e+00   0.0000000e+00
   0.0000000e+00   0.0000000e+00
   0.0000000e+00   0.0000000e+00
   0.0000000e+00   0.0000000e+00
   0.0000000e+00   0.0000000e+00
   0.0000000e+00   0.0000000e+00
   2.2222222e-01   0.0000000e+00
   7.7777778e-01   0.0000000e+00
   0.0000000e+00   0.0000000e+00
   0.0000000e+00   0.0000000e+00
   0.0000000e+00   0.0000000e+00
   0.0000000e+00   0.0000000e+00
   0.0000000e+00   0.0000000e+00
   0.0000000e+00   0.0000000e+00
   0.0000000e+00   0.0000000e+00
   0.0000000e+00   0.0000000e+00
   0.0000000e+00   0.0000000e+00
   1.1111111e-01   0.0000000e+00
   8.8888889e-01   0.0000000e+00
   0.0000000e+00   0.0000000e+00
   0.0000000e+00   0.0000000e+00
   0.0000000e+00   0.0000000e+00
   0.0000000e+00   0.0000000e+00
   0.0000000e+00   0.0000000e+00
   0.0000000e+00   0.0000000e+00
   0.0000000e+00   0.0000000e+00
   0.0000000e+00   0.0000000e+00
   0.0000000e+00   0.0000000e+00
   0.0000000e+00   0.0000000e+00
   1.0000000e+00   0.0000000e+00
   0.0000000e+00   0.0000000e+00
   0.0000000e+00   0.0000000e+00
   0.0000000e+00   0.0000000e+00
   0.0000000e+00   0.0000000e+00
   0.0000000e+00   0.0000000e+00
   0.0000000e+00   0.0000000e+00
   0.0000000e+00   0.0000000e+00
   0.0000000e+00   0.0000000e+00
   0.0000000e+00   0.0000000e+00
   0.0000000e+00   0.0000000e+00
   8.8888889e-01   0.0000000e+00
   1.1111111e-01   0.0000000e+00
   0.0000000e+00   0.0000000e+00
   0.0000000e+00   0.0000000e+00
   0.0000000e+00   0.0000000e+00
   0.0000000e+00   0.0000000e+00
   0.0000000e+00   0.0000000e+00
   0.0000000e+00   0.0000000e+00
   0.0000000e+00   0.0000000e+00
   0.0000000e+00   0.0000000e+00
   0.0000000e+00   0.0000000e+00
   7.7777778e-01   0.0000000e+00
   2.2222222e-01   0.0000000e+00
   0.0000000e+00   0.0000000e+00
   0.0000000e+00   0.0000000e+00
   0.0000000e+00   0.0000000e+00
   0.0000000e+00   0.0000000e+00
   0.0000000e+00   0.0000000e+00
   0.0000000e+00   0.0000000e+00
   0.0000000e+00   0.0000000e+00
   0.0000000e+00   0.0000000e+00
   0.0000000e+00   0.0000000e+00
   6.6666667e-01   0.0000000e+00
   3.3333333e-01   0.0000000e+00
   0.0000000e+00   0.0000000e+00
   0.0000000e+00   0.0000000e+00
   0.0000000e+00   0.0000000e+00
   0.0000000e+00   0.0000000e+00
   0.0000000e+00   0.0000000e+00
   0.0000000e+00   0.0000000e+00
   0.0000000e+00   0.0000000e+00
   0.0000000e+00   0.0000000e+00
   0.0000000e+00   0.0000000e+00
   5.5555556e-01   0.0000000e+00
   4.4444444e-01   0.0000000e+00
   0.0000000e+00   0.0000000e+00
   0.0000000e+00   0.0000000e+00
   0.0000000e+00   0.0000000e+00
   0.0000000e+00   0.0000000e+00
   0.0000000e+00   0.0000000e+00
   0.0000000e+00   0.0000000e+00
   0.0000000e+00   0.0000000e+00
   0.0000000e+00   0.0000000e+00
   0.0000000e+00   0.0000000e+00
   4.4444444e-01   0.0000000e+00
   5.5555556e-01   0.0000000e+00
   0.0000000e+00   0.0000000e+00
   0.0000000e+00   0.0000000e+00
   0.0000000e+00   0.0000000e+00
   0.0000000e+00   0.0000000e+00
   0.0000000e+00   0.0000000e+00
   0.0000000e+00   0.0000000e+00
   0.0000000e+00   0.0000000e+00
   0.0000000e+00   0.0000000e+00
   0.0000000e+00   0.0000000e+00
   3.3333333e-01   0.0000000e+00
   6.6666667e-01   0.0000000e+00
   0.0000000e+00   0.0000000e+00
   0.0000000e+00   0.0000000e+00
   0.0000000e+00   0.0000000e+00
   0.0000000e+00   0.0000000e+00
   0.0000000e+00   0.0000000e+00
   0.0000000e+00   0.0000000e+00
   0.0000000e+00   0.0000000e+00
   0.0000000e+00   0.0000000e+00
   0.0000000e+00   0.0000000e+00
   2.2222222e-01   0.0000000e+00
   7.7777778e-01   0.0000000e+00
   0.0000000e+00   0.0000000e+00
   0.0000000e+00   0.0000000e+00
   0.0000000e+00   0.0000000e+00
   0.0000000e+00   0.0000000e+00
   0.0000000e+00   0.0000000e+00
   0.0000000e+00   0.0000000e+00
   0.0000000e+00   0.0000000e+00
   0.0000000e+00   0.0000000e+00
   0.0000000e+00   0.0000000e+00
   1.1111111e-01   0.0000000e+00
   8.8888889e-01   0.0000000e+00
   0.0000000e+00   0.0000000e+00
   0.0000000e+00   0.0000000e+00
   0.0000000e+00   0.0000000e+00
   0.0000000e+00   0.0000000e+00
   0.0000000e+00   0.0000000e+00
   0.0000000e+00   0.0000000e+00
   0.0000000e+00   0.0000000e+00
   0.0000000e+00   0.0000000e+00
   0.0000000e+00   0.0000000e+00
   0.0000000e+00   0.0000000e+00
   1.0000000e+00   0.0000000e+00
   0.0000000e+00   0.0000000e+00
   0.0000000e+00   0.0000000e+00
   0.0000000e+00   0.0000000e+00
   0.0000000e+00   0.0000000e+00
   0.0000000e+00   0.0000000e+00
   0.0000000e+00   0.0000000e+00
   0.0000000e+00   0.0000000e+00
   0.0000000e+00   0.0000000e+00
   0.0000000e+00   0.0000000e+00
   0.0000000e+00   0.0000000e+00
   8.8888889e-01   0.0000000e+00
   1.1111111e-01   0.0000000e+00
   0.0000000e+00   0.0000000e+00
   0.0000000e+00   0.0000000e+00
   0.0000000e+00   0.0000000e+00
   0.0000000e+00   0.0000000e+00
   0.0000000e+00   0.0000000e+00
   0.0000000e+00   0.0000000e+00
   0.0000000e+00   0.0000000e+00
   0.0000000e+00   0.0000000e+00
   0.0000000e+00   0.0000000e+00
   7.7777778e-01   0.0000000e+00
   2.2222222e-01   0.0000000e+00
   0.0000000e+00   0.0000000e+00
   0.0000000e+00   0.0000000e+00
   0.0000000e+00   0.0000000e+00
   0.0000000e+00   0.0000000e+00
   0.0000000e+00   0.0000000e+00
   0.0000000e+00   0.0000000e+00
   0.0000000e+00   0.0000000e+00
   0.0000000e+00   0.0000000e+00
   0.0000000e+00   0.0000000e+00
   6.6666667e-01   0.0000000e+00
   3.3333333e-01   0.0000000e+00
   0.0000000e+00   0.0000000e+00
   0.0000000e+00   0.0000000e+00
   0.0000000e+00   0.0000000e+00
   0.0000000e+00   0.0000000e+00
   0.0000000e+00   0.0000000e+00
   0.0000000e+00   0.0000000e+00
   0.0000000e+00   0.0000000e+00
   0.0000000e+00   0.0000000e+00
   0.0000000e+00   0.0000000e+00
   5.5555556e-01   3.6387045e-02
   4.4444444e-01   2.9109636e-02
   0.0000000e+00   0.0000000e+00
   0.0000000e+00   0.0000000e+00
   0.0000000e+00   0.0000000e+00
   0.0000000e+00   0.0000000e+00
   0.0000000e+00   0.0000000e+00
   0.0000000e+00   0.0000000e+00
   0.0000000e+00   0.0000000e+00
   0.0000000e+00   0.0000000e+00
   0.0000000e+00   0.0000000e+00
   4.4444444e-01   1.3172391e-01
   5.5555556e-01   1.6465489e-01
   0.0000000e+00   0.0000000e+00
   0.0000000e+00   0.0000000e+00
   0.0000000e+00   0.0000000e+00
   0.0000000e+00   0.0000000e+00
   0.0000000e+00   0.0000000e+00
   0.0000000e+00   0.0000000e+00
   0.0000000e+00   0.0000000e+00
   0.0000000e+00   0.0000000e+00
   0.0000000e+00   0.0000000e+00
   3.3333333e-01   2.3170508e-02
   6.6666667e-01   4.6341015e-02
   0.0000000e+00   0.0000000e+00
   0.0000000e+00   0.0000000e+00
   0.0000000e+00   0.0000000e+00
   0.0000000e+00   0.0000000e+00
   0.0000000e+00   0.0000000e+00
   0.0000000e+00   0.0000000e+00
   0.0000000e+00   0.0000000e+00
   0.0000000e+00   0.0000000e+00
   0.0000000e+00   0.0000000e+00
   2.2222222e-01   1.5247333e-02
   7.7777778e-01   5.3365664e-02
   0.0000000e+00   0.0000000e+00
   0.0000000e+00   0.0000000e+00
   0.0000000e+00   0.0000000e+00
   0.0000000e+00   0.0000000e+00
   0.0000000e+00   0.0000000e+00
   0.0000000e+00   0.0000000e+00
   0.0000000e+00   0.0000000e+00
   0.0000000e+00   0.0000000e+00
   0.0000000e+00   0.0000000e+00
   1.1111111e-01   0.0000000e+00
   8.8888889e-01   0.0000000e+00
   0.0000000e+00   0.0000000e+00
   0.0000000e+00   0.0000000e+00
   0.0000000e+00   0.0000000e+00
   0.0000000e+00   0.0000000e+00
   0.0000000e+00   0.0000000e+00
   0.0000000e+00   0.0000000e+00
   0.0000000e+00   0.0000000e+00
   0.0000000e+00   0.0000000e+00
   0.0000000e+00   0.0000000e+00
   0.0000000e+00   0.0000000e+00
   1.0000000e+00   0.0000000e+00
   0.0000000e+00   0.0000000e+00
   0.0000000e+00   0.0000000e+00
   0.0000000e+00   0.0000000e+00
   0.0000000e+00   0.0000000e+00
   0.0000000e+00   0.0000000e+00
   0.0000000e+00   0.0000000e+00
   0.0000000e+00   0.0000000e+00
   0.0000000e+00   0.0000000e+00
   0.0000000e+00   0.0000000e+00
   0.0000000e+00   0.0000000e+00
   8.8888889e-01   0.0000000e+00
   1.1111111e-01   0.0000000e+00
   0.0000000e+00   0.0000000e+00
   0.0000000e+00   0.0000000e+00
   0.0000000e+00   0.0000000e+00
   0.0000000e+00   0.0000000e+00
   0.0000000e+00   0.0000000e+00
   0.0000000e+00   0.0000000e+00
   0.0000000e+00   0.0000000e+00
   0.0000000e+00   0.0000000e+00
   0.0000000e+00   0.0000000e+00
   7.7777778e-01   0.0000000e+00
   2.2222222e-01   0.0000000e+00
   0.0000000e+00   0.0000000e+00
   0.0000000e+00   0.0000000e+00
   0.0000000e+00   0.0000000e+00
   0.0000000e+00   0.0000000e+00
   0.0000000e+00   0.0000000e+00
   0.0000000e+00   0.0000000e+00
   0.0000000e+00   0.0000000e+00
   0.0000000e+00   0.0000000e+00
   0.0000000e+00   0.0000000e+00
   6.6666667e-01   0.0000000e+00
   3.3333333e-01   0.0000000e+00
   0.0000000e+00   0.0000000e+00
   0.0000000e+00   0.0000000e+00
   0.0000000e+00   0.0000000e+00
   0.0000000e+00   0.0000000e+00
   0.0000000e+00   0.0000000e+00
   0.0000000e+00   0.0000000e+00
   0.0000000e+00   0.0000000e+00
   0.0000000e+00   0.0000000e+00
   0.0000000e+00   0.0000000e+00
   5.5555556e-01   0.0000000e+00
   4.4444444e-01   0.0000000e+00
   0.0000000e+00   0.0000000e+00
   0.0000000e+00   0.0000000e+00
   0.0000000e+00   0.0000000e+00
   0.0000000e+00   0.0000000e+00
   0.0000000e+00   0.0000000e+00
