  -9.0000000e+01   9.9965280e-02
  -8.9550000e+01   1.0006488e-01
  -8.9100000e+01   1.0011240e-01
  -8.8650000e+01   1.0010902e-01
  -8.8200000e+01   1.0005589e-01
  -8.7750000e+01   9.9954201e-02
  -8.7300000e+01   9.9805135e-02
  -8.6850000e+01   9.9609877e-02
  -8.6400000e+01   9.9369616e-02
  -8.5950000e+01   9.9085546e-02
  -8.5500000e+01   9.8758861e-02
  -8.5050000e+01   9.8390756e-02
  -8.4600000e+01   9.7982428e-02
  -8.4150000e+01   9.7535072e-02
  -8.3700000e+01   9.7049884e-02
  -8.3250000e+01   9.6528057e-02
  -8.2800000e+01   9.5970781e-02
  -8.2350000e+01   9.5379245e-02
  -8.1900000e+01   9.4754631e-02
  -8.1450000e+01   9.4098120e-02
  -8.1000000e+01   9.3410885e-02
  -8.0550000e+01   9.2694094e-02
  -8.0100000e+01   9.1948910e-02
  -7.9650000e+01   9.1176486e-02
  -7.9200000e+01   9.0377970e-02
  -7.8750000e+01   8.9554498e-02
  -7.8300000e+01   8.8707201e-02
  -7.7850000e+01   8.7837196e-02
  -7.7400000e+01   8.6945593e-02
  -7.6950000e+01   8.6033489e-02
  -7.6500000e+01   8.5101970e-02
  -7.6050000e+01   8.4152111e-02
  -7.5600000e+01   8.3184972e-02
  -7.5150000e+01   8.2201602e-02
  -7.4700000e+01   8.1203036e-02
  -7.4250000e+01   8.0190293e-02
  -7.3800000e+01   7.9164379e-02
  -7.3350000e+01   7.8126286e-02
  -7.2900000e+01   7.7076987e-02
  -7.2450000e+01   7.6017441e-02
  -7.2000000e+01   7.4948592e-02
  -7.1550000e+01   7.3871365e-02
  -7.1100000e+01   7.2786668e-02
  -7.0650000e+01   7.1695393e-02
  -7.0200000e+01   7.0598414e-02
  -6.9750000e+01   6.9496585e-02
  -6.9300000e+01   6.8390743e-02
  -6.8850000e+01   6.7281708e-02
  -6.8400000e+01   6.6170277e-02
  -6.7950000e+01   6.5057233e-02
  -6.7500000e+01   6.3943335e-02
  -6.7050000e+01   6.2829326e-02
  -6.6600000e+01   6.1715928e-02
  -6.6150000e+01   6.0603843e-02
  -6.5700000e+01   5.9493754e-02
  -6.5250000e+01   5.8386323e-02
  -6.4800000e+01   5.7282193e-02
  -6.4350000e+01   5.6181988e-02
  -6.3900000e+01   5.5086308e-02
  -6.3450000e+01   5.3995738e-02
  -6.3000000e+01   5.2910840e-02
  -6.2550000e+01   5.1832156e-02
  -6.2100000e+01   5.0760208e-02
  -6.1650000e+01   4.9695500e-02
  -6.1200000e+01   4.8638515e-02
  -6.0750000e+01   4.7589716e-02
  -6.0300000e+01   4.6549546e-02
  -5.9850000e+01   4.5518429e-02
  -5.9400000e+01   4.4496771e-02
  -5.8950000e+01   4.3484957e-02
  -5.8500000e+01   4.2483355e-02
  -5.8050000e+01   4.1492313e-02
  -5.7600000e+01   4.0512159e-02
  -5.7150000e+01   3.9543206e-02
  -5.6700000e+01   3.8585748e-02
  -5.6250000e+01   3.7640058e-02
  -5.5800000e+01   3.6706397e-02
  -5.5350000e+01   3.5785003e-02
  -5.4900000e+01   3.4876102e-02
  -5.4450000e+01   3.3979900e-02
  -5.4000000e+01   3.3096588e-02
  -5.3550000e+01   3.2226340e-02
  -5.3100000e+01   3.1369316e-02
  -5.2650000e+01   3.0525658e-02
  -5.2200000e+01   2.9695495e-02
  -5.1750000e+01   2.8878941e-02
  -5.1300000e+01   2.8076094e-02
  -5.0850000e+01   2.7287039e-02
  -5.0400000e+01   2.6511848e-02
  -4.9950000e+01   2.5750578e-02
  -4.9500000e+01   2.5003274e-02
  -4.9050000e+01   2.4269968e-02
  -4.8600000e+01   2.3550679e-02
  -4.8150000e+01   2.2845416e-02
  -4.7700000e+01   2.2154173e-02
  -4.7250000e+01   2.1476937e-02
  -4.6800000e+01   2.0813680e-02
  -4.6350000e+01   2.0164367e-02
  -4.5900000e+01   1.9528950e-02
  -4.5450000e+01   1.8907372e-02
  -4.5000000e+01   1.8299568e-02
  -4.4550000e+01   1.7705461e-02
  -4.4100000e+01   1.7124969e-02
  -4.3650000e+01   1.6557999e-02
  -4.3200000e+01   1.6004450e-02
  -4.2750000e+01   1.5464213e-02
  -4.2300000e+01   1.4937174e-02
  -4.1850000e+01   1.4423209e-02
  -4.1400000e+01   1.3922190e-02
  -4.0950000e+01   1.3433981e-02
  -4.0500000e+01   1.2958439e-02
  -4.0050000e+01   1.2495418e-02
  -3.9600000e+01   1.2044765e-02
  -3.9150000e+01   1.1606322e-02
  -3.8700000e+01   1.1179925e-02
  -3.8250000e+01   1.0765409e-02
  -3.7800000e+01   1.0362602e-02
  -3.7350000e+01   9.9713284e-03
  -3.6900000e+01   9.5914100e-03
  -3.6450000e+01   9.2226647e-03
  -3.6000000e+01   8.8649077e-03
  -3.5550000e+01   8.5179514e-03
  -3.5100000e+01   8.1816057e-03
  -3.4650000e+01   7.8556784e-03
  -3.4200000e+01   7.5399755e-03
  -3.3750000e+01   7.2343012e-03
  -3.3300000e+01   6.9384584e-03
  -3.2850000e+01   6.6522488e-03
  -3.2400000e+01   6.3754732e-03
  -3.1950000e+01   6.1079318e-03
  -3.1500000e+01   5.8494242e-03
  -3.1050000e+01   5.5997500e-03
  -3.0600000e+01   5.3587086e-03
  -3.0150000e+01   5.1260998e-03
  -2.9700000e+01   4.9017237e-03
  -2.9250000e+01   4.6853810e-03
  -2.8800000e+01   4.4768732e-03
  -2.8350000e+01   4.2760029e-03
  -2.7900000e+01   4.0825738e-03
  -2.7450000e+01   3.8963908e-03
  -2.7000000e+01   3.7172606e-03
  -2.6550000e+01   3.5449913e-03
  -2.6100000e+01   3.3793931e-03
  -2.5650000e+01   3.2202778e-03
  -2.5200000e+01   3.0674597e-03
  -2.4750000e+01   2.9207550e-03
  -2.4300000e+01   2.7799826e-03
  -2.3850000e+01   2.6449636e-03
  -2.3400000e+01   2.5155218e-03
  -2.2950000e+01   2.3914837e-03
  -2.2500000e+01   2.2726788e-03
  -2.2050000e+01   2.1589391e-03
  -2.1600000e+01   2.0501000e-03
  -2.1150000e+01   1.9459998e-03
  -2.0700000e+01   1.8464797e-03
  -2.0250000e+01   1.7513846e-03
  -1.9800000e+01   1.6605623e-03
  -1.9350000e+01   1.5738640e-03
  -1.8900000e+01   1.4911444e-03
  -1.8450000e+01   1.4122616e-03
  -1.8000000e+01   1.3370770e-03
  -1.7550000e+01   1.2654556e-03
  -1.7100000e+01   1.1972661e-03
  -1.6650000e+01   1.1323804e-03
  -1.6200000e+01   1.0706743e-03
  -1.5750000e+01   1.0120269e-03
  -1.5300000e+01   9.5632118e-04
  -1.4850000e+01   9.0344347e-04
  -1.4400000e+01   8.5328383e-04
  -1.3950000e+01   8.0573589e-04
  -1.3500000e+01   7.6069689e-04
  -1.3050000e+01   7.1806762e-04
  -1.2600000e+01   6.7775249e-04
  -1.2150000e+01   6.3965942e-04
  -1.1700000e+01   6.0369992e-04
  -1.1250000e+01   5.6978901e-04
  -1.0800000e+01   5.3784520e-04
  -1.0350000e+01   5.0779050e-04
  -9.9000000e+00   4.7955039e-04
  -9.4500000e+00   4.5305375e-04
  -9.0000000e+00   4.2823290e-04
  -8.5500000e+00   4.0502353e-04
  -8.1000000e+00   3.8336470e-04
  -7.6500000e+00   3.6319877e-04
  -7.2000000e+00   3.4447144e-04
  -6.7500000e+00   3.2713164e-04
  -6.3000000e+00   3.1113160e-04
  -5.8500000e+00   2.9642672e-04
  -5.4000000e+00   2.8297563e-04
  -4.9500000e+00   2.7074012e-04
  -4.5000000e+00   2.5968515e-04
  -4.0500000e+00   2.4977876e-04
  -3.6000000e+00   2.4099214e-04
  -3.1500000e+00   2.3329956e-04
  -2.7000000e+00   2.2667835e-04
  -2.2500000e+00   2.2110889e-04
  -1.8000000e+00   2.1657461e-04
  -1.3500000e+00   2.1306197e-04
  -9.0000000e-01   2.1056046e-04
  -4.5000000e-01   2.0906255e-04
   0.0000000e+00   2.0856375e-04
   4.5000000e-01   2.0906255e-04
   9.0000000e-01   2.1056046e-04
   1.3500000e+00   2.1306197e-04
   1.8000000e+00   2.1657461e-04
   2.2500000e+00   2.2110889e-04
   2.7000000e+00   2.2667835e-04
   3.1500000e+00   2.3329956e-04
   3.6000000e+00   2.4099214e-04
   4.0500000e+00   2.4977876e-04
   4.5000000e+00   2.5968515e-04
   4.9500000e+00   2.7074012e-04
   5.4000000e+00   2.8297563e-04
   5.8500000e+00   2.9642672e-04
   6.3000000e+00   3.1113160e-04
   6.7500000e+00   3.2713164e-04
   7.2000000e+00   3.4447144e-04
   7.6500000e+00   3.6319877e-04
   8.1000000e+00   3.8336470e-04
   8.5500000e+00   4.0502353e-04
   9.0000000e+00   4.2823290e-04
   9.4500000e+00   4.5305375e-04
   9.9000000e+00   4.7955039e-04
   1.0350000e+01   5.0779050e-04
   1.0800000e+01   5.3784520e-04
   1.1250000e+01   5.6978901e-04
   1.1700000e+01   6.0369992e-04
   1.2150000e+01   6.3965942e-04
   1.2600000e+01   6.7775249e-04
   1.3050000e+01   7.1806762e-04
   1.3500000e+01   7.6069689e-04
   1.3950000e+01   8.0573589e-04
   1.4400000e+01   8.5328383e-04
   1.4850000e+01   9.0344347e-04
   1.5300000e+01   9.5632118e-04
   1.5750000e+01   1.0120269e-03
   1.6200000e+01   1.0706743e-03
   1.6650000e+01   1.1323804e-03
   1.7100000e+01   1.1972661e-03
   1.7550000e+01   1.2654556e-03
   1.8000000e+01   1.3370770e-03
   1.8450000e+01   1.4122616e-03
   1.8900000e+01   1.4911444e-03
   1.9350000e+01   1.5738640e-03
   1.9800000e+01   1.6605623e-03
   2.0250000e+01   1.7513846e-03
   2.0700000e+01   1.8464797e-03
   2.1150000e+01   1.9459998e-03
   2.1600000e+01   2.0501000e-03
   2.2050000e+01   2.1589391e-03
   2.2500000e+01   2.2726788e-03
   2.2950000e+01   2.3914837e-03
   2.3400000e+01   2.5155218e-03
   2.3850000e+01   2.6449636e-03
   2.4300000e+01   2.7799826e-03
   2.4750000e+01   2.9207550e-03
   2.5200000e+01   3.0674597e-03
   2.5650000e+01   3.2202778e-03
   2.6100000e+01   3.3793931e-03
   2.6550000e+01   3.5449913e-03
   2.7000000e+01   3.7172606e-03
   2.7450000e+01   3.8963908e-03
   2.7900000e+01   4.0825738e-03
   2.8350000e+01   4.2760029e-03
   2.8800000e+01   4.4768732e-03
   2.9250000e+01   4.6853810e-03
   2.9700000e+01   4.9017237e-03
   3.0150000e+01   5.1260998e-03
   3.0600000e+01   5.3587086e-03
   3.1050000e+01   5.5997500e-03
   3.1500000e+01   5.8494242e-03
   3.1950000e+01   6.1079318e-03
   3.2400000e+01   6.3754732e-03
   3.2850000e+01   6.6522488e-03
   3.3300000e+01   6.9384584e-03
   3.3750000e+01   7.2343012e-03
   3.4200000e+01   7.5399755e-03
   3.4650000e+01   7.8556784e-03
   3.5100000e+01   8.1816057e-03
   3.5550000e+01   8.5179514e-03
   3.6000000e+01   8.8649077e-03
   3.6450000e+01   9.2226647e-03
   3.6900000e+01   9.5914100e-03
   3.7350000e+01   9.9713284e-03
   3.7800000e+01   1.0362602e-02
   3.8250000e+01   1.0765409e-02
   3.8700000e+01   1.1179925e-02
   3.9150000e+01   1.1606322e-02
   3.9600000e+01   1.2044765e-02
   4.0050000e+01   1.2495418e-02
   4.0500000e+01   1.2958439e-02
   4.0950000e+01   1.3433981e-02
   4.1400000e+01   1.3922190e-02
   4.1850000e+01   1.4423209e-02
   4.2300000e+01   1.4937174e-02
   4.2750000e+01   1.5464213e-02
   4.3200000e+01   1.6004450e-02
   4.3650000e+01   1.6557999e-02
   4.4100000e+01   1.7124969e-02
   4.4550000e+01   1.7705461e-02
   4.5000000e+01   1.8299568e-02
   4.5450000e+01   1.8907372e-02
   4.5900000e+01   1.9528950e-02
   4.6350000e+01   2.0164367e-02
   4.6800000e+01   2.0813680e-02
   4.7250000e+01   2.1476937e-02
   4.7700000e+01   2.2154173e-02
   4.8150000e+01   2.2845416e-02
   4.8600000e+01   2.3550679e-02
   4.9050000e+01   2.4269968e-02
   4.9500000e+01   2.5003274e-02
   4.9950000e+01   2.5750578e-02
   5.0400000e+01   2.6511848e-02
   5.0850000e+01   2.7287039e-02
   5.1300000e+01   2.8076094e-02
   5.1750000e+01   2.8878941e-02
   5.2200000e+01   2.9695495e-02
   5.2650000e+01   3.0525658e-02
   5.3100000e+01   3.1369316e-02
   5.3550000e+01   3.2226340e-02
   5.4000000e+01   3.3096588e-02
   5.4450000e+01   3.3979900e-02
   5.4900000e+01   3.4876102e-02
   5.5350000e+01   3.5785003e-02
   5.5800000e+01   3.6706397e-02
   5.6250000e+01   3.7640058e-02
   5.6700000e+01   3.8585748e-02
   5.7150000e+01   3.9543206e-02
   5.7600000e+01   4.0512159e-02
   5.8050000e+01   4.1492313e-02
   5.8500000e+01   4.2483355e-02
   5.8950000e+01   4.3484957e-02
   5.9400000e+01   4.4496771e-02
   5.9850000e+01   4.5518429e-02
   6.0300000e+01   4.6549546e-02
   6.0750000e+01   4.7589716e-02
   6.1200000e+01   4.8638515e-02
   6.1650000e+01   4.9695500e-02
   6.2100000e+01   5.0760208e-02
   6.2550000e+01   5.1832156e-02
   6.3000000e+01   5.2910840e-02
   6.3450000e+01   5.3995738e-02
   6.3900000e+01   5.5086308e-02
   6.4350000e+01   5.6181988e-02
   6.4800000e+01   5.7282193e-02
   6.5250000e+01   5.8386323e-02
   6.5700000e+01   5.9493754e-02
   6.6150000e+01   6.0603843e-02
   6.6600000e+01   6.1715928e-02
   6.7050000e+01   6.2829326e-02
   6.7500000e+01   6.3943335e-02
   6.7950000e+01   6.5057233e-02
   6.8400000e+01   6.6170277e-02
   6.8850000e+01   6.7281708e-02
   6.9300000e+01   6.8390743e-02
   6.9750000e+01   6.9496585e-02
   7.0200000e+01   7.0598414e-02
   7.0650000e+01   7.1695393e-02
   7.1100000e+01   7.2786668e-02
   7.1550000e+01   7.3871365e-02
   7.2000000e+01   7.4948592e-02
   7.2450000e+01   7.6017441e-02
   7.2900000e+01   7.7076987e-02
   7.3350000e+01   7.8126286e-02
   7.3800000e+01   7.9164379e-02
   7.4250000e+01   8.0190293e-02
   7.4700000e+01   8.1203036e-02
   7.5150000e+01   8.2201602e-02
   7.5600000e+01   8.3184972e-02
   7.6050000e+01   8.4152111e-02
   7.6500000e+01   8.5101970e-02
   7.6950000e+01   8.6033489e-02
   7.7400000e+01   8.6945593e-02
   7.7850000e+01   8.7837196e-02
   7.8300000e+01   8.8707201e-02
   7.8750000e+01   8.9554498e-02
   7.9200000e+01   9.0377970e-02
   7.9650000e+01   9.1176486e-02
   8.0100000e+01   9.1948910e-02
   8.0550000e+01   9.2694094e-02
   8.1000000e+01   9.3410885e-02
   8.1450000e+01   9.4098120e-02
   8.1900000e+01   9.4754631e-02
   8.2350000e+01   9.5379245e-02
   8.2800000e+01   9.5970781e-02
   8.3250000e+01   9.6528057e-02
   8.3700000e+01   9.7049884e-02
   8.4150000e+01   9.7535072e-02
   8.4600000e+01   9.7982428e-02
   8.5050000e+01   9.8390756e-02
   8.5500000e+01   9.8758861e-02
   8.5950000e+01   9.9085546e-02
   8.6400000e+01   9.9369616e-02
   8.6850000e+01   9.9609877e-02
   8.7300000e+01   9.9805135e-02
   8.7750000e+01   9.9954201e-02
   8.8200000e+01   1.0005589e-01
   8.8650000e+01   1.0010902e-01
   8.9100000e+01   1.0011240e-01
   8.9550000e+01   1.0006488e-01
   9.0000000e+01   9.9965280e-02
