  -9.0000000e+01   3.9283697e-01   3.9504539e-01   5.4485539e-01   5.2939468e-01   4.2949524e-01   3.1547622e-01   2.1319849e-01   1.3557845e-01   8.3231445e-02   5.2157399e-02   3.7213568e-02
  -8.9550000e+01   3.9283697e-01   3.9734681e-01   5.2000799e-01   5.0062739e-01   4.0975714e-01   3.0487914e-01   2.0828919e-01   1.3355548e-01   8.2449258e-02   5.1853843e-02   3.7099542e-02
  -8.9100000e+01   3.9283697e-01   4.0136898e-01   4.9343100e-01   4.7225987e-01   3.9057597e-01   2.9453076e-01   2.0346455e-01   1.3155617e-01   8.1672900e-02   5.1551944e-02   3.6986093e-02
  -8.8650000e+01   3.9283699e-01   4.0674898e-01   4.6567629e-01   4.4436775e-01   3.7195587e-01   2.8442897e-01   1.9872377e-01   1.2958036e-01   8.0902344e-02   5.1251702e-02   3.6873223e-02
  -8.8200000e+01   3.9283712e-01   4.0962333e-01   4.3714878e-01   4.1702882e-01   3.5389989e-01   2.7457154e-01   1.9406606e-01   1.2762785e-01   8.0137561e-02   5.0953113e-02   3.6760932e-02
  -8.7750000e+01   3.9283772e-01   4.0236554e-01   4.0814111e-01   3.9032216e-01   3.3640991e-01   2.6495618e-01   1.8949061e-01   1.2569848e-01   7.9378525e-02   5.0656176e-02   3.6649218e-02
  -8.7300000e+01   3.9282752e-01   3.8179586e-01   3.7886648e-01   3.6432706e-01   3.1948673e-01   2.5558050e-01   1.8499662e-01   1.2379206e-01   7.8625209e-02   5.0360888e-02   3.6538082e-02
  -8.6850000e+01   3.9240389e-01   3.5313669e-01   3.4948664e-01   3.3912168e-01   3.0312999e-01   2.4644203e-01   1.8058327e-01   1.2190842e-01   7.7877585e-02   5.0067249e-02   3.6427524e-02
  -8.6400000e+01   3.8321416e-01   3.2213757e-01   3.2013472e-01   3.1478154e-01   2.8733821e-01   2.3753821e-01   1.7624975e-01   1.2004737e-01   7.7135627e-02   4.9775255e-02   3.6317545e-02
  -8.5950000e+01   3.2067789e-01   2.9115416e-01   2.9093414e-01   2.9137781e-01   2.7210881e-01   2.2886640e-01   1.7199523e-01   1.1820876e-01   7.6399308e-02   4.9484905e-02   3.6208142e-02
  -8.5500000e+01   2.6316554e-01   2.6058742e-01   2.6201587e-01   2.6897555e-01   2.5743812e-01   2.2042387e-01   1.6781889e-01   1.1639239e-01   7.5668600e-02   4.9196197e-02   3.6099318e-02
  -8.5050000e+01   2.2963181e-01   2.3028122e-01   2.3353884e-01   2.4763202e-01   2.4332141e-01   2.1220784e-01   1.6371989e-01   1.1459809e-01   7.4943478e-02   4.8909129e-02   3.5991070e-02
  -8.4600000e+01   1.9663549e-01   1.9999560e-01   2.0572089e-01   2.2739495e-01   2.2975293e-01   2.0421545e-01   1.5969740e-01   1.1282568e-01   7.4223915e-02   4.8623699e-02   3.5883401e-02
  -8.4150000e+01   1.4327558e-01   1.6947209e-01   1.7889035e-01   2.0830119e-01   2.1672597e-01   1.9644374e-01   1.5575059e-01   1.1107499e-01   7.3509884e-02   4.8339904e-02   3.5776308e-02
  -8.3700000e+01   7.5175352e-02   1.3838933e-01   1.5355720e-01   1.9037556e-01   2.0423288e-01   1.8888973e-01   1.5187861e-01   1.0934584e-01   7.2801360e-02   4.8057744e-02   3.5669793e-02
  -8.3250000e+01   6.1642266e-02   1.0650563e-01   1.3045992e-01   1.7363005e-01   1.9226513e-01   1.8155033e-01   1.4808061e-01   1.0763805e-01   7.2098315e-02   4.7777216e-02   3.5563855e-02
  -8.2800000e+01   6.0883684e-02   7.6173804e-02   1.1047242e-01   1.5806354e-01   1.8081340e-01   1.7442243e-01   1.4435575e-01   1.0595145e-01   7.1400724e-02   4.7498318e-02   3.5458494e-02
  -8.2350000e+01   6.0858530e-02   5.9164996e-02   9.4277084e-02   1.4366189e-01   1.6986763e-01   1.6750284e-01   1.4070318e-01   1.0428587e-01   7.0708560e-02   4.7221048e-02   3.5353709e-02
  -8.1900000e+01   6.0844170e-02   5.7381195e-02   8.1971850e-02   1.3039852e-01   1.5941706e-01   1.6078832e-01   1.3712205e-01   1.0264112e-01   7.0021799e-02   4.6945405e-02   3.5249502e-02
  -8.1450000e+01   6.0488691e-02   5.7406652e-02   7.3000856e-02   1.1823532e-01   1.4945033e-01   1.5427559e-01   1.3361149e-01   1.0101704e-01   6.9340413e-02   4.6671386e-02   3.5145871e-02
  -8.1000000e+01   5.7829646e-02   5.6473343e-02   6.6490667e-02   1.0712397e-01   1.3995557e-01   1.4796130e-01   1.3017065e-01   9.9413446e-02   6.8664378e-02   4.6398989e-02   3.5042817e-02
  -8.0550000e+01   5.5299304e-02   5.5209119e-02   6.1633613e-02   9.7007491e-02   1.3092041e-01   1.4184209e-01   1.2679868e-01   9.7830164e-02   6.7993667e-02   4.6128214e-02   3.4940340e-02
  -8.0100000e+01   5.3837995e-02   5.3887687e-02   5.7847075e-02   8.7822034e-02   1.2233212e-01   1.3591453e-01   1.2349471e-01   9.6267022e-02   6.7328256e-02   4.5859057e-02   3.4838439e-02
  -7.9650000e+01   5.2422446e-02   5.2560548e-02   5.4749264e-02   7.9498735e-02   1.1417764e-01   1.3017517e-01   1.2025789e-01   9.4723845e-02   6.6668118e-02   4.5591517e-02   3.4737114e-02
  -7.9200000e+01   5.0275984e-02   5.1230400e-02   5.2081886e-02   7.1965683e-02   1.0644367e-01   1.2462053e-01   1.1708734e-01   9.3200461e-02   6.6013229e-02   4.5325593e-02   3.4636366e-02
  -7.8750000e+01   4.7161268e-02   4.9905623e-02   4.9645871e-02   6.5149861e-02   9.9116695e-02   1.1924710e-01   1.1398222e-01   9.1696695e-02   6.5363564e-02   4.5061282e-02   3.4536193e-02
  -7.8300000e+01   4.6356725e-02   4.8643024e-02   4.7262739e-02   5.8979017e-02   9.2183117e-02   1.1405134e-01   1.1094165e-01   9.0212375e-02   6.4719097e-02   4.4798582e-02   3.4436597e-02
  -7.7850000e+01   4.6305415e-02   4.7486333e-02   4.4764265e-02   5.3383418e-02   8.5629257e-02   1.0902969e-01   1.0796477e-01   8.8747329e-02   6.4079804e-02   4.4537492e-02   3.4337577e-02
  -7.7400000e+01   4.6302987e-02   4.5560620e-02   4.2015138e-02   4.8297392e-02   7.9441427e-02   1.0417858e-01   1.0505072e-01   8.7301385e-02   6.3445659e-02   4.4278011e-02   3.4239133e-02
  -7.6950000e+01   4.6263973e-02   4.1768615e-02   3.8952702e-02   4.3660634e-02   7.3605985e-02   9.9494427e-02   1.0219863e-01   8.5874371e-02   6.2816639e-02   4.4020135e-02   3.4141264e-02
  -7.6500000e+01   4.5218592e-02   3.7372383e-02   3.5600226e-02   3.9419176e-02   6.8109371e-02   9.4973627e-02   9.9407656e-02   8.4466115e-02   6.2192718e-02   4.3763864e-02   3.4043971e-02
  -7.6050000e+01   3.6904898e-02   3.3047849e-02   3.2034689e-02   3.5526025e-02   6.2938151e-02   9.0612581e-02   9.6676922e-02   8.3076448e-02   6.1573872e-02   4.3509195e-02   3.3947254e-02
  -7.5600000e+01   2.9058820e-02   2.8805004e-02   2.8342632e-02   3.1941413e-02   5.8079050e-02   8.6407684e-02   9.4005573e-02   8.1705198e-02   6.0960076e-02   4.3256128e-02   3.3851113e-02
  -7.5150000e+01   2.4488553e-02   2.4598966e-02   2.4598278e-02   2.8632685e-02   5.3518982e-02   8.2355334e-02   9.1392750e-02   8.0352197e-02   6.0351308e-02   4.3004659e-02   3.3755546e-02
  -7.4700000e+01   2.0123646e-02   2.0400875e-02   2.0864921e-02   2.5573855e-02   4.9245074e-02   7.8451931e-02   8.8837598e-02   7.9017274e-02   5.9747541e-02   4.2754788e-02   3.3660556e-02
  -7.4250000e+01   1.4278469e-02   1.6188899e-02   1.7207259e-02   2.2744874e-02   4.5244686e-02   7.4693885e-02   8.6339260e-02   7.7700260e-02   5.9148753e-02   4.2506513e-02   3.3566140e-02
  -7.3800000e+01   4.4288352e-03   1.1933519e-02   1.3707097e-02   2.0130704e-02   4.1505431e-02   7.1077617e-02   8.3896887e-02   7.6400988e-02   5.8554920e-02   4.2259832e-02   3.3472300e-02
  -7.3350000e+01   3.4492467e-04   7.5757037e-03   1.0476270e-02   1.7720259e-02   3.8015184e-02   6.7599562e-02   8.1509626e-02   7.5119290e-02   5.7966017e-02   4.2014743e-02   3.3379035e-02
  -7.2900000e+01   1.3537717e-05   3.1615898e-03   7.6519895e-03   1.5505318e-02   3.4762094e-02   6.4256174e-02   7.9176633e-02   7.3854998e-02   5.7382022e-02   4.1771244e-02   3.3286344e-02
  -7.2450000e+01  -1.1123278e-07   3.4246560e-05   5.3564352e-03   1.3479473e-02   3.1734591e-02   6.1043927e-02   7.6897061e-02   7.2607945e-02   5.6802910e-02   4.1529334e-02   3.3194229e-02
  -7.2000000e+01  -1.0415051e-07  -3.5880173e-04   3.6341609e-03   1.1637192e-02   2.8921396e-02   5.7959318e-02   7.4670070e-02   7.1377965e-02   5.6228659e-02   4.1289012e-02   3.3102689e-02
  -7.1550000e+01  -1.4147066e-08  -1.0610165e-04   2.4258493e-03   9.9730333e-03   2.6311517e-02   5.4998871e-02   7.2494823e-02   7.0164893e-02   5.5659245e-02   4.1050275e-02   3.3011723e-02
  -7.1100000e+01  -4.9877769e-10  -1.7542145e-05   1.6091935e-03   8.4810502e-03   2.3894261e-02   5.2159140e-02   7.0370485e-02   6.8968563e-02   5.5094644e-02   4.0813123e-02   3.2921332e-02
  -7.0650000e+01  -3.3863230e-12  -9.8023544e-07   1.0611884e-03   7.1543874e-03   2.1659229e-02   4.9436708e-02   6.8296228e-02   6.7788811e-02   5.4534835e-02   4.0577552e-02   3.2831516e-02
  -7.0200000e+01  -6.3562156e-15   6.8543964e-07   6.9060581e-04   5.9850715e-03   1.9596323e-02   4.6828194e-02   6.6271223e-02   6.6625474e-02   5.3979794e-02   4.0343562e-02   3.2742274e-02
  -6.9750000e+01   5.7022728e-16   4.0409028e-07   4.3876501e-04   4.9639691e-03   1.7695746e-02   4.4330253e-02   6.4294651e-02   6.5478387e-02   5.3429498e-02   4.0111151e-02   3.2653607e-02
  -6.9300000e+01   3.3598000e-17   1.5545109e-07   2.6898074e-04   4.0808837e-03   1.5948003e-02   4.1939579e-02   6.2365693e-02   6.4347389e-02   5.2883925e-02   3.9880318e-02   3.2565514e-02
  -6.8850000e+01   1.6368091e-18   4.9580253e-08   1.5725563e-04   3.3247570e-03   1.4343905e-02   3.9652906e-02   6.0483538e-02   6.3232317e-02   5.2343052e-02   3.9651060e-02   3.2477995e-02
  -6.8400000e+01   7.0070261e-20   1.3159533e-08   8.6749952e-05   2.6839390e-03   1.2874569e-02   3.7467009e-02   5.8647378e-02   6.2133009e-02   5.1806856e-02   3.9423377e-02   3.2391051e-02
  -6.7950000e+01   2.2368143e-21   2.3454601e-09   4.4885994e-05   2.1464909e-03   1.1531422e-02   3.5378708e-02   5.6856411e-02   6.1049307e-02   5.1275317e-02   3.9197266e-02   3.2304680e-02
  -6.7500000e+01   1.9146965e-28   2.9067246e-11   2.1895166e-05   1.7004925e-03   1.0306202e-02   3.3384871e-02   5.5109840e-02   5.9981049e-02   5.0748410e-02   3.8972726e-02   3.2218884e-02
  -6.7050000e+01  -3.7336874e-26  -4.3403720e-11   1.0282627e-05   1.3343294e-03   9.1909621e-03   3.1482410e-02   5.3406873e-02   5.8928076e-02   5.0226116e-02   3.8749756e-02   3.2133661e-02
  -6.6600000e+01  -1.9518738e-29  -5.2725745e-12   4.7954370e-06   1.0369409e-03   8.1780715e-03   2.9668288e-02   5.1746726e-02   5.7890230e-02   4.9708410e-02   3.8528354e-02   3.2049013e-02
  -6.6150000e+01  -7.5932184e-33  -3.8424767e-13   2.2722266e-06   7.9801859e-04   7.2602184e-03   2.7939516e-02   5.0128618e-02   5.6867353e-02   4.9195273e-02   3.8308518e-02   3.1964938e-02
  -6.5700000e+01  -2.5397044e-36  -1.7928847e-14   1.0950160e-06   6.0814889e-04   6.4304116e-03   2.6293157e-02   4.8551776e-02   5.5859287e-02   4.8686682e-02   3.8090247e-02   3.1881437e-02
  -6.5250000e+01  -5.0012466e-40   2.4920945e-16   5.2788762e-07   4.5890007e-04   5.6819815e-03   2.4726327e-02   4.7015433e-02   5.4865878e-02   4.8182616e-02   3.7873540e-02   3.1798510e-02
  -6.4800000e+01   9.4976377e-43   2.0890059e-16   2.4914674e-07   3.4285768e-04   5.0085810e-03   2.3236194e-02   4.5518828e-02   5.3886968e-02   4.7683053e-02   3.7658394e-02   3.1716156e-02
  -6.4350000e+01   3.8406536e-45   3.6355274e-17   1.1291820e-07   2.5361550e-04   4.4041850e-03   2.1819981e-02   4.4061207e-02   5.2922403e-02   4.7187972e-02   3.7444809e-02   3.1634376e-02
  -6.3900000e+01   9.0930450e-48   4.7287894e-18   4.8349654e-08   1.8573105e-04   3.8630893e-03   2.0474963e-02   4.2641821e-02   5.1972030e-02   4.6697353e-02   3.7232783e-02   3.1553169e-02
  -6.3450000e+01   4.2960073e-51   4.9742971e-19   1.9293390e-08   1.3465501e-04   3.3799084e-03   1.9198474e-02   4.1259932e-02   5.1035694e-02   4.6211174e-02   3.7022314e-02   3.1472536e-02
  -6.3000000e+01   5.3001877e-55   3.5600141e-20   7.1144403e-09   9.6643802e-05   2.9495720e-03   1.7987901e-02   3.9914804e-02   5.0113244e-02   4.5729414e-02   3.6813401e-02   3.1392476e-02
  -6.2550000e+01   1.0483585e-59   4.1556089e-22   2.4346773e-09   6.8663308e-05   2.5673212e-03   1.6840688e-02   3.8605713e-02   4.9204527e-02   4.5252053e-02   3.6606043e-02   3.1312989e-02
  -6.2100000e+01  -1.8711099e-62  -9.2037630e-23   7.9349553e-10   4.8290513e-05   2.2287021e-03   1.5754336e-02   3.7331938e-02   4.8309394e-02   4.4779070e-02   3.6400238e-02   3.1234075e-02
  -6.1650000e+01  -7.9907983e-66  -4.8701069e-24   2.5767731e-10   3.3618136e-05   1.9295601e-03   1.4726404e-02   3.6092768e-02   4.7427694e-02   4.4310445e-02   3.6195984e-02   3.1155734e-02
  -6.1200000e+01  -1.7062919e-69  -1.4745565e-25   8.6750603e-11   2.3165917e-05   1.6660315e-03   1.3754506e-02   3.4887500e-02   4.6559278e-02   4.3846158e-02   3.5993280e-02   3.1077967e-02
  -6.0750000e+01  -8.9171449e-74  -3.0815229e-27   3.0444559e-11   1.5800817e-05   1.4345352e-03   1.2836315e-02   3.3715437e-02   4.5703997e-02   4.3386188e-02   3.5792126e-02   3.1000772e-02
  -6.0300000e+01  -1.5302253e-78  -1.7068857e-29   1.0848337e-11   1.0667305e-05   1.2317631e-03   1.1969562e-02   3.2575890e-02   4.4861705e-02   4.2930515e-02   3.5592518e-02   3.0924150e-02
  -5.9850000e+01   8.3543471e-83   2.8298294e-30   3.7944907e-12   7.1279807e-06   1.0546695e-03   1.1152035e-02   3.1468179e-02   4.4032255e-02   4.2479120e-02   3.5394457e-02   3.0848101e-02
  -5.9400000e+01   2.3217227e-86   2.1961268e-31   1.2680908e-12   4.7141936e-06   9.0045982e-04   1.0381580e-02   3.0391631e-02   4.3215501e-02   4.2031983e-02   3.5197940e-02   3.0772624e-02
  -5.8950000e+01   3.0815440e-90   1.1430445e-32   3.9692657e-13   3.0858214e-06   7.6657927e-04   9.6561013e-03   2.9345581e-02   4.2411298e-02   4.1589084e-02   3.5002966e-02   3.0697720e-02
  -5.8500000e+01   8.2868548e-95   4.7073074e-34   1.1454894e-13   1.9991762e-06   6.5070020e-04   8.9735601e-03   2.8329372e-02   4.1619502e-02   4.1150403e-02   3.4809535e-02   3.0623389e-02
  -5.8050000e+01  6.8743215e-100   1.3451255e-35   3.0152006e-14   1.2818698e-06   5.5070971e-04   8.3319760e-03   2.7342357e-02   4.0839972e-02   4.0715922e-02   3.4617643e-02   3.0549630e-02
  -5.7600000e+01  1.6568917e-105   9.5996522e-38   7.2523805e-15   8.1347834e-07   4.6469675e-04   7.7294260e-03   2.6383895e-02   4.0072564e-02   4.0285622e-02   3.4427291e-02   3.0476444e-02
  -5.7150000e+01 -8.3471060e-110  -4.7974605e-39   1.6380081e-15   5.1092239e-07   3.9093921e-04   7.1640446e-03   2.5453354e-02   3.9317137e-02   3.9859482e-02   3.4238477e-02   3.0403830e-02
  -5.6700000e+01 -2.5770169e-114  -1.1167885e-40   3.6800989e-16   3.1759157e-07   3.2789106e-04   6.6340235e-03   2.4550111e-02   3.8573552e-02   3.9437485e-02   3.4051199e-02   3.0331789e-02
  -5.6250000e+01 -4.4091766e-119  -1.3814609e-42   8.7426387e-17   1.9538291e-07   2.7416946e-04   6.1376115e-03   2.3673551e-02   3.7841669e-02   3.9019612e-02   3.3865457e-02   3.0260319e-02
  -5.5800000e+01 -2.1200964e-124  -1.2035162e-44   2.2293676e-17   1.1896146e-07   2.2854231e-04   5.6731139e-03   2.2823067e-02   3.7121349e-02   3.8605843e-02   3.3681248e-02   3.0189422e-02
  -5.5350000e+01 -2.7740907e-130  -4.8029272e-47   5.8782776e-18   7.1684679e-08   1.8991596e-04   5.2388926e-03   2.1998062e-02   3.6412457e-02   3.8196161e-02   3.3498572e-02   3.0119097e-02
  -5.4900000e+01  4.8705413e-136   1.0018285e-48   1.5260068e-18   4.2750865e-08   1.5732340e-04   4.8333654e-03   2.1197945e-02   3.5714855e-02   3.7790548e-02   3.3317427e-02   3.0049344e-02
  -5.4450000e+01  1.0315466e-140   3.5503380e-50   3.7646516e-19   2.5232481e-08   1.2991292e-04   4.4550059e-03   2.0422136e-02   3.5028408e-02   3.7388984e-02   3.3137812e-02   2.9980163e-02
  -5.4000000e+01  8.4291578e-146   7.3888580e-52   8.6266625e-20   1.4739054e-08   1.0693726e-04   4.1023426e-03   1.9670062e-02   3.4352982e-02   3.6991452e-02   3.2959727e-02   2.9911554e-02
  -5.3550000e+01  1.4610438e-151   1.1934308e-53   1.8052240e-20   8.5206437e-09   8.7743377e-05   3.7739588e-03   1.8941160e-02   3.3688443e-02   3.6597934e-02   3.2783168e-02   2.9843516e-02
  -5.3100000e+01  8.2672562e-158   1.3652757e-55   3.4059843e-21   4.8749187e-09   7.1762836e-05   3.4684917e-03   1.8234874e-02   3.3034659e-02   3.6208412e-02   3.2608136e-02   2.9776051e-02
  -5.2650000e+01  1.8317018e-164   5.1072241e-58   5.7841564e-22   2.7602864e-09   5.8502782e-05   3.1846321e-03   1.7550658e-02   3.2391499e-02   3.5822868e-02   3.2434629e-02   2.9709157e-02
  -5.2200000e+01 -3.3881972e-170  -6.5010418e-60   9.0661761e-23   1.5467952e-09   4.7537597e-05   2.9211234e-03   1.6887973e-02   3.1758833e-02   3.5441286e-02   3.2262646e-02   2.9642835e-02
  -5.1750000e+01 -7.6080926e-176  -6.7412536e-62   1.4017548e-23   8.5783485e-10   3.8501192e-05   2.6767613e-03   1.6246291e-02   3.1136530e-02   3.5063648e-02   3.2092185e-02   2.9577085e-02
  -5.1300000e+01 -9.4056458e-182  -3.3829803e-64   2.3305444e-24   4.7083306e-10   3.1079944e-05   2.4503924e-03   1.5625090e-02   3.0524464e-02   3.4689936e-02   3.1923246e-02   2.9511906e-02
  -5.0850000e+01 -3.5807934e-188  -1.1981344e-66   4.3032263e-25   2.5575401e-10   2.5006249e-05   2.2409139e-03   1.5023858e-02   2.9922506e-02   3.4320133e-02   3.1755827e-02   2.9447298e-02
  -5.0400000e+01 -3.3582501e-195  -2.3649788e-69   8.4035879e-26   1.3748951e-10   2.0052691e-05   2.0472725e-03   1.4442091e-02   2.9330532e-02   3.3954223e-02   3.1589928e-02   2.9383262e-02
  -4.9950000e+01  1.7465630e-202   9.0641179e-72   1.6215194e-26   7.3148781e-11   1.6026785e-05   1.8684634e-03   1.3879295e-02   2.8748414e-02   3.3592189e-02   3.1425546e-02   2.9319798e-02
  -4.9500000e+01  3.3487266e-208   1.5531007e-73   2.9558402e-27   3.8515333e-11   1.2766268e-05   1.7035295e-03   1.3334981e-02   2.8176030e-02   3.3234014e-02   3.1262680e-02   2.9256905e-02
  -4.9050000e+01  1.7606677e-214   1.2965787e-75   4.9638477e-28   2.0070021e-11   1.0134906e-05   1.5515600e-03   1.2808672e-02   2.7613257e-02   3.2879682e-02   3.1101331e-02   2.9194583e-02
  -4.8600000e+01  2.0674211e-221   8.2352043e-78   7.5467945e-29   1.0350195e-11   8.0187842e-06   1.4116895e-03   1.2299898e-02   2.7059972e-02   3.2529176e-02   3.0941496e-02   2.9132832e-02
  -4.8150000e+01  8.0303796e-229   3.7783611e-80   1.0240009e-29   5.2824488e-12   6.3230309e-06   1.2830968e-03   1.1808196e-02   2.6516056e-02   3.2182480e-02   3.0783174e-02   2.9071652e-02
  -4.7700000e+01  1.4592596e-236   6.8476450e-83   1.2329362e-30   2.6681378e-12   4.9689585e-06   1.1650039e-03   1.1333115e-02   2.5981387e-02   3.1839579e-02   3.0626365e-02   2.9011043e-02
  -4.7250000e+01 -1.0821459e-243  -2.3258694e-85   1.3439162e-31   1.3337304e-12   3.8915646e-06   1.0566745e-03   1.0874208e-02   2.5455848e-02   3.1500455e-02   3.0471066e-02   2.8951006e-02
  -4.6800000e+01 -1.8093931e-250  -1.0981064e-87   1.4228596e-32   6.5980496e-13   3.0373699e-06   9.5741276e-04   1.0431040e-02   2.4939320e-02   3.1165094e-02   3.0317278e-02   2.8891539e-02
  -4.6350000e+01 -1.5677268e-257  -2.2274381e-90   1.6392363e-33   3.2303651e-13   2.3625537e-06   8.6656202e-04   1.0003180e-02   2.4431688e-02   3.0833480e-02   3.0164998e-02   2.8832644e-02
  -4.5900000e+01 -4.3980075e-265  -3.1658943e-93   2.1820766e-34   1.5652239e-13   1.8313547e-06   7.8350360e-04   9.5902099e-03   2.3932836e-02   3.0505597e-02   3.0014227e-02   2.8774319e-02
  -4.5450000e+01 -2.8426150e-273  -2.7814499e-96   3.1612251e-35   7.5056764e-14   1.4147068e-06   7.0765529e-04   9.1917156e-03   2.3442649e-02   3.0181430e-02   2.9864962e-02   2.8716565e-02
  -4.5000000e+01  2.6466426e-282   1.9739073e-99   4.5444822e-36   3.5619743e-14   1.0890810e-06   6.3847005e-04   8.8072931e-03   2.2961015e-02   2.9860964e-02   2.9717203e-02   2.8659382e-02
  -4.4550000e+01  7.9192802e-289  1.8504900e-101   6.1302149e-37   1.6729309e-14   8.3550787e-07   5.7543460e-04   8.4365457e-03   2.2487822e-02   2.9544183e-02   2.9570949e-02   2.8602769e-02
  -4.4100000e+01  2.7600087e-296  6.2309715e-104   7.5536251e-38   7.7758903e-15   6.3875519e-07   5.1806808e-04   8.0790847e-03   2.2022959e-02   2.9231074e-02   2.9426198e-02   2.8546728e-02
  -4.3650000e+01  2.2809939e-304  1.5605354e-106   8.3582063e-39   3.5768948e-15   4.8664136e-07   4.6592060e-04   7.7345291e-03   2.1566315e-02   2.8921621e-02   2.9282950e-02   2.8491256e-02
  -4.3200000e+01  6.1267914e-313  2.8748438e-109   8.1794614e-40   1.6283424e-15   3.6946352e-07   4.1857191e-04   7.4025057e-03   2.1117782e-02   2.8615809e-02   2.9141203e-02   2.8436356e-02
  -4.2750000e+01  7.0157322e-322  2.4102835e-112   7.0100535e-41   7.3361670e-16   2.7952427e-07   3.7562997e-04   7.0826489e-03   2.0677253e-02   2.8313625e-02   2.9000958e-02   2.8382026e-02
  -4.2300000e+01   0.0000000e+00 -2.1971387e-115   5.3285428e-42   3.2709772e-16   2.1074169e-07   3.3672966e-04   6.7746007e-03   2.0244621e-02   2.8015053e-02   2.8862211e-02   2.8328266e-02
  -4.1850000e+01   0.0000000e+00 -4.8948644e-118   3.8467146e-43   1.4433508e-16   1.5832959e-07   3.0153137e-04   6.4780105e-03   1.9819781e-02   2.7720080e-02   2.8724964e-02   2.8275077e-02
  -4.1400000e+01   0.0000000e+00 -4.0032957e-121   3.0348353e-44   6.3030892e-17   1.1853654e-07   2.6971972e-04   6.1925353e-03   1.9402629e-02   2.7428692e-02   2.8589214e-02   2.8222458e-02
  -4.0950000e+01   0.0000000e+00 -2.2640318e-124   2.8959214e-45   2.7240982e-17   8.8433915e-08   2.4100224e-04   5.9178391e-03   1.8993062e-02   2.7140875e-02   2.8454961e-02   2.8170409e-02
  -4.0500000e+01   0.0000000e+00 -8.4383389e-128   3.1207816e-46   1.1651442e-17   6.5744582e-08   2.1510811e-04   5.6535936e-03   1.8590977e-02   2.6856615e-02   2.8322204e-02   2.8118931e-02
  -4.0050000e+01   0.0000000e+00  8.2525047e-132   3.3540846e-47   4.9320029e-18   4.8705023e-08   1.9178692e-04   5.3994775e-03   1.8196275e-02   2.6575898e-02   2.8190941e-02   2.8068023e-02
  -3.9600000e+01   0.0000000e+00  6.0281828e-134   3.3549581e-48   2.0661048e-18   3.5954928e-08   1.7080748e-04   5.1551764e-03   1.7808855e-02   2.6298712e-02   2.8061173e-02   2.8017685e-02
  -3.9150000e+01   0.0000000e+00  8.2471103e-137   3.0373791e-49   8.5657493e-19   2.6449187e-08   1.5195667e-04   4.9203832e-03   1.7428620e-02   2.6025043e-02   2.7932897e-02   2.7967917e-02
  -3.8700000e+01   0.0000000e+00  8.1658216e-140   2.4499400e-50   3.5144818e-19   1.9388038e-08   1.3503827e-04   4.6947977e-03   1.7055472e-02   2.5754877e-02   2.7806114e-02   2.7918719e-02
  -3.8250000e+01   0.0000000e+00  6.0448711e-143   1.7334635e-51   1.4270522e-19   1.4161898e-08   1.1987192e-04   4.4781265e-03   1.6689314e-02   2.5488203e-02   2.7680821e-02   2.7870091e-02
  -3.7800000e+01   0.0000000e+00  2.2771197e-146   1.0613274e-52   5.7345797e-20   1.0307983e-08   1.0629207e-04   4.2700829e-03   1.6330053e-02   2.5225006e-02   2.7557019e-02   2.7822034e-02
  -3.7350000e+01   0.0000000e+00 -5.3939740e-150   5.6446323e-54   2.2805932e-20   7.4763418e-09   9.4146987e-05   4.0703872e-03   1.5977594e-02   2.4965275e-02   2.7434707e-02   2.7774546e-02
  -3.6900000e+01   0.0000000e+00 -6.0261838e-153   2.7693173e-55   8.9759470e-21   5.4033914e-09   8.3297786e-05   3.8787659e-03   1.5631844e-02   2.4708996e-02   2.7313883e-02   2.7727628e-02
  -3.6450000e+01   0.0000000e+00 -1.9826160e-156   1.4752465e-56   3.4962352e-21   3.8913853e-09   7.3617545e-05   3.6949523e-03   1.5292713e-02   2.4456158e-02   2.7194546e-02   2.7681280e-02
  -3.6000000e+01   0.0000000e+00 -4.4309750e-160   1.0014084e-57   1.3477525e-21   2.7925520e-09   6.4990429e-05   3.5186862e-03   1.4960109e-02   2.4206749e-02   2.7076697e-02   2.7635502e-02
  -3.5550000e+01   0.0000000e+00 -6.8158454e-164   8.0618375e-59   5.1417300e-22   1.9968998e-09   5.7310876e-05   3.3497135e-03   1.4633944e-02   2.3960755e-02   2.6960333e-02   2.7590294e-02
  -3.5100000e+01   0.0000000e+00 -5.0855641e-169   6.5100216e-60   1.9413231e-22   1.4228792e-09   5.0482826e-05   3.1877867e-03   1.4314130e-02   2.3718166e-02   2.6845455e-02   2.7545655e-02
  -3.4650000e+01   0.0000000e+00  5.3790323e-171   4.8416093e-61   7.2539605e-23   1.0102650e-09   4.4418984e-05   3.0326641e-03   1.4000579e-02   2.3478970e-02   2.6732061e-02   2.7501586e-02
  -3.4200000e+01   0.0000000e+00  3.0177633e-174   3.2254966e-62   2.6825058e-23   7.1475465e-10   3.9040137e-05   2.8841105e-03   1.3693207e-02   2.3243154e-02   2.6620150e-02   2.7458087e-02
  -3.3750000e+01   0.0000000e+00  1.1842264e-177   1.8992309e-63   9.8173475e-24   5.0388549e-10   3.4274506e-05   2.7418965e-03   1.3391929e-02   2.3010708e-02   2.6509722e-02   2.7415157e-02
  -3.3300000e+01   0.0000000e+00  3.5245473e-181   9.7364852e-65   3.5557923e-24   3.5396373e-10   3.0057140e-05   2.6057987e-03   1.3096661e-02   2.2781620e-02   2.6400777e-02   2.7372797e-02
  -3.2850000e+01   0.0000000e+00  5.8527203e-185   4.2726994e-66   1.2745857e-24   2.4776309e-10   2.6329345e-05   2.4755995e-03   1.2807321e-02   2.2555878e-02   2.6293312e-02   2.7331006e-02
  -3.2400000e+01   0.0000000e+00 -3.2758653e-189   1.5958265e-67   4.5216259e-25   1.7280817e-10   2.3038164e-05   2.3510872e-03   1.2523828e-02   2.2333473e-02   2.6187328e-02   2.7289785e-02
  -3.1950000e+01   0.0000000e+00 -2.0636726e-192   5.3093664e-69   1.5875081e-25   1.2009935e-10   2.0135874e-05   2.2320557e-03   1.2246103e-02   2.2114393e-02   2.6082824e-02   2.7249133e-02
  -3.1500000e+01   0.0000000e+00 -2.7237538e-196   1.8778051e-70   5.5161414e-26   8.3169624e-11   1.7579533e-05   2.1183045e-03   1.1974067e-02   2.1898627e-02   2.5979798e-02   2.7209051e-02
  -3.1050000e+01   0.0000000e+00 -2.3902685e-200   8.9700499e-72   1.8969433e-26   5.7389900e-11   1.5330553e-05   2.0096386e-03   1.1707642e-02   2.1686164e-02   2.5878251e-02   2.7169538e-02
  -3.0600000e+01   0.0000000e+00 -1.4899334e-204   5.4310977e-73   6.4561352e-27   3.9459525e-11   1.3354309e-05   1.9058684e-03   1.1446753e-02   2.1476995e-02   2.5778181e-02   2.7130595e-02
  -3.0150000e+01   0.0000000e+00 -2.2764917e-209   3.3184352e-74   2.1746445e-27   2.7034163e-11   1.1619769e-05   1.8068097e-03   1.1191323e-02   2.1271109e-02   2.5679588e-02   2.7092221e-02
  -2.9700000e+01   0.0000000e+00  1.3150338e-212   1.8414196e-75   7.2493264e-28   1.8455160e-11   1.0099165e-05   1.7122836e-03   1.0941279e-02   2.1068496e-02   2.5582471e-02   2.7054416e-02
  -2.9250000e+01   0.0000000e+00  3.0608988e-216   9.0429804e-77   2.3916403e-28   1.2553524e-11   8.7676828e-06   1.6221162e-03   1.0696547e-02   2.0869146e-02   2.5486830e-02   2.7017180e-02
  -2.8800000e+01   0.0000000e+00  4.7715606e-220   3.8924594e-78   7.8086707e-29   8.5085513e-12   7.6031746e-06   1.5361389e-03   1.0457058e-02   2.0673049e-02   2.5392663e-02   2.6980514e-02
  -2.8350000e+01   0.0000000e+00  5.7121008e-224   1.4486372e-79   2.5231049e-29   5.7462832e-12   6.5859026e-06   1.4541879e-03   1.0222739e-02   2.0480195e-02   2.5299970e-02   2.6944417e-02
  -2.7900000e+01   0.0000000e+00  4.1294720e-228   4.5714992e-81   8.0679708e-30   3.8668668e-12   5.6982997e-06   1.3761044e-03   9.9935211e-03   2.0290576e-02   2.5208751e-02   2.6908888e-02
  -2.7450000e+01   0.0000000e+00 -4.1160948e-233   1.2049643e-82   2.5530430e-30   2.5928155e-12   4.9247516e-06   1.3017345e-03   9.7693368e-03   2.0104180e-02   2.5119004e-02   2.6873930e-02
  -2.7000000e+01   0.0000000e+00 -1.9785357e-236   2.7241155e-84   7.9948583e-31   1.7323025e-12   4.2513992e-06   1.2309288e-03   9.5501186e-03   1.9921000e-02   2.5030729e-02   2.6839540e-02
  -2.6550000e+01   0.0000000e+00 -1.0435413e-240   6.3045775e-86   2.4775148e-31   1.1532279e-12   3.6659570e-06   1.1635428e-03   9.3358007e-03   1.9741026e-02   2.4943926e-02   2.6805719e-02
  -2.6100000e+01   0.0000000e+00 -3.5718964e-245   2.0943996e-87   7.5974627e-32   7.6497211e-13   3.1575499e-06   1.0994364e-03   9.1263184e-03   1.9564250e-02   2.4858594e-02   2.6772467e-02
  -2.5650000e+01   0.0000000e+00 -8.9005265e-250   9.6310727e-89   2.3054830e-32   5.0560904e-13   2.7165636e-06   1.0384741e-03   8.9216080e-03   1.9390662e-02   2.4774732e-02   2.6739784e-02
  -2.5200000e+01   0.0000000e+00 -8.3982962e-255   4.4883689e-90   6.9229514e-33   3.3298351e-13   2.3345102e-06   9.8052475e-04   8.7216071e-03   1.9220254e-02   2.4692339e-02   2.6707670e-02
  -2.4750000e+01   0.0000000e+00  8.7961176e-259   1.8643477e-91   2.0570897e-33   2.1850896e-13   2.0039060e-06   9.2546142e-04   8.5262544e-03   1.9053017e-02   2.4611416e-02   2.6676125e-02
  -2.4300000e+01   0.0000000e+00  8.6218174e-263   6.7598465e-93   6.0484894e-34   1.4287440e-13   1.7181617e-06   8.7316148e-04   8.3354897e-03   1.8888944e-02   2.4531961e-02   2.6645149e-02
  -2.3850000e+01   0.0000000e+00  5.3496394e-267   2.1305753e-94   1.7598470e-34   9.3084717e-14   1.4714831e-06   8.2350641e-04   8.1492541e-03   1.8728025e-02   2.4453974e-02   2.6614742e-02
  -2.3400000e+01   0.0000000e+00  2.5733317e-271   5.7702493e-96   5.0669157e-35   6.0428431e-14   1.2587820e-06   7.7638172e-04   7.9674897e-03   1.8570253e-02   2.4377454e-02   2.6584903e-02
  -2.2950000e+01   0.0000000e+00  7.9886248e-276   1.3137575e-97   1.4436557e-35   3.9088003e-14   1.0755961e-06   7.3167690e-04   7.7901397e-03   1.8415620e-02   2.4302401e-02   2.6555634e-02
  -2.2500000e+01   0.0000000e+00  3.3113942e-282   2.4488135e-99   4.0705061e-36   2.5193306e-14   9.1801720e-07   6.8928529e-04   7.6171486e-03   1.8264119e-02   2.4228815e-02   2.6526933e-02
  -2.2050000e+01   0.0000000e+00 -5.1021883e-285  3.7163847e-101   1.1358310e-36   1.6179560e-14   7.8262685e-07   6.4910403e-04   7.4484618e-03   1.8115741e-02   2.4156694e-02   2.6498801e-02
  -2.1600000e+01   0.0000000e+00 -1.0798472e-289  5.2604805e-103   3.1367191e-37   1.0353531e-14   6.6643907e-07   6.1103394e-04   7.2840262e-03   1.7970479e-02   2.4086038e-02   2.6471238e-02
  -2.1150000e+01   0.0000000e+00 -1.4456885e-294  1.1262564e-104   8.5733204e-38   6.6016256e-15   5.6684901e-07   5.7497947e-04   7.1237894e-03   1.7828327e-02   2.4016847e-02   2.6444243e-02
  -2.0700000e+01   0.0000000e+00 -1.4368045e-299  4.0238967e-106   2.3192428e-38   4.1942497e-15   4.8158731e-07   5.4084860e-04   6.9677004e-03   1.7689276e-02   2.3949120e-02   2.6417817e-02
  -2.0250000e+01   0.0000000e+00 -6.8172880e-305  1.4806836e-107   6.2097728e-39   2.6552110e-15   4.0867946e-07   5.0855274e-04   6.8157093e-03   1.7553321e-02   2.3882857e-02   2.6391960e-02
  -1.9800000e+01   0.0000000e+00  1.5603021e-309  4.6984901e-109   1.6456679e-39   1.6748870e-15   3.4640982e-07   4.7800667e-04   6.6677673e-03   1.7420453e-02   2.3818058e-02   2.6366672e-02
  -1.9350000e+01   0.0000000e+00  6.5855187e-314  1.2729154e-110   4.3166481e-40   1.0527228e-15   2.9328957e-07   4.4912845e-04   6.5238267e-03   1.7290667e-02   2.3754721e-02   2.6341952e-02
  -1.8900000e+01   0.0000000e+00  1.6121461e-318  2.9628198e-112   1.1206942e-40   6.5930265e-16   2.4802849e-07   4.2183932e-04   6.3838408e-03   1.7163955e-02   2.3692846e-02   2.6317800e-02
  -1.8450000e+01   0.0000000e+00  4.9406565e-323  5.8907759e-114   2.8797819e-41   4.1143206e-16   2.0950988e-07   3.9606366e-04   6.2477643e-03   1.7040313e-02   2.3632433e-02   2.6294217e-02
  -1.8000000e+01   0.0000000e+00   0.0000000e+00  9.8087615e-116   7.3241783e-42   2.5583155e-16   1.7676850e-07   3.7172885e-04   6.1155527e-03   1.6919732e-02   2.3573482e-02   2.6271203e-02
  -1.7550000e+01   0.0000000e+00   0.0000000e+00  1.3285220e-117   1.8436534e-42   1.5850860e-16   1.4897114e-07   3.4876523e-04   5.9871629e-03   1.6802208e-02   2.3515992e-02   2.6248757e-02
  -1.7100000e+01   0.0000000e+00   0.0000000e+00  1.4343577e-119   4.5931923e-43   9.7857553e-17   1.2539949e-07   3.2710602e-04   5.8625527e-03   1.6687734e-02   2.3459963e-02   2.6226880e-02
  -1.6650000e+01   0.0000000e+00   0.0000000e+00  1.3557331e-121   1.1325532e-43   6.0197518e-17   1.0543511e-07   3.0668724e-04   5.7416811e-03   1.6576305e-02   2.3405393e-02   2.6205572e-02
  -1.6200000e+01   0.0000000e+00   0.0000000e+00  1.8822636e-123   2.7637865e-44   3.6898220e-17   8.8546227e-08   2.8744759e-04   5.6245081e-03   1.6467914e-02   2.3352284e-02   2.6184831e-02
  -1.5750000e+01   0.0000000e+00   0.0000000e+00  4.9536428e-125   6.6749032e-45   2.2535887e-17   7.4276193e-08   2.6932844e-04   5.5109951e-03   1.6362557e-02   2.3300634e-02   2.6164659e-02
  -1.5300000e+01   0.0000000e+00   0.0000000e+00  1.3824714e-126   1.5954108e-45   1.3714692e-17   6.2233393e-08   2.5227370e-04   5.4011041e-03   1.6260228e-02   2.3250443e-02   2.6145056e-02
  -1.4850000e+01   0.0000000e+00   0.0000000e+00  3.2690939e-128   3.7738066e-46   8.3164751e-18   5.2082409e-08   2.3622980e-04   5.2947987e-03   1.6160922e-02   2.3201711e-02   2.6126021e-02
  -1.4400000e+01   0.0000000e+00   0.0000000e+00  6.5155459e-130   8.8340449e-47   5.0249761e-18   4.3536338e-08   2.2114555e-04   5.1920432e-03   1.6064634e-02   2.3154438e-02   2.6107555e-02
  -1.3950000e+01   0.0000000e+00   0.0000000e+00  1.1080602e-131   2.0464783e-47   3.0253092e-18   3.6350088e-08   2.0697213e-04   5.0928033e-03   1.5971359e-02   2.3108622e-02   2.6089656e-02
  -1.3500000e+01   0.0000000e+00   0.0000000e+00  1.6038357e-133   4.6915792e-48   1.8148726e-18   3.0314562e-08   1.9366298e-04   4.9970456e-03   1.5881093e-02   2.3064265e-02   2.6072326e-02
  -1.3050000e+01   0.0000000e+00   0.0000000e+00  1.9381325e-135   1.0643745e-48   1.0848324e-18   2.5251601e-08   1.8117375e-04   4.9047378e-03   1.5793830e-02   2.3021364e-02   2.6055565e-02
  -1.2600000e+01   0.0000000e+00   0.0000000e+00  1.8913292e-137   2.3896524e-49   6.4612831e-19   2.1009608e-08   1.6946222e-04   4.8158488e-03   1.5709566e-02   2.2979921e-02   2.6039372e-02
  -1.2150000e+01   0.0000000e+00   0.0000000e+00  1.4346540e-139   5.3093667e-50   3.8345466e-19   1.7459748e-08   1.5848827e-04   4.7303484e-03   1.5628298e-02   2.2939934e-02   2.6023747e-02
  -1.1700000e+01   0.0000000e+00   0.0000000e+00  8.7731888e-142   1.1674064e-50   2.2675030e-19   1.4492681e-08   1.4821375e-04   4.6482076e-03   1.5550020e-02   2.2901405e-02   2.6008690e-02
  -1.1250000e+01   0.0000000e+00   0.0000000e+00  7.4932433e-144   2.5402483e-51   1.3360411e-19   1.2015727e-08   1.3860250e-04   4.5693985e-03   1.5474730e-02   2.2864331e-02   2.5994202e-02
  -1.0800000e+01   0.0000000e+00   0.0000000e+00  1.5077311e-145   5.4702523e-52   7.8438513e-20   9.9504334e-09   1.2962022e-04   4.4938942e-03   1.5402422e-02   2.2828713e-02   2.5980282e-02
  -1.0350000e+01   0.0000000e+00   0.0000000e+00  3.3064380e-147   1.1657801e-52   4.5885559e-20   8.2304751e-09   1.2123443e-04   4.4216689e-03   1.5333094e-02   2.2794551e-02   2.5966930e-02
  -9.9000000e+00   0.0000000e+00   0.0000000e+00  5.9134056e-149   2.4586890e-53   2.6746033e-20   6.7998539e-09   1.1341446e-04   4.3526979e-03   1.5266742e-02   2.2761845e-02   2.5954147e-02
  -9.4500000e+00   0.0000000e+00   0.0000000e+00  8.7282428e-151   5.1317688e-54   1.5533846e-20   5.6113526e-09   1.0613132e-04   4.2869575e-03   1.5203363e-02   2.2730594e-02   2.5941932e-02
  -9.0000000e+00   0.0000000e+00   0.0000000e+00  1.0884327e-152   1.0600000e-54   8.9894783e-21   4.6252103e-09   9.9357715e-05   4.2244251e-03   1.5142953e-02   2.2700798e-02   2.5930285e-02
  -8.5500000e+00   0.0000000e+00   0.0000000e+00  1.1497313e-154   2.1668028e-55   5.1835287e-21   3.8079894e-09   9.3067945e-05   4.1650793e-03   1.5085509e-02   2.2672456e-02   2.5919206e-02
  -8.1000000e+00   0.0000000e+00   0.0000000e+00  1.0107482e-156   4.3833712e-56   2.9781856e-21   3.1316075e-09   8.7237886e-05   4.1088995e-03   1.5031029e-02   2.2645569e-02   2.5908695e-02
  -7.6500000e+00   0.0000000e+00   0.0000000e+00  7.1317662e-159   8.7755512e-57   1.7049552e-21   2.5725118e-09   8.1844934e-05   4.0558663e-03   1.4979510e-02   2.2620137e-02   2.5898753e-02
  -7.2000000e+00   0.0000000e+00   0.0000000e+00  3.8258693e-161   1.7386840e-57   9.7254319e-22   2.1109763e-09   7.6867961e-05   4.0059614e-03   1.4930948e-02   2.2596159e-02   2.5889379e-02
  -6.7500000e+00   0.0000000e+00   0.0000000e+00  1.5120635e-163   3.4091812e-58   5.5276352e-22   1.7305035e-09   7.2287273e-05   3.9591675e-03   1.4885342e-02   2.2573635e-02   2.5880573e-02
  -6.3000000e+00   0.0000000e+00   0.0000000e+00  7.3506218e-166   6.6155378e-59   3.1304317e-22   1.4173171e-09   6.8084572e-05   3.9154683e-03   1.4842689e-02   2.2552565e-02   2.5872335e-02
  -5.8500000e+00   0.0000000e+00   0.0000000e+00  1.1570579e-167   1.2704779e-59   1.7664583e-22   1.1599318e-09   6.4242918e-05   3.8748488e-03   1.4802987e-02   2.2532949e-02   2.5864665e-02
  -5.4000000e+00   0.0000000e+00   0.0000000e+00  2.0561459e-169   2.4146578e-60   9.9320027e-23   9.4878924e-10   6.0746692e-05   3.8372947e-03   1.4766234e-02   2.2514786e-02   2.5857563e-02
  -4.9500000e+00   0.0000000e+00   0.0000000e+00  2.8077313e-171   4.5418090e-61   5.5642247e-23   7.7595098e-10   5.7581567e-05   3.8027929e-03   1.4732428e-02   2.2498077e-02   2.5851030e-02
  -4.5000000e+00   0.0000000e+00   0.0000000e+00  3.0794214e-173   8.4544301e-62   3.1060432e-23   6.3483971e-10   5.4734473e-05   3.7713316e-03   1.4701568e-02   2.2482821e-02   2.5845065e-02
  -4.0500000e+00   0.0000000e+00   0.0000000e+00  2.8203374e-175   1.5574690e-62   1.7276173e-23   5.2002194e-10   5.2193573e-05   3.7428996e-03   1.4673651e-02   2.2469019e-02   2.5839668e-02
  -3.6000000e+00   0.0000000e+00   0.0000000e+00  2.1766814e-177   2.8394378e-63   9.5748589e-24   4.2702608e-10   4.9948234e-05   3.7174871e-03   1.4648677e-02   2.2456669e-02   2.5834839e-02
  -3.1500000e+00   0.0000000e+00   0.0000000e+00  1.3940316e-179   5.1229821e-64   5.2879617e-24   3.5219080e-10   4.7989007e-05   3.6950852e-03   1.4626644e-02   2.2445773e-02   2.5830578e-02
  -2.7000000e+00   0.0000000e+00   0.0000000e+00  7.1309288e-182   9.1472817e-65   2.9107579e-24   2.9253944e-10   4.6307602e-05   3.6756861e-03   1.4607551e-02   2.2436330e-02   2.5826885e-02
  -2.2500000e+00   0.0000000e+00   0.0000000e+00  2.7220058e-184   1.6163760e-65   1.5980831e-24   2.4567660e-10   4.4896873e-05   3.6592829e-03   1.4591397e-02   2.2428339e-02   2.5823760e-02
  -1.8000000e+00   0.0000000e+00   0.0000000e+00  6.9714085e-187   2.8266818e-66   8.7729943e-25   2.0970422e-10   4.3750800e-05   3.6458699e-03   1.4578181e-02   2.2421802e-02   2.5821204e-02
  -1.3500000e+00   0.0000000e+00   0.0000000e+00  1.6745938e-189   4.8922279e-67   4.8564787e-25   1.8315431e-10   4.2864478e-05   3.6354424e-03   1.4567903e-02   2.2416717e-02   2.5819216e-02
  -9.0000000e-01   0.0000000e+00   0.0000000e+00  2.1735178e-191   8.3857557e-68   2.7865231e-25   1.6493655e-10   4.2234100e-05   3.6279969e-03   1.4560561e-02   2.2413085e-02   2.5817795e-02
  -4.5000000e-01   0.0000000e+00   0.0000000e+00  3.3094860e-193   1.4599265e-68   1.7913375e-25   1.5429917e-10   4.1856957e-05   3.6235306e-03   1.4556157e-02   2.2410906e-02   2.5816943e-02
   0.0000000e+00   0.0000000e+00   0.0000000e+00  6.9926917e-195   4.7655309e-69   1.4967140e-25   1.5080173e-10   4.1731422e-05   3.6220420e-03   1.4554689e-02   2.2410180e-02   2.5816659e-02
   4.5000000e-01   0.0000000e+00   0.0000000e+00  3.3094860e-193   1.4599265e-68   1.7913375e-25   1.5429917e-10   4.1856957e-05   3.6235306e-03   1.4556157e-02   2.2410906e-02   2.5816943e-02
   9.0000000e-01   0.0000000e+00   0.0000000e+00  2.1735178e-191   8.3857557e-68   2.7865231e-25   1.6493655e-10   4.2234100e-05   3.6279969e-03   1.4560561e-02   2.2413085e-02   2.5817795e-02
   1.3500000e+00   0.0000000e+00   0.0000000e+00  1.6745938e-189   4.8922279e-67   4.8564787e-25   1.8315431e-10   4.2864478e-05   3.6354424e-03   1.4567903e-02   2.2416717e-02   2.5819216e-02
   1.8000000e+00   0.0000000e+00   0.0000000e+00  6.9714085e-187   2.8266818e-66   8.7729943e-25   2.0970422e-10   4.3750800e-05   3.6458699e-03   1.4578181e-02   2.2421802e-02   2.5821204e-02
   2.2500000e+00   0.0000000e+00   0.0000000e+00  2.7220058e-184   1.6163760e-65   1.5980831e-24   2.4567660e-10   4.4896873e-05   3.6592829e-03   1.4591397e-02   2.2428339e-02   2.5823760e-02
   2.7000000e+00   0.0000000e+00   0.0000000e+00  7.1309288e-182   9.1472817e-65   2.9107579e-24   2.9253944e-10   4.6307602e-05   3.6756861e-03   1.4607551e-02   2.2436330e-02   2.5826885e-02
   3.1500000e+00   0.0000000e+00   0.0000000e+00  1.3940316e-179   5.1229821e-64   5.2879617e-24   3.5219080e-10   4.7989007e-05   3.6950852e-03   1.4626644e-02   2.2445773e-02   2.5830578e-02
   3.6000000e+00   0.0000000e+00   0.0000000e+00  2.1766814e-177   2.8394378e-63   9.5748589e-24   4.2702608e-10   4.9948234e-05   3.7174871e-03   1.4648677e-02   2.2456669e-02   2.5834839e-02
   4.0500000e+00   0.0000000e+00   0.0000000e+00  2.8203374e-175   1.5574690e-62   1.7276173e-23   5.2002194e-10   5.2193573e-05   3.7428996e-03   1.4673651e-02   2.2469019e-02   2.5839668e-02
   4.5000000e+00   0.0000000e+00   0.0000000e+00  3.0794214e-173   8.4544301e-62   3.1060432e-23   6.3483971e-10   5.4734473e-05   3.7713316e-03   1.4701568e-02   2.2482821e-02   2.5845065e-02
   4.9500000e+00   0.0000000e+00   0.0000000e+00  2.8077313e-171   4.5418090e-61   5.5642247e-23   7.7595098e-10   5.7581567e-05   3.8027929e-03   1.4732428e-02   2.2498077e-02   2.5851030e-02
   5.4000000e+00   0.0000000e+00   0.0000000e+00  2.0561459e-169   2.4146578e-60   9.9320027e-23   9.4878924e-10   6.0746692e-05   3.8372947e-03   1.4766234e-02   2.2514786e-02   2.5857563e-02
   5.8500000e+00   0.0000000e+00   0.0000000e+00  1.1570579e-167   1.2704779e-59   1.7664583e-22   1.1599318e-09   6.4242918e-05   3.8748488e-03   1.4802987e-02   2.2532949e-02   2.5864665e-02
   6.3000000e+00   0.0000000e+00   0.0000000e+00  7.3506218e-166   6.6155378e-59   3.1304317e-22   1.4173171e-09   6.8084572e-05   3.9154683e-03   1.4842689e-02   2.2552565e-02   2.5872335e-02
   6.7500000e+00   0.0000000e+00   0.0000000e+00  1.5120635e-163   3.4091812e-58   5.5276352e-22   1.7305035e-09   7.2287273e-05   3.9591675e-03   1.4885342e-02   2.2573635e-02   2.5880573e-02
   7.2000000e+00   0.0000000e+00   0.0000000e+00  3.8258693e-161   1.7386840e-57   9.7254319e-22   2.1109763e-09   7.6867961e-05   4.0059614e-03   1.4930948e-02   2.2596159e-02   2.5889379e-02
   7.6500000e+00   0.0000000e+00   0.0000000e+00  7.1317662e-159   8.7755512e-57   1.7049552e-21   2.5725118e-09   8.1844934e-05   4.0558663e-03   1.4979510e-02   2.2620137e-02   2.5898753e-02
   8.1000000e+00   0.0000000e+00   0.0000000e+00  1.0107482e-156   4.3833712e-56   2.9781856e-21   3.1316075e-09   8.7237886e-05   4.1088995e-03   1.5031029e-02   2.2645569e-02   2.5908695e-02
   8.5500000e+00   0.0000000e+00   0.0000000e+00  1.1497313e-154   2.1668028e-55   5.1835287e-21   3.8079894e-09   9.3067945e-05   4.1650793e-03   1.5085509e-02   2.2672456e-02   2.5919206e-02
   9.0000000e+00   0.0000000e+00   0.0000000e+00  1.0884327e-152   1.0600000e-54   8.9894783e-21   4.6252103e-09   9.9357715e-05   4.2244251e-03   1.5142953e-02   2.2700798e-02   2.5930285e-02
   9.4500000e+00   0.0000000e+00   0.0000000e+00  8.7282428e-151   5.1317688e-54   1.5533846e-20   5.6113526e-09   1.0613132e-04   4.2869575e-03   1.5203363e-02   2.2730594e-02   2.5941932e-02
   9.9000000e+00   0.0000000e+00   0.0000000e+00  5.9134056e-149   2.4586890e-53   2.6746033e-20   6.7998539e-09   1.1341446e-04   4.3526979e-03   1.5266742e-02   2.2761845e-02   2.5954147e-02
   1.0350000e+01   0.0000000e+00   0.0000000e+00  3.3064380e-147   1.1657801e-52   4.5885559e-20   8.2304751e-09   1.2123443e-04   4.4216689e-03   1.5333094e-02   2.2794551e-02   2.5966930e-02
   1.0800000e+01   0.0000000e+00   0.0000000e+00  1.5077311e-145   5.4702523e-52   7.8438513e-20   9.9504334e-09   1.2962022e-04   4.4938942e-03   1.5402422e-02   2.2828713e-02   2.5980282e-02
   1.1250000e+01   0.0000000e+00   0.0000000e+00  7.4932433e-144   2.5402483e-51   1.3360411e-19   1.2015727e-08   1.3860250e-04   4.5693985e-03   1.5474730e-02   2.2864331e-02   2.5994202e-02
   1.1700000e+01   0.0000000e+00   0.0000000e+00  8.7731888e-142   1.1674064e-50   2.2675030e-19   1.4492681e-08   1.4821375e-04   4.6482076e-03   1.5550020e-02   2.2901405e-02   2.6008690e-02
   1.2150000e+01   0.0000000e+00   0.0000000e+00  1.4346540e-139   5.3093667e-50   3.8345466e-19   1.7459748e-08   1.5848827e-04   4.7303484e-03   1.5628298e-02   2.2939934e-02   2.6023747e-02
   1.2600000e+01   0.0000000e+00   0.0000000e+00  1.8913292e-137   2.3896524e-49   6.4612831e-19   2.1009608e-08   1.6946222e-04   4.8158488e-03   1.5709566e-02   2.2979921e-02   2.6039372e-02
   1.3050000e+01   0.0000000e+00   0.0000000e+00  1.9381325e-135   1.0643745e-48   1.0848324e-18   2.5251601e-08   1.8117375e-04   4.9047378e-03   1.5793830e-02   2.3021364e-02   2.6055565e-02
   1.3500000e+01   0.0000000e+00   0.0000000e+00  1.6038357e-133   4.6915792e-48   1.8148726e-18   3.0314562e-08   1.9366298e-04   4.9970456e-03   1.5881093e-02   2.3064265e-02   2.6072326e-02
   1.3950000e+01   0.0000000e+00   0.0000000e+00  1.1080602e-131   2.0464783e-47   3.0253092e-18   3.6350088e-08   2.0697213e-04   5.0928033e-03   1.5971359e-02   2.3108622e-02   2.6089656e-02
   1.4400000e+01   0.0000000e+00   0.0000000e+00  6.5155459e-130   8.8340449e-47   5.0249761e-18   4.3536338e-08   2.2114555e-04   5.1920432e-03   1.6064634e-02   2.3154438e-02   2.6107555e-02
   1.4850000e+01   0.0000000e+00   0.0000000e+00  3.2690939e-128   3.7738066e-46   8.3164751e-18   5.2082409e-08   2.3622980e-04   5.2947987e-03   1.6160922e-02   2.3201711e-02   2.6126021e-02
   1.5300000e+01   0.0000000e+00   0.0000000e+00  1.3824714e-126   1.5954108e-45   1.3714692e-17   6.2233393e-08   2.5227370e-04   5.4011041e-03   1.6260228e-02   2.3250443e-02   2.6145056e-02
   1.5750000e+01   0.0000000e+00   0.0000000e+00  4.9536428e-125   6.6749032e-45   2.2535887e-17   7.4276193e-08   2.6932844e-04   5.5109951e-03   1.6362557e-02   2.3300634e-02   2.6164659e-02
   1.6200000e+01   0.0000000e+00   0.0000000e+00  1.8822636e-123   2.7637865e-44   3.6898220e-17   8.8546227e-08   2.8744759e-04   5.6245081e-03   1.6467914e-02   2.3352284e-02   2.6184831e-02
   1.6650000e+01   0.0000000e+00   0.0000000e+00  1.3557331e-121   1.1325532e-43   6.0197518e-17   1.0543511e-07   3.0668724e-04   5.7416811e-03   1.6576305e-02   2.3405393e-02   2.6205572e-02
   1.7100000e+01   0.0000000e+00   0.0000000e+00  1.4343577e-119   4.5931923e-43   9.7857553e-17   1.2539949e-07   3.2710602e-04   5.8625527e-03   1.6687734e-02   2.3459963e-02   2.6226880e-02
   1.7550000e+01   0.0000000e+00   0.0000000e+00  1.3285220e-117   1.8436534e-42   1.5850860e-16   1.4897114e-07   3.4876523e-04   5.9871629e-03   1.6802208e-02   2.3515992e-02   2.6248757e-02
   1.8000000e+01   0.0000000e+00   0.0000000e+00  9.8087615e-116   7.3241783e-42   2.5583155e-16   1.7676850e-07   3.7172885e-04   6.1155527e-03   1.6919732e-02   2.3573482e-02   2.6271203e-02
   1.8450000e+01   0.0000000e+00  4.9406565e-323  5.8907759e-114   2.8797819e-41   4.1143206e-16   2.0950988e-07   3.9606366e-04   6.2477643e-03   1.7040313e-02   2.3632433e-02   2.6294217e-02
   1.8900000e+01   0.0000000e+00  1.6121461e-318  2.9628198e-112   1.1206942e-40   6.5930265e-16   2.4802849e-07   4.2183932e-04   6.3838408e-03   1.7163955e-02   2.3692846e-02   2.6317800e-02
   1.9350000e+01   0.0000000e+00  6.5855187e-314  1.2729154e-110   4.3166481e-40   1.0527228e-15   2.9328957e-07   4.4912845e-04   6.5238267e-03   1.7290667e-02   2.3754721e-02   2.6341952e-02
   1.9800000e+01   0.0000000e+00  1.5603021e-309  4.6984901e-109   1.6456679e-39   1.6748870e-15   3.4640982e-07   4.7800667e-04   6.6677673e-03   1.7420453e-02   2.3818058e-02   2.6366672e-02
   2.0250000e+01   0.0000000e+00 -6.8172880e-305  1.4806836e-107   6.2097728e-39   2.6552110e-15   4.0867946e-07   5.0855274e-04   6.8157093e-03   1.7553321e-02   2.3882857e-02   2.6391960e-02
   2.0700000e+01   0.0000000e+00 -1.4368045e-299  4.0238967e-106   2.3192428e-38   4.1942497e-15   4.8158731e-07   5.4084860e-04   6.9677004e-03   1.7689276e-02   2.3949120e-02   2.6417817e-02
   2.1150000e+01   0.0000000e+00 -1.4456885e-294  1.1262564e-104   8.5733204e-38   6.6016256e-15   5.6684901e-07   5.7497947e-04   7.1237894e-03   1.7828327e-02   2.4016847e-02   2.6444243e-02
   2.1600000e+01   0.0000000e+00 -1.0798472e-289  5.2604805e-103   3.1367191e-37   1.0353531e-14   6.6643907e-07   6.1103394e-04   7.2840262e-03   1.7970479e-02   2.4086038e-02   2.6471238e-02
   2.2050000e+01   0.0000000e+00 -5.1021883e-285  3.7163847e-101   1.1358310e-36   1.6179560e-14   7.8262685e-07   6.4910403e-04   7.4484618e-03   1.8115741e-02   2.4156694e-02   2.6498801e-02
   2.2500000e+01   0.0000000e+00  3.3113942e-282   2.4488135e-99   4.0705061e-36   2.5193306e-14   9.1801720e-07   6.8928529e-04   7.6171486e-03   1.8264119e-02   2.4228815e-02   2.6526933e-02
   2.2950000e+01   0.0000000e+00  7.9886248e-276   1.3137575e-97   1.4436557e-35   3.9088003e-14   1.0755961e-06   7.3167690e-04   7.7901397e-03   1.8415620e-02   2.4302401e-02   2.6555634e-02
   2.3400000e+01   0.0000000e+00  2.5733317e-271   5.7702493e-96   5.0669157e-35   6.0428431e-14   1.2587820e-06   7.7638172e-04   7.9674897e-03   1.8570253e-02   2.4377454e-02   2.6584903e-02
   2.3850000e+01   0.0000000e+00  5.3496394e-267   2.1305753e-94   1.7598470e-34   9.3084717e-14   1.4714831e-06   8.2350641e-04   8.1492541e-03   1.8728025e-02   2.4453974e-02   2.6614742e-02
   2.4300000e+01   0.0000000e+00  8.6218174e-263   6.7598465e-93   6.0484894e-34   1.4287440e-13   1.7181617e-06   8.7316148e-04   8.3354897e-03   1.8888944e-02   2.4531961e-02   2.6645149e-02
   2.4750000e+01   0.0000000e+00  8.7961176e-259   1.8643477e-91   2.0570897e-33   2.1850896e-13   2.0039060e-06   9.2546142e-04   8.5262544e-03   1.9053017e-02   2.4611416e-02   2.6676125e-02
   2.5200000e+01   0.0000000e+00 -8.3982962e-255   4.4883689e-90   6.9229514e-33   3.3298351e-13   2.3345102e-06   9.8052475e-04   8.7216071e-03   1.9220254e-02   2.4692339e-02   2.6707670e-02
   2.5650000e+01   0.0000000e+00 -8.9005265e-250   9.6310727e-89   2.3054830e-32   5.0560904e-13   2.7165636e-06   1.0384741e-03   8.9216080e-03   1.9390662e-02   2.4774732e-02   2.6739784e-02
   2.6100000e+01   0.0000000e+00 -3.5718964e-245   2.0943996e-87   7.5974627e-32   7.6497211e-13   3.1575499e-06   1.0994364e-03   9.1263184e-03   1.9564250e-02   2.4858594e-02   2.6772467e-02
   2.6550000e+01   0.0000000e+00 -1.0435413e-240   6.3045775e-86   2.4775148e-31   1.1532279e-12   3.6659570e-06   1.1635428e-03   9.3358007e-03   1.9741026e-02   2.4943926e-02   2.6805719e-02
   2.7000000e+01   0.0000000e+00 -1.9785357e-236   2.7241155e-84   7.9948583e-31   1.7323025e-12   4.2513992e-06   1.2309288e-03   9.5501186e-03   1.9921000e-02   2.5030729e-02   2.6839540e-02
   2.7450000e+01   0.0000000e+00 -4.1160948e-233   1.2049643e-82   2.5530430e-30   2.5928155e-12   4.9247516e-06   1.3017345e-03   9.7693368e-03   2.0104180e-02   2.5119004e-02   2.6873930e-02
   2.7900000e+01   0.0000000e+00  4.1294720e-228   4.5714992e-81   8.0679708e-30   3.8668668e-12   5.6982997e-06   1.3761044e-03   9.9935211e-03   2.0290576e-02   2.5208751e-02   2.6908888e-02
   2.8350000e+01   0.0000000e+00  5.7121008e-224   1.4486372e-79   2.5231049e-29   5.7462832e-12   6.5859026e-06   1.4541879e-03   1.0222739e-02   2.0480195e-02   2.5299970e-02   2.6944417e-02
   2.8800000e+01   0.0000000e+00  4.7715606e-220   3.8924594e-78   7.8086707e-29   8.5085513e-12   7.6031746e-06   1.5361389e-03   1.0457058e-02   2.0673049e-02   2.5392663e-02   2.6980514e-02
   2.9250000e+01   0.0000000e+00  3.0608988e-216   9.0429804e-77   2.3916403e-28   1.2553524e-11   8.7676828e-06   1.6221162e-03   1.0696547e-02   2.0869146e-02   2.5486830e-02   2.7017180e-02
   2.9700000e+01   0.0000000e+00  1.3150338e-212   1.8414196e-75   7.2493264e-28   1.8455160e-11   1.0099165e-05   1.7122836e-03   1.0941279e-02   2.1068496e-02   2.5582471e-02   2.7054416e-02
   3.0150000e+01   0.0000000e+00 -2.2764917e-209   3.3184352e-74   2.1746445e-27   2.7034163e-11   1.1619769e-05   1.8068097e-03   1.1191323e-02   2.1271109e-02   2.5679588e-02   2.7092221e-02
   3.0600000e+01   0.0000000e+00 -1.4899334e-204   5.4310977e-73   6.4561352e-27   3.9459525e-11   1.3354309e-05   1.9058684e-03   1.1446753e-02   2.1476995e-02   2.5778181e-02   2.7130595e-02
   3.1050000e+01   0.0000000e+00 -2.3902685e-200   8.9700499e-72   1.8969433e-26   5.7389900e-11   1.5330553e-05   2.0096386e-03   1.1707642e-02   2.1686164e-02   2.5878251e-02   2.7169538e-02
   3.1500000e+01   0.0000000e+00 -2.7237538e-196   1.8778051e-70   5.5161414e-26   8.3169624e-11   1.7579533e-05   2.1183045e-03   1.1974067e-02   2.1898627e-02   2.5979798e-02   2.7209051e-02
   3.1950000e+01   0.0000000e+00 -2.0636726e-192   5.3093664e-69   1.5875081e-25   1.2009935e-10   2.0135874e-05   2.2320557e-03   1.2246103e-02   2.2114393e-02   2.6082824e-02   2.7249133e-02
   3.2400000e+01   0.0000000e+00 -3.2758653e-189   1.5958265e-67   4.5216259e-25   1.7280817e-10   2.3038164e-05   2.3510872e-03   1.2523828e-02   2.2333473e-02   2.6187328e-02   2.7289785e-02
   3.2850000e+01   0.0000000e+00  5.8527203e-185   4.2726994e-66   1.2745857e-24   2.4776309e-10   2.6329345e-05   2.4755995e-03   1.2807321e-02   2.2555878e-02   2.6293312e-02   2.7331006e-02
   3.3300000e+01   0.0000000e+00  3.5245473e-181   9.7364852e-65   3.5557923e-24   3.5396373e-10   3.0057140e-05   2.6057987e-03   1.3096661e-02   2.2781620e-02   2.6400777e-02   2.7372797e-02
   3.3750000e+01   0.0000000e+00  1.1842264e-177   1.8992309e-63   9.8173475e-24   5.0388549e-10   3.4274506e-05   2.7418965e-03   1.3391929e-02   2.3010708e-02   2.6509722e-02   2.7415157e-02
   3.4200000e+01   0.0000000e+00  3.0177633e-174   3.2254966e-62   2.6825058e-23   7.1475465e-10   3.9040137e-05   2.8841105e-03   1.3693207e-02   2.3243154e-02   2.6620150e-02   2.7458087e-02
   3.4650000e+01   0.0000000e+00  5.3790323e-171   4.8416093e-61   7.2539605e-23   1.0102650e-09   4.4418984e-05   3.0326641e-03   1.4000579e-02   2.3478970e-02   2.6732061e-02   2.7501586e-02
   3.5100000e+01   0.0000000e+00 -5.0855641e-169   6.5100216e-60   1.9413231e-22   1.4228792e-09   5.0482826e-05   3.1877867e-03   1.4314130e-02   2.3718166e-02   2.6845455e-02   2.7545655e-02
   3.5550000e+01   0.0000000e+00 -6.8158454e-164   8.0618375e-59   5.1417300e-22   1.9968998e-09   5.7310876e-05   3.3497135e-03   1.4633944e-02   2.3960755e-02   2.6960333e-02   2.7590294e-02
   3.6000000e+01   0.0000000e+00 -4.4309750e-160   1.0014084e-57   1.3477525e-21   2.7925520e-09   6.4990429e-05   3.5186862e-03   1.4960109e-02   2.4206749e-02   2.7076697e-02   2.7635502e-02
   3.6450000e+01   0.0000000e+00 -1.9826160e-156   1.4752465e-56   3.4962352e-21   3.8913853e-09   7.3617545e-05   3.6949523e-03   1.5292713e-02   2.4456158e-02   2.7194546e-02   2.7681280e-02
   3.6900000e+01   0.0000000e+00 -6.0261838e-153   2.7693173e-55   8.9759470e-21   5.4033914e-09   8.3297786e-05   3.8787659e-03   1.5631844e-02   2.4708996e-02   2.7313883e-02   2.7727628e-02
   3.7350000e+01   0.0000000e+00 -5.3939740e-150   5.6446323e-54   2.2805932e-20   7.4763418e-09   9.4146987e-05   4.0703872e-03   1.5977594e-02   2.4965275e-02   2.7434707e-02   2.7774546e-02
   3.7800000e+01   0.0000000e+00  2.2771197e-146   1.0613274e-52   5.7345797e-20   1.0307983e-08   1.0629207e-04   4.2700829e-03   1.6330053e-02   2.5225006e-02   2.7557019e-02   2.7822034e-02
   3.8250000e+01   0.0000000e+00  6.0448711e-143   1.7334635e-51   1.4270522e-19   1.4161898e-08   1.1987192e-04   4.4781265e-03   1.6689314e-02   2.5488203e-02   2.7680821e-02   2.7870091e-02
   3.8700000e+01   0.0000000e+00  8.1658216e-140   2.4499400e-50   3.5144818e-19   1.9388038e-08   1.3503827e-04   4.6947977e-03   1.7055472e-02   2.5754877e-02   2.7806114e-02   2.7918719e-02
   3.9150000e+01   0.0000000e+00  8.2471103e-137   3.0373791e-49   8.5657493e-19   2.6449187e-08   1.5195667e-04   4.9203832e-03   1.7428620e-02   2.6025043e-02   2.7932897e-02   2.7967917e-02
   3.9600000e+01   0.0000000e+00  6.0281828e-134   3.3549581e-48   2.0661048e-18   3.5954928e-08   1.7080748e-04   5.1551764e-03   1.7808855e-02   2.6298712e-02   2.8061173e-02   2.8017685e-02
   4.0050000e+01   0.0000000e+00  8.2525047e-132   3.3540846e-47   4.9320029e-18   4.8705023e-08   1.9178692e-04   5.3994775e-03   1.8196275e-02   2.6575898e-02   2.8190941e-02   2.8068023e-02
   4.0500000e+01   0.0000000e+00 -8.4383389e-128   3.1207816e-46   1.1651442e-17   6.5744582e-08   2.1510811e-04   5.6535936e-03   1.8590977e-02   2.6856615e-02   2.8322204e-02   2.8118931e-02
   4.0950000e+01   0.0000000e+00 -2.2640318e-124   2.8959214e-45   2.7240982e-17   8.8433915e-08   2.4100224e-04   5.9178391e-03   1.8993062e-02   2.7140875e-02   2.8454961e-02   2.8170409e-02
   4.1400000e+01   0.0000000e+00 -4.0032957e-121   3.0348353e-44   6.3030892e-17   1.1853654e-07   2.6971972e-04   6.1925353e-03   1.9402629e-02   2.7428692e-02   2.8589214e-02   2.8222458e-02
   4.1850000e+01   0.0000000e+00 -4.8948644e-118   3.8467146e-43   1.4433508e-16   1.5832959e-07   3.0153137e-04   6.4780105e-03   1.9819781e-02   2.7720080e-02   2.8724964e-02   2.8275077e-02
   4.2300000e+01   0.0000000e+00 -2.1971387e-115   5.3285428e-42   3.2709772e-16   2.1074169e-07   3.3672966e-04   6.7746007e-03   2.0244621e-02   2.8015053e-02   2.8862211e-02   2.8328266e-02
   4.2750000e+01  7.0157322e-322  2.4102835e-112   7.0100535e-41   7.3361670e-16   2.7952427e-07   3.7562997e-04   7.0826489e-03   2.0677253e-02   2.8313625e-02   2.9000958e-02   2.8382026e-02
   4.3200000e+01  6.1267914e-313  2.8748438e-109   8.1794614e-40   1.6283424e-15   3.6946352e-07   4.1857191e-04   7.4025057e-03   2.1117782e-02   2.8615809e-02   2.9141203e-02   2.8436356e-02
   4.3650000e+01  2.2809939e-304  1.5605354e-106   8.3582063e-39   3.5768948e-15   4.8664136e-07   4.6592060e-04   7.7345291e-03   2.1566315e-02   2.8921621e-02   2.9282950e-02   2.8491256e-02
   4.4100000e+01  2.7600087e-296  6.2309715e-104   7.5536251e-38   7.7758903e-15   6.3875519e-07   5.1806808e-04   8.0790847e-03   2.2022959e-02   2.9231074e-02   2.9426198e-02   2.8546728e-02
   4.4550000e+01  7.9192802e-289  1.8504900e-101   6.1302149e-37   1.6729309e-14   8.3550787e-07   5.7543460e-04   8.4365457e-03   2.2487822e-02   2.9544183e-02   2.9570949e-02   2.8602769e-02
   4.5000000e+01  2.6466426e-282   1.9739073e-99   4.5444822e-36   3.5619743e-14   1.0890810e-06   6.3847005e-04   8.8072931e-03   2.2961015e-02   2.9860964e-02   2.9717203e-02   2.8659382e-02
   4.5450000e+01 -2.8426150e-273  -2.7814499e-96   3.1612251e-35   7.5056764e-14   1.4147068e-06   7.0765529e-04   9.1917156e-03   2.3442649e-02   3.0181430e-02   2.9864962e-02   2.8716565e-02
   4.5900000e+01 -4.3980075e-265  -3.1658943e-93   2.1820766e-34   1.5652239e-13   1.8313547e-06   7.8350360e-04   9.5902099e-03   2.3932836e-02   3.0505597e-02   3.0014227e-02   2.8774319e-02
   4.6350000e+01 -1.5677268e-257  -2.2274381e-90   1.6392363e-33   3.2303651e-13   2.3625537e-06   8.6656202e-04   1.0003180e-02   2.4431688e-02   3.0833480e-02   3.0164998e-02   2.8832644e-02
   4.6800000e+01 -1.8093931e-250  -1.0981064e-87   1.4228596e-32   6.5980496e-13   3.0373699e-06   9.5741276e-04   1.0431040e-02   2.4939320e-02   3.1165094e-02   3.0317278e-02   2.8891539e-02
   4.7250000e+01 -1.0821459e-243  -2.3258694e-85   1.3439162e-31   1.3337304e-12   3.8915646e-06   1.0566745e-03   1.0874208e-02   2.5455848e-02   3.1500455e-02   3.0471066e-02   2.8951006e-02
   4.7700000e+01  1.4592596e-236   6.8476450e-83   1.2329362e-30   2.6681378e-12   4.9689585e-06   1.1650039e-03   1.1333115e-02   2.5981387e-02   3.1839579e-02   3.0626365e-02   2.9011043e-02
   4.8150000e+01  8.0303796e-229   3.7783611e-80   1.0240009e-29   5.2824488e-12   6.3230309e-06   1.2830968e-03   1.1808196e-02   2.6516056e-02   3.2182480e-02   3.0783174e-02   2.9071652e-02
   4.8600000e+01  2.0674211e-221   8.2352043e-78   7.5467945e-29   1.0350195e-11   8.0187842e-06   1.4116895e-03   1.2299898e-02   2.7059972e-02   3.2529176e-02   3.0941496e-02   2.9132832e-02
   4.9050000e+01  1.7606677e-214   1.2965787e-75   4.9638477e-28   2.0070021e-11   1.0134906e-05   1.5515600e-03   1.2808672e-02   2.7613257e-02   3.2879682e-02   3.1101331e-02   2.9194583e-02
   4.9500000e+01  3.3487266e-208   1.5531007e-73   2.9558402e-27   3.8515333e-11   1.2766268e-05   1.7035295e-03   1.3334981e-02   2.8176030e-02   3.3234014e-02   3.1262680e-02   2.9256905e-02
   4.9950000e+01  1.7465630e-202   9.0641179e-72   1.6215194e-26   7.3148781e-11   1.6026785e-05   1.8684634e-03   1.3879295e-02   2.8748414e-02   3.3592189e-02   3.1425546e-02   2.9319798e-02
   5.0400000e+01 -3.3582501e-195  -2.3649788e-69   8.4035879e-26   1.3748951e-10   2.0052691e-05   2.0472725e-03   1.4442091e-02   2.9330532e-02   3.3954223e-02   3.1589928e-02   2.9383262e-02
   5.0850000e+01 -3.5807934e-188  -1.1981344e-66   4.3032263e-25   2.5575401e-10   2.5006249e-05   2.2409139e-03   1.5023858e-02   2.9922506e-02   3.4320133e-02   3.1755827e-02   2.9447298e-02
   5.1300000e+01 -9.4056458e-182  -3.3829803e-64   2.3305444e-24   4.7083306e-10   3.1079944e-05   2.4503924e-03   1.5625090e-02   3.0524464e-02   3.4689936e-02   3.1923246e-02   2.9511906e-02
   5.1750000e+01 -7.6080926e-176  -6.7412536e-62   1.4017548e-23   8.5783485e-10   3.8501192e-05   2.6767613e-03   1.6246291e-02   3.1136530e-02   3.5063648e-02   3.2092185e-02   2.9577085e-02
   5.2200000e+01 -3.3881972e-170  -6.5010418e-60   9.0661761e-23   1.5467952e-09   4.7537597e-05   2.9211234e-03   1.6887973e-02   3.1758833e-02   3.5441286e-02   3.2262646e-02   2.9642835e-02
   5.2650000e+01  1.8317018e-164   5.1072241e-58   5.7841564e-22   2.7602864e-09   5.8502782e-05   3.1846321e-03   1.7550658e-02   3.2391499e-02   3.5822868e-02   3.2434629e-02   2.9709157e-02
   5.3100000e+01  8.2672562e-158   1.3652757e-55   3.4059843e-21   4.8749187e-09   7.1762836e-05   3.4684917e-03   1.8234874e-02   3.3034659e-02   3.6208412e-02   3.2608136e-02   2.9776051e-02
   5.3550000e+01  1.4610438e-151   1.1934308e-53   1.8052240e-20   8.5206437e-09   8.7743377e-05   3.7739588e-03   1.8941160e-02   3.3688443e-02   3.6597934e-02   3.2783168e-02   2.9843516e-02
   5.4000000e+01  8.4291578e-146   7.3888580e-52   8.6266625e-20   1.4739054e-08   1.0693726e-04   4.1023426e-03   1.9670062e-02   3.4352982e-02   3.6991452e-02   3.2959727e-02   2.9911554e-02
   5.4450000e+01  1.0315466e-140   3.5503380e-50   3.7646516e-19   2.5232481e-08   1.2991292e-04   4.4550059e-03   2.0422136e-02   3.5028408e-02   3.7388984e-02   3.3137812e-02   2.9980163e-02
   5.4900000e+01  4.8705413e-136   1.0018285e-48   1.5260068e-18   4.2750865e-08   1.5732340e-04   4.8333654e-03   2.1197945e-02   3.5714855e-02   3.7790548e-02   3.3317427e-02   3.0049344e-02
   5.5350000e+01 -2.7740907e-130  -4.8029272e-47   5.8782776e-18   7.1684679e-08   1.8991596e-04   5.2388926e-03   2.1998062e-02   3.6412457e-02   3.8196161e-02   3.3498572e-02   3.0119097e-02
   5.5800000e+01 -2.1200964e-124  -1.2035162e-44   2.2293676e-17   1.1896146e-07   2.2854231e-04   5.6731139e-03   2.2823067e-02   3.7121349e-02   3.8605843e-02   3.3681248e-02   3.0189422e-02
   5.6250000e+01 -4.4091766e-119  -1.3814609e-42   8.7426387e-17   1.9538291e-07   2.7416946e-04   6.1376115e-03   2.3673551e-02   3.7841669e-02   3.9019612e-02   3.3865457e-02   3.0260319e-02
   5.6700000e+01 -2.5770169e-114  -1.1167885e-40   3.6800989e-16   3.1759157e-07   3.2789106e-04   6.6340235e-03   2.4550111e-02   3.8573552e-02   3.9437485e-02   3.4051199e-02   3.0331789e-02
   5.7150000e+01 -8.3471060e-110  -4.7974605e-39   1.6380081e-15   5.1092239e-07   3.9093921e-04   7.1640446e-03   2.5453354e-02   3.9317137e-02   3.9859482e-02   3.4238477e-02   3.0403830e-02
   5.7600000e+01  1.6568917e-105   9.5996522e-38   7.2523805e-15   8.1347834e-07   4.6469675e-04   7.7294260e-03   2.6383895e-02   4.0072564e-02   4.0285622e-02   3.4427291e-02   3.0476444e-02
   5.8050000e+01  6.8743215e-100   1.3451255e-35   3.0152006e-14   1.2818698e-06   5.5070971e-04   8.3319760e-03   2.7342357e-02   4.0839972e-02   4.0715922e-02   3.4617643e-02   3.0549630e-02
   5.8500000e+01   8.2868548e-95   4.7073074e-34   1.1454894e-13   1.9991762e-06   6.5070020e-04   8.9735601e-03   2.8329372e-02   4.1619502e-02   4.1150403e-02   3.4809535e-02   3.0623389e-02
   5.8950000e+01   3.0815440e-90   1.1430445e-32   3.9692657e-13   3.0858214e-06   7.6657927e-04   9.6561013e-03   2.9345581e-02   4.2411298e-02   4.1589084e-02   3.5002966e-02   3.0697720e-02
   5.9400000e+01   2.3217227e-86   2.1961268e-31   1.2680908e-12   4.7141936e-06   9.0045982e-04   1.0381580e-02   3.0391631e-02   4.3215501e-02   4.2031983e-02   3.5197940e-02   3.0772624e-02
   5.9850000e+01   8.3543471e-83   2.8298294e-30   3.7944907e-12   7.1279807e-06   1.0546695e-03   1.1152035e-02   3.1468179e-02   4.4032255e-02   4.2479120e-02   3.5394457e-02   3.0848101e-02
   6.0300000e+01  -1.5302253e-78  -1.7068857e-29   1.0848337e-11   1.0667305e-05   1.2317631e-03   1.1969562e-02   3.2575890e-02   4.4861705e-02   4.2930515e-02   3.5592518e-02   3.0924150e-02
   6.0750000e+01  -8.9171449e-74  -3.0815229e-27   3.0444559e-11   1.5800817e-05   1.4345352e-03   1.2836315e-02   3.3715437e-02   4.5703997e-02   4.3386188e-02   3.5792126e-02   3.1000772e-02
   6.1200000e+01  -1.7062919e-69  -1.4745565e-25   8.6750603e-11   2.3165917e-05   1.6660315e-03   1.3754506e-02   3.4887500e-02   4.6559278e-02   4.3846158e-02   3.5993280e-02   3.1077967e-02
   6.1650000e+01  -7.9907983e-66  -4.8701069e-24   2.5767731e-10   3.3618136e-05   1.9295601e-03   1.4726404e-02   3.6092768e-02   4.7427694e-02   4.4310445e-02   3.6195984e-02   3.1155734e-02
   6.2100000e+01  -1.8711099e-62  -9.2037630e-23   7.9349553e-10   4.8290513e-05   2.2287021e-03   1.5754336e-02   3.7331938e-02   4.8309394e-02   4.4779070e-02   3.6400238e-02   3.1234075e-02
   6.2550000e+01   1.0483585e-59   4.1556089e-22   2.4346773e-09   6.8663308e-05   2.5673212e-03   1.6840688e-02   3.8605713e-02   4.9204527e-02   4.5252053e-02   3.6606043e-02   3.1312989e-02
   6.3000000e+01   5.3001877e-55   3.5600141e-20   7.1144403e-09   9.6643802e-05   2.9495720e-03   1.7987901e-02   3.9914804e-02   5.0113244e-02   4.5729414e-02   3.6813401e-02   3.1392476e-02
   6.3450000e+01   4.2960073e-51   4.9742971e-19   1.9293390e-08   1.3465501e-04   3.3799084e-03   1.9198474e-02   4.1259932e-02   5.1035694e-02   4.6211174e-02   3.7022314e-02   3.1472536e-02
   6.3900000e+01   9.0930450e-48   4.7287894e-18   4.8349654e-08   1.8573105e-04   3.8630893e-03   2.0474963e-02   4.2641821e-02   5.1972030e-02   4.6697353e-02   3.7232783e-02   3.1553169e-02
   6.4350000e+01   3.8406536e-45   3.6355274e-17   1.1291820e-07   2.5361550e-04   4.4041850e-03   2.1819981e-02   4.4061207e-02   5.2922403e-02   4.7187972e-02   3.7444809e-02   3.1634376e-02
   6.4800000e+01   9.4976377e-43   2.0890059e-16   2.4914674e-07   3.4285768e-04   5.0085810e-03   2.3236194e-02   4.5518828e-02   5.3886968e-02   4.7683053e-02   3.7658394e-02   3.1716156e-02
   6.5250000e+01  -5.0012466e-40   2.4920945e-16   5.2788762e-07   4.5890007e-04   5.6819815e-03   2.4726327e-02   4.7015433e-02   5.4865878e-02   4.8182616e-02   3.7873540e-02   3.1798510e-02
   6.5700000e+01  -2.5397044e-36  -1.7928847e-14   1.0950160e-06   6.0814889e-04   6.4304116e-03   2.6293157e-02   4.8551776e-02   5.5859287e-02   4.8686682e-02   3.8090247e-02   3.1881437e-02
   6.6150000e+01  -7.5932184e-33  -3.8424767e-13   2.2722266e-06   7.9801859e-04   7.2602184e-03   2.7939516e-02   5.0128618e-02   5.6867353e-02   4.9195273e-02   3.8308518e-02   3.1964938e-02
   6.6600000e+01  -1.9518738e-29  -5.2725745e-12   4.7954370e-06   1.0369409e-03   8.1780715e-03   2.9668288e-02   5.1746726e-02   5.7890230e-02   4.9708410e-02   3.8528354e-02   3.2049013e-02
   6.7050000e+01  -3.7336874e-26  -4.3403720e-11   1.0282627e-05   1.3343294e-03   9.1909621e-03   3.1482410e-02   5.3406873e-02   5.8928076e-02   5.0226116e-02   3.8749756e-02   3.2133661e-02
   6.7500000e+01   1.9146965e-28   2.9067246e-11   2.1895166e-05   1.7004925e-03   1.0306202e-02   3.3384871e-02   5.5109840e-02   5.9981049e-02   5.0748410e-02   3.8972726e-02   3.2218884e-02
   6.7950000e+01   2.2368143e-21   2.3454601e-09   4.4885994e-05   2.1464909e-03   1.1531422e-02   3.5378708e-02   5.6856411e-02   6.1049307e-02   5.1275317e-02   3.9197266e-02   3.2304680e-02
   6.8400000e+01   7.0070261e-20   1.3159533e-08   8.6749952e-05   2.6839390e-03   1.2874569e-02   3.7467009e-02   5.8647378e-02   6.2133009e-02   5.1806856e-02   3.9423377e-02   3.2391051e-02
   6.8850000e+01   1.6368091e-18   4.9580253e-08   1.5725563e-04   3.3247570e-03   1.4343905e-02   3.9652906e-02   6.0483538e-02   6.3232317e-02   5.2343052e-02   3.9651060e-02   3.2477995e-02
   6.9300000e+01   3.3598000e-17   1.5545109e-07   2.6898074e-04   4.0808837e-03   1.5948003e-02   4.1939579e-02   6.2365693e-02   6.4347389e-02   5.2883925e-02   3.9880318e-02   3.2565514e-02
   6.9750000e+01   5.7022728e-16   4.0409028e-07   4.3876501e-04   4.9639691e-03   1.7695746e-02   4.4330253e-02   6.4294651e-02   6.5478387e-02   5.3429498e-02   4.0111151e-02   3.2653607e-02
   7.0200000e+01  -6.3562156e-15   6.8543964e-07   6.9060581e-04   5.9850715e-03   1.9596323e-02   4.6828194e-02   6.6271223e-02   6.6625474e-02   5.3979794e-02   4.0343562e-02   3.2742274e-02
   7.0650000e+01  -3.3863230e-12  -9.8023544e-07   1.0611884e-03   7.1543874e-03   2.1659229e-02   4.9436708e-02   6.8296228e-02   6.7788811e-02   5.4534835e-02   4.0577552e-02   3.2831516e-02
   7.1100000e+01  -4.9877769e-10  -1.7542145e-05   1.6091935e-03   8.4810502e-03   2.3894261e-02   5.2159140e-02   7.0370485e-02   6.8968563e-02   5.5094644e-02   4.0813123e-02   3.2921332e-02
   7.1550000e+01  -1.4147066e-08  -1.0610165e-04   2.4258493e-03   9.9730333e-03   2.6311517e-02   5.4998871e-02   7.2494823e-02   7.0164893e-02   5.5659245e-02   4.1050275e-02   3.3011723e-02
   7.2000000e+01  -1.0415051e-07  -3.5880173e-04   3.6341609e-03   1.1637192e-02   2.8921396e-02   5.7959318e-02   7.4670070e-02   7.1377965e-02   5.6228659e-02   4.1289012e-02   3.3102689e-02
   7.2450000e+01  -1.1123278e-07   3.4246560e-05   5.3564352e-03   1.3479473e-02   3.1734591e-02   6.1043927e-02   7.6897061e-02   7.2607945e-02   5.6802910e-02   4.1529334e-02   3.3194229e-02
   7.2900000e+01   1.3537717e-05   3.1615898e-03   7.6519895e-03   1.5505318e-02   3.4762094e-02   6.4256174e-02   7.9176633e-02   7.3854998e-02   5.7382022e-02   4.1771244e-02   3.3286344e-02
   7.3350000e+01   3.4492467e-04   7.5757037e-03   1.0476270e-02   1.7720259e-02   3.8015184e-02   6.7599562e-02   8.1509626e-02   7.5119290e-02   5.7966017e-02   4.2014743e-02   3.3379035e-02
   7.3800000e+01   4.4288352e-03   1.1933519e-02   1.3707097e-02   2.0130704e-02   4.1505431e-02   7.1077617e-02   8.3896887e-02   7.6400988e-02   5.8554920e-02   4.2259832e-02   3.3472300e-02
   7.4250000e+01   1.4278469e-02   1.6188899e-02   1.7207259e-02   2.2744874e-02   4.5244686e-02   7.4693885e-02   8.6339260e-02   7.7700260e-02   5.9148753e-02   4.2506513e-02   3.3566140e-02
   7.4700000e+01   2.0123646e-02   2.0400875e-02   2.0864921e-02   2.5573855e-02   4.9245074e-02   7.8451931e-02   8.8837598e-02   7.9017274e-02   5.9747541e-02   4.2754788e-02   3.3660556e-02
   7.5150000e+01   2.4488553e-02   2.4598966e-02   2.4598278e-02   2.8632685e-02   5.3518982e-02   8.2355334e-02   9.1392750e-02   8.0352197e-02   6.0351308e-02   4.3004659e-02   3.3755546e-02
   7.5600000e+01   2.9058820e-02   2.8805004e-02   2.8342632e-02   3.1941413e-02   5.8079050e-02   8.6407684e-02   9.4005573e-02   8.1705198e-02   6.0960076e-02   4.3256128e-02   3.3851113e-02
   7.6050000e+01   3.6904898e-02   3.3047849e-02   3.2034689e-02   3.5526025e-02   6.2938151e-02   9.0612581e-02   9.6676922e-02   8.3076448e-02   6.1573872e-02   4.3509195e-02   3.3947254e-02
   7.6500000e+01   4.5218592e-02   3.7372383e-02   3.5600226e-02   3.9419176e-02   6.8109371e-02   9.4973627e-02   9.9407656e-02   8.4466115e-02   6.2192718e-02   4.3763864e-02   3.4043971e-02
   7.6950000e+01   4.6263973e-02   4.1768615e-02   3.8952702e-02   4.3660634e-02   7.3605985e-02   9.9494427e-02   1.0219863e-01   8.5874371e-02   6.2816639e-02   4.4020135e-02   3.4141264e-02
   7.7400000e+01   4.6302987e-02   4.5560620e-02   4.2015138e-02   4.8297392e-02   7.9441427e-02   1.0417858e-01   1.0505072e-01   8.7301385e-02   6.3445659e-02   4.4278011e-02   3.4239133e-02
   7.7850000e+01   4.6305415e-02   4.7486333e-02   4.4764265e-02   5.3383418e-02   8.5629257e-02   1.0902969e-01   1.0796477e-01   8.8747329e-02   6.4079804e-02   4.4537492e-02   3.4337577e-02
   7.8300000e+01   4.6356725e-02   4.8643024e-02   4.7262739e-02   5.8979017e-02   9.2183117e-02   1.1405134e-01   1.1094165e-01   9.0212375e-02   6.4719097e-02   4.4798582e-02   3.4436597e-02
   7.8750000e+01   4.7161268e-02   4.9905623e-02   4.9645871e-02   6.5149861e-02   9.9116695e-02   1.1924710e-01   1.1398222e-01   9.1696695e-02   6.5363564e-02   4.5061282e-02   3.4536193e-02
   7.9200000e+01   5.0275984e-02   5.1230400e-02   5.2081886e-02   7.1965683e-02   1.0644367e-01   1.2462053e-01   1.1708734e-01   9.3200461e-02   6.6013229e-02   4.5325593e-02   3.4636366e-02
   7.9650000e+01   5.2422446e-02   5.2560548e-02   5.4749264e-02   7.9498735e-02   1.1417764e-01   1.3017517e-01   1.2025789e-01   9.4723845e-02   6.6668118e-02   4.5591517e-02   3.4737114e-02
   8.0100000e+01   5.3837995e-02   5.3887687e-02   5.7847075e-02   8.7822034e-02   1.2233212e-01   1.3591453e-01   1.2349471e-01   9.6267022e-02   6.7328256e-02   4.5859057e-02   3.4838439e-02
   8.0550000e+01   5.5299304e-02   5.5209119e-02   6.1633613e-02   9.7007491e-02   1.3092041e-01   1.4184209e-01   1.2679868e-01   9.7830164e-02   6.7993667e-02   4.6128214e-02   3.4940340e-02
   8.1000000e+01   5.7829646e-02   5.6473343e-02   6.6490667e-02   1.0712397e-01   1.3995557e-01   1.4796130e-01   1.3017065e-01   9.9413446e-02   6.8664378e-02   4.6398989e-02   3.5042817e-02
   8.1450000e+01   6.0488691e-02   5.7406652e-02   7.3000856e-02   1.1823532e-01   1.4945033e-01   1.5427559e-01   1.3361149e-01   1.0101704e-01   6.9340413e-02   4.6671386e-02   3.5145871e-02
   8.1900000e+01   6.0844170e-02   5.7381195e-02   8.1971850e-02   1.3039852e-01   1.5941706e-01   1.6078832e-01   1.3712205e-01   1.0264112e-01   7.0021799e-02   4.6945405e-02   3.5249502e-02
   8.2350000e+01   6.0858530e-02   5.9164996e-02   9.4277084e-02   1.4366189e-01   1.6986763e-01   1.6750284e-01   1.4070318e-01   1.0428587e-01   7.0708560e-02   4.7221048e-02   3.5353709e-02
   8.2800000e+01   6.0883684e-02   7.6173804e-02   1.1047242e-01   1.5806354e-01   1.8081340e-01   1.7442243e-01   1.4435575e-01   1.0595145e-01   7.1400724e-02   4.7498318e-02   3.5458494e-02
   8.3250000e+01   6.1642266e-02   1.0650563e-01   1.3045992e-01   1.7363005e-01   1.9226513e-01   1.8155033e-01   1.4808061e-01   1.0763805e-01   7.2098315e-02   4.7777216e-02   3.5563855e-02
   8.3700000e+01   7.5175352e-02   1.3838933e-01   1.5355720e-01   1.9037556e-01   2.0423288e-01   1.8888973e-01   1.5187861e-01   1.0934584e-01   7.2801360e-02   4.8057744e-02   3.5669793e-02
   8.4150000e+01   1.4327558e-01   1.6947209e-01   1.7889035e-01   2.0830119e-01   2.1672597e-01   1.9644374e-01   1.5575059e-01   1.1107499e-01   7.3509884e-02   4.8339904e-02   3.5776308e-02
   8.4600000e+01   1.9663549e-01   1.9999560e-01   2.0572089e-01   2.2739495e-01   2.2975293e-01   2.0421545e-01   1.5969740e-01   1.1282568e-01   7.4223915e-02   4.8623699e-02   3.5883401e-02
   8.5050000e+01   2.2963181e-01   2.3028122e-01   2.3353884e-01   2.4763202e-01   2.4332141e-01   2.1220784e-01   1.6371989e-01   1.1459809e-01   7.4943478e-02   4.8909129e-02   3.5991070e-02
   8.5500000e+01   2.6316554e-01   2.6058742e-01   2.6201587e-01   2.6897555e-01   2.5743812e-01   2.2042387e-01   1.6781889e-01   1.1639239e-01   7.5668600e-02   4.9196197e-02   3.6099318e-02
   8.5950000e+01   3.2067789e-01   2.9115416e-01   2.9093414e-01   2.9137781e-01   2.7210881e-01   2.2886640e-01   1.7199523e-01   1.1820876e-01   7.6399308e-02   4.9484905e-02   3.6208142e-02
   8.6400000e+01   3.8321416e-01   3.2213757e-01   3.2013472e-01   3.1478154e-01   2.8733821e-01   2.3753821e-01   1.7624975e-01   1.2004737e-01   7.7135627e-02   4.9775255e-02   3.6317545e-02
   8.6850000e+01   3.9240389e-01   3.5313669e-01   3.4948664e-01   3.3912168e-01   3.0312999e-01   2.4644203e-01   1.8058327e-01   1.2190842e-01   7.7877585e-02   5.0067249e-02   3.6427524e-02
   8.7300000e+01   3.9282752e-01   3.8179586e-01   3.7886648e-01   3.6432706e-01   3.1948673e-01   2.5558050e-01   1.8499662e-01   1.2379206e-01   7.8625209e-02   5.0360888e-02   3.6538082e-02
   8.7750000e+01   3.9283772e-01   4.0236554e-01   4.0814111e-01   3.9032216e-01   3.3640991e-01   2.6495618e-01   1.8949061e-01   1.2569848e-01   7.9378525e-02   5.0656176e-02   3.6649218e-02
   8.8200000e+01   3.9283712e-01   4.0962333e-01   4.3714878e-01   4.1702882e-01   3.5389989e-01   2.7457154e-01   1.9406606e-01   1.2762785e-01   8.0137561e-02   5.0953113e-02   3.6760932e-02
   8.8650000e+01   3.9283699e-01   4.0674898e-01   4.6567629e-01   4.4436775e-01   3.7195587e-01   2.8442897e-01   1.9872377e-01   1.2958036e-01   8.0902344e-02   5.1251702e-02   3.6873223e-02
   8.9100000e+01   3.9283697e-01   4.0136898e-01   4.9343100e-01   4.7225987e-01   3.9057597e-01   2.9453076e-01   2.0346455e-01   1.3155617e-01   8.1672900e-02   5.1551944e-02   3.6986093e-02
   8.9550000e+01   3.9283697e-01   3.9734681e-01   5.2000799e-01   5.0062739e-01   4.0975714e-01   3.0487914e-01   2.0828919e-01   1.3355548e-01   8.2449258e-02   5.1853843e-02   3.7099542e-02
   9.0000000e+01   3.9283697e-01   3.9504539e-01   5.4485539e-01   5.2939468e-01   4.2949524e-01   3.1547622e-01   2.1319849e-01   1.3557845e-01   8.3231445e-02   5.2157399e-02   3.7213568e-02
