  -9.0000000e+01 -2.0511662e-132  -7.1548815e-45  -1.3193719e-15  -5.0277176e-06  -5.3312010e-03  -1.8202911e-02  -1.4350215e-03   3.0313602e-02   3.8383539e-02   3.1865763e-02   2.9063255e-02
  -8.9550000e+01 -1.0722024e-127  -2.7024588e-43  -3.1105612e-15  -6.3273316e-06  -5.3648730e-03  -1.6846224e-02  -2.3251918e-04   3.0684074e-02   3.8314865e-02   3.1820571e-02   2.9048127e-02
  -8.9100000e+01 -5.4048404e-123  -9.4463131e-42  -7.0948837e-15  -7.8794442e-06  -5.3630227e-03  -1.5465848e-02   9.5828243e-04   3.1045710e-02   3.8245264e-02   3.1775538e-02   2.9033072e-02
  -8.8650000e+01 -2.5453505e-118  -2.8459821e-40  -1.5533637e-14  -9.6922803e-06  -5.3209790e-03  -1.4063392e-02   2.1371432e-03   3.1398540e-02   3.8174755e-02   3.1730665e-02   2.9018089e-02
  -8.8200000e+01 -1.0307275e-113  -6.3765436e-39  -3.2182618e-14  -1.1749076e-05  -5.2338692e-03  -1.2640520e-02   3.3038261e-03   3.1742595e-02   3.8103355e-02   3.1685952e-02   2.9003180e-02
  -8.7750000e+01 -2.4836277e-109  -7.0699879e-38  -6.1357034e-14  -1.3991471e-05  -5.0966515e-03  -1.1198943e-02   4.4580967e-03   3.2077907e-02   3.8031083e-02   3.1641401e-02   2.8988343e-02
  -8.7300000e+01  1.3777528e-104   1.1382253e-36  -1.0083161e-13  -1.6295764e-05  -4.9041533e-03  -9.7404165e-03   5.5997239e-03   3.2404511e-02   3.7957957e-02   3.1597012e-02   2.8973580e-02
  -8.6850000e+01   3.0875371e-99   8.0438875e-35  -1.1326374e-13  -1.8439806e-05  -4.6511167e-03  -8.2667344e-03   6.7284797e-03   3.2722442e-02   3.7883994e-02   3.1552787e-02   2.8958889e-02
  -8.6400000e+01   3.2455257e-94   2.5156194e-33   6.7850139e-14  -2.0057846e-05  -4.3322505e-03  -6.7797233e-03   7.8441391e-03   3.3031735e-02   3.7809212e-02   3.1508727e-02   2.8944272e-02
  -8.5950000e+01   1.1295700e-89   5.9320384e-32   1.0157905e-12  -2.0580255e-05  -3.9422883e-03  -5.2812366e-03   8.9464803e-03   3.3332427e-02   3.7733629e-02   3.1464833e-02   2.8929728e-02
  -8.5500000e+01   8.8304671e-86   1.0990725e-30   4.4794394e-12  -1.9154662e-05  -3.4760537e-03  -3.7731486e-03   1.0035285e-02   3.3624558e-02   3.7657262e-02   3.1421105e-02   2.8915257e-02
  -8.5050000e+01   2.1996463e-82   1.1957784e-29   1.5472342e-11  -1.4544811e-05  -2.9285308e-03  -2.2573481e-03   1.1110338e-02   3.3908167e-02   3.7580130e-02   3.1377545e-02   2.8900859e-02
  -8.4600000e+01  -1.3017466e-77  -2.2435834e-28   4.8190829e-11  -5.0033766e-06  -2.2949401e-03  -7.3573224e-04   1.2171428e-02   3.4183294e-02   3.7502250e-02   3.1334154e-02   2.8886534e-02
  -8.4150000e+01  -5.7722115e-73  -2.1526377e-26   1.4446887e-10   1.1884810e-05  -1.5708191e-03   7.8980015e-04   1.3218345e-02   3.4449982e-02   3.7423640e-02   3.1290932e-02   2.8872283e-02
  -8.3700000e+01  -6.1997078e-69  -9.4137835e-25   4.3643082e-10   3.9392103e-05  -7.5210636e-04   2.3173551e-03   1.4250887e-02   3.4708274e-02   3.7344317e-02   3.1247881e-02   2.8858105e-02
  -8.3250000e+01  -2.0469541e-65  -2.8214843e-23   1.3588881e-09   8.1871898e-05   1.6477163e-04   3.8450500e-03   1.5268851e-02   3.4958214e-02   3.7264298e-02   3.1205002e-02   2.8844000e-02
  -8.2800000e+01  -3.7135993e-62  -4.0007094e-22   4.2990701e-09   1.4501734e-04   1.1828128e-03   5.3710204e-03   1.6272040e-02   3.5199848e-02   3.7183601e-02   3.1162295e-02   2.8829969e-02
  -8.2350000e+01   8.3024387e-59   5.1201561e-21   1.3272161e-08   2.3615288e-04   2.3043518e-03   6.8934262e-03   1.7260261e-02   3.5433222e-02   3.7102243e-02   3.1119762e-02   2.8816011e-02
  -8.1900000e+01   1.5208278e-54   1.9697286e-19   3.8517360e-08   3.6455356e-04   3.5309736e-03   8.4104585e-03   1.8233323e-02   3.5658383e-02   3.7020241e-02   3.1077403e-02   2.8802127e-02
  -8.1450000e+01   1.0969150e-50   2.5715081e-18   1.0327118e-07   5.4178257e-04   4.8634314e-03   9.9203456e-03   1.9191040e-02   3.5875382e-02   3.6937614e-02   3.1035220e-02   2.8788317e-02
  -8.1000000e+01   2.5860679e-47   2.4126426e-17   2.5600995e-07   7.8203255e-04   6.3015688e-03   1.1421359e-02   2.0133231e-02   3.6084267e-02   3.6854377e-02   3.0993214e-02   2.8774580e-02
  -8.0550000e+01   1.3022022e-44   1.8172687e-16   5.9300469e-07   1.1024493e-03   7.8442489e-03   1.2911821e-02   2.1059718e-02   3.6285090e-02   3.6770548e-02   3.0951384e-02   2.8760916e-02
  -8.0100000e+01   2.8587005e-42   9.5475291e-16   1.3020926e-06   1.5234096e-03   9.4892928e-03   1.4390106e-02   2.1970326e-02   3.6477903e-02   3.6686143e-02   3.0909733e-02   2.8747327e-02
  -7.9650000e+01  -4.6210303e-39  -9.8699525e-16   2.7561915e-06   2.0687153e-03   1.1233427e-02   1.5854652e-02   2.2864887e-02   3.6662760e-02   3.6601181e-02   3.0868261e-02   2.8733811e-02
  -7.9200000e+01  -1.5118533e-35  -1.2772475e-13   5.7361590e-06   2.7656614e-03   1.3072246e-02   1.7303960e-02   2.3743234e-02   3.6839714e-02   3.6515678e-02   3.0826970e-02   2.8720369e-02
  -7.8750000e+01  -1.2876554e-32  -2.4068415e-12   1.1982922e-05   3.6449233e-03   1.5000182e-02   1.8736602e-02   2.4605208e-02   3.7008822e-02   3.6429650e-02   3.0785859e-02   2.8707000e-02
  -7.8300000e+01  -3.0706633e-30  -2.9731067e-11   2.5457142e-05   4.7402126e-03   1.7010498e-02   2.0151225e-02   2.5450651e-02   3.7170140e-02   3.6343114e-02   3.0744931e-02   2.8693706e-02
  -7.7850000e+01  -4.0491290e-28  -1.8774881e-10   5.4665700e-05   6.0876442e-03   1.9095291e-02   2.1546551e-02   2.6279412e-02   3.7323725e-02   3.6256087e-02   3.0704185e-02   2.8680485e-02
  -7.7400000e+01   3.3577924e-26   6.7574031e-10   1.1567697e-04   7.7247711e-03   2.1245516e-02   2.2921387e-02   2.7091344e-02   3.7469637e-02   3.6168586e-02   3.0663623e-02   2.8667339e-02
  -7.6950000e+01   5.6051115e-23   1.2859890e-08   2.3433215e-04   9.6892535e-03   2.3451024e-02   2.4274620e-02   2.7886305e-02   3.7607936e-02   3.6080627e-02   3.0623246e-02   2.8654266e-02
  -7.6500000e+01   2.7557815e-20   6.7302622e-08   4.4678723e-04   1.2017153e-02   2.5700625e-02   2.5605227e-02   2.8664156e-02   3.7738681e-02   3.5992227e-02   3.0583054e-02   2.8641267e-02
  -7.6050000e+01   4.1874826e-18   2.5044773e-07   8.0010832e-04   1.4740870e-02   2.7982165e-02   2.6912269e-02   2.9424766e-02   3.7861936e-02   3.5903401e-02   3.0543049e-02   2.8628343e-02
  -7.5600000e+01   1.3014019e-16   7.7419771e-07   1.3555912e-03   1.7886785e-02   3.0282625e-02   2.8194898e-02   3.0168007e-02   3.7977762e-02   3.5814167e-02   3.0503231e-02   2.8615492e-02
  -7.5150000e+01   2.2065006e-15   1.9295238e-06   2.1966625e-03   2.1472680e-02   3.2588239e-02   2.9452355e-02   3.0893757e-02   3.8086224e-02   3.5724541e-02   3.0463601e-02   2.8602715e-02
  -7.4700000e+01  -7.7074853e-14   2.6410289e-06   3.4444576e-03   2.5505095e-02   3.4884627e-02   3.0683970e-02   3.1601900e-02   3.8187387e-02   3.5634538e-02   3.0424161e-02   2.8590013e-02
  -7.4250000e+01  -2.2368006e-11  -9.9276089e-06   5.2870666e-03   2.9976759e-02   3.7156953e-02   3.1889160e-02   3.2292323e-02   3.8281316e-02   3.5544175e-02   3.0384910e-02   2.8577385e-02
  -7.3800000e+01  -1.7664684e-09  -1.1312265e-04   8.0255388e-03   3.4864313e-02   3.9390095e-02   3.3067431e-02   3.2964920e-02   3.8368079e-02   3.5453468e-02   3.0345850e-02   2.8564831e-02
  -7.3350000e+01  -3.3746505e-08  -6.1479564e-04   1.2116049e-02   4.0126512e-02   4.1568832e-02   3.4218374e-02   3.3619591e-02   3.8447743e-02   3.5362432e-02   3.0306982e-02   2.8552352e-02
  -7.2900000e+01  -3.2135807e-07  -1.7120084e-03   1.8136550e-02   4.5703140e-02   4.3678041e-02   3.5341660e-02   3.4256243e-02   3.8520378e-02   3.5271084e-02   3.0268306e-02   2.8539946e-02
  -7.2450000e+01   7.7915223e-07   2.0764763e-03   2.6591235e-02   5.1514803e-02   4.5702912e-02   3.6437044e-02   3.4874785e-02   3.8586052e-02   3.5179440e-02   3.0229824e-02   2.8527615e-02
  -7.2000000e+01   1.5338227e-04   1.8707543e-02   3.7615830e-02   5.7463758e-02   4.7629168e-02   3.7504354e-02   3.5475134e-02   3.8644837e-02   3.5087515e-02   3.0191536e-02   2.8515359e-02
  -7.1550000e+01   5.0647336e-03   3.9242116e-02   5.0853971e-02   6.3435870e-02   4.9443291e-02   3.8543490e-02   3.6057215e-02   3.8696805e-02   3.4995325e-02   3.0153443e-02   2.8503177e-02
  -7.1100000e+01   4.3816109e-02   5.9154138e-02   6.5642859e-02   6.9303694e-02   5.1132747e-02   3.9554421e-02   3.6620956e-02   3.8742027e-02   3.4902885e-02   3.0115546e-02   2.8491069e-02
  -7.0650000e+01   7.6959625e-02   7.8637634e-02   8.1292574e-02   7.4930627e-02   5.2686218e-02   4.0537178e-02   3.7166294e-02   3.8780577e-02   3.4810211e-02   3.0077845e-02   2.8479036e-02
  -7.0200000e+01   9.7504976e-02   9.7977982e-02   9.7219799e-02   8.0175951e-02   5.4093816e-02   4.1491848e-02   3.7693169e-02   3.8812530e-02   3.4717318e-02   3.0040342e-02   2.8467077e-02
  -6.9750000e+01   1.1691196e-01   1.1728020e-01   1.1292148e-01   8.4900545e-02   5.5347299e-02   4.2418570e-02   3.8201531e-02   3.8837960e-02   3.4624221e-02   3.0003037e-02   2.8455193e-02
  -6.9300000e+01   1.3627859e-01   1.3660214e-01   1.2787000e-01   8.8972951e-02   5.6440258e-02   4.3317529e-02   3.8691336e-02   3.8856944e-02   3.4530936e-02   2.9965931e-02   2.8443384e-02
  -6.8850000e+01   1.5566692e-01   1.5609646e-01   1.4137810e-01   9.2275438e-02   5.7368292e-02   4.4188948e-02   3.9162543e-02   3.8869558e-02   3.4437478e-02   2.9929025e-02   2.8431649e-02
  -6.8400000e+01   1.7507534e-01   1.7637064e-01   1.5247648e-01   9.4709680e-02   5.8129156e-02   4.5033081e-02   3.9615124e-02   3.8875880e-02   3.4343862e-02   2.9892320e-02   2.8419989e-02
  -6.7950000e+01   1.9465237e-01   1.9823584e-01   1.5993050e-01   9.6201677e-02   5.8722874e-02   4.5850211e-02   4.0049052e-02   3.8875988e-02   3.4250103e-02   2.9855816e-02   2.8408403e-02
  -6.7500000e+01   2.1392522e-01   2.1184108e-01   1.6257972e-01   9.6705558e-02   5.9151825e-02   4.6640636e-02   4.0464311e-02   3.8869961e-02   3.4156215e-02   2.9819515e-02   2.8396893e-02
  -6.7050000e+01   1.9465237e-01   1.9823584e-01   1.5993050e-01   9.6206011e-02   5.9420775e-02   4.7404668e-02   4.0860890e-02   3.8857880e-02   3.4062214e-02   2.9783416e-02   2.8385457e-02
  -6.6600000e+01   1.7507534e-01   1.7637064e-01   1.5247648e-01   9.4719144e-02   5.9536886e-02   4.8142625e-02   4.1238787e-02   3.8839826e-02   3.3968114e-02   2.9747522e-02   2.8374096e-02
  -6.6150000e+01   1.5566692e-01   1.5609646e-01   1.4137810e-01   9.2291730e-02   5.9509663e-02   4.8854820e-02   4.1598006e-02   3.8815878e-02   3.3873930e-02   2.9711832e-02   2.8362809e-02
  -6.5700000e+01   1.3627859e-01   1.3660214e-01   1.2787000e-01   8.8998903e-02   5.9350868e-02   4.9541562e-02   4.1938558e-02   3.8786121e-02   3.3779677e-02   2.9676347e-02   2.8351598e-02
  -6.5250000e+01   1.1691196e-01   1.1728020e-01   1.1292148e-01   8.4940477e-02   5.9074376e-02   5.0203140e-02   4.2260463e-02   3.8750636e-02   3.3685368e-02   2.9641068e-02   2.8340462e-02
  -6.4800000e+01   9.7504976e-02   9.7977982e-02   9.7219799e-02   8.0236202e-02   5.8695993e-02   5.0839828e-02   4.2563747e-02   3.8709507e-02   3.3591018e-02   2.9605996e-02   2.8329400e-02
  -6.4350000e+01   7.6959625e-02   7.8637634e-02   8.1292574e-02   7.5020272e-02   5.8233232e-02   5.1451866e-02   4.2848445e-02   3.8662818e-02   3.3496642e-02   2.9571132e-02   2.8318414e-02
  -6.3900000e+01   4.3816109e-02   5.9154138e-02   6.5642859e-02   6.9435499e-02   5.7705040e-02   5.2039468e-02   4.3114600e-02   3.8610654e-02   3.3402253e-02   2.9536476e-02   2.8307502e-02
  -6.3450000e+01   5.0647336e-03   3.9242116e-02   5.0853972e-02   6.3627539e-02   5.7131497e-02   5.2602806e-02   4.3362260e-02   3.8553101e-02   3.3307866e-02   2.9502029e-02   2.8296665e-02
  -6.3000000e+01   1.5338227e-04   1.8707543e-02   3.7615834e-02   5.7739515e-02   5.6533477e-02   5.3142010e-02   4.3591484e-02   3.8490245e-02   3.3213495e-02   2.9467792e-02   2.8285904e-02
  -6.2550000e+01   7.7915223e-07   2.0764763e-03   2.6591247e-02   5.1907356e-02   5.5932296e-02   5.3657165e-02   4.3802338e-02   3.8422172e-02   3.3119153e-02   2.9433765e-02   2.8275218e-02
  -6.2100000e+01  -3.2135807e-07  -1.7120084e-03   1.8136587e-02   4.6256090e-02   5.5349327e-02   5.4148304e-02   4.3994895e-02   3.8348969e-02   3.3024854e-02   2.9399949e-02   2.8264607e-02
  -6.1650000e+01  -3.3746505e-08  -6.1479564e-04   1.2116148e-02   4.0897223e-02   5.4805614e-02   5.4615405e-02   4.4169237e-02   3.8270724e-02   3.2930613e-02   2.9366346e-02   2.8254071e-02
  -6.1200000e+01  -1.7664684e-09  -1.1312265e-04   8.0257927e-03   3.5927270e-02   5.4321480e-02   5.5058394e-02   4.4325453e-02   3.8187526e-02   3.2836442e-02   2.9332955e-02   2.8243610e-02
  -6.0750000e+01  -2.2368006e-11  -9.9276089e-06   5.2876683e-03   3.1427400e-02   5.3916144e-02   5.5477135e-02   4.4463641e-02   3.8099463e-02   3.2742355e-02   2.9299777e-02   2.8233224e-02
  -6.0300000e+01  -7.7074853e-14   2.6410289e-06   3.4458005e-03   2.7464054e-02   5.3607344e-02   5.5871433e-02   4.4583908e-02   3.8006625e-02   3.2648366e-02   2.9266814e-02   2.8222914e-02
  -5.9850000e+01   2.2065006e-15   1.9295238e-06   2.1995289e-03   2.4090367e-02   5.3410984e-02   5.6241037e-02   4.4686366e-02   3.7909101e-02   3.2554488e-02   2.9234065e-02   2.8212679e-02
  -5.9400000e+01   1.3014019e-16   7.7419765e-07   1.3615511e-03   2.1348118e-02   5.3340811e-02   5.6585632e-02   4.4771139e-02   3.7806982e-02   3.2460734e-02   2.9201531e-02   2.8202519e-02
  -5.8950000e+01   4.1874826e-18   2.5044625e-07   8.1243204e-04   1.9269962e-02   5.3408124e-02   5.6904847e-02   4.4838357e-02   3.7700358e-02   3.2367117e-02   2.9169214e-02   2.8192435e-02
  -5.8500000e+01   2.7557815e-20   6.7281283e-08   4.7259042e-04   1.7881639e-02   5.3621526e-02   5.7198253e-02   4.4888157e-02   3.7589320e-02   3.2273651e-02   2.9137113e-02   2.8182426e-02
  -5.8050000e+01   5.6050436e-23   1.2667948e-08   2.8925222e-04   1.7203923e-02   5.3986717e-02   5.7465368e-02   4.4920687e-02   3.7473961e-02   3.2180348e-02   2.9105230e-02   2.8172493e-02
  -5.7600000e+01   1.0733457e-26   3.9896579e-10   2.3244231e-04   1.7254062e-02   5.4506350e-02   5.7705657e-02   4.4936101e-02   3.7354370e-02   3.2087221e-02   2.9073565e-02   2.8162634e-02
  -5.7150000e+01   1.8081373e-23   8.5572047e-09   2.9542587e-04   1.8046546e-02   5.5179928e-02   5.7918539e-02   4.4934562e-02   3.7230642e-02   3.1994283e-02   2.9042118e-02   2.8152852e-02
  -5.6700000e+01   8.0930395e-21   6.0975022e-08   4.9567730e-04   1.9593093e-02   5.6003767e-02   5.8103388e-02   4.4916240e-02   3.7102867e-02   3.1901547e-02   2.9010891e-02   2.8143145e-02
  -5.6250000e+01   2.0214342e-18   2.4861339e-07   8.7447891e-04   2.1901796e-02   5.6971014e-02   5.8259544e-02   4.4881314e-02   3.6971140e-02   3.1809025e-02   2.8979884e-02   2.8133513e-02
  -5.5800000e+01   1.4357250e-16   8.1315582e-07   1.4970774e-03   2.4975473e-02   5.8071730e-02   5.8386313e-02   4.4829971e-02   3.6835553e-02   3.1716729e-02   2.8949098e-02   2.8123957e-02
  -5.5350000e+01   3.1389768e-15   2.2186918e-06   2.4571972e-03   2.8809331e-02   5.9293020e-02   5.8482976e-02   4.4762406e-02   3.6696199e-02   3.1624672e-02   2.8918533e-02   2.8114477e-02
  -5.4900000e+01   9.8855640e-15   4.3730311e-06   3.8901495e-03   3.3388113e-02   6.0619231e-02   5.8548797e-02   4.4678820e-02   3.6553173e-02   3.1532867e-02   2.8888190e-02   2.8105072e-02
  -5.4450000e+01  -8.1325772e-12  -3.7645790e-07   6.0010873e-03   3.8682979e-02   6.2032197e-02   5.8583028e-02   4.4579424e-02   3.6406567e-02   3.1441325e-02   2.8858070e-02   2.8095743e-02
  -5.4000000e+01  -1.0449266e-09  -6.6392602e-05   9.1155188e-03   4.4648403e-02   6.3511534e-02   5.8584919e-02   4.4464435e-02   3.6256476e-02   3.1350059e-02   2.8828173e-02   2.8086489e-02
  -5.3550000e+01  -2.6687350e-08  -4.4514808e-04   1.3742897e-02   5.1219430e-02   6.5034977e-02   5.8553728e-02   4.4334079e-02   3.6102995e-02   3.1259079e-02   2.8798499e-02   2.8077312e-02
  -5.3100000e+01  -2.2024751e-07  -1.6806451e-03   2.0591453e-02   5.8309595e-02   6.6578757e-02   5.8488726e-02   4.4188588e-02   3.5946217e-02   3.1168400e-02   2.8769050e-02   2.8068210e-02
  -5.2650000e+01  -6.7502642e-07  -1.1880720e-03   3.0413742e-02   6.5809850e-02   6.8118007e-02   5.8389207e-02   4.4028202e-02   3.5786236e-02   3.1078031e-02   2.8739827e-02   2.8059183e-02
  -5.2200000e+01   2.0755621e-05   1.3103126e-02   4.3647870e-02   7.3588731e-02   6.9627189e-02   5.8254498e-02   4.3853169e-02   3.5623149e-02   3.0987985e-02   2.8710828e-02   2.8050233e-02
  -5.1750000e+01   6.7447076e-04   3.9285135e-02   6.0108068e-02   8.1493978e-02   7.1080537e-02   5.8083970e-02   4.3663743e-02   3.5457048e-02   3.0898273e-02   2.8682056e-02   2.8041358e-02
  -5.1300000e+01   1.2336332e-02   6.6798606e-02   7.9052570e-02   8.9355663e-02   7.2452503e-02   5.7877042e-02   4.3460184e-02   3.5288030e-02   3.0808908e-02   2.8653511e-02   2.8032559e-02
  -5.0850000e+01   7.1020302e-02   9.3591936e-02   9.9542136e-02   9.6990812e-02   7.3718200e-02   5.7633194e-02   4.3242762e-02   3.5116188e-02   3.0719899e-02   2.8625194e-02   2.8023836e-02
  -5.0400000e+01   1.1700210e-01   1.1989370e-01   1.2072286e-01   1.0420935e-01   7.4853832e-02   5.7351975e-02   4.3011750e-02   3.4941618e-02   3.0631259e-02   2.8597104e-02   2.8015189e-02
  -4.9950000e+01   1.4543600e-01   1.4598730e-01   1.4187777e-01   1.1082108e-01   7.5837106e-02   5.7033012e-02   4.2767429e-02   3.4764415e-02   3.0542998e-02   2.8569243e-02   2.8006618e-02
  -4.9500000e+01   1.7433299e-01   1.7210850e-01   1.6232596e-01   1.1664340e-01   7.6647607e-02   5.6676015e-02   4.2510088e-02   3.4584673e-02   3.0455128e-02   2.8541611e-02   2.7998123e-02
  -4.9050000e+01   2.2389308e-01   1.9855238e-01   1.8125987e-01   1.2150914e-01   7.7267141e-02   5.6280788e-02   4.2240019e-02   3.4402487e-02   3.0367659e-02   2.8514208e-02   2.7989704e-02
  -4.8600000e+01   2.7778243e-01   2.2586893e-01   1.9757087e-01   1.2527422e-01   7.7680037e-02   5.5847236e-02   4.1957522e-02   3.4217952e-02   3.0280603e-02   2.8487036e-02   2.7981360e-02
  -4.8150000e+01   2.8570165e-01   2.5467435e-01   2.0976955e-01   1.2782446e-01   7.7873388e-02   5.5375367e-02   4.1662901e-02   3.4031162e-02   3.0193971e-02   2.8460095e-02   2.7973093e-02
  -4.7700000e+01   2.8606719e-01   2.7946487e-01   2.1622501e-01   1.2908118e-01   7.7837250e-02   5.4865303e-02   4.1356468e-02   3.3842212e-02   3.0107772e-02   2.8433385e-02   2.7964902e-02
  -4.7250000e+01   2.8606245e-01   2.7749268e-01   2.1583082e-01   1.2900506e-01   7.7564776e-02   5.4317283e-02   4.1038538e-02   3.3651197e-02   3.0022018e-02   2.8406907e-02   2.7956787e-02
  -4.6800000e+01   2.8558830e-01   2.5141267e-01   2.0865939e-01   1.2759814e-01   7.7052291e-02   5.3731664e-02   4.0709432e-02   3.3458211e-02   2.9936718e-02   2.8380661e-02   2.7948748e-02
  -4.6350000e+01   2.7623283e-01   2.2277340e-01   1.9591493e-01   1.2490365e-01   7.6299310e-02   5.3108929e-02   4.0369476e-02   3.3263347e-02   2.9851884e-02   2.8354649e-02   2.7940785e-02
  -4.5900000e+01   2.2015688e-01   1.9557518e-01   1.7923973e-01   1.2100371e-01   7.5308489e-02   5.2449685e-02   4.0019001e-02   3.3066700e-02   2.9767525e-02   2.8328870e-02   2.7932898e-02
  -4.5450000e+01   1.7183287e-01   1.6916012e-01   1.6008570e-01   1.1601519e-01   7.4085529e-02   5.1754666e-02   3.9658340e-02   3.2868364e-02   2.9683653e-02   2.8303325e-02   2.7925087e-02
  -4.5000000e+01   1.4303734e-01   1.4303331e-01   1.3952170e-01   1.1008380e-01   7.2639016e-02   5.1024734e-02   3.9287834e-02   3.2668432e-02   2.9600275e-02   2.8278014e-02   2.7917353e-02
  -4.4550000e+01   1.1424181e-01   1.1690995e-01   1.1833299e-01   1.0337707e-01   7.0980219e-02   5.0260875e-02   3.8907824e-02   3.2466996e-02   2.9517404e-02   2.8252939e-02   2.7909694e-02
  -4.4100000e+01   6.5917796e-02   9.0536902e-02   9.7197413e-02   9.6076486e-02   6.9122840e-02   4.9464200e-02   3.8518657e-02   3.2264151e-02   2.9435048e-02   2.8228099e-02   2.7902112e-02
  -4.3650000e+01   9.8418602e-03   6.3600767e-02   7.6843423e-02   8.8369403e-02   6.7082729e-02   4.8635942e-02   3.8120682e-02   3.2059988e-02   2.9353217e-02   2.8203495e-02   2.7894606e-02
  -4.3200000e+01   4.8650739e-04   3.5953107e-02   5.8139131e-02   8.0441202e-02   6.4877567e-02   4.7777449e-02   3.7714253e-02   3.1854601e-02   2.9271921e-02   2.8179128e-02   2.7887177e-02
  -4.2750000e+01   1.2873713e-05   1.0509725e-02   4.2016750e-02   7.2468121e-02   6.2526534e-02   4.6890183e-02   3.7299725e-02   3.1648081e-02   2.9191169e-02   2.8154997e-02   2.7879824e-02
  -4.2300000e+01  -6.6519847e-07  -1.6196093e-03   2.9169122e-02   6.4611137e-02   6.0049952e-02   4.5975712e-02   3.6877456e-02   3.1440519e-02   2.9110971e-02   2.8131105e-02   2.7872547e-02
  -4.1850000e+01  -1.6579343e-07  -1.4738697e-03   1.9707628e-02   5.7011160e-02   5.7468931e-02   4.5035704e-02   3.6447806e-02   3.1232008e-02   2.9031337e-02   2.8107450e-02   2.7865346e-02
  -4.1400000e+01  -1.8641088e-08  -3.6627286e-04   1.3141579e-02   4.9785710e-02   5.4805015e-02   4.4071919e-02   3.6011137e-02   3.1022637e-02   2.8952274e-02   2.8084034e-02   2.7858222e-02
  -4.0950000e+01  -6.8587084e-10  -5.0801421e-05   8.7106729e-03   4.3027093e-02   5.2079832e-02   4.3086204e-02   3.5567812e-02   3.0812497e-02   2.8873794e-02   2.8060856e-02   2.7851174e-02
  -4.0500000e+01  -5.1730497e-12   1.4826526e-06   5.7263415e-03   3.6802034e-02   4.9314770e-02   4.2080477e-02   3.5118198e-02   3.0601679e-02   2.8795903e-02   2.8037919e-02   2.7844203e-02
  -4.0050000e+01   2.0022198e-14   4.2595799e-06   3.7019929e-03   3.1152583e-02   4.6530662e-02   4.1056727e-02   3.4662661e-02   3.0390272e-02   2.8718613e-02   2.8015221e-02   2.7837308e-02
  -3.9600000e+01   2.8602002e-15   2.0431544e-06   2.3279332e-03   2.6098076e-02   4.3747516e-02   4.0016996e-02   3.4201566e-02   3.0178365e-02   2.8641930e-02   2.7992763e-02   2.7830489e-02
  -3.9150000e+01   1.2132660e-16   7.3254278e-07   1.4076385e-03   2.1637885e-02   4.0984255e-02   3.8963376e-02   3.3735282e-02   2.9966047e-02   2.8565865e-02   2.7970546e-02   2.7823747e-02
  -3.8700000e+01   1.3825784e-18   2.1933499e-07   8.0932155e-04   1.7754678e-02   3.8258516e-02   3.7897991e-02   3.3264175e-02   2.9753405e-02   2.8490425e-02   2.7948570e-02   2.7817081e-02
  -3.8250000e+01   4.9012859e-21   5.1647118e-08   4.3839853e-04   1.4417913e-02   3.5586464e-02   3.6822993e-02   3.2788613e-02   2.9540528e-02   2.8415619e-02   2.7926836e-02   2.7810492e-02
  -3.7800000e+01   9.6703500e-24   6.5174096e-09   2.2313879e-04   1.1587337e-02   3.2982662e-02   3.5740547e-02   3.2308963e-02   2.9327502e-02   2.8341455e-02   2.7905345e-02   2.7803979e-02
  -3.7350000e+01  -2.1356582e-26  -3.7323019e-10   1.0780329e-04   9.2163065e-03   3.0459965e-02   3.4652822e-02   3.1825591e-02   2.9114414e-02   2.8267943e-02   2.7884095e-02   2.7797543e-02
  -3.6900000e+01  -4.3662024e-28  -1.5680636e-10   5.0670122e-05   7.2547528e-03   2.8029467e-02   3.3561980e-02   3.1338861e-02   2.8901349e-02   2.8195089e-02   2.7863089e-02   2.7791184e-02
  -3.6450000e+01  -3.3889249e-30  -1.6615234e-11   2.3848141e-05   5.6517282e-03   2.5700470e-02   3.2470165e-02   3.0849136e-02   2.8688393e-02   2.8122903e-02   2.7842326e-02   2.7784901e-02
  -3.6000000e+01  -8.5295082e-33  -1.1231015e-12   1.1411652e-05   4.3574583e-03   2.3480496e-02   3.1379493e-02   3.0356779e-02   2.8475630e-02   2.8051391e-02   2.7821807e-02   2.7778694e-02
  -3.5550000e+01  -4.3857666e-36  -3.9436711e-14   5.5195496e-06   3.3249013e-03   2.1375324e-02   3.0292043e-02   2.9862149e-02   2.8263145e-02   2.7980563e-02   2.7801532e-02   2.7772565e-02
  -3.5100000e+01  -2.0584113e-40   3.4551378e-15   2.6488170e-06   2.5108332e-03   1.9389061e-02   2.9209846e-02   2.9365602e-02   2.8051021e-02   2.7910425e-02   2.7781501e-02   2.7766512e-02
  -3.4650000e+01   4.8859429e-42   1.0280654e-15   1.2357286e-06   1.8765081e-03   1.7524230e-02   2.8134876e-02   2.8867494e-02   2.7839340e-02   2.7840986e-02   2.7761716e-02   2.7760535e-02
  -3.4200000e+01   1.4715039e-44   1.6008275e-16   5.5052816e-07   1.3879581e-03   1.5781878e-02   2.7069044e-02   2.8368177e-02   2.7628185e-02   2.7772252e-02   2.7742176e-02   2.7754635e-02
  -3.3750000e+01   1.3285159e-47   1.9619269e-17   2.3068358e-07   1.0160045e-03   1.4161707e-02   2.6014184e-02   2.7867998e-02   2.7417637e-02   2.7704232e-02   2.7722881e-02   2.7748812e-02
  -3.3300000e+01   3.4007402e-51   1.8884545e-18   8.9814132e-08   7.3605205e-04   1.2662202e-02   2.4972056e-02   2.7367302e-02   2.7207775e-02   2.7636933e-02   2.7703833e-02   2.7743066e-02
  -3.2850000e+01   4.8494887e-55   1.0422739e-19   3.2333904e-08   5.2773476e-04   1.1280784e-02   2.3944328e-02   2.6866431e-02   2.6998681e-02   2.7570363e-02   2.7685031e-02   2.7737396e-02
  -3.2400000e+01  -3.9820193e-59  -1.5408451e-21   1.0884388e-08   3.7447087e-04   1.0013949e-02   2.2932578e-02   2.6365722e-02   2.6790433e-02   2.7504527e-02   2.7666477e-02   2.7731803e-02
  -3.1950000e+01  -7.4895551e-62  -3.6608376e-22   3.5434561e-09   2.6297630e-04   8.8574190e-03   2.1938287e-02   2.5865506e-02   2.6583109e-02   2.7439434e-02   2.7648169e-02   2.7726287e-02
  -3.1500000e+01  -3.9583345e-65  -1.5838920e-23   1.1685630e-09   1.8277314e-04   7.8062854e-03   2.0962833e-02   2.5366113e-02   2.6376787e-02   2.7375090e-02   2.7630109e-02   2.7720848e-02
  -3.1050000e+01  -6.4242470e-69  -4.4143225e-25   4.0188315e-10   1.2572048e-04   6.8551473e-03   2.0007490e-02   2.4867865e-02   2.6171543e-02   2.7311503e-02   2.7612298e-02   2.7715485e-02
  -3.0600000e+01  -2.0652570e-73  -7.8571413e-27   1.4298369e-10   8.5584997e-05   5.9982426e-03   1.9073423e-02   2.4371081e-02   2.5967455e-02   2.7248678e-02   2.7594734e-02   2.7710199e-02
  -3.0150000e+01  -2.0311173e-78   5.3360343e-29   5.1005257e-11   5.7661604e-05   5.2295687e-03   1.8161687e-02   2.3876072e-02   2.5764595e-02   2.7186624e-02   2.7577419e-02   2.7704990e-02
  -2.9700000e+01   5.5160548e-82   1.4587064e-29   1.7672198e-11   3.8447850e-05   4.5429933e-03   1.7273228e-02   2.3383146e-02   2.5563040e-02   2.7125345e-02   2.7560353e-02   2.7699858e-02
  -2.9250000e+01   1.2132390e-85   9.6868177e-31   5.8061880e-12   2.5371838e-05   3.9323527e-03   1.6408878e-02   2.2892605e-02   2.5362862e-02   2.7064849e-02   2.7543537e-02   2.7694802e-02
  -2.8800000e+01   1.0042574e-89   4.7928873e-32   1.7762722e-12   1.6570063e-05   3.3915388e-03   1.5569359e-02   2.2404743e-02   2.5164133e-02   2.7005143e-02   2.7526970e-02   2.7689824e-02
  -2.8350000e+01   2.0554379e-94   1.8707346e-33   4.9870279e-13   1.0709923e-05   2.9145726e-03   1.4755282e-02   2.1919850e-02   2.4966926e-02   2.6946231e-02   2.7510653e-02   2.7684922e-02
  -2.7900000e+01   2.1091313e-99   4.4837941e-35   1.2751167e-13   6.8507174e-06   2.4956667e-03   1.3967149e-02   2.1438208e-02   2.4771310e-02   2.6888121e-02   2.7494587e-02   2.7680098e-02
  -2.7450000e+01 -4.8906196e-105  -1.1439764e-37   2.9972227e-14   4.3368127e-06   2.1292752e-03   1.3205357e-02   2.0960094e-02   2.4577357e-02   2.6830819e-02   2.7478771e-02   2.7675350e-02
  -2.7000000e+01 -1.1286098e-108  -2.2303192e-38   6.7358218e-15   2.7169872e-06   1.8101326e-03   1.2470197e-02   2.0485776e-02   2.4385134e-02   2.6774330e-02   2.7463207e-02   2.7670679e-02
  -2.6550000e+01 -4.0026232e-113  -3.8837434e-40   1.5448036e-15   1.6845506e-06   1.5332830e-03   1.1761862e-02   2.0015517e-02   2.4194710e-02   2.6718661e-02   2.7447893e-02   2.7666085e-02
  -2.6100000e+01 -3.6961254e-118  -4.3052957e-42   3.8006559e-16   1.0336114e-06   1.2940991e-03   1.1080446e-02   1.9549573e-02   2.4006152e-02   2.6663816e-02   2.7432831e-02   2.7661568e-02
  -2.5650000e+01 -6.7057247e-124  -3.2914020e-44   9.9544246e-17   6.2763112e-07   1.0882936e-03   1.0425952e-02   1.9088191e-02   2.3819526e-02   2.6609803e-02   2.7418021e-02   2.7657128e-02
  -2.5200000e+01 -5.5567835e-130  -2.9755102e-47   2.6464868e-17   3.7715773e-07   9.1192258e-04   9.7982931e-03   1.8631614e-02   2.3634897e-02   2.6556626e-02   2.7403463e-02   2.7652765e-02
  -2.4750000e+01  4.2444835e-135   5.6955372e-48   6.8235993e-18   2.2429056e-07   7.6138321e-04   9.1973008e-03   1.8180074e-02   2.3452329e-02   2.6504290e-02   2.7389158e-02   2.7648479e-02
  -2.4300000e+01  7.1834908e-140   1.6121059e-49   1.6557695e-18   1.3199807e-07   6.3340601e-04   8.6227277e-03   1.7733798e-02   2.3271886e-02   2.6452802e-02   2.7375105e-02   2.7644270e-02
  -2.3850000e+01  9.2141624e-145   3.2030690e-51   3.7055809e-19   7.6876471e-08   5.2504288e-04   8.0742535e-03   1.7293004e-02   2.3093629e-02   2.6402167e-02   2.7361305e-02   2.7640138e-02
  -2.3400000e+01  1.0317418e-149   5.0449116e-53   7.5255707e-20   4.4308901e-08   4.3365192e-04   7.5514904e-03   1.6857905e-02   2.2917620e-02   2.6352388e-02   2.7347759e-02   2.7636083e-02
  -2.2950000e+01  8.6087055e-155   5.1869272e-55   1.3714360e-20   2.5273449e-08   3.5687973e-04   7.0539889e-03   1.6428703e-02   2.2743919e-02   2.6303473e-02   2.7334466e-02   2.7632105e-02
  -2.2500000e+01  7.7036443e-166   1.5529583e-58   2.2520823e-21   1.4266582e-08   2.9264213e-04   6.5812429e-03   1.6005594e-02   2.2572585e-02   2.6255425e-02   2.7321427e-02   2.7628204e-02
  -2.2050000e+01 -9.8136985e-167  -3.5108547e-59   3.4631113e-22   7.9701091e-09   2.3910378e-04   6.1326958e-03   1.5588768e-02   2.2403676e-02   2.6208250e-02   2.7308642e-02   2.7624380e-02
  -2.1600000e+01 -1.3406870e-173  -2.4611243e-61   5.4165525e-23   4.4066130e-09   1.9465741e-04   5.7077458e-03   1.5178404e-02   2.2237249e-02   2.6161952e-02   2.7296111e-02   2.7620633e-02
  -2.1150000e+01 -1.3637221e-180  -1.0771622e-63   9.3661564e-24   2.4112870e-09   1.5790309e-04   5.3057515e-03   1.4774676e-02   2.2073361e-02   2.6116536e-02   2.7283835e-02   2.7616963e-02
  -2.0700000e+01 -1.2004694e-187  -3.3906608e-66   1.7956864e-24   1.3058768e-09   1.2762796e-04   4.9260373e-03   1.4377751e-02   2.1912066e-02   2.6072006e-02   2.7271813e-02   2.7613370e-02
  -2.0250000e+01 -7.0037057e-195  -3.6807335e-69   3.5647090e-25   6.9995348e-10   1.0278667e-04   4.5678986e-03   1.3987785e-02   2.1753419e-02   2.6028367e-02   2.7260047e-02   2.7609855e-02
  -1.9800000e+01  2.2600294e-201   5.9010025e-71   6.8633559e-26   3.7132352e-10   8.2482879e-05   4.2306072e-03   1.3604931e-02   2.1597471e-02   2.5985624e-02   2.7248535e-02   2.7606416e-02
  -1.9350000e+01  2.5546216e-207   7.1871447e-73   1.2343825e-26   1.9496333e-10   6.5951879e-05   3.9134159e-03   1.3229330e-02   2.1444276e-02   2.5943780e-02   2.7237280e-02   2.7603055e-02
  -1.8900000e+01  1.5872544e-213   5.6619599e-75   2.0299784e-27   1.0131414e-10   5.2544483e-05   3.6155631e-03   1.2861121e-02   2.1293883e-02   2.5902840e-02   2.7226280e-02   2.7599771e-02
  -1.8450000e+01  1.9593104e-220   3.4873355e-77   3.0031817e-28   5.2107750e-11   4.1712276e-05   3.3362777e-03   1.2500432e-02   2.1146342e-02   2.5862808e-02   2.7215536e-02   2.7596564e-02
  -1.8000000e+01  6.3105490e-228   1.4368460e-79   3.9454097e-29   2.6524517e-11   3.2994203e-05   3.0747829e-03   1.2147384e-02   2.1001702e-02   2.5823688e-02   2.7205047e-02   2.7593434e-02
  -1.7550000e+01  3.2202627e-236   8.4887237e-83   4.6009245e-30   1.3362972e-11   2.6004504e-05   2.8303003e-03   1.1802094e-02   2.0860010e-02   2.5785483e-02   2.7194816e-02   2.7590381e-02
  -1.7100000e+01 -1.5240474e-242  -1.2997882e-84   4.9256252e-31   6.6629449e-12   2.0421930e-05   2.6020536e-03   1.1464670e-02   2.0721313e-02   2.5748198e-02   2.7184840e-02   2.7587406e-02
  -1.6650000e+01 -1.6983701e-249  -3.9391380e-87   5.3001996e-32   3.2880169e-12   1.5980207e-05   2.3892718e-03   1.1135213e-02   2.0585655e-02   2.5711836e-02   2.7175122e-02   2.7584507e-02
  -1.6200000e+01 -9.4704575e-257  -6.9831246e-90   6.4252906e-33   1.6058436e-12   1.2459638e-05   2.1911926e-03   1.0813819e-02   2.0453081e-02   2.5676401e-02   2.7165660e-02   2.7581686e-02
  -1.5750000e+01 -1.2962473e-264  -8.9614539e-93   8.9633446e-34   7.7619394e-13   9.6797886e-06   2.0070649e-03   1.0500578e-02   2.0323634e-02   2.5641896e-02   2.7156456e-02   2.7578942e-02
  -1.5300000e+01 -6.0711426e-273  -5.3774783e-96   1.3201825e-34   3.7130536e-13   7.4931382e-06   1.8361517e-03   1.0195572e-02   2.0197355e-02   2.5608324e-02   2.7147509e-02   2.7576275e-02
  -1.4850000e+01  6.7236258e-281   1.6215728e-98   1.8855198e-35   1.7578519e-13   5.7796156e-06   1.6777318e-03   9.8988792e-03   2.0074286e-02   2.5575690e-02   2.7138819e-02   2.7573686e-02
  -1.4400000e+01  5.2313557e-288  8.6431823e-101   2.4979509e-36   8.2360668e-14   4.4419271e-06   1.5311026e-03   9.6105709e-03   1.9954465e-02   2.5543996e-02   2.7130386e-02   2.7571173e-02
  -1.3950000e+01  1.8213621e-295  2.6878459e-103   3.0031242e-37   3.8189249e-14   3.4015825e-06   1.3955810e-03   9.3307135e-03   1.9837932e-02   2.5513245e-02   2.7122212e-02   2.7568738e-02
  -1.3500000e+01  1.2795803e-303  6.4413301e-106   3.2240524e-38   1.7524443e-14   2.5955391e-06   1.2705055e-03   9.0593679e-03   1.9724722e-02   2.5483440e-02   2.7114295e-02   2.7566380e-02
  -1.3050000e+01  2.7707621e-312  1.0586259e-108   3.0460512e-39   7.9584510e-15   1.9733810e-06   1.1552372e-03   8.7965900e-03   1.9614874e-02   2.5454584e-02   2.7106637e-02   2.7564100e-02
  -1.2600000e+01  2.0108472e-321  4.1455541e-112   2.5189129e-40   3.5768001e-15   1.4949646e-06   1.0491605e-03   8.5424311e-03   1.9508421e-02   2.5426681e-02   2.7099237e-02   2.7561896e-02
  -1.2150000e+01   0.0000000e+00 -1.2960254e-114   1.8717303e-41   1.5909041e-15   1.1284629e-06   9.5168472e-04   8.2969377e-03   1.9405397e-02   2.5399732e-02   2.7092095e-02   2.7559770e-02
  -1.1700000e+01   0.0000000e+00 -1.7223775e-117   1.3729017e-42   7.0029077e-16   8.4875013e-07   8.6224376e-04   8.0601521e-03   1.9305835e-02   2.5373740e-02   2.7085211e-02   2.7557721e-02
  -1.1250000e+01   0.0000000e+00 -1.2350489e-120   1.1544557e-43   3.0507007e-16   6.3607511e-07   7.8029715e-04   7.8321124e-03   1.9209767e-02   2.5348708e-02   2.7078587e-02   2.7555750e-02
  -1.0800000e+01   0.0000000e+00 -6.3949485e-124   1.1712681e-44   1.3152515e-16   4.7497715e-07   7.0533003e-04   7.6128530e-03   1.9117223e-02   2.5324638e-02   2.7072221e-02   2.7553855e-02
  -1.0350000e+01   0.0000000e+00 -1.8151129e-127   1.2867921e-45   5.6118561e-17   3.5340492e-07   6.3685331e-04   7.4024046e-03   1.9028231e-02   2.5301533e-02   2.7066113e-02   2.7552038e-02
  -9.9000000e+00   0.0000000e+00  1.1685406e-130   1.3693908e-46   2.3696951e-17   2.6200395e-07   5.7440360e-04   7.2007943e-03   1.8942820e-02   2.5279395e-02   2.7060265e-02   2.7550298e-02
  -9.4500000e+00   0.0000000e+00  2.8545417e-133   1.3400997e-47   9.9029813e-18   1.9354336e-07   5.1754304e-04   7.0080462e-03   1.8861017e-02   2.5258226e-02   2.7054676e-02   2.7548636e-02
  -9.0000000e+00   0.0000000e+00  3.5234328e-136   1.1803137e-48   4.0956819e-18   1.4245698e-07   4.6585901e-04   6.8241816e-03   1.8782848e-02   2.5238027e-02   2.7049347e-02   2.7547051e-02
  -8.5500000e+00   0.0000000e+00  3.3007202e-139   9.2170278e-50   1.6763816e-18   1.0447782e-07   4.1896376e-04   6.6492189e-03   1.8708336e-02   2.5218802e-02   2.7044276e-02   2.7545543e-02
  -8.1000000e+00   0.0000000e+00  2.1708077e-142   6.2831744e-51   6.7905699e-19   7.6348287e-08   3.7649396e-04   6.4831739e-03   1.8637505e-02   2.5200551e-02   2.7039465e-02   2.7544112e-02
  -7.6500000e+00   0.0000000e+00  4.5654964e-146   3.7006510e-52   2.7222454e-19   5.5591628e-08   3.3811016e-04   6.3260605e-03   1.8570377e-02   2.5183277e-02   2.7034914e-02   2.7542759e-02
  -7.2000000e+00   0.0000000e+00 -3.5117235e-149   1.9147744e-53   1.0800344e-19   4.0332450e-08   3.0349624e-04   6.1778901e-03   1.8506974e-02   2.5166982e-02   2.7030622e-02   2.7541483e-02
  -6.7500000e+00   0.0000000e+00 -2.0752593e-152   9.5244157e-55   4.2407134e-20   2.9156513e-08   2.7235877e-04   6.0386726e-03   1.8447314e-02   2.5151666e-02   2.7026590e-02   2.7540284e-02
  -6.3000000e+00   0.0000000e+00 -6.0079865e-156   5.4822237e-56   1.6479068e-20   2.1001670e-08   2.4442640e-04   5.9084160e-03   1.8391416e-02   2.5137331e-02   2.7022818e-02   2.7539163e-02
  -5.8500000e+00   0.0000000e+00 -1.2459563e-159   4.0285902e-57   6.3375218e-21   1.5073449e-08   2.1944916e-04   5.7871271e-03   1.8339298e-02   2.5123979e-02   2.7019305e-02   2.7538119e-02
  -5.4000000e+00   0.0000000e+00 -1.5619014e-163   3.3133531e-58   2.4121215e-21   1.0780008e-08   1.9719786e-04   5.6748110e-03   1.8290975e-02   2.5111610e-02   2.7016052e-02   2.7537152e-02
  -4.9500000e+00   0.0000000e+00  2.1301599e-167   2.6356168e-59   9.0859591e-22   7.6822496e-09   1.7746337e-04   5.5714720e-03   1.8246464e-02   2.5100227e-02   2.7013060e-02   2.7536263e-02
  -4.5000000e+00   0.0000000e+00  2.5940662e-170   1.9084604e-60   3.3871365e-22   5.4557345e-09   1.6005601e-04   5.4771134e-03   1.8205777e-02   2.5089830e-02   2.7010327e-02   2.7535450e-02
  -4.0500000e+00   0.0000000e+00  1.2789791e-173   1.2328870e-61   1.2496357e-22   3.8617417e-09   1.4480492e-04   5.3917377e-03   1.8168927e-02   2.5080421e-02   2.7007855e-02   2.7534716e-02
  -3.6000000e+00   0.0000000e+00  4.7022495e-177   7.0131865e-63   4.5626993e-23   2.7253810e-09   1.3155747e-04   5.3153465e-03   1.8135925e-02   2.5071999e-02   2.7005642e-02   2.7534058e-02
  -3.1500000e+00   0.0000000e+00  1.2400114e-180   3.4577414e-64   1.6487234e-23   1.9191212e-09   1.2017871e-04   5.2479412e-03   1.8106782e-02   2.5064566e-02   2.7003690e-02   2.7533478e-02
  -2.7000000e+00   0.0000000e+00  1.2759512e-184   1.4558728e-65   5.8960692e-24   1.3504591e-09   1.1055083e-04   5.1895226e-03   1.8081506e-02   2.5058123e-02   2.7001998e-02   2.7532976e-02
  -2.2500000e+00   0.0000000e+00 -2.5777387e-188   5.2641129e-67   2.0867615e-24   9.5274602e-10   1.0257273e-04   5.1400912e-03   1.8060106e-02   2.5052670e-02   2.7000566e-02   2.7532550e-02
  -1.8000000e+00   0.0000000e+00 -6.9265678e-192   1.7679823e-68   7.3101729e-25   6.7841499e-10   9.6159569e-05   5.0996472e-03   1.8042588e-02   2.5048208e-02   2.6999395e-02   2.7532202e-02
  -1.3500000e+00   0.0000000e+00 -8.0843164e-196   6.8516485e-70   2.5371887e-25   4.9403496e-10   9.1242443e-05   5.0681908e-03   1.8028957e-02   2.5044737e-02   2.6998484e-02   2.7531931e-02
  -9.0000000e-01   0.0000000e+00 -6.6756164e-200   3.6260702e-71   8.8006974e-26   3.7676114e-10   8.7768068e-05   5.0457219e-03   1.8019218e-02   2.5042257e-02   2.6997833e-02   2.7531738e-02
  -4.5000000e-01   0.0000000e+00 -3.5574816e-204   2.2521434e-72   3.2809987e-26   3.1186427e-10   8.5698552e-05   5.0322406e-03   1.8013373e-02   2.5040769e-02   2.6997443e-02   2.7531622e-02
   0.0000000e+00   0.0000000e+00  1.7767183e-208   2.6816341e-73   1.9833398e-26   2.9111371e-10   8.5011228e-05   5.0277469e-03   1.8011424e-02   2.5040273e-02   2.6997312e-02   2.7531583e-02
   4.5000000e-01   0.0000000e+00 -3.5574816e-204   2.2521434e-72   3.2809987e-26   3.1186427e-10   8.5698552e-05   5.0322406e-03   1.8013373e-02   2.5040769e-02   2.6997443e-02   2.7531622e-02
   9.0000000e-01   0.0000000e+00 -6.6756164e-200   3.6260702e-71   8.8006974e-26   3.7676114e-10   8.7768068e-05   5.0457219e-03   1.8019218e-02   2.5042257e-02   2.6997833e-02   2.7531738e-02
   1.3500000e+00   0.0000000e+00 -8.0843164e-196   6.8516485e-70   2.5371887e-25   4.9403496e-10   9.1242443e-05   5.0681908e-03   1.8028957e-02   2.5044737e-02   2.6998484e-02   2.7531931e-02
   1.8000000e+00   0.0000000e+00 -6.9265678e-192   1.7679823e-68   7.3101729e-25   6.7841499e-10   9.6159569e-05   5.0996472e-03   1.8042588e-02   2.5048208e-02   2.6999395e-02   2.7532202e-02
   2.2500000e+00   0.0000000e+00 -2.5777387e-188   5.2641129e-67   2.0867615e-24   9.5274602e-10   1.0257273e-04   5.1400912e-03   1.8060106e-02   2.5052670e-02   2.7000566e-02   2.7532550e-02
   2.7000000e+00   0.0000000e+00  1.2759512e-184   1.4558728e-65   5.8960692e-24   1.3504591e-09   1.1055083e-04   5.1895226e-03   1.8081506e-02   2.5058123e-02   2.7001998e-02   2.7532976e-02
   3.1500000e+00   0.0000000e+00  1.2400114e-180   3.4577414e-64   1.6487234e-23   1.9191212e-09   1.2017871e-04   5.2479412e-03   1.8106782e-02   2.5064566e-02   2.7003690e-02   2.7533478e-02
   3.6000000e+00   0.0000000e+00  4.7022495e-177   7.0131865e-63   4.5626993e-23   2.7253810e-09   1.3155747e-04   5.3153465e-03   1.8135925e-02   2.5071999e-02   2.7005642e-02   2.7534058e-02
   4.0500000e+00   0.0000000e+00  1.2789791e-173   1.2328870e-61   1.2496357e-22   3.8617417e-09   1.4480492e-04   5.3917377e-03   1.8168927e-02   2.5080421e-02   2.7007855e-02   2.7534716e-02
   4.5000000e+00   0.0000000e+00  2.5940662e-170   1.9084604e-60   3.3871365e-22   5.4557345e-09   1.6005601e-04   5.4771134e-03   1.8205777e-02   2.5089830e-02   2.7010327e-02   2.7535450e-02
   4.9500000e+00   0.0000000e+00  2.1301599e-167   2.6356168e-59   9.0859591e-22   7.6822496e-09   1.7746337e-04   5.5714720e-03   1.8246464e-02   2.5100227e-02   2.7013060e-02   2.7536263e-02
   5.4000000e+00   0.0000000e+00 -1.5619014e-163   3.3133531e-58   2.4121215e-21   1.0780008e-08   1.9719786e-04   5.6748110e-03   1.8290975e-02   2.5111610e-02   2.7016052e-02   2.7537152e-02
   5.8500000e+00   0.0000000e+00 -1.2459563e-159   4.0285902e-57   6.3375218e-21   1.5073449e-08   2.1944916e-04   5.7871271e-03   1.8339298e-02   2.5123979e-02   2.7019305e-02   2.7538119e-02
   6.3000000e+00   0.0000000e+00 -6.0079865e-156   5.4822237e-56   1.6479068e-20   2.1001670e-08   2.4442640e-04   5.9084160e-03   1.8391416e-02   2.5137331e-02   2.7022818e-02   2.7539163e-02
   6.7500000e+00   0.0000000e+00 -2.0752593e-152   9.5244157e-55   4.2407134e-20   2.9156513e-08   2.7235877e-04   6.0386726e-03   1.8447314e-02   2.5151666e-02   2.7026590e-02   2.7540284e-02
   7.2000000e+00   0.0000000e+00 -3.5117235e-149   1.9147744e-53   1.0800344e-19   4.0332450e-08   3.0349624e-04   6.1778901e-03   1.8506974e-02   2.5166982e-02   2.7030622e-02   2.7541483e-02
   7.6500000e+00   0.0000000e+00  4.5654964e-146   3.7006510e-52   2.7222454e-19   5.5591628e-08   3.3811016e-04   6.3260605e-03   1.8570377e-02   2.5183277e-02   2.7034914e-02   2.7542759e-02
   8.1000000e+00   0.0000000e+00  2.1708077e-142   6.2831744e-51   6.7905699e-19   7.6348287e-08   3.7649396e-04   6.4831739e-03   1.8637505e-02   2.5200551e-02   2.7039465e-02   2.7544112e-02
   8.5500000e+00   0.0000000e+00  3.3007202e-139   9.2170278e-50   1.6763816e-18   1.0447782e-07   4.1896376e-04   6.6492189e-03   1.8708336e-02   2.5218802e-02   2.7044276e-02   2.7545543e-02
   9.0000000e+00   0.0000000e+00  3.5234328e-136   1.1803137e-48   4.0956819e-18   1.4245698e-07   4.6585901e-04   6.8241816e-03   1.8782848e-02   2.5238027e-02   2.7049347e-02   2.7547051e-02
   9.4500000e+00   0.0000000e+00  2.8545417e-133   1.3400997e-47   9.9029813e-18   1.9354336e-07   5.1754304e-04   7.0080462e-03   1.8861017e-02   2.5258226e-02   2.7054676e-02   2.7548636e-02
   9.9000000e+00   0.0000000e+00  1.1685406e-130   1.3693908e-46   2.3696951e-17   2.6200395e-07   5.7440360e-04   7.2007943e-03   1.8942820e-02   2.5279395e-02   2.7060265e-02   2.7550298e-02
   1.0350000e+01   0.0000000e+00 -1.8151129e-127   1.2867921e-45   5.6118561e-17   3.5340492e-07   6.3685331e-04   7.4024046e-03   1.9028231e-02   2.5301533e-02   2.7066113e-02   2.7552038e-02
   1.0800000e+01   0.0000000e+00 -6.3949485e-124   1.1712681e-44   1.3152515e-16   4.7497715e-07   7.0533003e-04   7.6128530e-03   1.9117223e-02   2.5324638e-02   2.7072221e-02   2.7553855e-02
   1.1250000e+01   0.0000000e+00 -1.2350489e-120   1.1544557e-43   3.0507007e-16   6.3607511e-07   7.8029715e-04   7.8321124e-03   1.9209767e-02   2.5348708e-02   2.7078587e-02   2.7555750e-02
   1.1700000e+01   0.0000000e+00 -1.7223775e-117   1.3729017e-42   7.0029077e-16   8.4875013e-07   8.6224376e-04   8.0601521e-03   1.9305835e-02   2.5373740e-02   2.7085211e-02   2.7557721e-02
   1.2150000e+01   0.0000000e+00 -1.2960254e-114   1.8717303e-41   1.5909041e-15   1.1284629e-06   9.5168472e-04   8.2969377e-03   1.9405397e-02   2.5399732e-02   2.7092095e-02   2.7559770e-02
   1.2600000e+01  2.0108472e-321  4.1455541e-112   2.5189129e-40   3.5768001e-15   1.4949646e-06   1.0491605e-03   8.5424311e-03   1.9508421e-02   2.5426681e-02   2.7099237e-02   2.7561896e-02
   1.3050000e+01  2.7707621e-312  1.0586259e-108   3.0460512e-39   7.9584510e-15   1.9733810e-06   1.1552372e-03   8.7965900e-03   1.9614874e-02   2.5454584e-02   2.7106637e-02   2.7564100e-02
   1.3500000e+01  1.2795803e-303  6.4413301e-106   3.2240524e-38   1.7524443e-14   2.5955391e-06   1.2705055e-03   9.0593679e-03   1.9724722e-02   2.5483440e-02   2.7114295e-02   2.7566380e-02
   1.3950000e+01  1.8213621e-295  2.6878459e-103   3.0031242e-37   3.8189249e-14   3.4015825e-06   1.3955810e-03   9.3307135e-03   1.9837932e-02   2.5513245e-02   2.7122212e-02   2.7568738e-02
   1.4400000e+01  5.2313557e-288  8.6431823e-101   2.4979509e-36   8.2360668e-14   4.4419271e-06   1.5311026e-03   9.6105709e-03   1.9954465e-02   2.5543996e-02   2.7130386e-02   2.7571173e-02
   1.4850000e+01  6.7236258e-281   1.6215728e-98   1.8855198e-35   1.7578519e-13   5.7796156e-06   1.6777318e-03   9.8988792e-03   2.0074286e-02   2.5575690e-02   2.7138819e-02   2.7573686e-02
   1.5300000e+01 -6.0711426e-273  -5.3774783e-96   1.3201825e-34   3.7130536e-13   7.4931382e-06   1.8361517e-03   1.0195572e-02   2.0197355e-02   2.5608324e-02   2.7147509e-02   2.7576275e-02
   1.5750000e+01 -1.2962473e-264  -8.9614539e-93   8.9633446e-34   7.7619394e-13   9.6797886e-06   2.0070649e-03   1.0500578e-02   2.0323634e-02   2.5641896e-02   2.7156456e-02   2.7578942e-02
   1.6200000e+01 -9.4704575e-257  -6.9831246e-90   6.4252906e-33   1.6058436e-12   1.2459638e-05   2.1911926e-03   1.0813819e-02   2.0453081e-02   2.5676401e-02   2.7165660e-02   2.7581686e-02
   1.6650000e+01 -1.6983701e-249  -3.9391380e-87   5.3001996e-32   3.2880169e-12   1.5980207e-05   2.3892718e-03   1.1135213e-02   2.0585655e-02   2.5711836e-02   2.7175122e-02   2.7584507e-02
   1.7100000e+01 -1.5240474e-242  -1.2997882e-84   4.9256252e-31   6.6629449e-12   2.0421930e-05   2.6020536e-03   1.1464670e-02   2.0721313e-02   2.5748198e-02   2.7184840e-02   2.7587406e-02
   1.7550000e+01  3.2202627e-236   8.4887237e-83   4.6009245e-30   1.3362972e-11   2.6004504e-05   2.8303003e-03   1.1802094e-02   2.0860010e-02   2.5785483e-02   2.7194816e-02   2.7590381e-02
   1.8000000e+01  6.3105490e-228   1.4368460e-79   3.9454097e-29   2.6524517e-11   3.2994203e-05   3.0747829e-03   1.2147384e-02   2.1001702e-02   2.5823688e-02   2.7205047e-02   2.7593434e-02
   1.8450000e+01  1.9593104e-220   3.4873355e-77   3.0031817e-28   5.2107750e-11   4.1712276e-05   3.3362777e-03   1.2500432e-02   2.1146342e-02   2.5862808e-02   2.7215536e-02   2.7596564e-02
   1.8900000e+01  1.5872544e-213   5.6619599e-75   2.0299784e-27   1.0131414e-10   5.2544483e-05   3.6155631e-03   1.2861121e-02   2.1293883e-02   2.5902840e-02   2.7226280e-02   2.7599771e-02
   1.9350000e+01  2.5546216e-207   7.1871447e-73   1.2343825e-26   1.9496333e-10   6.5951879e-05   3.9134159e-03   1.3229330e-02   2.1444276e-02   2.5943780e-02   2.7237280e-02   2.7603055e-02
   1.9800000e+01  2.2600294e-201   5.9010025e-71   6.8633559e-26   3.7132352e-10   8.2482879e-05   4.2306072e-03   1.3604931e-02   2.1597471e-02   2.5985624e-02   2.7248535e-02   2.7606416e-02
   2.0250000e+01 -7.0037057e-195  -3.6807335e-69   3.5647090e-25   6.9995348e-10   1.0278667e-04   4.5678986e-03   1.3987785e-02   2.1753419e-02   2.6028367e-02   2.7260047e-02   2.7609855e-02
   2.0700000e+01 -1.2004694e-187  -3.3906608e-66   1.7956864e-24   1.3058768e-09   1.2762796e-04   4.9260373e-03   1.4377751e-02   2.1912066e-02   2.6072006e-02   2.7271813e-02   2.7613370e-02
   2.1150000e+01 -1.3637221e-180  -1.0771622e-63   9.3661564e-24   2.4112870e-09   1.5790309e-04   5.3057515e-03   1.4774676e-02   2.2073361e-02   2.6116536e-02   2.7283835e-02   2.7616963e-02
   2.1600000e+01 -1.3406870e-173  -2.4611243e-61   5.4165525e-23   4.4066130e-09   1.9465741e-04   5.7077458e-03   1.5178404e-02   2.2237249e-02   2.6161952e-02   2.7296111e-02   2.7620633e-02
   2.2050000e+01 -9.8136985e-167  -3.5108547e-59   3.4631113e-22   7.9701091e-09   2.3910378e-04   6.1326958e-03   1.5588768e-02   2.2403676e-02   2.6208250e-02   2.7308642e-02   2.7624380e-02
   2.2500000e+01  7.7036443e-166   1.5529583e-58   2.2520823e-21   1.4266582e-08   2.9264213e-04   6.5812429e-03   1.6005594e-02   2.2572585e-02   2.6255425e-02   2.7321427e-02   2.7628204e-02
   2.2950000e+01  8.6087055e-155   5.1869272e-55   1.3714360e-20   2.5273449e-08   3.5687973e-04   7.0539889e-03   1.6428703e-02   2.2743919e-02   2.6303473e-02   2.7334466e-02   2.7632105e-02
   2.3400000e+01  1.0317418e-149   5.0449116e-53   7.5255707e-20   4.4308901e-08   4.3365192e-04   7.5514904e-03   1.6857905e-02   2.2917620e-02   2.6352388e-02   2.7347759e-02   2.7636083e-02
   2.3850000e+01  9.2141624e-145   3.2030690e-51   3.7055809e-19   7.6876471e-08   5.2504288e-04   8.0742535e-03   1.7293004e-02   2.3093629e-02   2.6402167e-02   2.7361305e-02   2.7640138e-02
   2.4300000e+01  7.1834908e-140   1.6121059e-49   1.6557695e-18   1.3199807e-07   6.3340601e-04   8.6227277e-03   1.7733798e-02   2.3271886e-02   2.6452802e-02   2.7375105e-02   2.7644270e-02
   2.4750000e+01  4.2444835e-135   5.6955372e-48   6.8235993e-18   2.2429056e-07   7.6138321e-04   9.1973008e-03   1.8180074e-02   2.3452329e-02   2.6504290e-02   2.7389158e-02   2.7648479e-02
   2.5200000e+01 -5.5567835e-130  -2.9755102e-47   2.6464868e-17   3.7715773e-07   9.1192258e-04   9.7982931e-03   1.8631614e-02   2.3634897e-02   2.6556626e-02   2.7403463e-02   2.7652765e-02
   2.5650000e+01 -6.7057247e-124  -3.2914020e-44   9.9544246e-17   6.2763112e-07   1.0882936e-03   1.0425952e-02   1.9088191e-02   2.3819526e-02   2.6609803e-02   2.7418021e-02   2.7657128e-02
   2.6100000e+01 -3.6961254e-118  -4.3052957e-42   3.8006559e-16   1.0336114e-06   1.2940991e-03   1.1080446e-02   1.9549573e-02   2.4006152e-02   2.6663816e-02   2.7432831e-02   2.7661568e-02
   2.6550000e+01 -4.0026232e-113  -3.8837434e-40   1.5448036e-15   1.6845506e-06   1.5332830e-03   1.1761862e-02   2.0015517e-02   2.4194710e-02   2.6718661e-02   2.7447893e-02   2.7666085e-02
   2.7000000e+01 -1.1286098e-108  -2.2303192e-38   6.7358218e-15   2.7169872e-06   1.8101326e-03   1.2470197e-02   2.0485776e-02   2.4385134e-02   2.6774330e-02   2.7463207e-02   2.7670679e-02
   2.7450000e+01 -4.8906196e-105  -1.1439764e-37   2.9972227e-14   4.3368127e-06   2.1292752e-03   1.3205357e-02   2.0960094e-02   2.4577357e-02   2.6830819e-02   2.7478771e-02   2.7675350e-02
   2.7900000e+01   2.1091313e-99   4.4837941e-35   1.2751167e-13   6.8507174e-06   2.4956667e-03   1.3967149e-02   2.1438208e-02   2.4771310e-02   2.6888121e-02   2.7494587e-02   2.7680098e-02
   2.8350000e+01   2.0554379e-94   1.8707346e-33   4.9870279e-13   1.0709923e-05   2.9145726e-03   1.4755282e-02   2.1919850e-02   2.4966926e-02   2.6946231e-02   2.7510653e-02   2.7684922e-02
   2.8800000e+01   1.0042574e-89   4.7928873e-32   1.7762722e-12   1.6570063e-05   3.3915388e-03   1.5569359e-02   2.2404743e-02   2.5164133e-02   2.7005143e-02   2.7526970e-02   2.7689824e-02
   2.9250000e+01   1.2132390e-85   9.6868177e-31   5.8061880e-12   2.5371838e-05   3.9323527e-03   1.6408878e-02   2.2892605e-02   2.5362862e-02   2.7064849e-02   2.7543537e-02   2.7694802e-02
   2.9700000e+01   5.5160548e-82   1.4587064e-29   1.7672198e-11   3.8447850e-05   4.5429933e-03   1.7273228e-02   2.3383146e-02   2.5563040e-02   2.7125345e-02   2.7560353e-02   2.7699858e-02
   3.0150000e+01  -2.0311173e-78   5.3360343e-29   5.1005257e-11   5.7661604e-05   5.2295687e-03   1.8161687e-02   2.3876072e-02   2.5764595e-02   2.7186624e-02   2.7577419e-02   2.7704990e-02
   3.0600000e+01  -2.0652570e-73  -7.8571413e-27   1.4298369e-10   8.5584997e-05   5.9982426e-03   1.9073423e-02   2.4371081e-02   2.5967455e-02   2.7248678e-02   2.7594734e-02   2.7710199e-02
   3.1050000e+01  -6.4242470e-69  -4.4143225e-25   4.0188315e-10   1.2572048e-04   6.8551473e-03   2.0007490e-02   2.4867865e-02   2.6171543e-02   2.7311503e-02   2.7612298e-02   2.7715485e-02
   3.1500000e+01  -3.9583345e-65  -1.5838920e-23   1.1685630e-09   1.8277314e-04   7.8062854e-03   2.0962833e-02   2.5366113e-02   2.6376787e-02   2.7375090e-02   2.7630109e-02   2.7720848e-02
   3.1950000e+01  -7.4895551e-62  -3.6608376e-22   3.5434561e-09   2.6297630e-04   8.8574190e-03   2.1938287e-02   2.5865506e-02   2.6583109e-02   2.7439434e-02   2.7648169e-02   2.7726287e-02
   3.2400000e+01  -3.9820193e-59  -1.5408451e-21   1.0884388e-08   3.7447087e-04   1.0013949e-02   2.2932578e-02   2.6365722e-02   2.6790433e-02   2.7504527e-02   2.7666477e-02   2.7731803e-02
   3.2850000e+01   4.8494887e-55   1.0422739e-19   3.2333904e-08   5.2773476e-04   1.1280784e-02   2.3944328e-02   2.6866431e-02   2.6998681e-02   2.7570363e-02   2.7685031e-02   2.7737396e-02
   3.3300000e+01   3.4007402e-51   1.8884545e-18   8.9814132e-08   7.3605205e-04   1.2662202e-02   2.4972056e-02   2.7367302e-02   2.7207775e-02   2.7636933e-02   2.7703833e-02   2.7743066e-02
   3.3750000e+01   1.3285159e-47   1.9619269e-17   2.3068358e-07   1.0160045e-03   1.4161707e-02   2.6014184e-02   2.7867998e-02   2.7417637e-02   2.7704232e-02   2.7722881e-02   2.7748812e-02
   3.4200000e+01   1.4715039e-44   1.6008275e-16   5.5052816e-07   1.3879581e-03   1.5781878e-02   2.7069044e-02   2.8368177e-02   2.7628185e-02   2.7772252e-02   2.7742176e-02   2.7754635e-02
   3.4650000e+01   4.8859429e-42   1.0280654e-15   1.2357286e-06   1.8765081e-03   1.7524230e-02   2.8134876e-02   2.8867494e-02   2.7839340e-02   2.7840986e-02   2.7761716e-02   2.7760535e-02
   3.5100000e+01  -2.0584113e-40   3.4551378e-15   2.6488170e-06   2.5108332e-03   1.9389061e-02   2.9209846e-02   2.9365602e-02   2.8051021e-02   2.7910425e-02   2.7781501e-02   2.7766512e-02
   3.5550000e+01  -4.3857666e-36  -3.9436711e-14   5.5195496e-06   3.3249013e-03   2.1375324e-02   3.0292043e-02   2.9862149e-02   2.8263145e-02   2.7980563e-02   2.7801532e-02   2.7772565e-02
   3.6000000e+01  -8.5295082e-33  -1.1231015e-12   1.1411652e-05   4.3574583e-03   2.3480496e-02   3.1379493e-02   3.0356779e-02   2.8475630e-02   2.8051391e-02   2.7821807e-02   2.7778694e-02
   3.6450000e+01  -3.3889249e-30  -1.6615234e-11   2.3848141e-05   5.6517282e-03   2.5700470e-02   3.2470165e-02   3.0849136e-02   2.8688393e-02   2.8122903e-02   2.7842326e-02   2.7784901e-02
   3.6900000e+01  -4.3662024e-28  -1.5680636e-10   5.0670122e-05   7.2547528e-03   2.8029467e-02   3.3561980e-02   3.1338861e-02   2.8901349e-02   2.8195089e-02   2.7863089e-02   2.7791184e-02
   3.7350000e+01  -2.1356582e-26  -3.7323019e-10   1.0780329e-04   9.2163065e-03   3.0459965e-02   3.4652822e-02   3.1825591e-02   2.9114414e-02   2.8267943e-02   2.7884095e-02   2.7797543e-02
   3.7800000e+01   9.6703500e-24   6.5174096e-09   2.2313879e-04   1.1587337e-02   3.2982662e-02   3.5740547e-02   3.2308963e-02   2.9327502e-02   2.8341455e-02   2.7905345e-02   2.7803979e-02
   3.8250000e+01   4.9012859e-21   5.1647118e-08   4.3839853e-04   1.4417913e-02   3.5586464e-02   3.6822993e-02   3.2788613e-02   2.9540528e-02   2.8415619e-02   2.7926836e-02   2.7810492e-02
   3.8700000e+01   1.3825784e-18   2.1933499e-07   8.0932155e-04   1.7754678e-02   3.8258516e-02   3.7897991e-02   3.3264175e-02   2.9753405e-02   2.8490425e-02   2.7948570e-02   2.7817081e-02
   3.9150000e+01   1.2132660e-16   7.3254278e-07   1.4076385e-03   2.1637885e-02   4.0984255e-02   3.8963376e-02   3.3735282e-02   2.9966047e-02   2.8565865e-02   2.7970546e-02   2.7823747e-02
   3.9600000e+01   2.8602002e-15   2.0431544e-06   2.3279332e-03   2.6098076e-02   4.3747516e-02   4.0016996e-02   3.4201566e-02   3.0178365e-02   2.8641930e-02   2.7992763e-02   2.7830489e-02
   4.0050000e+01   2.0022198e-14   4.2595799e-06   3.7019929e-03   3.1152583e-02   4.6530662e-02   4.1056727e-02   3.4662661e-02   3.0390272e-02   2.8718613e-02   2.8015221e-02   2.7837308e-02
   4.0500000e+01  -5.1730497e-12   1.4826526e-06   5.7263415e-03   3.6802034e-02   4.9314770e-02   4.2080477e-02   3.5118198e-02   3.0601679e-02   2.8795903e-02   2.8037919e-02   2.7844203e-02
   4.0950000e+01  -6.8587084e-10  -5.0801421e-05   8.7106729e-03   4.3027093e-02   5.2079832e-02   4.3086204e-02   3.5567812e-02   3.0812497e-02   2.8873794e-02   2.8060856e-02   2.7851174e-02
   4.1400000e+01  -1.8641088e-08  -3.6627286e-04   1.3141579e-02   4.9785710e-02   5.4805015e-02   4.4071919e-02   3.6011137e-02   3.1022637e-02   2.8952274e-02   2.8084034e-02   2.7858222e-02
   4.1850000e+01  -1.6579343e-07  -1.4738697e-03   1.9707628e-02   5.7011160e-02   5.7468931e-02   4.5035704e-02   3.6447806e-02   3.1232008e-02   2.9031337e-02   2.8107450e-02   2.7865346e-02
   4.2300000e+01  -6.6519847e-07  -1.6196093e-03   2.9169122e-02   6.4611137e-02   6.0049952e-02   4.5975712e-02   3.6877456e-02   3.1440519e-02   2.9110971e-02   2.8131105e-02   2.7872547e-02
   4.2750000e+01   1.2873713e-05   1.0509725e-02   4.2016750e-02   7.2468121e-02   6.2526534e-02   4.6890183e-02   3.7299725e-02   3.1648081e-02   2.9191169e-02   2.8154997e-02   2.7879824e-02
   4.3200000e+01   4.8650739e-04   3.5953107e-02   5.8139131e-02   8.0441202e-02   6.4877567e-02   4.7777449e-02   3.7714253e-02   3.1854601e-02   2.9271921e-02   2.8179128e-02   2.7887177e-02
   4.3650000e+01   9.8418602e-03   6.3600767e-02   7.6843423e-02   8.8369403e-02   6.7082729e-02   4.8635942e-02   3.8120682e-02   3.2059988e-02   2.9353217e-02   2.8203495e-02   2.7894606e-02
   4.4100000e+01   6.5917796e-02   9.0536902e-02   9.7197413e-02   9.6076486e-02   6.9122840e-02   4.9464200e-02   3.8518657e-02   3.2264151e-02   2.9435048e-02   2.8228099e-02   2.7902112e-02
   4.4550000e+01   1.1424181e-01   1.1690995e-01   1.1833299e-01   1.0337707e-01   7.0980219e-02   5.0260875e-02   3.8907824e-02   3.2466996e-02   2.9517404e-02   2.8252939e-02   2.7909694e-02
   4.5000000e+01   1.4303734e-01   1.4303331e-01   1.3952170e-01   1.1008380e-01   7.2639016e-02   5.1024734e-02   3.9287834e-02   3.2668432e-02   2.9600275e-02   2.8278014e-02   2.7917353e-02
   4.5450000e+01   1.7183287e-01   1.6916012e-01   1.6008570e-01   1.1601519e-01   7.4085529e-02   5.1754666e-02   3.9658340e-02   3.2868364e-02   2.9683653e-02   2.8303325e-02   2.7925087e-02
   4.5900000e+01   2.2015688e-01   1.9557518e-01   1.7923973e-01   1.2100371e-01   7.5308489e-02   5.2449685e-02   4.0019001e-02   3.3066700e-02   2.9767525e-02   2.8328870e-02   2.7932898e-02
   4.6350000e+01   2.7623283e-01   2.2277340e-01   1.9591493e-01   1.2490365e-01   7.6299310e-02   5.3108929e-02   4.0369476e-02   3.3263347e-02   2.9851884e-02   2.8354649e-02   2.7940785e-02
   4.6800000e+01   2.8558830e-01   2.5141267e-01   2.0865939e-01   1.2759814e-01   7.7052291e-02   5.3731664e-02   4.0709432e-02   3.3458211e-02   2.9936718e-02   2.8380661e-02   2.7948748e-02
   4.7250000e+01   2.8606245e-01   2.7749268e-01   2.1583082e-01   1.2900506e-01   7.7564776e-02   5.4317283e-02   4.1038538e-02   3.3651197e-02   3.0022018e-02   2.8406907e-02   2.7956787e-02
   4.7700000e+01   2.8606719e-01   2.7946487e-01   2.1622501e-01   1.2908118e-01   7.7837250e-02   5.4865303e-02   4.1356468e-02   3.3842212e-02   3.0107772e-02   2.8433385e-02   2.7964902e-02
   4.8150000e+01   2.8570165e-01   2.5467435e-01   2.0976955e-01   1.2782446e-01   7.7873388e-02   5.5375367e-02   4.1662901e-02   3.4031162e-02   3.0193971e-02   2.8460095e-02   2.7973093e-02
   4.8600000e+01   2.7778243e-01   2.2586893e-01   1.9757087e-01   1.2527422e-01   7.7680037e-02   5.5847236e-02   4.1957522e-02   3.4217952e-02   3.0280603e-02   2.8487036e-02   2.7981360e-02
   4.9050000e+01   2.2389308e-01   1.9855238e-01   1.8125987e-01   1.2150914e-01   7.7267141e-02   5.6280788e-02   4.2240019e-02   3.4402487e-02   3.0367659e-02   2.8514208e-02   2.7989704e-02
   4.9500000e+01   1.7433299e-01   1.7210850e-01   1.6232596e-01   1.1664340e-01   7.6647607e-02   5.6676015e-02   4.2510088e-02   3.4584673e-02   3.0455128e-02   2.8541611e-02   2.7998123e-02
   4.9950000e+01   1.4543600e-01   1.4598730e-01   1.4187777e-01   1.1082108e-01   7.5837106e-02   5.7033012e-02   4.2767429e-02   3.4764415e-02   3.0542998e-02   2.8569243e-02   2.8006618e-02
   5.0400000e+01   1.1700210e-01   1.1989370e-01   1.2072286e-01   1.0420935e-01   7.4853832e-02   5.7351975e-02   4.3011750e-02   3.4941618e-02   3.0631259e-02   2.8597104e-02   2.8015189e-02
   5.0850000e+01   7.1020302e-02   9.3591936e-02   9.9542136e-02   9.6990812e-02   7.3718200e-02   5.7633194e-02   4.3242762e-02   3.5116188e-02   3.0719899e-02   2.8625194e-02   2.8023836e-02
   5.1300000e+01   1.2336332e-02   6.6798606e-02   7.9052570e-02   8.9355663e-02   7.2452503e-02   5.7877042e-02   4.3460184e-02   3.5288030e-02   3.0808908e-02   2.8653511e-02   2.8032559e-02
   5.1750000e+01   6.7447076e-04   3.9285135e-02   6.0108068e-02   8.1493978e-02   7.1080537e-02   5.8083970e-02   4.3663743e-02   3.5457048e-02   3.0898273e-02   2.8682056e-02   2.8041358e-02
   5.2200000e+01   2.0755621e-05   1.3103126e-02   4.3647870e-02   7.3588731e-02   6.9627189e-02   5.8254498e-02   4.3853169e-02   3.5623149e-02   3.0987985e-02   2.8710828e-02   2.8050233e-02
   5.2650000e+01  -6.7502642e-07  -1.1880720e-03   3.0413742e-02   6.5809850e-02   6.8118007e-02   5.8389207e-02   4.4028202e-02   3.5786236e-02   3.1078031e-02   2.8739827e-02   2.8059183e-02
   5.3100000e+01  -2.2024751e-07  -1.6806451e-03   2.0591453e-02   5.8309595e-02   6.6578757e-02   5.8488726e-02   4.4188588e-02   3.5946217e-02   3.1168400e-02   2.8769050e-02   2.8068210e-02
   5.3550000e+01  -2.6687350e-08  -4.4514808e-04   1.3742897e-02   5.1219430e-02   6.5034977e-02   5.8553728e-02   4.4334079e-02   3.6102995e-02   3.1259079e-02   2.8798499e-02   2.8077312e-02
   5.4000000e+01  -1.0449266e-09  -6.6392602e-05   9.1155188e-03   4.4648403e-02   6.3511534e-02   5.8584919e-02   4.4464435e-02   3.6256476e-02   3.1350059e-02   2.8828173e-02   2.8086489e-02
   5.4450000e+01  -8.1325772e-12  -3.7645790e-07   6.0010873e-03   3.8682979e-02   6.2032197e-02   5.8583028e-02   4.4579424e-02   3.6406567e-02   3.1441325e-02   2.8858070e-02   2.8095743e-02
   5.4900000e+01   9.8855640e-15   4.3730311e-06   3.8901495e-03   3.3388113e-02   6.0619231e-02   5.8548797e-02   4.4678820e-02   3.6553173e-02   3.1532867e-02   2.8888190e-02   2.8105072e-02
   5.5350000e+01   3.1389768e-15   2.2186918e-06   2.4571972e-03   2.8809331e-02   5.9293020e-02   5.8482976e-02   4.4762406e-02   3.6696199e-02   3.1624672e-02   2.8918533e-02   2.8114477e-02
   5.5800000e+01   1.4357250e-16   8.1315582e-07   1.4970774e-03   2.4975473e-02   5.8071730e-02   5.8386313e-02   4.4829971e-02   3.6835553e-02   3.1716729e-02   2.8949098e-02   2.8123957e-02
   5.6250000e+01   2.0214342e-18   2.4861339e-07   8.7447891e-04   2.1901796e-02   5.6971014e-02   5.8259544e-02   4.4881314e-02   3.6971140e-02   3.1809025e-02   2.8979884e-02   2.8133513e-02
   5.6700000e+01   8.0930395e-21   6.0975022e-08   4.9567730e-04   1.9593093e-02   5.6003767e-02   5.8103388e-02   4.4916240e-02   3.7102867e-02   3.1901547e-02   2.9010891e-02   2.8143145e-02
   5.7150000e+01   1.8081373e-23   8.5572047e-09   2.9542587e-04   1.8046546e-02   5.5179928e-02   5.7918539e-02   4.4934562e-02   3.7230642e-02   3.1994283e-02   2.9042118e-02   2.8152852e-02
   5.7600000e+01   1.0733457e-26   3.9896579e-10   2.3244231e-04   1.7254062e-02   5.4506350e-02   5.7705657e-02   4.4936101e-02   3.7354370e-02   3.2087221e-02   2.9073565e-02   2.8162634e-02
   5.8050000e+01   5.6050436e-23   1.2667948e-08   2.8925222e-04   1.7203923e-02   5.3986717e-02   5.7465368e-02   4.4920687e-02   3.7473961e-02   3.2180348e-02   2.9105230e-02   2.8172493e-02
   5.8500000e+01   2.7557815e-20   6.7281283e-08   4.7259042e-04   1.7881639e-02   5.3621526e-02   5.7198253e-02   4.4888157e-02   3.7589320e-02   3.2273651e-02   2.9137113e-02   2.8182426e-02
   5.8950000e+01   4.1874826e-18   2.5044625e-07   8.1243204e-04   1.9269962e-02   5.3408124e-02   5.6904847e-02   4.4838357e-02   3.7700358e-02   3.2367117e-02   2.9169214e-02   2.8192435e-02
   5.9400000e+01   1.3014019e-16   7.7419765e-07   1.3615511e-03   2.1348118e-02   5.3340811e-02   5.6585632e-02   4.4771139e-02   3.7806982e-02   3.2460734e-02   2.9201531e-02   2.8202519e-02
   5.9850000e+01   2.2065006e-15   1.9295238e-06   2.1995289e-03   2.4090367e-02   5.3410984e-02   5.6241037e-02   4.4686366e-02   3.7909101e-02   3.2554488e-02   2.9234065e-02   2.8212679e-02
   6.0300000e+01  -7.7074853e-14   2.6410289e-06   3.4458005e-03   2.7464054e-02   5.3607344e-02   5.5871433e-02   4.4583908e-02   3.8006625e-02   3.2648366e-02   2.9266814e-02   2.8222914e-02
   6.0750000e+01  -2.2368006e-11  -9.9276089e-06   5.2876683e-03   3.1427400e-02   5.3916144e-02   5.5477135e-02   4.4463641e-02   3.8099463e-02   3.2742355e-02   2.9299777e-02   2.8233224e-02
   6.1200000e+01  -1.7664684e-09  -1.1312265e-04   8.0257927e-03   3.5927270e-02   5.4321480e-02   5.5058394e-02   4.4325453e-02   3.8187526e-02   3.2836442e-02   2.9332955e-02   2.8243610e-02
   6.1650000e+01  -3.3746505e-08  -6.1479564e-04   1.2116148e-02   4.0897223e-02   5.4805614e-02   5.4615405e-02   4.4169237e-02   3.8270724e-02   3.2930613e-02   2.9366346e-02   2.8254071e-02
   6.2100000e+01  -3.2135807e-07  -1.7120084e-03   1.8136587e-02   4.6256090e-02   5.5349327e-02   5.4148304e-02   4.3994895e-02   3.8348969e-02   3.3024854e-02   2.9399949e-02   2.8264607e-02
   6.2550000e+01   7.7915223e-07   2.0764763e-03   2.6591247e-02   5.1907356e-02   5.5932296e-02   5.3657165e-02   4.3802338e-02   3.8422172e-02   3.3119153e-02   2.9433765e-02   2.8275218e-02
   6.3000000e+01   1.5338227e-04   1.8707543e-02   3.7615834e-02   5.7739515e-02   5.6533477e-02   5.3142010e-02   4.3591484e-02   3.8490245e-02   3.3213495e-02   2.9467792e-02   2.8285904e-02
   6.3450000e+01   5.0647336e-03   3.9242116e-02   5.0853972e-02   6.3627539e-02   5.7131497e-02   5.2602806e-02   4.3362260e-02   3.8553101e-02   3.3307866e-02   2.9502029e-02   2.8296665e-02
   6.3900000e+01   4.3816109e-02   5.9154138e-02   6.5642859e-02   6.9435499e-02   5.7705040e-02   5.2039468e-02   4.3114600e-02   3.8610654e-02   3.3402253e-02   2.9536476e-02   2.8307502e-02
   6.4350000e+01   7.6959625e-02   7.8637634e-02   8.1292574e-02   7.5020272e-02   5.8233232e-02   5.1451866e-02   4.2848445e-02   3.8662818e-02   3.3496642e-02   2.9571132e-02   2.8318414e-02
   6.4800000e+01   9.7504976e-02   9.7977982e-02   9.7219799e-02   8.0236202e-02   5.8695993e-02   5.0839828e-02   4.2563747e-02   3.8709507e-02   3.3591018e-02   2.9605996e-02   2.8329400e-02
   6.5250000e+01   1.1691196e-01   1.1728020e-01   1.1292148e-01   8.4940477e-02   5.9074376e-02   5.0203140e-02   4.2260463e-02   3.8750636e-02   3.3685368e-02   2.9641068e-02   2.8340462e-02
   6.5700000e+01   1.3627859e-01   1.3660214e-01   1.2787000e-01   8.8998903e-02   5.9350868e-02   4.9541562e-02   4.1938558e-02   3.8786121e-02   3.3779677e-02   2.9676347e-02   2.8351598e-02
   6.6150000e+01   1.5566692e-01   1.5609646e-01   1.4137810e-01   9.2291730e-02   5.9509663e-02   4.8854820e-02   4.1598006e-02   3.8815878e-02   3.3873930e-02   2.9711832e-02   2.8362809e-02
   6.6600000e+01   1.7507534e-01   1.7637064e-01   1.5247648e-01   9.4719144e-02   5.9536886e-02   4.8142625e-02   4.1238787e-02   3.8839826e-02   3.3968114e-02   2.9747522e-02   2.8374096e-02
   6.7050000e+01   1.9465237e-01   1.9823584e-01   1.5993050e-01   9.6206011e-02   5.9420775e-02   4.7404668e-02   4.0860890e-02   3.8857880e-02   3.4062214e-02   2.9783416e-02   2.8385457e-02
   6.7500000e+01   2.1392522e-01   2.1184108e-01   1.6257972e-01   9.6705558e-02   5.9151825e-02   4.6640636e-02   4.0464311e-02   3.8869961e-02   3.4156215e-02   2.9819515e-02   2.8396893e-02
   6.7950000e+01   1.9465237e-01   1.9823584e-01   1.5993050e-01   9.6201677e-02   5.8722874e-02   4.5850211e-02   4.0049052e-02   3.8875988e-02   3.4250103e-02   2.9855816e-02   2.8408403e-02
   6.8400000e+01   1.7507534e-01   1.7637064e-01   1.5247648e-01   9.4709680e-02   5.8129156e-02   4.5033081e-02   3.9615124e-02   3.8875880e-02   3.4343862e-02   2.9892320e-02   2.8419989e-02
   6.8850000e+01   1.5566692e-01   1.5609646e-01   1.4137810e-01   9.2275438e-02   5.7368292e-02   4.4188948e-02   3.9162543e-02   3.8869558e-02   3.4437478e-02   2.9929025e-02   2.8431649e-02
   6.9300000e+01   1.3627859e-01   1.3660214e-01   1.2787000e-01   8.8972951e-02   5.6440258e-02   4.3317529e-02   3.8691336e-02   3.8856944e-02   3.4530936e-02   2.9965931e-02   2.8443384e-02
   6.9750000e+01   1.1691196e-01   1.1728020e-01   1.1292148e-01   8.4900545e-02   5.5347299e-02   4.2418570e-02   3.8201531e-02   3.8837960e-02   3.4624221e-02   3.0003037e-02   2.8455193e-02
   7.0200000e+01   9.7504976e-02   9.7977982e-02   9.7219799e-02   8.0175951e-02   5.4093816e-02   4.1491848e-02   3.7693169e-02   3.8812530e-02   3.4717318e-02   3.0040342e-02   2.8467077e-02
   7.0650000e+01   7.6959625e-02   7.8637634e-02   8.1292574e-02   7.4930627e-02   5.2686218e-02   4.0537178e-02   3.7166294e-02   3.8780577e-02   3.4810211e-02   3.0077845e-02   2.8479036e-02
   7.1100000e+01   4.3816109e-02   5.9154138e-02   6.5642859e-02   6.9303694e-02   5.1132747e-02   3.9554421e-02   3.6620956e-02   3.8742027e-02   3.4902885e-02   3.0115546e-02   2.8491069e-02
   7.1550000e+01   5.0647336e-03   3.9242116e-02   5.0853971e-02   6.3435870e-02   4.9443291e-02   3.8543490e-02   3.6057215e-02   3.8696805e-02   3.4995325e-02   3.0153443e-02   2.8503177e-02
   7.2000000e+01   1.5338227e-04   1.8707543e-02   3.7615830e-02   5.7463758e-02   4.7629168e-02   3.7504354e-02   3.5475134e-02   3.8644837e-02   3.5087515e-02   3.0191536e-02   2.8515359e-02
   7.2450000e+01   7.7915223e-07   2.0764763e-03   2.6591235e-02   5.1514803e-02   4.5702912e-02   3.6437044e-02   3.4874785e-02   3.8586052e-02   3.5179440e-02   3.0229824e-02   2.8527615e-02
   7.2900000e+01  -3.2135807e-07  -1.7120084e-03   1.8136550e-02   4.5703140e-02   4.3678041e-02   3.5341660e-02   3.4256243e-02   3.8520378e-02   3.5271084e-02   3.0268306e-02   2.8539946e-02
   7.3350000e+01  -3.3746505e-08  -6.1479564e-04   1.2116049e-02   4.0126512e-02   4.1568832e-02   3.4218374e-02   3.3619591e-02   3.8447743e-02   3.5362432e-02   3.0306982e-02   2.8552352e-02
   7.3800000e+01  -1.7664684e-09  -1.1312265e-04   8.0255388e-03   3.4864313e-02   3.9390095e-02   3.3067431e-02   3.2964920e-02   3.8368079e-02   3.5453468e-02   3.0345850e-02   2.8564831e-02
   7.4250000e+01  -2.2368006e-11  -9.9276089e-06   5.2870666e-03   2.9976759e-02   3.7156953e-02   3.1889160e-02   3.2292323e-02   3.8281316e-02   3.5544175e-02   3.0384910e-02   2.8577385e-02
   7.4700000e+01  -7.7074853e-14   2.6410289e-06   3.4444576e-03   2.5505095e-02   3.4884627e-02   3.0683970e-02   3.1601900e-02   3.8187387e-02   3.5634538e-02   3.0424161e-02   2.8590013e-02
   7.5150000e+01   2.2065006e-15   1.9295238e-06   2.1966625e-03   2.1472680e-02   3.2588239e-02   2.9452355e-02   3.0893757e-02   3.8086224e-02   3.5724541e-02   3.0463601e-02   2.8602715e-02
   7.5600000e+01   1.3014019e-16   7.7419771e-07   1.3555912e-03   1.7886785e-02   3.0282625e-02   2.8194898e-02   3.0168007e-02   3.7977762e-02   3.5814167e-02   3.0503231e-02   2.8615492e-02
   7.6050000e+01   4.1874826e-18   2.5044773e-07   8.0010832e-04   1.4740870e-02   2.7982165e-02   2.6912269e-02   2.9424766e-02   3.7861936e-02   3.5903401e-02   3.0543049e-02   2.8628343e-02
   7.6500000e+01   2.7557815e-20   6.7302622e-08   4.4678723e-04   1.2017153e-02   2.5700625e-02   2.5605227e-02   2.8664156e-02   3.7738681e-02   3.5992227e-02   3.0583054e-02   2.8641267e-02
   7.6950000e+01   5.6051115e-23   1.2859890e-08   2.3433215e-04   9.6892535e-03   2.3451024e-02   2.4274620e-02   2.7886305e-02   3.7607936e-02   3.6080627e-02   3.0623246e-02   2.8654266e-02
   7.7400000e+01   3.3577924e-26   6.7574031e-10   1.1567697e-04   7.7247711e-03   2.1245516e-02   2.2921387e-02   2.7091344e-02   3.7469637e-02   3.6168586e-02   3.0663623e-02   2.8667339e-02
   7.7850000e+01  -4.0491290e-28  -1.8774881e-10   5.4665700e-05   6.0876442e-03   1.9095291e-02   2.1546551e-02   2.6279412e-02   3.7323725e-02   3.6256087e-02   3.0704185e-02   2.8680485e-02
   7.8300000e+01  -3.0706633e-30  -2.9731067e-11   2.5457142e-05   4.7402126e-03   1.7010498e-02   2.0151225e-02   2.5450651e-02   3.7170140e-02   3.6343114e-02   3.0744931e-02   2.8693706e-02
   7.8750000e+01  -1.2876554e-32  -2.4068415e-12   1.1982922e-05   3.6449233e-03   1.5000182e-02   1.8736602e-02   2.4605208e-02   3.7008822e-02   3.6429650e-02   3.0785859e-02   2.8707000e-02
   7.9200000e+01  -1.5118533e-35  -1.2772475e-13   5.7361590e-06   2.7656614e-03   1.3072246e-02   1.7303960e-02   2.3743234e-02   3.6839714e-02   3.6515678e-02   3.0826970e-02   2.8720369e-02
   7.9650000e+01  -4.6210303e-39  -9.8699525e-16   2.7561915e-06   2.0687153e-03   1.1233427e-02   1.5854652e-02   2.2864887e-02   3.6662760e-02   3.6601181e-02   3.0868261e-02   2.8733811e-02
   8.0100000e+01   2.8587005e-42   9.5475291e-16   1.3020926e-06   1.5234096e-03   9.4892928e-03   1.4390106e-02   2.1970326e-02   3.6477903e-02   3.6686143e-02   3.0909733e-02   2.8747327e-02
   8.0550000e+01   1.3022022e-44   1.8172687e-16   5.9300469e-07   1.1024493e-03   7.8442489e-03   1.2911821e-02   2.1059718e-02   3.6285090e-02   3.6770548e-02   3.0951384e-02   2.8760916e-02
   8.1000000e+01   2.5860679e-47   2.4126426e-17   2.5600995e-07   7.8203255e-04   6.3015688e-03   1.1421359e-02   2.0133231e-02   3.6084267e-02   3.6854377e-02   3.0993214e-02   2.8774580e-02
   8.1450000e+01   1.0969150e-50   2.5715081e-18   1.0327118e-07   5.4178257e-04   4.8634314e-03   9.9203456e-03   1.9191040e-02   3.5875382e-02   3.6937614e-02   3.1035220e-02   2.8788317e-02
   8.1900000e+01   1.5208278e-54   1.9697286e-19   3.8517360e-08   3.6455356e-04   3.5309736e-03   8.4104585e-03   1.8233323e-02   3.5658383e-02   3.7020241e-02   3.1077403e-02   2.8802127e-02
   8.2350000e+01   8.3024387e-59   5.1201561e-21   1.3272161e-08   2.3615288e-04   2.3043518e-03   6.8934262e-03   1.7260261e-02   3.5433222e-02   3.7102243e-02   3.1119762e-02   2.8816011e-02
   8.2800000e+01  -3.7135993e-62  -4.0007094e-22   4.2990701e-09   1.4501734e-04   1.1828128e-03   5.3710204e-03   1.6272040e-02   3.5199848e-02   3.7183601e-02   3.1162295e-02   2.8829969e-02
   8.3250000e+01  -2.0469541e-65  -2.8214843e-23   1.3588881e-09   8.1871898e-05   1.6477163e-04   3.8450500e-03   1.5268851e-02   3.4958214e-02   3.7264298e-02   3.1205002e-02   2.8844000e-02
   8.3700000e+01  -6.1997078e-69  -9.4137835e-25   4.3643082e-10   3.9392103e-05  -7.5210636e-04   2.3173551e-03   1.4250887e-02   3.4708274e-02   3.7344317e-02   3.1247881e-02   2.8858105e-02
   8.4150000e+01  -5.7722115e-73  -2.1526377e-26   1.4446887e-10   1.1884810e-05  -1.5708191e-03   7.8980015e-04   1.3218345e-02   3.4449982e-02   3.7423640e-02   3.1290932e-02   2.8872283e-02
   8.4600000e+01  -1.3017466e-77  -2.2435834e-28   4.8190829e-11  -5.0033766e-06  -2.2949401e-03  -7.3573224e-04   1.2171428e-02   3.4183294e-02   3.7502250e-02   3.1334154e-02   2.8886534e-02
   8.5050000e+01   2.1996463e-82   1.1957784e-29   1.5472342e-11  -1.4544811e-05  -2.9285308e-03  -2.2573481e-03   1.1110338e-02   3.3908167e-02   3.7580130e-02   3.1377545e-02   2.8900859e-02
   8.5500000e+01   8.8304671e-86   1.0990725e-30   4.4794394e-12  -1.9154662e-05  -3.4760537e-03  -3.7731486e-03   1.0035285e-02   3.3624558e-02   3.7657262e-02   3.1421105e-02   2.8915257e-02
   8.5950000e+01   1.1295700e-89   5.9320384e-32   1.0157905e-12  -2.0580255e-05  -3.9422883e-03  -5.2812366e-03   8.9464803e-03   3.3332427e-02   3.7733629e-02   3.1464833e-02   2.8929728e-02
   8.6400000e+01   3.2455257e-94   2.5156194e-33   6.7850139e-14  -2.0057846e-05  -4.3322505e-03  -6.7797233e-03   7.8441391e-03   3.3031735e-02   3.7809212e-02   3.1508727e-02   2.8944272e-02
   8.6850000e+01   3.0875371e-99   8.0438875e-35  -1.1326374e-13  -1.8439806e-05  -4.6511167e-03  -8.2667344e-03   6.7284797e-03   3.2722442e-02   3.7883994e-02   3.1552787e-02   2.8958889e-02
   8.7300000e+01  1.3777528e-104   1.1382253e-36  -1.0083161e-13  -1.6295764e-05  -4.9041533e-03  -9.7404165e-03   5.5997239e-03   3.2404511e-02   3.7957957e-02   3.1597012e-02   2.8973580e-02
   8.7750000e+01 -2.4836277e-109  -7.0699879e-38  -6.1357034e-14  -1.3991471e-05  -5.0966515e-03  -1.1198943e-02   4.4580967e-03   3.2077907e-02   3.8031083e-02   3.1641401e-02   2.8988343e-02
   8.8200000e+01 -1.0307275e-113  -6.3765436e-39  -3.2182618e-14  -1.1749076e-05  -5.2338692e-03  -1.2640520e-02   3.3038261e-03   3.1742595e-02   3.8103355e-02   3.1685952e-02   2.9003180e-02
   8.8650000e+01 -2.5453505e-118  -2.8459821e-40  -1.5533637e-14  -9.6922803e-06  -5.3209790e-03  -1.4063392e-02   2.1371432e-03   3.1398540e-02   3.8174755e-02   3.1730665e-02   2.9018089e-02
   8.9100000e+01 -5.4048404e-123  -9.4463131e-42  -7.0948837e-15  -7.8794442e-06  -5.3630227e-03  -1.5465848e-02   9.5828243e-04   3.1045710e-02   3.8245264e-02   3.1775538e-02   2.9033072e-02
   8.9550000e+01 -1.0722024e-127  -2.7024588e-43  -3.1105612e-15  -6.3273316e-06  -5.3648730e-03  -1.6846224e-02  -2.3251918e-04   3.0684074e-02   3.8314865e-02   3.1820571e-02   2.9048127e-02
   9.0000000e+01 -2.0511662e-132  -7.1548815e-45  -1.3193719e-15  -5.0277176e-06  -5.3312010e-03  -1.8202911e-02  -1.4350215e-03   3.0313602e-02   3.8383539e-02   3.1865763e-02   2.9063255e-02
