   0.0000000e+00   0.0000000e+00
   0.0000000e+00   0.0000000e+00
   0.0000000e+00   0.0000000e+00
   0.0000000e+00   0.0000000e+00
   0.0000000e+00   0.0000000e+00
   4.4444444e-01   1.8152173e-02
   5.5555556e-01   2.2690216e-02
   0.0000000e+00   0.0000000e+00
   0.0000000e+00   0.0000000e+00
   0.0000000e+00   0.0000000e+00
   0.0000000e+00   0.0000000e+00
   0.0000000e+00   0.0000000e+00
   0.0000000e+00   0.0000000e+00
   0.0000000e+00   0.0000000e+00
   0.0000000e+00   0.0000000e+00
   0.0000000e+00   0.0000000e+00
   3.3333333e-01   6.5033376e-03
   6.6666667e-01   1.3006675e-02
   0.0000000e+00   0.0000000e+00
   0.0000000e+00   0.0000000e+00
   0.0000000e+00   0.0000000e+00
   0.0000000e+00   0.0000000e+00
   0.0000000e+00   0.0000000e+00
   0.0000000e+00   0.0000000e+00
   0.0000000e+00   0.0000000e+00
   0.0000000e+00   0.0000000e+00
   0.0000000e+00   0.0000000e+00
   2.2222222e-01   3.9565215e-03
   7.7777778e-01   1.3847825e-02
   0.0000000e+00   0.0000000e+00
   0.0000000e+00   0.0000000e+00
   0.0000000e+00   0.0000000e+00
   0.0000000e+00   0.0000000e+00
   0.0000000e+00   0.0000000e+00
   0.0000000e+00   0.0000000e+00
   0.0000000e+00   0.0000000e+00
   0.0000000e+00   0.0000000e+00
   0.0000000e+00   0.0000000e+00
   1.1111111e-01   1.4445542e-03
   8.8888889e-01   1.1556434e-02
   0.0000000e+00   0.0000000e+00
   0.0000000e+00   0.0000000e+00
   0.0000000e+00   0.0000000e+00
   0.0000000e+00   0.0000000e+00
   0.0000000e+00   0.0000000e+00
   0.0000000e+00   0.0000000e+00
   0.0000000e+00   0.0000000e+00
   0.0000000e+00   0.0000000e+00
   0.0000000e+00   0.0000000e+00
   0.0000000e+00   0.0000000e+00
   1.0000000e+00   4.8402980e-02
   0.0000000e+00   0.0000000e+00
   0.0000000e+00   0.0000000e+00
   0.0000000e+00   0.0000000e+00
   0.0000000e+00   0.0000000e+00
   0.0000000e+00   0.0000000e+00
   0.0000000e+00   0.0000000e+00
   0.0000000e+00   0.0000000e+00
   0.0000000e+00   0.0000000e+00
   0.0000000e+00   0.0000000e+00
   0.0000000e+00   0.0000000e+00
   8.8888889e-01   5.4183767e-02
   1.1111111e-01   6.7729709e-03
   0.0000000e+00   0.0000000e+00
   0.0000000e+00   0.0000000e+00
   0.0000000e+00   0.0000000e+00
   0.0000000e+00   0.0000000e+00
   0.0000000e+00   0.0000000e+00
   0.0000000e+00   0.0000000e+00
   0.0000000e+00   0.0000000e+00
   0.0000000e+00   0.0000000e+00
   0.0000000e+00   0.0000000e+00
   7.7777778e-01   3.3527899e-02
   2.2222222e-01   9.5793998e-03
   0.0000000e+00   0.0000000e+00
   0.0000000e+00   0.0000000e+00
   0.0000000e+00   0.0000000e+00
   0.0000000e+00   0.0000000e+00
   0.0000000e+00   0.0000000e+00
   0.0000000e+00   0.0000000e+00
   0.0000000e+00   0.0000000e+00
   0.0000000e+00   0.0000000e+00
   0.0000000e+00   0.0000000e+00
   6.6666667e-01   2.3646433e-02
   3.3333333e-01   1.1823216e-02
   0.0000000e+00   0.0000000e+00
   0.0000000e+00   0.0000000e+00
   0.0000000e+00   0.0000000e+00
   0.0000000e+00   0.0000000e+00
   0.0000000e+00   0.0000000e+00
   0.0000000e+00   0.0000000e+00
   0.0000000e+00   0.0000000e+00
   0.0000000e+00   0.0000000e+00
   0.0000000e+00   0.0000000e+00
   5.5555556e-01   3.2402230e-02
   4.4444444e-01   2.5921784e-02
   0.0000000e+00   0.0000000e+00
   0.0000000e+00   0.0000000e+00
   0.0000000e+00   0.0000000e+00
   0.0000000e+00   0.0000000e+00
   0.0000000e+00   0.0000000e+00
   0.0000000e+00   0.0000000e+00
   0.0000000e+00   0.0000000e+00
   0.0000000e+00   0.0000000e+00
   0.0000000e+00   0.0000000e+00
   4.4444444e-01   1.4253055e-02
   5.5555556e-01   1.7816318e-02
   0.0000000e+00   0.0000000e+00
   0.0000000e+00   0.0000000e+00
   0.0000000e+00   0.0000000e+00
   0.0000000e+00   0.0000000e+00
   0.0000000e+00   0.0000000e+00
   0.0000000e+00   0.0000000e+00
   0.0000000e+00   0.0000000e+00
   0.0000000e+00   0.0000000e+00
   0.0000000e+00   0.0000000e+00
   3.3333333e-01   1.0479918e-02
   6.6666667e-01   2.0959836e-02
   0.0000000e+00   0.0000000e+00
   0.0000000e+00   0.0000000e+00
   0.0000000e+00   0.0000000e+00
   0.0000000e+00   0.0000000e+00
   0.0000000e+00   0.0000000e+00
   0.0000000e+00   0.0000000e+00
   0.0000000e+00   0.0000000e+00
   0.0000000e+00   0.0000000e+00
   0.0000000e+00   0.0000000e+00
   2.2222222e-01   3.7166141e-03
   7.7777778e-01   1.3008149e-02
   0.0000000e+00   0.0000000e+00
   0.0000000e+00   0.0000000e+00
   0.0000000e+00   0.0000000e+00
   0.0000000e+00   0.0000000e+00
   0.0000000e+00   0.0000000e+00
   0.0000000e+00   0.0000000e+00
   0.0000000e+00   0.0000000e+00
   0.0000000e+00   0.0000000e+00
   0.0000000e+00   0.0000000e+00
   1.1111111e-01   1.0215361e-03
   8.8888889e-01   8.1722888e-03
   0.0000000e+00   0.0000000e+00
   0.0000000e+00   0.0000000e+00
   0.0000000e+00   0.0000000e+00
   0.0000000e+00   0.0000000e+00
   0.0000000e+00   0.0000000e+00
   0.0000000e+00   0.0000000e+00
   0.0000000e+00   0.0000000e+00
   0.0000000e+00   0.0000000e+00
   0.0000000e+00   0.0000000e+00
   0.0000000e+00   0.0000000e+00
   1.0000000e+00   1.1202601e-02
   0.0000000e+00   0.0000000e+00
   0.0000000e+00   0.0000000e+00
   0.0000000e+00   0.0000000e+00
   0.0000000e+00   0.0000000e+00
   0.0000000e+00   0.0000000e+00
   0.0000000e+00   0.0000000e+00
   0.0000000e+00   0.0000000e+00
   0.0000000e+00   0.0000000e+00
   0.0000000e+00   0.0000000e+00
   0.0000000e+00   0.0000000e+00
   8.8888889e-01   1.2712562e-02
   1.1111111e-01   1.5890703e-03
   0.0000000e+00   0.0000000e+00
   0.0000000e+00   0.0000000e+00
   0.0000000e+00   0.0000000e+00
   0.0000000e+00   0.0000000e+00
   0.0000000e+00   0.0000000e+00
   0.0000000e+00   0.0000000e+00
   0.0000000e+00   0.0000000e+00
   0.0000000e+00   0.0000000e+00
   0.0000000e+00   0.0000000e+00
   7.7777778e-01   1.8660321e-02
   2.2222222e-01   5.3315204e-03
   0.0000000e+00   0.0000000e+00
   0.0000000e+00   0.0000000e+00
   0.0000000e+00   0.0000000e+00
   0.0000000e+00   0.0000000e+00
   0.0000000e+00   0.0000000e+00
   0.0000000e+00   0.0000000e+00
   0.0000000e+00   0.0000000e+00
   0.0000000e+00   0.0000000e+00
   0.0000000e+00   0.0000000e+00
   6.6666667e-01   9.1156592e-03
   3.3333333e-01   4.5578296e-03
   0.0000000e+00   0.0000000e+00
   0.0000000e+00   0.0000000e+00
   0.0000000e+00   0.0000000e+00
   0.0000000e+00   0.0000000e+00
   0.0000000e+00   0.0000000e+00
   0.0000000e+00   0.0000000e+00
   0.0000000e+00   0.0000000e+00
   0.0000000e+00   0.0000000e+00
   0.0000000e+00   0.0000000e+00
   5.5555556e-01   5.5468360e-03
   4.4444444e-01   4.4374688e-03
   0.0000000e+00   0.0000000e+00
   0.0000000e+00   0.0000000e+00
   0.0000000e+00   0.0000000e+00
   0.0000000e+00   0.0000000e+00
   0.0000000e+00   0.0000000e+00
   0.0000000e+00   0.0000000e+00
   0.0000000e+00   0.0000000e+00
   0.0000000e+00   0.0000000e+00
   0.0000000e+00   0.0000000e+00
   4.4444444e-01   4.4374688e-03
   5.5555556e-01   5.5468360e-03
   0.0000000e+00   0.0000000e+00
   0.0000000e+00   0.0000000e+00
   0.0000000e+00   0.0000000e+00
   0.0000000e+00   0.0000000e+00
   0.0000000e+00   0.0000000e+00
   0.0000000e+00   0.0000000e+00
   0.0000000e+00   0.0000000e+00
   0.0000000e+00   0.0000000e+00
   0.0000000e+00   0.0000000e+00
   3.3333333e-01   4.5578296e-03
   6.6666667e-01   9.1156592e-03
   0.0000000e+00   0.0000000e+00
   0.0000000e+00   0.0000000e+00
   0.0000000e+00   0.0000000e+00
   0.0000000e+00   0.0000000e+00
   0.0000000e+00   0.0000000e+00
   0.0000000e+00   0.0000000e+00
   0.0000000e+00   0.0000000e+00
   0.0000000e+00   0.0000000e+00
   0.0000000e+00   0.0000000e+00
   2.2222222e-01   5.3315204e-03
   7.7777778e-01   1.8660321e-02
   0.0000000e+00   0.0000000e+00
   0.0000000e+00   0.0000000e+00
   0.0000000e+00   0.0000000e+00
   0.0000000e+00   0.0000000e+00
   0.0000000e+00   0.0000000e+00
   0.0000000e+00   0.0000000e+00
   0.0000000e+00   0.0000000e+00
   0.0000000e+00   0.0000000e+00
   0.0000000e+00   0.0000000e+00
   1.1111111e-01   1.5890703e-03
   8.8888889e-01   1.2712562e-02
   0.0000000e+00   0.0000000e+00
   0.0000000e+00   0.0000000e+00
   0.0000000e+00   0.0000000e+00
   0.0000000e+00   0.0000000e+00
   0.0000000e+00   0.0000000e+00
   0.0000000e+00   0.0000000e+00
   0.0000000e+00   0.0000000e+00
   0.0000000e+00   0.0000000e+00
   0.0000000e+00   0.0000000e+00
   0.0000000e+00   0.0000000e+00
   1.0000000e+00   1.1202601e-02
   0.0000000e+00   0.0000000e+00
   0.0000000e+00   0.0000000e+00
   0.0000000e+00   0.0000000e+00
   0.0000000e+00   0.0000000e+00
   0.0000000e+00   0.0000000e+00
   0.0000000e+00   0.0000000e+00
   0.0000000e+00   0.0000000e+00
   0.0000000e+00   0.0000000e+00
   0.0000000e+00   0.0000000e+00
   0.0000000e+00   0.0000000e+00
   8.8888889e-01   8.1722888e-03
   1.1111111e-01   1.0215361e-03
   0.0000000e+00   0.0000000e+00
   0.0000000e+00   0.0000000e+00
   0.0000000e+00   0.0000000e+00
   0.0000000e+00   0.0000000e+00
   0.0000000e+00   0.0000000e+00
   0.0000000e+00   0.0000000e+00
   0.0000000e+00   0.0000000e+00
   0.0000000e+00   0.0000000e+00
   0.0000000e+00   0.0000000e+00
   7.7777778e-01   1.3008149e-02
   2.2222222e-01   3.7166141e-03
   0.0000000e+00   0.0000000e+00
   0.0000000e+00   0.0000000e+00
   0.0000000e+00   0.0000000e+00
   0.0000000e+00   0.0000000e+00
   0.0000000e+00   0.0000000e+00
   0.0000000e+00   0.0000000e+00
   0.0000000e+00   0.0000000e+00
   0.0000000e+00   0.0000000e+00
   0.0000000e+00   0.0000000e+00
   6.6666667e-01   2.0959836e-02
   3.3333333e-01   1.0479918e-02
   0.0000000e+00   0.0000000e+00
   0.0000000e+00   0.0000000e+00
   0.0000000e+00   0.0000000e+00
   0.0000000e+00   0.0000000e+00
   0.0000000e+00   0.0000000e+00
   0.0000000e+00   0.0000000e+00
   0.0000000e+00   0.0000000e+00
   0.0000000e+00   0.0000000e+00
   0.0000000e+00   0.0000000e+00
   5.5555556e-01   1.7816318e-02
   4.4444444e-01   1.4253055e-02
   0.0000000e+00   0.0000000e+00
   0.0000000e+00   0.0000000e+00
   0.0000000e+00   0.0000000e+00
   0.0000000e+00   0.0000000e+00
   0.0000000e+00   0.0000000e+00
   0.0000000e+00   0.0000000e+00
   0.0000000e+00   0.0000000e+00
   0.0000000e+00   0.0000000e+00
   0.0000000e+00   0.0000000e+00
   4.4444444e-01   2.5921784e-02
   5.5555556e-01   3.2402230e-02
   0.0000000e+00   0.0000000e+00
   0.0000000e+00   0.0000000e+00
   0.0000000e+00   0.0000000e+00
   0.0000000e+00   0.0000000e+00
   0.0000000e+00   0.0000000e+00
   0.0000000e+00   0.0000000e+00
   0.0000000e+00   0.0000000e+00
   0.0000000e+00   0.0000000e+00
   0.0000000e+00   0.0000000e+00
   3.3333333e-01   1.1823216e-02
   6.6666667e-01   2.3646433e-02
   0.0000000e+00   0.0000000e+00
   0.0000000e+00   0.0000000e+00
   0.0000000e+00   0.0000000e+00
   0.0000000e+00   0.0000000e+00
   0.0000000e+00   0.0000000e+00
   0.0000000e+00   0.0000000e+00
   0.0000000e+00   0.0000000e+00
   0.0000000e+00   0.0000000e+00
   0.0000000e+00   0.0000000e+00
   2.2222222e-01   9.5793998e-03
   7.7777778e-01   3.3527899e-02
   0.0000000e+00   0.0000000e+00
   0.0000000e+00   0.0000000e+00
   0.0000000e+00   0.0000000e+00
   0.0000000e+00   0.0000000e+00
   0.0000000e+00   0.0000000e+00
   0.0000000e+00   0.0000000e+00
   0.0000000e+00   0.0000000e+00
   0.0000000e+00   0.0000000e+00
   0.0000000e+00   0.0000000e+00
   1.1111111e-01   6.7729709e-03
   8.8888889e-01   5.4183767e-02
   0.0000000e+00   0.0000000e+00
   0.0000000e+00   0.0000000e+00
   0.0000000e+00   0.0000000e+00
   0.0000000e+00   0.0000000e+00
   0.0000000e+00   0.0000000e+00
   0.0000000e+00   0.0000000e+00
   0.0000000e+00   0.0000000e+00
   0.0000000e+00   0.0000000e+00
   0.0000000e+00   0.0000000e+00
   0.0000000e+00   0.0000000e+00
   1.0000000e+00   4.8402980e-02
   0.0000000e+00   0.0000000e+00
   0.0000000e+00   0.0000000e+00
   0.0000000e+00   0.0000000e+00
   0.0000000e+00   0.0000000e+00
   0.0000000e+00   0.0000000e+00
   0.0000000e+00   0.0000000e+00
   0.0000000e+00   0.0000000e+00
   0.0000000e+00   0.0000000e+00
   0.0000000e+00   0.0000000e+00
   0.0000000e+00   0.0000000e+00
   8.8888889e-01   1.1556434e-02
   1.1111111e-01   1.4445542e-03
   0.0000000e+00   0.0000000e+00
   0.0000000e+00   0.0000000e+00
   0.0000000e+00   0.0000000e+00
   0.0000000e+00   0.0000000e+00
   0.0000000e+00   0.0000000e+00
   0.0000000e+00   0.0000000e+00
   0.0000000e+00   0.0000000e+00
   0.0000000e+00   0.0000000e+00
   0.0000000e+00   0.0000000e+00
   7.7777778e-01   1.3847825e-02
   2.2222222e-01   3.9565215e-03
   0.0000000e+00   0.0000000e+00
   0.0000000e+00   0.0000000e+00
   0.0000000e+00   0.0000000e+00
   0.0000000e+00   0.0000000e+00
   0.0000000e+00   0.0000000e+00
   0.0000000e+00   0.0000000e+00
   0.0000000e+00   0.0000000e+00
   0.0000000e+00   0.0000000e+00
   0.0000000e+00   0.0000000e+00
   6.6666667e-01   1.3006675e-02
   3.3333333e-01   6.5033376e-03
   0.0000000e+00   0.0000000e+00
   0.0000000e+00   0.0000000e+00
   0.0000000e+00   0.0000000e+00
   0.0000000e+00   0.0000000e+00
   0.0000000e+00   0.0000000e+00
   0.0000000e+00   0.0000000e+00
   0.0000000e+00   0.0000000e+00
   0.0000000e+00   0.0000000e+00
   0.0000000e+00   0.0000000e+00
   5.5555556e-01   2.2690216e-02
   4.4444444e-01   1.8152173e-02
   0.0000000e+00   0.0000000e+00
   0.0000000e+00   0.0000000e+00
   0.0000000e+00   0.0000000e+00
   0.0000000e+00   0.0000000e+00
   0.0000000e+00   0.0000000e+00
