  -9.0000000e+01   1.3791285e-01   1.3854751e-01   1.8160053e-01   1.7715362e-01   1.4914377e-01   1.1468731e-01   8.5995509e-02   6.7376311e-02   5.0409895e-02   3.7568037e-02   3.1487606e-02
  -8.9550000e+01   1.3791285e-01   1.3920891e-01   1.7445972e-01   1.6888956e-01   1.4343733e-01   1.1160152e-01   8.4642941e-02   6.6748378e-02   5.0111659e-02   3.7447652e-02   3.1442885e-02
  -8.9100000e+01   1.3791285e-01   1.4036482e-01   1.6682185e-01   1.6074075e-01   1.3788551e-01   1.0859193e-01   8.3313931e-02   6.6126268e-02   4.9815266e-02   3.7327902e-02   3.1398389e-02
  -8.8650000e+01   1.3791285e-01   1.4191095e-01   1.5884553e-01   1.5272884e-01   1.3248942e-01   1.0565805e-01   8.2008185e-02   6.5509938e-02   4.9520712e-02   3.7208785e-02   3.1354118e-02
  -8.8200000e+01   1.3791289e-01   1.4273700e-01   1.5064714e-01   1.4487605e-01   1.2724986e-01   1.0279936e-01   8.0725411e-02   6.4899343e-02   4.9227993e-02   3.7090301e-02   3.1310074e-02
  -8.7750000e+01   1.3791306e-01   1.4065122e-01   1.4231080e-01   1.3720490e-01   1.2216738e-01   1.0001532e-01   7.9465310e-02   6.4294438e-02   4.8937103e-02   3.6972450e-02   3.1266255e-02
  -8.7300000e+01   1.3791013e-01   1.3473979e-01   1.3389780e-01   1.2973789e-01   1.1724225e-01   9.7305324e-02   7.8227588e-02   6.3695181e-02   4.8648037e-02   3.6855231e-02   3.1222662e-02
  -8.6850000e+01   1.3778839e-01   1.2650356e-01   1.2545467e-01   1.2249713e-01   1.1247450e-01   9.4668733e-02   7.7011947e-02   6.3101527e-02   4.8360791e-02   3.6738645e-02   3.1179294e-02
  -8.6400000e+01   1.3514739e-01   1.1759487e-01   1.1701972e-01   1.1550383e-01   1.0786388e-01   9.2104874e-02   7.5818088e-02   6.2513434e-02   4.8075360e-02   3.6622689e-02   3.1136153e-02
  -8.5950000e+01   1.1717538e-01   1.0869069e-01   1.0862847e-01   1.0877786e-01   1.0340991e-01   8.9613031e-02   7.4645711e-02   6.1930858e-02   4.7791740e-02   3.6507364e-02   3.1093236e-02
  -8.5500000e+01   1.0064717e-01   9.9906258e-02   1.0031868e-01   1.0233719e-01   9.9111885e-02   8.7192452e-02   7.3494519e-02   6.1353756e-02   4.7509924e-02   3.6392670e-02   3.1050546e-02
  -8.5050000e+01   9.1010065e-02   9.1196700e-02   9.2136138e-02   9.6197385e-02   9.4968871e-02   8.4842344e-02   7.2364209e-02   6.0782086e-02   4.7229910e-02   3.6278606e-02   3.1008081e-02
  -8.4600000e+01   8.1527404e-02   8.2493054e-02   8.4143638e-02   9.0371168e-02   9.0979730e-02   8.2561876e-02   7.1254483e-02   6.0215806e-02   4.6951691e-02   3.6165172e-02   3.0965842e-02
  -8.4150000e+01   6.6192545e-02   7.3721007e-02   7.6435817e-02   8.4867955e-02   8.7143132e-02   8.0350178e-02   7.0165039e-02   5.9654873e-02   4.6675264e-02   3.6052367e-02   3.0923828e-02
  -8.3700000e+01   4.6621532e-02   6.4788042e-02   6.9159660e-02   7.9693567e-02   8.3457575e-02   7.8206344e-02   6.9095578e-02   5.9099245e-02   4.6400623e-02   3.5940190e-02   3.0882039e-02
  -8.3250000e+01   4.2732320e-02   5.5624167e-02   6.2527958e-02   7.4850018e-02   7.9921395e-02   7.6129430e-02   6.8045798e-02   5.8548881e-02   4.6127764e-02   3.5828642e-02   3.0840477e-02
  -8.2800000e+01   4.2514314e-02   4.6906138e-02   5.6792368e-02   7.0335445e-02   7.6532790e-02   7.4118457e-02   6.7015399e-02   5.8003740e-02   4.5856683e-02   3.5717722e-02   3.0799139e-02
  -8.2350000e+01   4.2507091e-02   4.2027179e-02   5.2149038e-02   6.6144174e-02   7.3289827e-02   7.2172409e-02   6.6004081e-02   5.7463780e-02   4.5587374e-02   3.5607429e-02   3.0758027e-02
  -8.1900000e+01   4.2503285e-02   4.1540596e-02   4.8625212e-02   6.2266921e-02   7.0190466e-02   7.0290238e-02   6.5011546e-02   5.6928961e-02   4.5319833e-02   3.5497763e-02   3.0717141e-02
  -8.1450000e+01   4.2408771e-02   4.1578181e-02   4.6059214e-02   5.8691122e-02   6.7232571e-02   6.8470860e-02   6.4037493e-02   5.6399241e-02   4.5054056e-02   3.5388724e-02   3.0676480e-02
  -8.1000000e+01   4.1701758e-02   4.1339461e-02   4.4197371e-02   5.5401371e-02   6.4413923e-02   6.6713160e-02   6.3081626e-02   5.5874581e-02   4.4790037e-02   3.5280311e-02   3.0636044e-02
  -8.0550000e+01   4.1028966e-02   4.1004937e-02   4.2804419e-02   5.2379941e-02   6.1732232e-02   6.5015994e-02   6.2143646e-02   5.5354941e-02   4.4527773e-02   3.5172524e-02   3.0595834e-02
  -8.0100000e+01   4.0640418e-02   4.0653644e-02   4.1709122e-02   4.9607383e-02   5.9185150e-02   6.3378185e-02   6.1223257e-02   5.4840281e-02   4.4267258e-02   3.5065363e-02   3.0555849e-02
  -7.9650000e+01   4.0264038e-02   4.0300700e-02   4.0796667e-02   4.7063157e-02   5.6770277e-02   6.1798531e-02   6.0320165e-02   5.4330561e-02   4.4008489e-02   3.4958826e-02   3.0516089e-02
  -7.9200000e+01   3.9693315e-02   3.9947695e-02   3.9985217e-02   4.4726295e-02   5.4485167e-02   6.0275801e-02   5.9434074e-02   5.3825742e-02   4.3751460e-02   3.4852914e-02   3.0476554e-02
  -7.8750000e+01   3.8865144e-02   3.9600681e-02   3.9205636e-02   4.2576059e-02   5.2327330e-02   5.8808741e-02   5.8564693e-02   5.3325785e-02   4.3496168e-02   3.4747626e-02   3.0437245e-02
  -7.8300000e+01   3.8651226e-02   3.9288325e-02   3.8388922e-02   4.0592580e-02   5.0294239e-02   5.7396072e-02   5.7711729e-02   5.2830651e-02   4.3242607e-02   3.4642962e-02   3.0398161e-02
  -7.7850000e+01   3.8637598e-02   3.9019390e-02   3.7464918e-02   3.8757455e-02   4.8383322e-02   5.6036494e-02   5.6874894e-02   5.2340302e-02   4.2990774e-02   3.4538921e-02   3.0359303e-02
  -7.7400000e+01   3.8636853e-02   3.8307058e-02   3.6376537e-02   3.7054269e-02   4.6591963e-02   5.4728690e-02   5.6053899e-02   5.1854700e-02   4.2740663e-02   3.4435503e-02   3.0320669e-02
  -7.6950000e+01   3.8619221e-02   3.6606176e-02   3.5101722e-02   3.5469034e-02   4.4917494e-02   5.3471321e-02   5.5248458e-02   5.1373807e-02   4.2492271e-02   3.4332708e-02   3.0282261e-02
  -7.6500000e+01   3.8146861e-02   3.4606650e-02   3.3660561e-02   3.3990509e-02   4.3357189e-02   5.2263036e-02   5.4458286e-02   5.0897584e-02   4.2245593e-02   3.4230535e-02   3.0244078e-02
  -7.6050000e+01   3.4390308e-02   3.2648303e-02   3.2098367e-02   3.2610398e-02   4.1908251e-02   5.1102469e-02   5.3683102e-02   5.0425996e-02   4.2000624e-02   3.4128983e-02   3.0206120e-02
  -7.5600000e+01   3.0845046e-02   3.0730388e-02   3.0462944e-02   3.1323403e-02   4.0567802e-02   4.9988243e-02   5.2922624e-02   4.9959005e-02   4.1757361e-02   3.4028053e-02   3.0168387e-02
  -7.5150000e+01   2.8779966e-02   2.8829817e-02   2.8793800e-02   3.0127153e-02   3.9332873e-02   4.8918971e-02   5.2176575e-02   4.9496574e-02   4.1515799e-02   3.3927744e-02   3.0130879e-02
  -7.4700000e+01   2.6807676e-02   2.6932924e-02   2.7123353e-02   2.9021991e-02   3.8200385e-02   4.7893260e-02   5.1444679e-02   4.9038667e-02   4.1275933e-02   3.3828056e-02   3.0093596e-02
  -7.4250000e+01   2.4166526e-02   2.5029733e-02   2.5483429e-02   2.8010654e-02   3.7167140e-02   4.6909712e-02   5.0726663e-02   4.8585247e-02   4.1037759e-02   3.3728988e-02   3.0056539e-02
  -7.3800000e+01   1.9715955e-02   2.3106791e-02   2.3913127e-02   2.7097861e-02   3.6229804e-02   4.5966925e-02   5.0022256e-02   4.8136279e-02   4.0801274e-02   3.3630540e-02   3.0019706e-02
  -7.3350000e+01   1.7870635e-02   2.1136984e-02   2.2465256e-02   2.6289833e-02   3.5384896e-02   4.5063498e-02   4.9331189e-02   4.7691727e-02   4.0566472e-02   3.3532711e-02   2.9983098e-02
  -7.2900000e+01   1.7720897e-02   1.9140878e-02   2.1204743e-02   2.5593760e-02   3.4628773e-02   4.4198033e-02   4.8653198e-02   4.7251556e-02   4.0333350e-02   3.3435501e-02   2.9946716e-02
  -7.2450000e+01   1.7714731e-02   1.7733251e-02   2.0190690e-02   2.5017257e-02   3.3957622e-02   4.3369134e-02   4.7988019e-02   4.6815730e-02   4.0101903e-02   3.3338910e-02   2.9910558e-02
  -7.2000000e+01   1.7714955e-02   1.7579651e-02   1.9448089e-02   2.4567806e-02   3.3367452e-02   4.2575413e-02   4.7335394e-02   4.6384216e-02   3.9872126e-02   3.3242937e-02   2.9874626e-02
  -7.1550000e+01   1.7722082e-02   1.7723473e-02   1.8955890e-02   2.4252220e-02   3.2854089e-02   4.1815488e-02   4.6695064e-02   4.5956978e-02   3.9644017e-02   3.3147582e-02   2.9838918e-02
  -7.1100000e+01   1.7778004e-02   1.7792251e-02   1.8665809e-02   2.4076120e-02   3.2413171e-02   4.1087991e-02   4.6066776e-02   4.5533983e-02   3.9417571e-02   3.3052844e-02   2.9803435e-02
  -7.0650000e+01   1.7825828e-02   1.7827934e-02   1.8531398e-02   2.4043459e-02   3.2040154e-02   4.0391566e-02   4.5450279e-02   4.5115197e-02   3.9192783e-02   3.2958724e-02   2.9768177e-02
  -7.0200000e+01   1.7855473e-02   1.7856791e-02   1.8524194e-02   2.4156074e-02   3.1730319e-02   3.9724870e-02   4.4845326e-02   4.4700585e-02   3.8969649e-02   3.2865221e-02   2.9733144e-02
  -6.9750000e+01   1.7883476e-02   1.7884689e-02   1.8636508e-02   2.4413303e-02   3.1478779e-02   3.9086580e-02   4.4251672e-02   4.4290116e-02   3.8748165e-02   3.2772334e-02   2.9698336e-02
  -6.9300000e+01   1.7911421e-02   1.7910731e-02   1.8881224e-02   2.4811650e-02   3.1280497e-02   3.8475388e-02   4.3669077e-02   4.3883756e-02   3.8528328e-02   3.2680063e-02   2.9663752e-02
  -6.8850000e+01   1.7939396e-02   1.7923319e-02   1.9295096e-02   2.5344535e-02   3.1130307e-02   3.7890010e-02   4.3097302e-02   4.3481472e-02   3.8310133e-02   3.2588409e-02   2.9629394e-02
  -6.8400000e+01   1.7967293e-02   1.7872084e-02   1.9944051e-02   2.6002128e-02   3.1022943e-02   3.7329184e-02   4.2536114e-02   4.3083232e-02   3.8093575e-02   3.2497369e-02   2.9595260e-02
  -6.7950000e+01   1.7982279e-02   1.7689451e-02   2.0918864e-02   2.6771301e-02   3.0953061e-02   3.6791672e-02   4.1985282e-02   4.2689004e-02   3.7878652e-02   3.2406944e-02   2.9561351e-02
  -6.7500000e+01   1.8023469e-02   1.8197342e-02   2.2304951e-02   2.7635702e-02   3.0915285e-02   3.6276260e-02   4.1444579e-02   4.2298756e-02   3.7665359e-02   3.2317135e-02   2.9527667e-02
  -6.7050000e+01   2.1280399e-02   2.0975314e-02   2.4131975e-02   2.8575971e-02   3.0904236e-02   3.5781763e-02   4.0913781e-02   4.1912457e-02   3.7453691e-02   3.2227939e-02   2.9494207e-02
  -6.6600000e+01   2.4561880e-02   2.4440961e-02   2.6347020e-02   2.9570107e-02   3.0914580e-02   3.5307027e-02   4.0392668e-02   4.1530076e-02   3.7243646e-02   3.2139358e-02   2.9460973e-02
  -6.6150000e+01   2.7828137e-02   2.7772540e-02   2.8841243e-02   3.0593989e-02   3.0941072e-02   3.4850924e-02   3.9881024e-02   4.1151582e-02   3.7035218e-02   3.2051390e-02   2.9427963e-02
  -6.5700000e+01   3.1091122e-02   3.1037811e-02   3.1498360e-02   3.1622020e-02   3.0978601e-02   3.4412360e-02   3.9378636e-02   4.0776944e-02   3.6828405e-02   3.1964035e-02   2.9395177e-02
  -6.5250000e+01   3.4350454e-02   3.4287760e-02   3.4221016e-02   3.2627897e-02   3.1022236e-02   3.3990272e-02   3.8885296e-02   4.0406132e-02   3.6623202e-02   3.1877294e-02   2.9362617e-02
  -6.4800000e+01   3.7616578e-02   3.7536272e-02   3.6929014e-02   3.3585459e-02   3.1067276e-02   3.3583632e-02   3.8400799e-02   4.0039116e-02   3.6419605e-02   3.1791165e-02   2.9330281e-02
  -6.4350000e+01   4.1074285e-02   4.0792292e-02   3.9543678e-02   3.4469573e-02   3.1109290e-02   3.3191446e-02   3.7924944e-02   3.9675867e-02   3.6217611e-02   3.1705648e-02   2.9298169e-02
  -6.3900000e+01   4.6652218e-02   4.4080454e-02   4.1967725e-02   3.5257012e-02   3.1144166e-02   3.2812754e-02   3.7457532e-02   3.9316355e-02   3.6017215e-02   3.1620743e-02   2.9266282e-02
  -6.3450000e+01   5.3173939e-02   4.7480129e-02   4.4066539e-02   3.5927288e-02   3.1168144e-02   3.2446632e-02   3.6998371e-02   3.8960551e-02   3.5818414e-02   3.1536450e-02   2.9234620e-02
  -6.3000000e+01   5.4000551e-02   5.1074495e-02   4.5666604e-02   3.6463377e-02   3.1177852e-02   3.2092195e-02   3.6547271e-02   3.8608427e-02   3.5621204e-02   3.1452768e-02   2.9203183e-02
  -6.2550000e+01   5.4026237e-02   5.3658079e-02   4.6597025e-02   3.6852295e-02   3.1170338e-02   3.1748592e-02   3.6104046e-02   3.8259953e-02   3.5425581e-02   3.1369697e-02   2.9171970e-02
  -6.2100000e+01   5.4018944e-02   5.2582084e-02   4.6771136e-02   3.7085507e-02   3.1143088e-02   3.1415010e-02   3.5668514e-02   3.7915103e-02   3.5231541e-02   3.1287237e-02   2.9140981e-02
  -6.1650000e+01   5.3837317e-02   4.9978776e-02   4.6240203e-02   3.7159122e-02   3.1094045e-02   3.1090673e-02   3.5240497e-02   3.7573847e-02   3.5039081e-02   3.1205387e-02   2.9110217e-02
  -6.1200000e+01   5.1599591e-02   4.7506542e-02   4.5158340e-02   3.7073890e-02   3.1021618e-02   3.0774845e-02   3.4819822e-02   3.7236159e-02   3.4848197e-02   3.1124147e-02   2.9079678e-02
  -6.0750000e+01   4.6202623e-02   4.5157497e-02   4.3699013e-02   3.6834980e-02   3.0924679e-02   3.0466826e-02   3.4406317e-02   3.6902012e-02   3.4658885e-02   3.1043517e-02   2.9049363e-02
  -6.0300000e+01   4.2999842e-02   4.2847480e-02   4.2000481e-02   3.6451589e-02   3.0802565e-02   3.0165952e-02   3.3999817e-02   3.6571377e-02   3.4471142e-02   3.0963496e-02   2.9019272e-02
  -5.9850000e+01   4.0608153e-02   4.0547305e-02   4.0157988e-02   3.5936389e-02   3.0655055e-02   2.9871599e-02   3.3600158e-02   3.6244229e-02   3.4284964e-02   3.0884084e-02   2.8989406e-02
  -5.9400000e+01   3.8103940e-02   3.8242900e-02   3.8238102e-02   3.5304864e-02   3.0482360e-02   2.9583178e-02   3.3207183e-02   3.5920542e-02   3.4100347e-02   3.0805280e-02   2.8959765e-02
  -5.8950000e+01   3.3804793e-02   3.5918626e-02   3.6295187e-02   3.4574581e-02   3.0285086e-02   2.9300140e-02   3.2820737e-02   3.5600289e-02   3.3917287e-02   3.0727085e-02   2.8930348e-02
  -5.8500000e+01   2.9249423e-02   3.3551541e-02   3.4383556e-02   3.3764434e-02   3.0064208e-02   2.9021969e-02   3.2440668e-02   3.5283444e-02   3.3735781e-02   3.0649499e-02   2.8901155e-02
  -5.8050000e+01   2.8676622e-02   3.1150154e-02   3.2562466e-02   3.2893910e-02   2.9821032e-02   2.8748186e-02   3.2066830e-02   3.4969982e-02   3.3555826e-02   3.0572520e-02   2.8872187e-02
  -5.7600000e+01   2.8655247e-02   2.9065233e-02   3.0888916e-02   3.1982407e-02   2.9557147e-02   2.8478347e-02   3.1699079e-02   3.4659879e-02   3.3377418e-02   3.0496148e-02   2.8843443e-02
  -5.7150000e+01   2.8653716e-02   2.7920132e-02   2.9398437e-02   3.1048639e-02   2.9274388e-02   2.8212043e-02   3.1337276e-02   3.4353108e-02   3.3200553e-02   3.0420384e-02   2.8814923e-02
  -5.6700000e+01   2.8620155e-02   2.7141771e-02   2.8090071e-02   3.0110132e-02   2.8974781e-02   2.7948899e-02   3.0981285e-02   3.4049646e-02   3.3025229e-02   3.0345227e-02   2.8786628e-02
  -5.6250000e+01   2.8094042e-02   2.6302952e-02   2.6933205e-02   2.9182848e-02   2.8660500e-02   2.7688570e-02   3.0630974e-02   3.3749467e-02   3.2851440e-02   3.0270676e-02   2.8758557e-02
  -5.5800000e+01   2.6057248e-02   2.5434089e-02   2.5889225e-02   2.8280909e-02   2.8333811e-02   2.7430746e-02   3.0286214e-02   3.3452549e-02   3.2679185e-02   3.0196731e-02   2.8730710e-02
  -5.5350000e+01   2.4653620e-02   2.4564947e-02   2.4927856e-02   2.7416431e-02   2.7997031e-02   2.7175146e-02   2.9946880e-02   3.3158868e-02   3.2508459e-02   3.0123393e-02   2.8703088e-02
  -5.4900000e+01   2.3727956e-02   2.3698756e-02   2.4031615e-02   2.6599461e-02   2.7652478e-02   2.6921519e-02   2.9612852e-02   3.2868399e-02   3.2339259e-02   3.0050660e-02   2.8675690e-02
  -5.4450000e+01   2.2772368e-02   2.2831031e-02   2.3194417e-02   2.5837982e-02   2.7302425e-02   2.6669643e-02   2.9284012e-02   3.2581120e-02   3.2171582e-02   2.9978533e-02   2.8648516e-02
  -5.4000000e+01   2.1117711e-02   2.1953772e-02   2.2420291e-02   2.5137981e-02   2.6949065e-02   2.6419323e-02   2.8960246e-02   3.2297008e-02   3.2005424e-02   2.9907011e-02   2.8621567e-02
  -5.3550000e+01   1.9378873e-02   2.1053355e-02   2.1723791e-02   2.4503571e-02   2.6594468e-02   2.6170389e-02   2.8641442e-02   3.2016041e-02   3.1840782e-02   2.9836093e-02   2.8594842e-02
  -5.3100000e+01   1.9146268e-02   2.0123673e-02   2.1129527e-02   2.3937125e-02   2.6240556e-02   2.5922697e-02   2.8327495e-02   3.1738195e-02   3.1677653e-02   2.9765780e-02   2.8568340e-02
  -5.2650000e+01   1.9136529e-02   1.9334486e-02   2.0665577e-02   2.3439442e-02   2.5889070e-02   2.5676126e-02   2.8018299e-02   3.1463450e-02   3.1516033e-02   2.9696072e-02   2.8542064e-02
  -5.2200000e+01   1.9136494e-02   1.9158349e-02   2.0349053e-02   2.3009906e-02   2.5541554e-02   2.5430578e-02   2.7713755e-02   3.1191782e-02   3.1355920e-02   2.9626967e-02   2.8516011e-02
  -5.1750000e+01   1.9141152e-02   1.9377780e-02   2.0173817e-02   2.2646651e-02   2.5199338e-02   2.5185973e-02   2.7413766e-02   3.0923172e-02   3.1197309e-02   2.9558467e-02   2.8490183e-02
  -5.1300000e+01   1.9223930e-02   1.9602424e-02   2.0113347e-02   2.2346716e-02   2.4863528e-02   2.4942253e-02   2.7118236e-02   3.0657598e-02   3.1040198e-02   2.9490569e-02   2.8464578e-02
  -5.0850000e+01   1.9640465e-02   1.9799768e-02   2.0135281e-02   2.2106193e-02   2.4535001e-02   2.4699377e-02   2.6827076e-02   3.0395038e-02   3.0884584e-02   2.9423275e-02   2.8439198e-02
  -5.0400000e+01   1.9966841e-02   1.9987523e-02   2.0213156e-02   2.1920362e-02   2.4214407e-02   2.4457320e-02   2.6540198e-02   3.0135472e-02   3.0730463e-02   2.9356584e-02   2.8414042e-02
  -4.9950000e+01   2.0168662e-02   2.0172784e-02   2.0329498e-02   2.1783817e-02   2.3902174e-02   2.4216072e-02   2.6257518e-02   2.9878880e-02   3.0577832e-02   2.9290496e-02   2.8389111e-02
  -4.9500000e+01   2.0373771e-02   2.0358066e-02   2.0474024e-02   2.1690578e-02   2.3598522e-02   2.3975637e-02   2.5978952e-02   2.9625242e-02   3.0426688e-02   2.9225010e-02   2.8364403e-02
  -4.9050000e+01   2.0725545e-02   2.0544663e-02   2.0641264e-02   2.1634202e-02   2.3303474e-02   2.3736032e-02   2.5704423e-02   2.9374538e-02   3.0277027e-02   2.9160126e-02   2.8339919e-02
  -4.8600000e+01   2.1108048e-02   2.0732123e-02   2.0829114e-02   2.1607877e-02   2.3016877e-02   2.3497283e-02   2.5433856e-02   2.9126748e-02   3.0128848e-02   2.9095844e-02   2.8315660e-02
  -4.8150000e+01   2.1164255e-02   2.0914041e-02   2.1037925e-02   2.1604527e-02   2.2738422e-02   2.3259428e-02   2.5167176e-02   2.8881853e-02   2.9982147e-02   2.9032164e-02   2.8291624e-02
  -4.7700000e+01   2.1166839e-02   2.1087036e-02   2.1269063e-02   2.1616909e-02   2.2467668e-02   2.3022511e-02   2.4904314e-02   2.8639834e-02   2.9836920e-02   2.8969085e-02   2.8267813e-02
  -4.7250000e+01   2.1167081e-02   2.1319829e-02   2.1522432e-02   2.1637719e-02   2.2204067e-02   2.2786585e-02   2.4645202e-02   2.8400673e-02   2.9693165e-02   2.8906607e-02   2.8244225e-02
  -4.6800000e+01   2.1173352e-02   2.1652402e-02   2.1794263e-02   2.1659702e-02   2.1946991e-02   2.2551708e-02   2.4389774e-02   2.8164350e-02   2.9550879e-02   2.8844730e-02   2.8220862e-02
  -4.6350000e+01   2.1297298e-02   2.2011658e-02   2.2077188e-02   2.1675779e-02   2.1695757e-02   2.2317944e-02   2.4137970e-02   2.7930847e-02   2.9410058e-02   2.8783454e-02   2.8197723e-02
  -4.5900000e+01   2.2040233e-02   2.2366659e-02   2.2362156e-02   2.1679175e-02   2.1449655e-02   2.2085358e-02   2.3889728e-02   2.7700147e-02   2.9270700e-02   2.8722778e-02   2.8174807e-02
  -4.5450000e+01   2.2680465e-02   2.2715748e-02   2.2639903e-02   2.1663561e-02   2.1207970e-02   2.1854021e-02   2.3644992e-02   2.7472232e-02   2.9132803e-02   2.8662702e-02   2.8152116e-02
  -4.5000000e+01   2.3061969e-02   2.3061784e-02   2.2900756e-02   2.1623200e-02   2.0970009e-02   2.1624005e-02   2.3403706e-02   2.7247085e-02   2.8996362e-02   2.8603226e-02   2.8129649e-02
  -4.4550000e+01   2.3443473e-02   2.3407979e-02   2.3132988e-02   2.1553097e-02   2.0735117e-02   2.1395382e-02   2.3165817e-02   2.7024687e-02   2.8861376e-02   2.8544350e-02   2.8107405e-02
  -4.4100000e+01   2.4083705e-02   2.3758996e-02   2.3319958e-02   2.1449136e-02   2.0502705e-02   2.1168226e-02   2.2931275e-02   2.6805022e-02   2.8727841e-02   2.8486073e-02   2.8085386e-02
  -4.3650000e+01   2.4826641e-02   2.4126020e-02   2.3436454e-02   2.1308211e-02   2.0272254e-02   2.0942609e-02   2.2700031e-02   2.6588074e-02   2.8595754e-02   2.8428396e-02   2.8063590e-02
  -4.3200000e+01   2.4950592e-02   2.4530764e-02   2.3446611e-02   2.1128333e-02   2.0043339e-02   2.0718603e-02   2.2472039e-02   2.6373826e-02   2.8465114e-02   2.8371317e-02   2.8042019e-02
  -4.2750000e+01   2.4956887e-02   2.4892541e-02   2.3309192e-02   2.0908703e-02   1.9815634e-02   2.0496278e-02   2.2247256e-02   2.6162262e-02   2.8335916e-02   2.8314837e-02   2.8020671e-02
  -4.2300000e+01   2.4956725e-02   2.4659388e-02   2.2994071e-02   2.0649750e-02   1.9588916e-02   2.0275703e-02   2.2025637e-02   2.5953365e-02   2.8208159e-02   2.8258956e-02   2.7999548e-02
  -4.1850000e+01   2.4942564e-02   2.3701838e-02   2.2500359e-02   2.0353126e-02   1.9363072e-02   2.0056944e-02   2.1807144e-02   2.5747120e-02   2.8081839e-02   2.8203673e-02   2.7978648e-02
  -4.1400000e+01   2.4635494e-02   2.2613159e-02   2.1857694e-02   2.0021651e-02   1.9138097e-02   1.9840063e-02   2.1591737e-02   2.5543512e-02   2.7956955e-02   2.8148988e-02   2.7957972e-02
  -4.0950000e+01   2.2545895e-02   2.1561991e-02   2.1109309e-02   1.9659213e-02   1.8914092e-02   1.9625122e-02   2.1379380e-02   2.5342525e-02   2.7833502e-02   2.8094901e-02   2.7937520e-02
  -4.0500000e+01   2.0624166e-02   2.0537940e-02   2.0294818e-02   1.9270622e-02   1.8691253e-02   1.9412178e-02   2.1170038e-02   2.5144144e-02   2.7711479e-02   2.8041412e-02   2.7917291e-02
  -4.0050000e+01   1.9503664e-02   1.9525132e-02   1.9444142e-02   1.8861439e-02   1.8469866e-02   1.9201284e-02   2.0963676e-02   2.4948354e-02   2.7590884e-02   2.7988520e-02   2.7897287e-02
  -3.9600000e+01   1.8401119e-02   1.8513278e-02   1.8579797e-02   1.8437762e-02   1.8250293e-02   1.8992491e-02   2.0760264e-02   2.4755141e-02   2.7471712e-02   2.7936225e-02   2.7877507e-02
  -3.9150000e+01   1.6618140e-02   1.7493525e-02   1.7721805e-02   1.8006013e-02   1.8032959e-02   1.8785848e-02   2.0559771e-02   2.4564491e-02   2.7353963e-02   2.7884527e-02   2.7857950e-02
  -3.8700000e+01   1.4342626e-02   1.6455623e-02   1.6892455e-02   1.7572712e-02   1.7818336e-02   1.8581399e-02   2.0362167e-02   2.4376388e-02   2.7237633e-02   2.7833426e-02   2.7838617e-02
  -3.8250000e+01   1.3890430e-02   1.5393037e-02   1.6119300e-02   1.7144264e-02   1.7606923e-02   1.8379184e-02   2.0167426e-02   2.4190821e-02   2.7122720e-02   2.7782922e-02   2.7819508e-02
  -3.7800000e+01   1.3865084e-02   1.4382699e-02   1.5433210e-02   1.6726770e-02   1.7399234e-02   1.8179244e-02   1.9975521e-02   2.4007774e-02   2.7009222e-02   2.7733014e-02   2.7800623e-02
  -3.7350000e+01   1.3864226e-02   1.3788138e-02   1.4858701e-02   1.6325855e-02   1.7195776e-02   1.7981613e-02   1.9786428e-02   2.3827234e-02   2.6897135e-02   2.7683702e-02   2.7781961e-02
  -3.6900000e+01   1.3862826e-02   1.3653641e-02   1.4401772e-02   1.5946549e-02   1.6997030e-02   1.7786325e-02   1.9600121e-02   2.3649189e-02   2.6786458e-02   2.7634986e-02   2.7763523e-02
  -3.6450000e+01   1.3828971e-02   1.3567486e-02   1.4047627e-02   1.5593190e-02   1.6803439e-02   1.7593412e-02   1.9416579e-02   2.3473624e-02   2.6677188e-02   2.7586866e-02   2.7745310e-02
  -3.6000000e+01   1.3575835e-02   1.3451488e-02   1.3771172e-02   1.5269378e-02   1.6615385e-02   1.7402903e-02   1.9235781e-02   2.3300528e-02   2.6569323e-02   2.7539341e-02   2.7727319e-02
  -3.5550000e+01   1.3334953e-02   1.3326423e-02   1.3549175e-02   1.4977956e-02   1.6433179e-02   1.7214826e-02   1.9057705e-02   2.3129888e-02   2.6462861e-02   2.7492412e-02   2.7709553e-02
  -3.5100000e+01   1.3195840e-02   1.3200325e-02   1.3365567e-02   1.4721034e-02   1.6257043e-02   1.7029208e-02   1.8882332e-02   2.2961691e-02   2.6357798e-02   2.7446079e-02   2.7692010e-02
  -3.4650000e+01   1.3061084e-02   1.3074152e-02   1.3211137e-02   1.4500024e-02   1.6087105e-02   1.6846075e-02   1.8709643e-02   2.2795925e-02   2.6254134e-02   2.7400340e-02   2.7674691e-02
  -3.4200000e+01   1.2856746e-02   1.2947128e-02   1.3081803e-02   1.4315699e-02   1.5923387e-02   1.6665451e-02   1.8539621e-02   2.2632579e-02   2.6151865e-02   2.7355196e-02   2.7657596e-02
  -3.3750000e+01   1.2560233e-02   1.2817334e-02   1.2977573e-02   1.4168254e-02   1.5765798e-02   1.6487363e-02   1.8372249e-02   2.2471640e-02   2.6050990e-02   2.7310647e-02   2.7640724e-02
  -3.3300000e+01   1.2483641e-02   1.2680588e-02   1.2902148e-02   1.4057369e-02   1.5614134e-02   1.6311835e-02   1.8207509e-02   2.2313097e-02   2.5951505e-02   2.7266692e-02   2.7624076e-02
  -3.2850000e+01   1.2478746e-02   1.2543096e-02   1.2861817e-02   1.3982259e-02   1.5468075e-02   1.6138894e-02   1.8045388e-02   2.2156939e-02   2.5853410e-02   2.7223331e-02   2.7607652e-02
  -3.2400000e+01   1.2478585e-02   1.2501791e-02   1.2862317e-02   1.3941719e-02   1.5327192e-02   1.5968565e-02   1.7885869e-02   2.2003154e-02   2.5756702e-02   2.7180565e-02   2.7591452e-02
  -3.1950000e+01   1.2480017e-02   1.2631878e-02   1.2904741e-02   1.3934136e-02   1.5190949e-02   1.5800876e-02   1.7728938e-02   2.1851732e-02   2.5661378e-02   2.7138393e-02   2.7575475e-02
  -3.1500000e+01   1.2518333e-02   1.2802278e-02   1.2984285e-02   1.3957498e-02   1.5058714e-02   1.5635857e-02   1.7574582e-02   2.1702662e-02   2.5567437e-02   2.7096814e-02   2.7559722e-02
  -3.1050000e+01   1.2823031e-02   1.2963828e-02   1.3093210e-02   1.4009374e-02   1.4929770e-02   1.5473537e-02   1.7422788e-02   2.1555934e-02   2.5474877e-02   2.7055829e-02   2.7544192e-02
  -3.0600000e+01   1.3110591e-02   1.3119900e-02   1.3224754e-02   1.4086879e-02   1.4803330e-02   1.5313948e-02   1.7273541e-02   2.1411536e-02   2.5383695e-02   2.7015438e-02   2.7528886e-02
  -3.0150000e+01   1.3278092e-02   1.3274139e-02   1.3375057e-02   1.4186628e-02   1.4678554e-02   1.5157126e-02   1.7126831e-02   2.1269460e-02   2.5293890e-02   2.6975640e-02   2.7513804e-02
  -2.9700000e+01   1.3438066e-02   1.3428010e-02   1.3543380e-02   1.4304689e-02   1.4554566e-02   1.5003105e-02   1.6982644e-02   2.1129694e-02   2.5205459e-02   2.6936435e-02   2.7498945e-02
  -2.9250000e+01   1.3652293e-02   1.3581949e-02   1.3732079e-02   1.4436529e-02   1.4430475e-02   1.4851925e-02   1.6840970e-02   2.0992229e-02   2.5118401e-02   2.6897822e-02   2.7484310e-02
  -2.8800000e+01   1.4013283e-02   1.3734453e-02   1.3947130e-02   1.4576981e-02   1.4305396e-02   1.4703624e-02   1.6701796e-02   2.0857056e-02   2.5032714e-02   2.6859803e-02   2.7469899e-02
  -2.8350000e+01   1.4162958e-02   1.3877384e-02   1.4198757e-02   1.4720230e-02   1.4178474e-02   1.4558247e-02   1.6565112e-02   2.0724166e-02   2.4948395e-02   2.6822377e-02   2.7455711e-02
  -2.7900000e+01   1.4175094e-02   1.4002457e-02   1.4500219e-02   1.4859832e-02   1.4048902e-02   1.4415836e-02   1.6430906e-02   2.0593548e-02   2.4865444e-02   2.6785543e-02   2.7441747e-02
  -2.7450000e+01   1.4175631e-02   1.4243810e-02   1.4862491e-02   1.4988779e-02   1.3915945e-02   1.4276439e-02   1.6299168e-02   2.0465194e-02   2.4783857e-02   2.6749301e-02   2.7428006e-02
  -2.7000000e+01   1.4180736e-02   1.4814569e-02   1.5286523e-02   1.5099605e-02   1.3778962e-02   1.4140103e-02   1.6169887e-02   2.0339096e-02   2.4703634e-02   2.6713652e-02   2.7414489e-02
  -2.6550000e+01   1.4345031e-02   1.5492243e-02   1.5760027e-02   1.5184555e-02   1.3637423e-02   1.4006878e-02   1.6043052e-02   2.0215243e-02   2.4624772e-02   2.6678594e-02   2.7401196e-02
  -2.6100000e+01   1.5641371e-02   1.6155097e-02   1.6262159e-02   1.5235802e-02   1.3490928e-02   1.3876815e-02   1.5918654e-02   2.0093629e-02   2.4547270e-02   2.6644129e-02   2.7388126e-02
  -2.5650000e+01   1.6750113e-02   1.6806233e-02   1.6770365e-02   1.5245713e-02   1.3339222e-02   1.3749966e-02   1.5796681e-02   1.9974244e-02   2.4471126e-02   2.6610255e-02   2.7375280e-02
  -2.5200000e+01   1.7437412e-02   1.7453084e-02   1.7263151e-02   1.5207161e-02   1.3182206e-02   1.3626383e-02   1.5677124e-02   1.9857081e-02   2.4396338e-02   2.6576973e-02   2.7362657e-02
  -2.4750000e+01   1.8086630e-02   1.8098739e-02   1.7718193e-02   1.5113856e-02   1.3019948e-02   1.3506119e-02   1.5559972e-02   1.9742131e-02   2.4322905e-02   2.6544283e-02   2.7350257e-02
  -2.4300000e+01   1.8734497e-02   1.8745794e-02   1.8107374e-02   1.4960698e-02   1.2852688e-02   1.3389227e-02   1.5445215e-02   1.9629387e-02   2.4250824e-02   2.6512184e-02   2.7338082e-02
  -2.3850000e+01   1.9383091e-02   1.9403985e-02   1.8389588e-02   1.4744105e-02   1.2680840e-02   1.3275757e-02   1.5332842e-02   1.9518841e-02   2.4180095e-02   2.6480676e-02   2.7326130e-02
  -2.3400000e+01   2.0032398e-02   2.0113630e-02   1.8503713e-02   1.4462316e-02   1.2504990e-02   1.3165762e-02   1.5222843e-02   1.9410486e-02   2.4110716e-02   2.6449760e-02   2.7314401e-02
  -2.2950000e+01   2.0692482e-02   2.0928694e-02   1.8370427e-02   1.4115628e-02   1.2325892e-02   1.3059288e-02   1.5115208e-02   1.9304314e-02   2.4042685e-02   2.6419434e-02   2.7302896e-02
  -2.2500000e+01   2.1331989e-02   2.1193216e-02   1.7915295e-02   1.3706557e-02   1.2144455e-02   1.2956384e-02   1.5009927e-02   1.9200318e-02   2.3976001e-02   2.6389699e-02   2.7291614e-02
  -2.2050000e+01   1.9404934e-02   1.9645931e-02   1.7108481e-02   1.3239898e-02   1.1961735e-02   1.2857092e-02   1.4906988e-02   1.9098491e-02   2.3910662e-02   2.6360556e-02   2.7280556e-02
  -2.1600000e+01   1.7457948e-02   1.7549213e-02   1.5986104e-02   1.2722677e-02   1.1778916e-02   1.2761452e-02   1.4806382e-02   1.8998827e-02   2.3846666e-02   2.6332002e-02   2.7269721e-02
  -2.1150000e+01   1.5522641e-02   1.5558952e-02   1.4628914e-02   1.2163982e-02   1.1597287e-02   1.2669500e-02   1.4708097e-02   1.8901318e-02   2.3784013e-02   2.6304040e-02   2.7259110e-02
  -2.0700000e+01   1.3589294e-02   1.3621099e-02   1.3123080e-02   1.1574695e-02   1.1418227e-02   1.2581267e-02   1.4612123e-02   1.8805959e-02   2.3722701e-02   2.6276667e-02   2.7248722e-02
  -2.0250000e+01   1.1658112e-02   1.1695081e-02   1.1538146e-02   1.0967118e-02   1.1243175e-02   1.2496780e-02   1.4518448e-02   1.8712742e-02   2.3662728e-02   2.6249885e-02   2.7238558e-02
  -1.9800000e+01   9.7229053e-03   9.7702911e-03   9.9268543e-03   1.0354534e-02   1.1073606e-02   1.2416057e-02   1.4427063e-02   1.8621662e-02   2.3604093e-02   2.6223694e-02   2.7228617e-02
  -1.9350000e+01   7.6741842e-03   7.8414284e-03   8.3349543e-03   9.7507031e-03   1.0911004e-02   1.2339114e-02   1.4337956e-02   1.8532713e-02   2.3546795e-02   2.6198092e-02   2.7218900e-02
  -1.8900000e+01   4.3692116e-03   5.8963319e-03   6.8129091e-03   9.1693530e-03   1.0756831e-02   1.2265955e-02   1.4251115e-02   1.8445889e-02   2.3490832e-02   2.6173080e-02   2.7209406e-02
  -1.8450000e+01   5.0503822e-04   3.8988468e-03   5.4259661e-03   8.6236637e-03   1.0612505e-02   1.2196580e-02   1.4166529e-02   1.8361183e-02   2.3436204e-02   2.6148659e-02   2.7200136e-02
  -1.8000000e+01   1.5280820e-05   1.8172240e-03   4.2557899e-03   8.1257942e-03   1.0479370e-02   1.2130980e-02   1.4084188e-02   1.8278591e-02   2.3382909e-02   2.6124827e-02   2.7191089e-02
  -1.7550000e+01   6.2740651e-08   2.1166414e-04   3.3823886e-03   7.6864668e-03   1.0358669e-02   1.2069139e-02   1.4004079e-02   1.8198107e-02   2.3330945e-02   2.6101584e-02   2.7182266e-02
  -1.7100000e+01   1.7879598e-06   2.5432665e-04   2.8477946e-03   7.3146297e-03   1.0251526e-02   1.2011029e-02   1.3926192e-02   1.8119726e-02   2.3280312e-02   2.6078932e-02   2.7173665e-02
  -1.6650000e+01   4.6368153e-05   9.5717058e-04   2.6320663e-03   7.0172129e-03   1.0158918e-02   1.1956617e-02   1.3850514e-02   1.8043443e-02   2.3231008e-02   2.6056869e-02   2.7165289e-02
  -1.6200000e+01   5.9541044e-04   1.5930644e-03   2.6691087e-03   6.7989811e-03   1.0081663e-02   1.1905857e-02   1.3777035e-02   1.7969252e-02   2.3183033e-02   2.6035395e-02   2.7157136e-02
  -1.5750000e+01   1.9195910e-03   2.1754629e-03   2.8843941e-03   6.6624844e-03   1.0020402e-02   1.1858697e-02   1.3705741e-02   1.7897150e-02   2.3136385e-02   2.6014510e-02   2.7149206e-02
  -1.5300000e+01   2.7054139e-03   2.7430134e-03   3.2199149e-03   6.6080982e-03   9.9755868e-03   1.1815072e-02   1.3636623e-02   1.7827130e-02   2.3091063e-02   2.5994215e-02   2.7141500e-02
  -1.4850000e+01   3.2922301e-03   3.3073871e-03   3.6384320e-03   6.6341415e-03   9.9474771e-03   1.1774910e-02   1.3569668e-02   1.7759189e-02   2.3047066e-02   2.5974509e-02   2.7134017e-02
  -1.4400000e+01   3.9066546e-03   3.8725297e-03   4.1183009e-03   6.7370576e-03   9.9361320e-03   1.1738130e-02   1.3504864e-02   1.7693323e-02   2.3004393e-02   2.5955392e-02   2.7126757e-02
  -1.3950000e+01   4.9614779e-03   4.4406012e-03   4.6481576e-03   6.9116402e-03   9.9414123e-03   1.1704639e-02   1.3442200e-02   1.7629526e-02   2.2963043e-02   2.5936865e-02   2.7119721e-02
  -1.3500000e+01   6.0791660e-03   5.0093957e-03   5.2239219e-03   7.1512912e-03   9.9629842e-03   1.1674336e-02   1.3381665e-02   1.7567795e-02   2.2923016e-02   2.5918926e-02   2.7112909e-02
  -1.3050000e+01   6.2196987e-03   5.5621614e-03   5.8468045e-03   7.4482930e-03   1.0000327e-02   1.1647113e-02   1.3323247e-02   1.7508126e-02   2.2884309e-02   2.5901576e-02   2.7106319e-02
  -1.2600000e+01   6.2249339e-03   6.1086251e-03   6.5199444e-03   7.7940874e-03   1.0052743e-02   1.1622850e-02   1.3266934e-02   1.7450515e-02   2.2846923e-02   2.5884814e-02   2.7099954e-02
  -1.2150000e+01   6.2262892e-03   6.8289506e-03   7.2431187e-03   8.1795486e-03   1.0119371e-02   1.1601423e-02   1.3212715e-02   1.7394959e-02   2.2810857e-02   2.5868642e-02   2.7093811e-02
  -1.1700000e+01   6.2611320e-03   7.7263236e-03   8.0089576e-03   8.5952462e-03   1.0199204e-02   1.1582697e-02   1.3160580e-02   1.7341453e-02   2.2776109e-02   2.5853058e-02   2.7087892e-02
  -1.1250000e+01   6.8067939e-03   8.6508039e-03   8.8042709e-03   9.0316941e-03   1.0291107e-02   1.1566532e-02   1.3110516e-02   1.7289995e-02   2.2742679e-02   2.5838063e-02   2.7082196e-02
  -1.0800000e+01   8.9192483e-03   9.5641781e-03   9.6144503e-03   9.4795808e-03   1.0393833e-02   1.1552782e-02   1.3062514e-02   1.7240581e-02   2.2710567e-02   2.5823656e-02   2.7076724e-02
  -1.0350000e+01   1.0375016e-02   1.0467240e-02   1.0426296e-02   9.9299811e-03   1.0506050e-02   1.1541294e-02   1.3016563e-02   1.7193207e-02   2.2679770e-02   2.5809838e-02   2.7071475e-02
  -9.9000000e+00   1.1335065e-02   1.1365560e-02   1.1227811e-02   1.0374548e-02   1.0626358e-02   1.1531913e-02   1.2972652e-02   1.7147872e-02   2.2650290e-02   2.5796608e-02   2.7066450e-02
  -9.4500000e+00   1.2326150e-02   1.2265403e-02   1.2006033e-02   1.0805680e-02   1.0753311e-02   1.1524477e-02   1.2930770e-02   1.7104571e-02   2.2622124e-02   2.5783966e-02   2.7061647e-02
  -9.0000000e+00   1.4042272e-02   1.3175395e-02   1.2743814e-02   1.1216670e-02   1.0885438e-02   1.1518824e-02   1.2890909e-02   1.7063303e-02   2.2595273e-02   2.5771913e-02   2.7057069e-02
  -8.5500000e+00   1.5845703e-02   1.4110430e-02   1.3416313e-02   1.1601821e-02   1.1021264e-02   1.1514789e-02   1.2853059e-02   1.7024064e-02   2.2569735e-02   2.5760448e-02   2.7052713e-02
  -8.1000000e+00   1.6086949e-02   1.5078530e-02   1.3989873e-02   1.1956538e-02   1.1159327e-02   1.1512205e-02   1.2817210e-02   1.6986853e-02   2.2545511e-02   2.5749572e-02   2.7048581e-02
  -7.6500000e+00   1.6097050e-02   1.5895480e-02   1.4428591e-02   1.2277387e-02   1.1298198e-02   1.1510908e-02   1.2783353e-02   1.6951666e-02   2.2522599e-02   2.5739283e-02   2.7044673e-02
  -7.2000000e+00   1.6097019e-02   1.6033146e-02   1.4710098e-02   1.2562113e-02   1.1436492e-02   1.1510733e-02   1.2751479e-02   1.6918502e-02   2.2500999e-02   2.5729583e-02   2.7040987e-02
  -6.7500000e+00   1.6090130e-02   1.5723099e-02   1.4839226e-02   1.2809630e-02   1.1572884e-02   1.1511518e-02   1.2721581e-02   1.6887358e-02   2.2480711e-02   2.5720471e-02   2.7037525e-02
  -6.3000000e+00   1.5967545e-02   1.5403452e-02   1.4844782e-02   1.3019966e-02   1.1706121e-02   1.1513103e-02   1.2693651e-02   1.6858233e-02   2.2461734e-02   2.5711947e-02   2.7034287e-02
  -5.8500000e+00   1.5350699e-02   1.5114392e-02   1.4763171e-02   1.3194180e-02   1.1835025e-02   1.1515335e-02   1.2667680e-02   1.6831124e-02   2.2444068e-02   2.5704010e-02   2.7031271e-02
  -5.4000000e+00   1.4867370e-02   1.4836833e-02   1.4625111e-02   1.3334239e-02   1.1958509e-02   1.1518064e-02   1.2643662e-02   1.6806030e-02   2.2427712e-02   2.5696662e-02   2.7028480e-02
  -4.9500000e+00   1.4568492e-02   1.4562526e-02   1.4452190e-02   1.3442881e-02   1.2075571e-02   1.1521149e-02   1.2621591e-02   1.6782950e-02   2.2412665e-02   2.5689902e-02   2.7025911e-02
  -4.5000000e+00   1.4264747e-02   1.4288058e-02   1.4259204e-02   1.3523444e-02   1.2185303e-02   1.1524453e-02   1.2601460e-02   1.6761881e-02   2.2398929e-02   2.5683730e-02   2.7023566e-02
  -4.0500000e+00   1.3743806e-02   1.4010685e-02   1.4057584e-02   1.3579703e-02   1.2286892e-02   1.1527849e-02   1.2583264e-02   1.6742823e-02   2.2386501e-02   2.5678145e-02   2.7021444e-02
  -3.6000000e+00   1.3177358e-02   1.3726881e-02   1.3858074e-02   1.3615682e-02   1.2379613e-02   1.1531221e-02   1.2566997e-02   1.6725774e-02   2.2375383e-02   2.5673149e-02   2.7019546e-02
  -3.1500000e+00   1.3094118e-02   1.3435745e-02   1.3672150e-02   1.3635490e-02   1.2462835e-02   1.1534460e-02   1.2552655e-02   1.6710734e-02   2.2365573e-02   2.5668740e-02   2.7017871e-02
  -2.7000000e+00   1.3090281e-02   1.3176697e-02   1.3511295e-02   1.3643149e-02   1.2536012e-02   1.1537470e-02   1.2540234e-02   1.6697701e-02   2.2357071e-02   2.5664920e-02   2.7016419e-02
  -2.2500000e+00   1.3090189e-02   1.3069933e-02   1.3383785e-02   1.3642452e-02   1.2598681e-02   1.1540165e-02   1.2529730e-02   1.6686674e-02   2.2349878e-02   2.5661687e-02   2.7015190e-02
  -1.8000000e+00   1.3090194e-02   1.3076624e-02   1.3291351e-02   1.3636826e-02   1.2650460e-02   1.1542472e-02   1.2521140e-02   1.6677653e-02   2.2343993e-02   2.5659042e-02   2.7014185e-02
  -1.3500000e+00   1.3090195e-02   1.3087047e-02   1.3229473e-02   1.3629222e-02   1.2691044e-02   1.1544330e-02   1.2514461e-02   1.6670638e-02   2.2339416e-02   2.5656984e-02   2.7013404e-02
  -9.0000000e-01   1.3090195e-02   1.3089802e-02   1.3191153e-02   1.3622029e-02   1.2720196e-02   1.1545691e-02   1.2509692e-02   1.6665627e-02   2.2336146e-02   2.5655515e-02   2.7012845e-02
  -4.5000000e-01   1.3090195e-02   1.3090244e-02   1.3170475e-02   1.3616998e-02   1.2737753e-02   1.1546522e-02   1.2506832e-02   1.6662620e-02   2.2334185e-02   2.5654633e-02   2.7012510e-02
   0.0000000e+00   1.3090195e-02   1.3090280e-02   1.3163951e-02   1.3615201e-02   1.2743616e-02   1.1546801e-02   1.2505878e-02   1.6661618e-02   2.2333531e-02   2.5654339e-02   2.7012399e-02
   4.5000000e-01   1.3090195e-02   1.3090244e-02   1.3170475e-02   1.3616998e-02   1.2737753e-02   1.1546522e-02   1.2506832e-02   1.6662620e-02   2.2334185e-02   2.5654633e-02   2.7012510e-02
   9.0000000e-01   1.3090195e-02   1.3089802e-02   1.3191153e-02   1.3622029e-02   1.2720196e-02   1.1545691e-02   1.2509692e-02   1.6665627e-02   2.2336146e-02   2.5655515e-02   2.7012845e-02
   1.3500000e+00   1.3090195e-02   1.3087047e-02   1.3229473e-02   1.3629222e-02   1.2691044e-02   1.1544330e-02   1.2514461e-02   1.6670638e-02   2.2339416e-02   2.5656984e-02   2.7013404e-02
   1.8000000e+00   1.3090194e-02   1.3076624e-02   1.3291351e-02   1.3636826e-02   1.2650460e-02   1.1542472e-02   1.2521140e-02   1.6677653e-02   2.2343993e-02   2.5659042e-02   2.7014185e-02
   2.2500000e+00   1.3090189e-02   1.3069933e-02   1.3383785e-02   1.3642452e-02   1.2598681e-02   1.1540165e-02   1.2529730e-02   1.6686674e-02   2.2349878e-02   2.5661687e-02   2.7015190e-02
   2.7000000e+00   1.3090281e-02   1.3176697e-02   1.3511295e-02   1.3643149e-02   1.2536012e-02   1.1537470e-02   1.2540234e-02   1.6697701e-02   2.2357071e-02   2.5664920e-02   2.7016419e-02
   3.1500000e+00   1.3094118e-02   1.3435745e-02   1.3672150e-02   1.3635490e-02   1.2462835e-02   1.1534460e-02   1.2552655e-02   1.6710734e-02   2.2365573e-02   2.5668740e-02   2.7017871e-02
   3.6000000e+00   1.3177358e-02   1.3726881e-02   1.3858074e-02   1.3615682e-02   1.2379613e-02   1.1531221e-02   1.2566997e-02   1.6725774e-02   2.2375383e-02   2.5673149e-02   2.7019546e-02
   4.0500000e+00   1.3743806e-02   1.4010685e-02   1.4057584e-02   1.3579703e-02   1.2286892e-02   1.1527849e-02   1.2583264e-02   1.6742823e-02   2.2386501e-02   2.5678145e-02   2.7021444e-02
   4.5000000e+00   1.4264747e-02   1.4288058e-02   1.4259204e-02   1.3523444e-02   1.2185303e-02   1.1524453e-02   1.2601460e-02   1.6761881e-02   2.2398929e-02   2.5683730e-02   2.7023566e-02
   4.9500000e+00   1.4568492e-02   1.4562526e-02   1.4452190e-02   1.3442881e-02   1.2075571e-02   1.1521149e-02   1.2621591e-02   1.6782950e-02   2.2412665e-02   2.5689902e-02   2.7025911e-02
   5.4000000e+00   1.4867370e-02   1.4836833e-02   1.4625111e-02   1.3334239e-02   1.1958509e-02   1.1518064e-02   1.2643662e-02   1.6806030e-02   2.2427712e-02   2.5696662e-02   2.7028480e-02
   5.8500000e+00   1.5350699e-02   1.5114392e-02   1.4763171e-02   1.3194180e-02   1.1835025e-02   1.1515335e-02   1.2667680e-02   1.6831124e-02   2.2444068e-02   2.5704010e-02   2.7031271e-02
   6.3000000e+00   1.5967545e-02   1.5403452e-02   1.4844782e-02   1.3019966e-02   1.1706121e-02   1.1513103e-02   1.2693651e-02   1.6858233e-02   2.2461734e-02   2.5711947e-02   2.7034287e-02
   6.7500000e+00   1.6090130e-02   1.5723099e-02   1.4839226e-02   1.2809630e-02   1.1572884e-02   1.1511518e-02   1.2721581e-02   1.6887358e-02   2.2480711e-02   2.5720471e-02   2.7037525e-02
   7.2000000e+00   1.6097019e-02   1.6033146e-02   1.4710098e-02   1.2562113e-02   1.1436492e-02   1.1510733e-02   1.2751479e-02   1.6918502e-02   2.2500999e-02   2.5729583e-02   2.7040987e-02
   7.6500000e+00   1.6097050e-02   1.5895480e-02   1.4428591e-02   1.2277387e-02   1.1298198e-02   1.1510908e-02   1.2783353e-02   1.6951666e-02   2.2522599e-02   2.5739283e-02   2.7044673e-02
   8.1000000e+00   1.6086949e-02   1.5078530e-02   1.3989873e-02   1.1956538e-02   1.1159327e-02   1.1512205e-02   1.2817210e-02   1.6986853e-02   2.2545511e-02   2.5749572e-02   2.7048581e-02
   8.5500000e+00   1.5845703e-02   1.4110430e-02   1.3416313e-02   1.1601821e-02   1.1021264e-02   1.1514789e-02   1.2853059e-02   1.7024064e-02   2.2569735e-02   2.5760448e-02   2.7052713e-02
   9.0000000e+00   1.4042272e-02   1.3175395e-02   1.2743814e-02   1.1216670e-02   1.0885438e-02   1.1518824e-02   1.2890909e-02   1.7063303e-02   2.2595273e-02   2.5771913e-02   2.7057069e-02
   9.4500000e+00   1.2326150e-02   1.2265403e-02   1.2006033e-02   1.0805680e-02   1.0753311e-02   1.1524477e-02   1.2930770e-02   1.7104571e-02   2.2622124e-02   2.5783966e-02   2.7061647e-02
   9.9000000e+00   1.1335065e-02   1.1365560e-02   1.1227811e-02   1.0374548e-02   1.0626358e-02   1.1531913e-02   1.2972652e-02   1.7147872e-02   2.2650290e-02   2.5796608e-02   2.7066450e-02
   1.0350000e+01   1.0375016e-02   1.0467240e-02   1.0426296e-02   9.9299811e-03   1.0506050e-02   1.1541294e-02   1.3016563e-02   1.7193207e-02   2.2679770e-02   2.5809838e-02   2.7071475e-02
   1.0800000e+01   8.9192483e-03   9.5641781e-03   9.6144503e-03   9.4795808e-03   1.0393833e-02   1.1552782e-02   1.3062514e-02   1.7240581e-02   2.2710567e-02   2.5823656e-02   2.7076724e-02
   1.1250000e+01   6.8067939e-03   8.6508039e-03   8.8042709e-03   9.0316941e-03   1.0291107e-02   1.1566532e-02   1.3110516e-02   1.7289995e-02   2.2742679e-02   2.5838063e-02   2.7082196e-02
   1.1700000e+01   6.2611320e-03   7.7263236e-03   8.0089576e-03   8.5952462e-03   1.0199204e-02   1.1582697e-02   1.3160580e-02   1.7341453e-02   2.2776109e-02   2.5853058e-02   2.7087892e-02
   1.2150000e+01   6.2262892e-03   6.8289506e-03   7.2431187e-03   8.1795486e-03   1.0119371e-02   1.1601423e-02   1.3212715e-02   1.7394959e-02   2.2810857e-02   2.5868642e-02   2.7093811e-02
   1.2600000e+01   6.2249339e-03   6.1086251e-03   6.5199444e-03   7.7940874e-03   1.0052743e-02   1.1622850e-02   1.3266934e-02   1.7450515e-02   2.2846923e-02   2.5884814e-02   2.7099954e-02
   1.3050000e+01   6.2196987e-03   5.5621614e-03   5.8468045e-03   7.4482930e-03   1.0000327e-02   1.1647113e-02   1.3323247e-02   1.7508126e-02   2.2884309e-02   2.5901576e-02   2.7106319e-02
   1.3500000e+01   6.0791660e-03   5.0093957e-03   5.2239219e-03   7.1512912e-03   9.9629842e-03   1.1674336e-02   1.3381665e-02   1.7567795e-02   2.2923016e-02   2.5918926e-02   2.7112909e-02
   1.3950000e+01   4.9614779e-03   4.4406012e-03   4.6481576e-03   6.9116402e-03   9.9414123e-03   1.1704639e-02   1.3442200e-02   1.7629526e-02   2.2963043e-02   2.5936865e-02   2.7119721e-02
   1.4400000e+01   3.9066546e-03   3.8725297e-03   4.1183009e-03   6.7370576e-03   9.9361320e-03   1.1738130e-02   1.3504864e-02   1.7693323e-02   2.3004393e-02   2.5955392e-02   2.7126757e-02
   1.4850000e+01   3.2922301e-03   3.3073871e-03   3.6384320e-03   6.6341415e-03   9.9474771e-03   1.1774910e-02   1.3569668e-02   1.7759189e-02   2.3047066e-02   2.5974509e-02   2.7134017e-02
   1.5300000e+01   2.7054139e-03   2.7430134e-03   3.2199149e-03   6.6080982e-03   9.9755868e-03   1.1815072e-02   1.3636623e-02   1.7827130e-02   2.3091063e-02   2.5994215e-02   2.7141500e-02
   1.5750000e+01   1.9195910e-03   2.1754629e-03   2.8843941e-03   6.6624844e-03   1.0020402e-02   1.1858697e-02   1.3705741e-02   1.7897150e-02   2.3136385e-02   2.6014510e-02   2.7149206e-02
   1.6200000e+01   5.9541044e-04   1.5930644e-03   2.6691087e-03   6.7989811e-03   1.0081663e-02   1.1905857e-02   1.3777035e-02   1.7969252e-02   2.3183033e-02   2.6035395e-02   2.7157136e-02
   1.6650000e+01   4.6368153e-05   9.5717058e-04   2.6320663e-03   7.0172129e-03   1.0158918e-02   1.1956617e-02   1.3850514e-02   1.8043443e-02   2.3231008e-02   2.6056869e-02   2.7165289e-02
   1.7100000e+01   1.7879598e-06   2.5432665e-04   2.8477946e-03   7.3146297e-03   1.0251526e-02   1.2011029e-02   1.3926192e-02   1.8119726e-02   2.3280312e-02   2.6078932e-02   2.7173665e-02
   1.7550000e+01   6.2740651e-08   2.1166414e-04   3.3823886e-03   7.6864668e-03   1.0358669e-02   1.2069139e-02   1.4004079e-02   1.8198107e-02   2.3330945e-02   2.6101584e-02   2.7182266e-02
   1.8000000e+01   1.5280820e-05   1.8172240e-03   4.2557899e-03   8.1257942e-03   1.0479370e-02   1.2130980e-02   1.4084188e-02   1.8278591e-02   2.3382909e-02   2.6124827e-02   2.7191089e-02
   1.8450000e+01   5.0503822e-04   3.8988468e-03   5.4259661e-03   8.6236637e-03   1.0612505e-02   1.2196580e-02   1.4166529e-02   1.8361183e-02   2.3436204e-02   2.6148659e-02   2.7200136e-02
   1.8900000e+01   4.3692116e-03   5.8963319e-03   6.8129091e-03   9.1693530e-03   1.0756831e-02   1.2265955e-02   1.4251115e-02   1.8445889e-02   2.3490832e-02   2.6173080e-02   2.7209406e-02
   1.9350000e+01   7.6741842e-03   7.8414284e-03   8.3349543e-03   9.7507031e-03   1.0911004e-02   1.2339114e-02   1.4337956e-02   1.8532713e-02   2.3546795e-02   2.6198092e-02   2.7218900e-02
   1.9800000e+01   9.7229053e-03   9.7702911e-03   9.9268543e-03   1.0354534e-02   1.1073606e-02   1.2416057e-02   1.4427063e-02   1.8621662e-02   2.3604093e-02   2.6223694e-02   2.7228617e-02
   2.0250000e+01   1.1658112e-02   1.1695081e-02   1.1538146e-02   1.0967118e-02   1.1243175e-02   1.2496780e-02   1.4518448e-02   1.8712742e-02   2.3662728e-02   2.6249885e-02   2.7238558e-02
   2.0700000e+01   1.3589294e-02   1.3621099e-02   1.3123080e-02   1.1574695e-02   1.1418227e-02   1.2581267e-02   1.4612123e-02   1.8805959e-02   2.3722701e-02   2.6276667e-02   2.7248722e-02
   2.1150000e+01   1.5522641e-02   1.5558952e-02   1.4628914e-02   1.2163982e-02   1.1597287e-02   1.2669500e-02   1.4708097e-02   1.8901318e-02   2.3784013e-02   2.6304040e-02   2.7259110e-02
   2.1600000e+01   1.7457948e-02   1.7549213e-02   1.5986104e-02   1.2722677e-02   1.1778916e-02   1.2761452e-02   1.4806382e-02   1.8998827e-02   2.3846666e-02   2.6332002e-02   2.7269721e-02
   2.2050000e+01   1.9404934e-02   1.9645931e-02   1.7108481e-02   1.3239898e-02   1.1961735e-02   1.2857092e-02   1.4906988e-02   1.9098491e-02   2.3910662e-02   2.6360556e-02   2.7280556e-02
   2.2500000e+01   2.1331989e-02   2.1193216e-02   1.7915295e-02   1.3706557e-02   1.2144455e-02   1.2956384e-02   1.5009927e-02   1.9200318e-02   2.3976001e-02   2.6389699e-02   2.7291614e-02
   2.2950000e+01   2.0692482e-02   2.0928694e-02   1.8370427e-02   1.4115628e-02   1.2325892e-02   1.3059288e-02   1.5115208e-02   1.9304314e-02   2.4042685e-02   2.6419434e-02   2.7302896e-02
   2.3400000e+01   2.0032398e-02   2.0113630e-02   1.8503713e-02   1.4462316e-02   1.2504990e-02   1.3165762e-02   1.5222843e-02   1.9410486e-02   2.4110716e-02   2.6449760e-02   2.7314401e-02
   2.3850000e+01   1.9383091e-02   1.9403985e-02   1.8389588e-02   1.4744105e-02   1.2680840e-02   1.3275757e-02   1.5332842e-02   1.9518841e-02   2.4180095e-02   2.6480676e-02   2.7326130e-02
   2.4300000e+01   1.8734497e-02   1.8745794e-02   1.8107374e-02   1.4960698e-02   1.2852688e-02   1.3389227e-02   1.5445215e-02   1.9629387e-02   2.4250824e-02   2.6512184e-02   2.7338082e-02
   2.4750000e+01   1.8086630e-02   1.8098739e-02   1.7718193e-02   1.5113856e-02   1.3019948e-02   1.3506119e-02   1.5559972e-02   1.9742131e-02   2.4322905e-02   2.6544283e-02   2.7350257e-02
   2.5200000e+01   1.7437412e-02   1.7453084e-02   1.7263151e-02   1.5207161e-02   1.3182206e-02   1.3626383e-02   1.5677124e-02   1.9857081e-02   2.4396338e-02   2.6576973e-02   2.7362657e-02
   2.5650000e+01   1.6750113e-02   1.6806233e-02   1.6770365e-02   1.5245713e-02   1.3339222e-02   1.3749966e-02   1.5796681e-02   1.9974244e-02   2.4471126e-02   2.6610255e-02   2.7375280e-02
   2.6100000e+01   1.5641371e-02   1.6155097e-02   1.6262159e-02   1.5235802e-02   1.3490928e-02   1.3876815e-02   1.5918654e-02   2.0093629e-02   2.4547270e-02   2.6644129e-02   2.7388126e-02
   2.6550000e+01   1.4345031e-02   1.5492243e-02   1.5760027e-02   1.5184555e-02   1.3637423e-02   1.4006878e-02   1.6043052e-02   2.0215243e-02   2.4624772e-02   2.6678594e-02   2.7401196e-02
   2.7000000e+01   1.4180736e-02   1.4814569e-02   1.5286523e-02   1.5099605e-02   1.3778962e-02   1.4140103e-02   1.6169887e-02   2.0339096e-02   2.4703634e-02   2.6713652e-02   2.7414489e-02
   2.7450000e+01   1.4175631e-02   1.4243810e-02   1.4862491e-02   1.4988779e-02   1.3915945e-02   1.4276439e-02   1.6299168e-02   2.0465194e-02   2.4783857e-02   2.6749301e-02   2.7428006e-02
   2.7900000e+01   1.4175094e-02   1.4002457e-02   1.4500219e-02   1.4859832e-02   1.4048902e-02   1.4415836e-02   1.6430906e-02   2.0593548e-02   2.4865444e-02   2.6785543e-02   2.7441747e-02
   2.8350000e+01   1.4162958e-02   1.3877384e-02   1.4198757e-02   1.4720230e-02   1.4178474e-02   1.4558247e-02   1.6565112e-02   2.0724166e-02   2.4948395e-02   2.6822377e-02   2.7455711e-02
   2.8800000e+01   1.4013283e-02   1.3734453e-02   1.3947130e-02   1.4576981e-02   1.4305396e-02   1.4703624e-02   1.6701796e-02   2.0857056e-02   2.5032714e-02   2.6859803e-02   2.7469899e-02
   2.9250000e+01   1.3652293e-02   1.3581949e-02   1.3732079e-02   1.4436529e-02   1.4430475e-02   1.4851925e-02   1.6840970e-02   2.0992229e-02   2.5118401e-02   2.6897822e-02   2.7484310e-02
   2.9700000e+01   1.3438066e-02   1.3428010e-02   1.3543380e-02   1.4304689e-02   1.4554566e-02   1.5003105e-02   1.6982644e-02   2.1129694e-02   2.5205459e-02   2.6936435e-02   2.7498945e-02
   3.0150000e+01   1.3278092e-02   1.3274139e-02   1.3375057e-02   1.4186628e-02   1.4678554e-02   1.5157126e-02   1.7126831e-02   2.1269460e-02   2.5293890e-02   2.6975640e-02   2.7513804e-02
   3.0600000e+01   1.3110591e-02   1.3119900e-02   1.3224754e-02   1.4086879e-02   1.4803330e-02   1.5313948e-02   1.7273541e-02   2.1411536e-02   2.5383695e-02   2.7015438e-02   2.7528886e-02
   3.1050000e+01   1.2823031e-02   1.2963828e-02   1.3093210e-02   1.4009374e-02   1.4929770e-02   1.5473537e-02   1.7422788e-02   2.1555934e-02   2.5474877e-02   2.7055829e-02   2.7544192e-02
   3.1500000e+01   1.2518333e-02   1.2802278e-02   1.2984285e-02   1.3957498e-02   1.5058714e-02   1.5635857e-02   1.7574582e-02   2.1702662e-02   2.5567437e-02   2.7096814e-02   2.7559722e-02
   3.1950000e+01   1.2480017e-02   1.2631878e-02   1.2904741e-02   1.3934136e-02   1.5190949e-02   1.5800876e-02   1.7728938e-02   2.1851732e-02   2.5661378e-02   2.7138393e-02   2.7575475e-02
   3.2400000e+01   1.2478585e-02   1.2501791e-02   1.2862317e-02   1.3941719e-02   1.5327192e-02   1.5968565e-02   1.7885869e-02   2.2003154e-02   2.5756702e-02   2.7180565e-02   2.7591452e-02
   3.2850000e+01   1.2478746e-02   1.2543096e-02   1.2861817e-02   1.3982259e-02   1.5468075e-02   1.6138894e-02   1.8045388e-02   2.2156939e-02   2.5853410e-02   2.7223331e-02   2.7607652e-02
   3.3300000e+01   1.2483641e-02   1.2680588e-02   1.2902148e-02   1.4057369e-02   1.5614134e-02   1.6311835e-02   1.8207509e-02   2.2313097e-02   2.5951505e-02   2.7266692e-02   2.7624076e-02
   3.3750000e+01   1.2560233e-02   1.2817334e-02   1.2977573e-02   1.4168254e-02   1.5765798e-02   1.6487363e-02   1.8372249e-02   2.2471640e-02   2.6050990e-02   2.7310647e-02   2.7640724e-02
   3.4200000e+01   1.2856746e-02   1.2947128e-02   1.3081803e-02   1.4315699e-02   1.5923387e-02   1.6665451e-02   1.8539621e-02   2.2632579e-02   2.6151865e-02   2.7355196e-02   2.7657596e-02
   3.4650000e+01   1.3061084e-02   1.3074152e-02   1.3211137e-02   1.4500024e-02   1.6087105e-02   1.6846075e-02   1.8709643e-02   2.2795925e-02   2.6254134e-02   2.7400340e-02   2.7674691e-02
   3.5100000e+01   1.3195840e-02   1.3200325e-02   1.3365567e-02   1.4721034e-02   1.6257043e-02   1.7029208e-02   1.8882332e-02   2.2961691e-02   2.6357798e-02   2.7446079e-02   2.7692010e-02
   3.5550000e+01   1.3334953e-02   1.3326423e-02   1.3549175e-02   1.4977956e-02   1.6433179e-02   1.7214826e-02   1.9057705e-02   2.3129888e-02   2.6462861e-02   2.7492412e-02   2.7709553e-02
   3.6000000e+01   1.3575835e-02   1.3451488e-02   1.3771172e-02   1.5269378e-02   1.6615385e-02   1.7402903e-02   1.9235781e-02   2.3300528e-02   2.6569323e-02   2.7539341e-02   2.7727319e-02
   3.6450000e+01   1.3828971e-02   1.3567486e-02   1.4047627e-02   1.5593190e-02   1.6803439e-02   1.7593412e-02   1.9416579e-02   2.3473624e-02   2.6677188e-02   2.7586866e-02   2.7745310e-02
   3.6900000e+01   1.3862826e-02   1.3653641e-02   1.4401772e-02   1.5946549e-02   1.6997030e-02   1.7786325e-02   1.9600121e-02   2.3649189e-02   2.6786458e-02   2.7634986e-02   2.7763523e-02
   3.7350000e+01   1.3864226e-02   1.3788138e-02   1.4858701e-02   1.6325855e-02   1.7195776e-02   1.7981613e-02   1.9786428e-02   2.3827234e-02   2.6897135e-02   2.7683702e-02   2.7781961e-02
   3.7800000e+01   1.3865084e-02   1.4382699e-02   1.5433210e-02   1.6726770e-02   1.7399234e-02   1.8179244e-02   1.9975521e-02   2.4007774e-02   2.7009222e-02   2.7733014e-02   2.7800623e-02
   3.8250000e+01   1.3890430e-02   1.5393037e-02   1.6119300e-02   1.7144264e-02   1.7606923e-02   1.8379184e-02   2.0167426e-02   2.4190821e-02   2.7122720e-02   2.7782922e-02   2.7819508e-02
   3.8700000e+01   1.4342626e-02   1.6455623e-02   1.6892455e-02   1.7572712e-02   1.7818336e-02   1.8581399e-02   2.0362167e-02   2.4376388e-02   2.7237633e-02   2.7833426e-02   2.7838617e-02
   3.9150000e+01   1.6618140e-02   1.7493525e-02   1.7721805e-02   1.8006013e-02   1.8032959e-02   1.8785848e-02   2.0559771e-02   2.4564491e-02   2.7353963e-02   2.7884527e-02   2.7857950e-02
   3.9600000e+01   1.8401119e-02   1.8513278e-02   1.8579797e-02   1.8437762e-02   1.8250293e-02   1.8992491e-02   2.0760264e-02   2.4755141e-02   2.7471712e-02   2.7936225e-02   2.7877507e-02
   4.0050000e+01   1.9503664e-02   1.9525132e-02   1.9444142e-02   1.8861439e-02   1.8469866e-02   1.9201284e-02   2.0963676e-02   2.4948354e-02   2.7590884e-02   2.7988520e-02   2.7897287e-02
   4.0500000e+01   2.0624166e-02   2.0537940e-02   2.0294818e-02   1.9270622e-02   1.8691253e-02   1.9412178e-02   2.1170038e-02   2.5144144e-02   2.7711479e-02   2.8041412e-02   2.7917291e-02
   4.0950000e+01   2.2545895e-02   2.1561991e-02   2.1109309e-02   1.9659213e-02   1.8914092e-02   1.9625122e-02   2.1379380e-02   2.5342525e-02   2.7833502e-02   2.8094901e-02   2.7937520e-02
   4.1400000e+01   2.4635494e-02   2.2613159e-02   2.1857694e-02   2.0021651e-02   1.9138097e-02   1.9840063e-02   2.1591737e-02   2.5543512e-02   2.7956955e-02   2.8148988e-02   2.7957972e-02
   4.1850000e+01   2.4942564e-02   2.3701838e-02   2.2500359e-02   2.0353126e-02   1.9363072e-02   2.0056944e-02   2.1807144e-02   2.5747120e-02   2.8081839e-02   2.8203673e-02   2.7978648e-02
   4.2300000e+01   2.4956725e-02   2.4659388e-02   2.2994071e-02   2.0649750e-02   1.9588916e-02   2.0275703e-02   2.2025637e-02   2.5953365e-02   2.8208159e-02   2.8258956e-02   2.7999548e-02
   4.2750000e+01   2.4956887e-02   2.4892541e-02   2.3309192e-02   2.0908703e-02   1.9815634e-02   2.0496278e-02   2.2247256e-02   2.6162262e-02   2.8335916e-02   2.8314837e-02   2.8020671e-02
   4.3200000e+01   2.4950592e-02   2.4530764e-02   2.3446611e-02   2.1128333e-02   2.0043339e-02   2.0718603e-02   2.2472039e-02   2.6373826e-02   2.8465114e-02   2.8371317e-02   2.8042019e-02
   4.3650000e+01   2.4826641e-02   2.4126020e-02   2.3436454e-02   2.1308211e-02   2.0272254e-02   2.0942609e-02   2.2700031e-02   2.6588074e-02   2.8595754e-02   2.8428396e-02   2.8063590e-02
   4.4100000e+01   2.4083705e-02   2.3758996e-02   2.3319958e-02   2.1449136e-02   2.0502705e-02   2.1168226e-02   2.2931275e-02   2.6805022e-02   2.8727841e-02   2.8486073e-02   2.8085386e-02
   4.4550000e+01   2.3443473e-02   2.3407979e-02   2.3132988e-02   2.1553097e-02   2.0735117e-02   2.1395382e-02   2.3165817e-02   2.7024687e-02   2.8861376e-02   2.8544350e-02   2.8107405e-02
   4.5000000e+01   2.3061969e-02   2.3061784e-02   2.2900756e-02   2.1623200e-02   2.0970009e-02   2.1624005e-02   2.3403706e-02   2.7247085e-02   2.8996362e-02   2.8603226e-02   2.8129649e-02
   4.5450000e+01   2.2680465e-02   2.2715748e-02   2.2639903e-02   2.1663561e-02   2.1207970e-02   2.1854021e-02   2.3644992e-02   2.7472232e-02   2.9132803e-02   2.8662702e-02   2.8152116e-02
   4.5900000e+01   2.2040233e-02   2.2366659e-02   2.2362156e-02   2.1679175e-02   2.1449655e-02   2.2085358e-02   2.3889728e-02   2.7700147e-02   2.9270700e-02   2.8722778e-02   2.8174807e-02
   4.6350000e+01   2.1297298e-02   2.2011658e-02   2.2077188e-02   2.1675779e-02   2.1695757e-02   2.2317944e-02   2.4137970e-02   2.7930847e-02   2.9410058e-02   2.8783454e-02   2.8197723e-02
   4.6800000e+01   2.1173352e-02   2.1652402e-02   2.1794263e-02   2.1659702e-02   2.1946991e-02   2.2551708e-02   2.4389774e-02   2.8164350e-02   2.9550879e-02   2.8844730e-02   2.8220862e-02
   4.7250000e+01   2.1167081e-02   2.1319829e-02   2.1522432e-02   2.1637719e-02   2.2204067e-02   2.2786585e-02   2.4645202e-02   2.8400673e-02   2.9693165e-02   2.8906607e-02   2.8244225e-02
   4.7700000e+01   2.1166839e-02   2.1087036e-02   2.1269063e-02   2.1616909e-02   2.2467668e-02   2.3022511e-02   2.4904314e-02   2.8639834e-02   2.9836920e-02   2.8969085e-02   2.8267813e-02
   4.8150000e+01   2.1164255e-02   2.0914041e-02   2.1037925e-02   2.1604527e-02   2.2738422e-02   2.3259428e-02   2.5167176e-02   2.8881853e-02   2.9982147e-02   2.9032164e-02   2.8291624e-02
   4.8600000e+01   2.1108048e-02   2.0732123e-02   2.0829114e-02   2.1607877e-02   2.3016877e-02   2.3497283e-02   2.5433856e-02   2.9126748e-02   3.0128848e-02   2.9095844e-02   2.8315660e-02
   4.9050000e+01   2.0725545e-02   2.0544663e-02   2.0641264e-02   2.1634202e-02   2.3303474e-02   2.3736032e-02   2.5704423e-02   2.9374538e-02   3.0277027e-02   2.9160126e-02   2.8339919e-02
   4.9500000e+01   2.0373771e-02   2.0358066e-02   2.0474024e-02   2.1690578e-02   2.3598522e-02   2.3975637e-02   2.5978952e-02   2.9625242e-02   3.0426688e-02   2.9225010e-02   2.8364403e-02
   4.9950000e+01   2.0168662e-02   2.0172784e-02   2.0329498e-02   2.1783817e-02   2.3902174e-02   2.4216072e-02   2.6257518e-02   2.9878880e-02   3.0577832e-02   2.9290496e-02   2.8389111e-02
   5.0400000e+01   1.9966841e-02   1.9987523e-02   2.0213156e-02   2.1920362e-02   2.4214407e-02   2.4457320e-02   2.6540198e-02   3.0135472e-02   3.0730463e-02   2.9356584e-02   2.8414042e-02
   5.0850000e+01   1.9640465e-02   1.9799768e-02   2.0135281e-02   2.2106193e-02   2.4535001e-02   2.4699377e-02   2.6827076e-02   3.0395038e-02   3.0884584e-02   2.9423275e-02   2.8439198e-02
   5.1300000e+01   1.9223930e-02   1.9602424e-02   2.0113347e-02   2.2346716e-02   2.4863528e-02   2.4942253e-02   2.7118236e-02   3.0657598e-02   3.1040198e-02   2.9490569e-02   2.8464578e-02
   5.1750000e+01   1.9141152e-02   1.9377780e-02   2.0173817e-02   2.2646651e-02   2.5199338e-02   2.5185973e-02   2.7413766e-02   3.0923172e-02   3.1197309e-02   2.9558467e-02   2.8490183e-02
   5.2200000e+01   1.9136494e-02   1.9158349e-02   2.0349053e-02   2.3009906e-02   2.5541554e-02   2.5430578e-02   2.7713755e-02   3.1191782e-02   3.1355920e-02   2.9626967e-02   2.8516011e-02
   5.2650000e+01   1.9136529e-02   1.9334486e-02   2.0665577e-02   2.3439442e-02   2.5889070e-02   2.5676126e-02   2.8018299e-02   3.1463450e-02   3.1516033e-02   2.9696072e-02   2.8542064e-02
   5.3100000e+01   1.9146268e-02   2.0123673e-02   2.1129527e-02   2.3937125e-02   2.6240556e-02   2.5922697e-02   2.8327495e-02   3.1738195e-02   3.1677653e-02   2.9765780e-02   2.8568340e-02
   5.3550000e+01   1.9378873e-02   2.1053355e-02   2.1723791e-02   2.4503571e-02   2.6594468e-02   2.6170389e-02   2.8641442e-02   3.2016041e-02   3.1840782e-02   2.9836093e-02   2.8594842e-02
   5.4000000e+01   2.1117711e-02   2.1953772e-02   2.2420291e-02   2.5137981e-02   2.6949065e-02   2.6419323e-02   2.8960246e-02   3.2297008e-02   3.2005424e-02   2.9907011e-02   2.8621567e-02
   5.4450000e+01   2.2772368e-02   2.2831031e-02   2.3194417e-02   2.5837982e-02   2.7302425e-02   2.6669643e-02   2.9284012e-02   3.2581120e-02   3.2171582e-02   2.9978533e-02   2.8648516e-02
   5.4900000e+01   2.3727956e-02   2.3698756e-02   2.4031615e-02   2.6599461e-02   2.7652478e-02   2.6921519e-02   2.9612852e-02   3.2868399e-02   3.2339259e-02   3.0050660e-02   2.8675690e-02
   5.5350000e+01   2.4653620e-02   2.4564947e-02   2.4927856e-02   2.7416431e-02   2.7997031e-02   2.7175146e-02   2.9946880e-02   3.3158868e-02   3.2508459e-02   3.0123393e-02   2.8703088e-02
   5.5800000e+01   2.6057248e-02   2.5434089e-02   2.5889225e-02   2.8280909e-02   2.8333811e-02   2.7430746e-02   3.0286214e-02   3.3452549e-02   3.2679185e-02   3.0196731e-02   2.8730710e-02
   5.6250000e+01   2.8094042e-02   2.6302952e-02   2.6933205e-02   2.9182848e-02   2.8660500e-02   2.7688570e-02   3.0630974e-02   3.3749467e-02   3.2851440e-02   3.0270676e-02   2.8758557e-02
   5.6700000e+01   2.8620155e-02   2.7141771e-02   2.8090071e-02   3.0110132e-02   2.8974781e-02   2.7948899e-02   3.0981285e-02   3.4049646e-02   3.3025229e-02   3.0345227e-02   2.8786628e-02
   5.7150000e+01   2.8653716e-02   2.7920132e-02   2.9398437e-02   3.1048639e-02   2.9274388e-02   2.8212043e-02   3.1337276e-02   3.4353108e-02   3.3200553e-02   3.0420384e-02   2.8814923e-02
   5.7600000e+01   2.8655247e-02   2.9065233e-02   3.0888916e-02   3.1982407e-02   2.9557147e-02   2.8478347e-02   3.1699079e-02   3.4659879e-02   3.3377418e-02   3.0496148e-02   2.8843443e-02
   5.8050000e+01   2.8676622e-02   3.1150154e-02   3.2562466e-02   3.2893910e-02   2.9821032e-02   2.8748186e-02   3.2066830e-02   3.4969982e-02   3.3555826e-02   3.0572520e-02   2.8872187e-02
   5.8500000e+01   2.9249423e-02   3.3551541e-02   3.4383556e-02   3.3764434e-02   3.0064208e-02   2.9021969e-02   3.2440668e-02   3.5283444e-02   3.3735781e-02   3.0649499e-02   2.8901155e-02
   5.8950000e+01   3.3804793e-02   3.5918626e-02   3.6295187e-02   3.4574581e-02   3.0285086e-02   2.9300140e-02   3.2820737e-02   3.5600289e-02   3.3917287e-02   3.0727085e-02   2.8930348e-02
   5.9400000e+01   3.8103940e-02   3.8242900e-02   3.8238102e-02   3.5304864e-02   3.0482360e-02   2.9583178e-02   3.3207183e-02   3.5920542e-02   3.4100347e-02   3.0805280e-02   2.8959765e-02
   5.9850000e+01   4.0608153e-02   4.0547305e-02   4.0157988e-02   3.5936389e-02   3.0655055e-02   2.9871599e-02   3.3600158e-02   3.6244229e-02   3.4284964e-02   3.0884084e-02   2.8989406e-02
   6.0300000e+01   4.2999842e-02   4.2847480e-02   4.2000481e-02   3.6451589e-02   3.0802565e-02   3.0165952e-02   3.3999817e-02   3.6571377e-02   3.4471142e-02   3.0963496e-02   2.9019272e-02
   6.0750000e+01   4.6202623e-02   4.5157497e-02   4.3699013e-02   3.6834980e-02   3.0924679e-02   3.0466826e-02   3.4406317e-02   3.6902012e-02   3.4658885e-02   3.1043517e-02   2.9049363e-02
   6.1200000e+01   5.1599591e-02   4.7506542e-02   4.5158340e-02   3.7073890e-02   3.1021618e-02   3.0774845e-02   3.4819822e-02   3.7236159e-02   3.4848197e-02   3.1124147e-02   2.9079678e-02
   6.1650000e+01   5.3837317e-02   4.9978776e-02   4.6240203e-02   3.7159122e-02   3.1094045e-02   3.1090673e-02   3.5240497e-02   3.7573847e-02   3.5039081e-02   3.1205387e-02   2.9110217e-02
   6.2100000e+01   5.4018944e-02   5.2582084e-02   4.6771136e-02   3.7085507e-02   3.1143088e-02   3.1415010e-02   3.5668514e-02   3.7915103e-02   3.5231541e-02   3.1287237e-02   2.9140981e-02
   6.2550000e+01   5.4026237e-02   5.3658079e-02   4.6597025e-02   3.6852295e-02   3.1170338e-02   3.1748592e-02   3.6104046e-02   3.8259953e-02   3.5425581e-02   3.1369697e-02   2.9171970e-02
   6.3000000e+01   5.4000551e-02   5.1074495e-02   4.5666604e-02   3.6463377e-02   3.1177852e-02   3.2092195e-02   3.6547271e-02   3.8608427e-02   3.5621204e-02   3.1452768e-02   2.9203183e-02
   6.3450000e+01   5.3173939e-02   4.7480129e-02   4.4066539e-02   3.5927288e-02   3.1168144e-02   3.2446632e-02   3.6998371e-02   3.8960551e-02   3.5818414e-02   3.1536450e-02   2.9234620e-02
   6.3900000e+01   4.6652218e-02   4.4080454e-02   4.1967725e-02   3.5257012e-02   3.1144166e-02   3.2812754e-02   3.7457532e-02   3.9316355e-02   3.6017215e-02   3.1620743e-02   2.9266282e-02
   6.4350000e+01   4.1074285e-02   4.0792292e-02   3.9543678e-02   3.4469573e-02   3.1109290e-02   3.3191446e-02   3.7924944e-02   3.9675867e-02   3.6217611e-02   3.1705648e-02   2.9298169e-02
   6.4800000e+01   3.7616578e-02   3.7536272e-02   3.6929014e-02   3.3585459e-02   3.1067276e-02   3.3583632e-02   3.8400799e-02   4.0039116e-02   3.6419605e-02   3.1791165e-02   2.9330281e-02
   6.5250000e+01   3.4350454e-02   3.4287760e-02   3.4221016e-02   3.2627897e-02   3.1022236e-02   3.3990272e-02   3.8885296e-02   4.0406132e-02   3.6623202e-02   3.1877294e-02   2.9362617e-02
   6.5700000e+01   3.1091122e-02   3.1037811e-02   3.1498360e-02   3.1622020e-02   3.0978601e-02   3.4412360e-02   3.9378636e-02   4.0776944e-02   3.6828405e-02   3.1964035e-02   2.9395177e-02
   6.6150000e+01   2.7828137e-02   2.7772540e-02   2.8841243e-02   3.0593989e-02   3.0941072e-02   3.4850924e-02   3.9881024e-02   4.1151582e-02   3.7035218e-02   3.2051390e-02   2.9427963e-02
   6.6600000e+01   2.4561880e-02   2.4440961e-02   2.6347020e-02   2.9570107e-02   3.0914580e-02   3.5307027e-02   4.0392668e-02   4.1530076e-02   3.7243646e-02   3.2139358e-02   2.9460973e-02
   6.7050000e+01   2.1280399e-02   2.0975314e-02   2.4131975e-02   2.8575971e-02   3.0904236e-02   3.5781763e-02   4.0913781e-02   4.1912457e-02   3.7453691e-02   3.2227939e-02   2.9494207e-02
   6.7500000e+01   1.8023469e-02   1.8197342e-02   2.2304951e-02   2.7635702e-02   3.0915285e-02   3.6276260e-02   4.1444579e-02   4.2298756e-02   3.7665359e-02   3.2317135e-02   2.9527667e-02
   6.7950000e+01   1.7982279e-02   1.7689451e-02   2.0918864e-02   2.6771301e-02   3.0953061e-02   3.6791672e-02   4.1985282e-02   4.2689004e-02   3.7878652e-02   3.2406944e-02   2.9561351e-02
   6.8400000e+01   1.7967293e-02   1.7872084e-02   1.9944051e-02   2.6002128e-02   3.1022943e-02   3.7329184e-02   4.2536114e-02   4.3083232e-02   3.8093575e-02   3.2497369e-02   2.9595260e-02
   6.8850000e+01   1.7939396e-02   1.7923319e-02   1.9295096e-02   2.5344535e-02   3.1130307e-02   3.7890010e-02   4.3097302e-02   4.3481472e-02   3.8310133e-02   3.2588409e-02   2.9629394e-02
   6.9300000e+01   1.7911421e-02   1.7910731e-02   1.8881224e-02   2.4811650e-02   3.1280497e-02   3.8475388e-02   4.3669077e-02   4.3883756e-02   3.8528328e-02   3.2680063e-02   2.9663752e-02
   6.9750000e+01   1.7883476e-02   1.7884689e-02   1.8636508e-02   2.4413303e-02   3.1478779e-02   3.9086580e-02   4.4251672e-02   4.4290116e-02   3.8748165e-02   3.2772334e-02   2.9698336e-02
   7.0200000e+01   1.7855473e-02   1.7856791e-02   1.8524194e-02   2.4156074e-02   3.1730319e-02   3.9724870e-02   4.4845326e-02   4.4700585e-02   3.8969649e-02   3.2865221e-02   2.9733144e-02
   7.0650000e+01   1.7825828e-02   1.7827934e-02   1.8531398e-02   2.4043459e-02   3.2040154e-02   4.0391566e-02   4.5450279e-02   4.5115197e-02   3.9192783e-02   3.2958724e-02   2.9768177e-02
   7.1100000e+01   1.7778004e-02   1.7792251e-02   1.8665809e-02   2.4076120e-02   3.2413171e-02   4.1087991e-02   4.6066776e-02   4.5533983e-02   3.9417571e-02   3.3052844e-02   2.9803435e-02
   7.1550000e+01   1.7722082e-02   1.7723473e-02   1.8955890e-02   2.4252220e-02   3.2854089e-02   4.1815488e-02   4.6695064e-02   4.5956978e-02   3.9644017e-02   3.3147582e-02   2.9838918e-02
   7.2000000e+01   1.7714955e-02   1.7579651e-02   1.9448089e-02   2.4567806e-02   3.3367452e-02   4.2575413e-02   4.7335394e-02   4.6384216e-02   3.9872126e-02   3.3242937e-02   2.9874626e-02
   7.2450000e+01   1.7714731e-02   1.7733251e-02   2.0190690e-02   2.5017257e-02   3.3957622e-02   4.3369134e-02   4.7988019e-02   4.6815730e-02   4.0101903e-02   3.3338910e-02   2.9910558e-02
   7.2900000e+01   1.7720897e-02   1.9140878e-02   2.1204743e-02   2.5593760e-02   3.4628773e-02   4.4198033e-02   4.8653198e-02   4.7251556e-02   4.0333350e-02   3.3435501e-02   2.9946716e-02
   7.3350000e+01   1.7870635e-02   2.1136984e-02   2.2465256e-02   2.6289833e-02   3.5384896e-02   4.5063498e-02   4.9331189e-02   4.7691727e-02   4.0566472e-02   3.3532711e-02   2.9983098e-02
   7.3800000e+01   1.9715955e-02   2.3106791e-02   2.3913127e-02   2.7097861e-02   3.6229804e-02   4.5966925e-02   5.0022256e-02   4.8136279e-02   4.0801274e-02   3.3630540e-02   3.0019706e-02
   7.4250000e+01   2.4166526e-02   2.5029733e-02   2.5483429e-02   2.8010654e-02   3.7167140e-02   4.6909712e-02   5.0726663e-02   4.8585247e-02   4.1037759e-02   3.3728988e-02   3.0056539e-02
   7.4700000e+01   2.6807676e-02   2.6932924e-02   2.7123353e-02   2.9021991e-02   3.8200385e-02   4.7893260e-02   5.1444679e-02   4.9038667e-02   4.1275933e-02   3.3828056e-02   3.0093596e-02
   7.5150000e+01   2.8779966e-02   2.8829817e-02   2.8793800e-02   3.0127153e-02   3.9332873e-02   4.8918971e-02   5.2176575e-02   4.9496574e-02   4.1515799e-02   3.3927744e-02   3.0130879e-02
   7.5600000e+01   3.0845046e-02   3.0730388e-02   3.0462944e-02   3.1323403e-02   4.0567802e-02   4.9988243e-02   5.2922624e-02   4.9959005e-02   4.1757361e-02   3.4028053e-02   3.0168387e-02
   7.6050000e+01   3.4390308e-02   3.2648303e-02   3.2098367e-02   3.2610398e-02   4.1908251e-02   5.1102469e-02   5.3683102e-02   5.0425996e-02   4.2000624e-02   3.4128983e-02   3.0206120e-02
   7.6500000e+01   3.8146861e-02   3.4606650e-02   3.3660561e-02   3.3990509e-02   4.3357189e-02   5.2263036e-02   5.4458286e-02   5.0897584e-02   4.2245593e-02   3.4230535e-02   3.0244078e-02
   7.6950000e+01   3.8619221e-02   3.6606176e-02   3.5101722e-02   3.5469034e-02   4.4917494e-02   5.3471321e-02   5.5248458e-02   5.1373807e-02   4.2492271e-02   3.4332708e-02   3.0282261e-02
   7.7400000e+01   3.8636853e-02   3.8307058e-02   3.6376537e-02   3.7054269e-02   4.6591963e-02   5.4728690e-02   5.6053899e-02   5.1854700e-02   4.2740663e-02   3.4435503e-02   3.0320669e-02
   7.7850000e+01   3.8637598e-02   3.9019390e-02   3.7464918e-02   3.8757455e-02   4.8383322e-02   5.6036494e-02   5.6874894e-02   5.2340302e-02   4.2990774e-02   3.4538921e-02   3.0359303e-02
   7.8300000e+01   3.8651226e-02   3.9288325e-02   3.8388922e-02   4.0592580e-02   5.0294239e-02   5.7396072e-02   5.7711729e-02   5.2830651e-02   4.3242607e-02   3.4642962e-02   3.0398161e-02
   7.8750000e+01   3.8865144e-02   3.9600681e-02   3.9205636e-02   4.2576059e-02   5.2327330e-02   5.8808741e-02   5.8564693e-02   5.3325785e-02   4.3496168e-02   3.4747626e-02   3.0437245e-02
   7.9200000e+01   3.9693315e-02   3.9947695e-02   3.9985217e-02   4.4726295e-02   5.4485167e-02   6.0275801e-02   5.9434074e-02   5.3825742e-02   4.3751460e-02   3.4852914e-02   3.0476554e-02
   7.9650000e+01   4.0264038e-02   4.0300700e-02   4.0796667e-02   4.7063157e-02   5.6770277e-02   6.1798531e-02   6.0320165e-02   5.4330561e-02   4.4008489e-02   3.4958826e-02   3.0516089e-02
   8.0100000e+01   4.0640418e-02   4.0653644e-02   4.1709122e-02   4.9607383e-02   5.9185150e-02   6.3378185e-02   6.1223257e-02   5.4840281e-02   4.4267258e-02   3.5065363e-02   3.0555849e-02
   8.0550000e+01   4.1028966e-02   4.1004937e-02   4.2804419e-02   5.2379941e-02   6.1732232e-02   6.5015994e-02   6.2143646e-02   5.5354941e-02   4.4527773e-02   3.5172524e-02   3.0595834e-02
   8.1000000e+01   4.1701758e-02   4.1339461e-02   4.4197371e-02   5.5401371e-02   6.4413923e-02   6.6713160e-02   6.3081626e-02   5.5874581e-02   4.4790037e-02   3.5280311e-02   3.0636044e-02
   8.1450000e+01   4.2408771e-02   4.1578181e-02   4.6059214e-02   5.8691122e-02   6.7232571e-02   6.8470860e-02   6.4037493e-02   5.6399241e-02   4.5054056e-02   3.5388724e-02   3.0676480e-02
   8.1900000e+01   4.2503285e-02   4.1540596e-02   4.8625212e-02   6.2266921e-02   7.0190466e-02   7.0290238e-02   6.5011546e-02   5.6928961e-02   4.5319833e-02   3.5497763e-02   3.0717141e-02
   8.2350000e+01   4.2507091e-02   4.2027179e-02   5.2149038e-02   6.6144174e-02   7.3289827e-02   7.2172409e-02   6.6004081e-02   5.7463780e-02   4.5587374e-02   3.5607429e-02   3.0758027e-02
   8.2800000e+01   4.2514314e-02   4.6906138e-02   5.6792368e-02   7.0335445e-02   7.6532790e-02   7.4118457e-02   6.7015399e-02   5.8003740e-02   4.5856683e-02   3.5717722e-02   3.0799139e-02
   8.3250000e+01   4.2732320e-02   5.5624167e-02   6.2527958e-02   7.4850018e-02   7.9921395e-02   7.6129430e-02   6.8045798e-02   5.8548881e-02   4.6127764e-02   3.5828642e-02   3.0840477e-02
   8.3700000e+01   4.6621532e-02   6.4788042e-02   6.9159660e-02   7.9693567e-02   8.3457575e-02   7.8206344e-02   6.9095578e-02   5.9099245e-02   4.6400623e-02   3.5940190e-02   3.0882039e-02
   8.4150000e+01   6.6192545e-02   7.3721007e-02   7.6435817e-02   8.4867955e-02   8.7143132e-02   8.0350178e-02   7.0165039e-02   5.9654873e-02   4.6675264e-02   3.6052367e-02   3.0923828e-02
   8.4600000e+01   8.1527404e-02   8.2493054e-02   8.4143638e-02   9.0371168e-02   9.0979730e-02   8.2561876e-02   7.1254483e-02   6.0215806e-02   4.6951691e-02   3.6165172e-02   3.0965842e-02
   8.5050000e+01   9.1010065e-02   9.1196700e-02   9.2136138e-02   9.6197385e-02   9.4968871e-02   8.4842344e-02   7.2364209e-02   6.0782086e-02   4.7229910e-02   3.6278606e-02   3.1008081e-02
   8.5500000e+01   1.0064717e-01   9.9906258e-02   1.0031868e-01   1.0233719e-01   9.9111885e-02   8.7192452e-02   7.3494519e-02   6.1353756e-02   4.7509924e-02   3.6392670e-02   3.1050546e-02
   8.5950000e+01   1.1717538e-01   1.0869069e-01   1.0862847e-01   1.0877786e-01   1.0340991e-01   8.9613031e-02   7.4645711e-02   6.1930858e-02   4.7791740e-02   3.6507364e-02   3.1093236e-02
   8.6400000e+01   1.3514739e-01   1.1759487e-01   1.1701972e-01   1.1550383e-01   1.0786388e-01   9.2104874e-02   7.5818088e-02   6.2513434e-02   4.8075360e-02   3.6622689e-02   3.1136153e-02
   8.6850000e+01   1.3778839e-01   1.2650356e-01   1.2545467e-01   1.2249713e-01   1.1247450e-01   9.4668733e-02   7.7011947e-02   6.3101527e-02   4.8360791e-02   3.6738645e-02   3.1179294e-02
   8.7300000e+01   1.3791013e-01   1.3473979e-01   1.3389780e-01   1.2973789e-01   1.1724225e-01   9.7305324e-02   7.8227588e-02   6.3695181e-02   4.8648037e-02   3.6855231e-02   3.1222662e-02
   8.7750000e+01   1.3791306e-01   1.4065122e-01   1.4231080e-01   1.3720490e-01   1.2216738e-01   1.0001532e-01   7.9465310e-02   6.4294438e-02   4.8937103e-02   3.6972450e-02   3.1266255e-02
   8.8200000e+01   1.3791289e-01   1.4273700e-01   1.5064714e-01   1.4487605e-01   1.2724986e-01   1.0279936e-01   8.0725411e-02   6.4899343e-02   4.9227993e-02   3.7090301e-02   3.1310074e-02
   8.8650000e+01   1.3791285e-01   1.4191095e-01   1.5884553e-01   1.5272884e-01   1.3248942e-01   1.0565805e-01   8.2008185e-02   6.5509938e-02   4.9520712e-02   3.7208785e-02   3.1354118e-02
   8.9100000e+01   1.3791285e-01   1.4036482e-01   1.6682185e-01   1.6074075e-01   1.3788551e-01   1.0859193e-01   8.3313931e-02   6.6126268e-02   4.9815266e-02   3.7327902e-02   3.1398389e-02
   8.9550000e+01   1.3791285e-01   1.3920891e-01   1.7445972e-01   1.6888956e-01   1.4343733e-01   1.1160152e-01   8.4642941e-02   6.6748378e-02   5.0111659e-02   3.7447652e-02   3.1442885e-02
   9.0000000e+01   1.3791285e-01   1.3854751e-01   1.8160053e-01   1.7715362e-01   1.4914377e-01   1.1468731e-01   8.5995509e-02   6.7376311e-02   5.0409895e-02   3.7568037e-02   3.1487606e-02
