  -9.0000000e+01  -6.0256155e-04
  -8.9550000e+01  -5.9543530e-04
  -8.9100000e+01  -5.8686988e-04
  -8.8650000e+01  -5.7680435e-04
  -8.8200000e+01  -5.6517812e-04
  -8.7750000e+01  -5.5193103e-04
  -8.7300000e+01  -5.3700357e-04
  -8.6850000e+01  -5.2033701e-04
  -8.6400000e+01  -5.0187354e-04
  -8.5950000e+01  -4.8155646e-04
  -8.5500000e+01  -4.5933031e-04
  -8.5050000e+01  -4.3514101e-04
  -8.4600000e+01  -4.0893602e-04
  -8.4150000e+01  -3.8066446e-04
  -8.3700000e+01  -3.5027723e-04
  -8.3250000e+01  -3.1772717e-04
  -8.2800000e+01  -2.8296909e-04
  -8.2350000e+01  -2.4595995e-04
  -8.1900000e+01  -2.0665886e-04
  -8.1450000e+01  -1.6502722e-04
  -8.1000000e+01  -1.2102873e-04
  -8.0550000e+01  -7.4629439e-05
  -8.0100000e+01  -2.5797766e-05
  -7.9650000e+01   2.5495493e-05
  -7.9200000e+01   7.9277185e-05
  -7.8750000e+01   1.3557183e-04
  -7.8300000e+01   1.9440166e-04
  -7.7850000e+01   2.5578672e-04
  -7.7400000e+01   3.1974493e-04
  -7.6950000e+01   3.8629220e-04
  -7.6500000e+01   4.5544256e-04
  -7.6050000e+01   5.2720830e-04
  -7.5600000e+01   6.0160015e-04
  -7.5150000e+01   6.7862743e-04
  -7.4700000e+01   7.5829827e-04
  -7.4250000e+01   8.4061979e-04
  -7.3800000e+01   9.2559838e-04
  -7.3350000e+01   1.0132399e-03
  -7.2900000e+01   1.1035498e-03
  -7.2450000e+01   1.1965337e-03
  -7.2000000e+01   1.2921974e-03
  -7.1550000e+01   1.3905470e-03
  -7.1100000e+01   1.4915896e-03
  -7.0650000e+01   1.5953333e-03
  -7.0200000e+01   1.7017875e-03
  -6.9750000e+01   1.8109630e-03
  -6.9300000e+01   1.9228727e-03
  -6.8850000e+01   2.0375316e-03
  -6.8400000e+01   2.1549567e-03
  -6.7950000e+01   2.2751681e-03
  -6.7500000e+01   2.3981882e-03
  -6.7050000e+01   2.5240429e-03
  -6.6600000e+01   2.6527609e-03
  -6.6150000e+01   2.7843745e-03
  -6.5700000e+01   2.9189197e-03
  -6.5250000e+01   3.0564357e-03
  -6.4800000e+01   3.1969660e-03
  -6.4350000e+01   3.3405577e-03
  -6.3900000e+01   3.4872620e-03
  -6.3450000e+01   3.6371339e-03
  -6.3000000e+01   3.7902327e-03
  -6.2550000e+01   3.9466215e-03
  -6.2100000e+01   4.1063674e-03
  -6.1650000e+01   4.2695416e-03
  -6.1200000e+01   4.4362189e-03
  -6.0750000e+01   4.6064781e-03
  -6.0300000e+01   4.7804014e-03
  -5.9850000e+01   4.9580746e-03
  -5.9400000e+01   5.1395869e-03
  -5.8950000e+01   5.3250304e-03
  -5.8500000e+01   5.5145003e-03
  -5.8050000e+01   5.7080947e-03
  -5.7600000e+01   5.9059137e-03
  -5.7150000e+01   6.1080603e-03
  -5.6700000e+01   6.3146392e-03
  -5.6250000e+01   6.5257568e-03
  -5.5800000e+01   6.7415214e-03
  -5.5350000e+01   6.9620425e-03
  -5.4900000e+01   7.1874307e-03
  -5.4450000e+01   7.4177975e-03
  -5.4000000e+01   7.6532553e-03
  -5.3550000e+01   7.8939170e-03
  -5.3100000e+01   8.1398958e-03
  -5.2650000e+01   8.3913054e-03
  -5.2200000e+01   8.6482595e-03
  -5.1750000e+01   8.9108722e-03
  -5.1300000e+01   9.1792575e-03
  -5.0850000e+01   9.4535299e-03
  -5.0400000e+01   9.7338040e-03
  -4.9950000e+01   1.0020195e-02
  -4.9500000e+01   1.0312818e-02
  -4.9050000e+01   1.0611790e-02
  -4.8600000e+01   1.0917227e-02
  -4.8150000e+01   1.1229250e-02
  -4.7700000e+01   1.1547978e-02
  -4.7250000e+01   1.1873535e-02
  -4.6800000e+01   1.2206045e-02
  -4.6350000e+01   1.2545639e-02
  -4.5900000e+01   1.2892447e-02
  -4.5450000e+01   1.3246608e-02
  -4.5000000e+01   1.3608263e-02
  -4.4550000e+01   1.3977559e-02
  -4.4100000e+01   1.4354653e-02
  -4.3650000e+01   1.4739704e-02
  -4.3200000e+01   1.5132882e-02
  -4.2750000e+01   1.5534366e-02
  -4.2300000e+01   1.5944342e-02
  -4.1850000e+01   1.6363010e-02
  -4.1400000e+01   1.6790577e-02
  -4.0950000e+01   1.7227265e-02
  -4.0500000e+01   1.7673305e-02
  -4.0050000e+01   1.8128943e-02
  -3.9600000e+01   1.8594439e-02
  -3.9150000e+01   1.9070064e-02
  -3.8700000e+01   1.9556106e-02
  -3.8250000e+01   2.0052867e-02
  -3.7800000e+01   2.0560662e-02
  -3.7350000e+01   2.1079822e-02
  -3.6900000e+01   2.1610693e-02
  -3.6450000e+01   2.2153633e-02
  -3.6000000e+01   2.2709018e-02
  -3.5550000e+01   2.3277233e-02
  -3.5100000e+01   2.3858679e-02
  -3.4650000e+01   2.4453765e-02
  -3.4200000e+01   2.5062915e-02
  -3.3750000e+01   2.5686558e-02
  -3.3300000e+01   2.6325133e-02
  -3.2850000e+01   2.6979084e-02
  -3.2400000e+01   2.7648859e-02
  -3.1950000e+01   2.8334907e-02
  -3.1500000e+01   2.9037676e-02
  -3.1050000e+01   2.9757611e-02
  -3.0600000e+01   3.0495151e-02
  -3.0150000e+01   3.1250722e-02
  -2.9700000e+01   3.2024742e-02
  -2.9250000e+01   3.2817608e-02
  -2.8800000e+01   3.3629699e-02
  -2.8350000e+01   3.4461368e-02
  -2.7900000e+01   3.5312942e-02
  -2.7450000e+01   3.6184712e-02
  -2.7000000e+01   3.7076936e-02
  -2.6550000e+01   3.7989826e-02
  -2.6100000e+01   3.8923552e-02
  -2.5650000e+01   3.9878232e-02
  -2.5200000e+01   4.0853927e-02
  -2.4750000e+01   4.1850640e-02
  -2.4300000e+01   4.2868310e-02
  -2.3850000e+01   4.3906805e-02
  -2.3400000e+01   4.4965923e-02
  -2.2950000e+01   4.6045382e-02
  -2.2500000e+01   4.7144819e-02
  -2.2050000e+01   4.8263787e-02
  -2.1600000e+01   4.9401749e-02
  -2.1150000e+01   5.0558078e-02
  -2.0700000e+01   5.1732050e-02
  -2.0250000e+01   5.2922846e-02
  -1.9800000e+01   5.4129547e-02
  -1.9350000e+01   5.5351134e-02
  -1.8900000e+01   5.6586484e-02
  -1.8450000e+01   5.7834374e-02
  -1.8000000e+01   5.9093477e-02
  -1.7550000e+01   6.0362367e-02
  -1.7100000e+01   6.1639513e-02
  -1.6650000e+01   6.2923288e-02
  -1.6200000e+01   6.4211967e-02
  -1.5750000e+01   6.5503732e-02
  -1.5300000e+01   6.6796674e-02
  -1.4850000e+01   6.8088799e-02
  -1.4400000e+01   6.9378030e-02
  -1.3950000e+01   7.0662217e-02
  -1.3500000e+01   7.1939137e-02
  -1.3050000e+01   7.3206506e-02
  -1.2600000e+01   7.4461984e-02
  -1.2150000e+01   7.5703182e-02
  -1.1700000e+01   7.6927670e-02
  -1.1250000e+01   7.8132988e-02
  -1.0800000e+01   7.9316651e-02
  -1.0350000e+01   8.0476163e-02
  -9.9000000e+00   8.1609024e-02
  -9.4500000e+00   8.2712738e-02
  -9.0000000e+00   8.3784828e-02
  -8.5500000e+00   8.4822842e-02
  -8.1000000e+00   8.5824366e-02
  -7.6500000e+00   8.6787031e-02
  -7.2000000e+00   8.7708528e-02
  -6.7500000e+00   8.8586614e-02
  -6.3000000e+00   8.9419126e-02
  -5.8500000e+00   9.0203985e-02
  -5.4000000e+00   9.0939213e-02
  -4.9500000e+00   9.1622936e-02
  -4.5000000e+00   9.2253395e-02
  -4.0500000e+00   9.2828954e-02
  -3.6000000e+00   9.3348110e-02
  -3.1500000e+00   9.3809495e-02
  -2.7000000e+00   9.4211889e-02
  -2.2500000e+00   9.4554220e-02
  -1.8000000e+00   9.4835573e-02
  -1.3500000e+00   9.5055193e-02
  -9.0000000e-01   9.5212489e-02
  -4.5000000e-01   9.5307037e-02
   0.0000000e+00   9.5338582e-02
   4.5000000e-01   9.5307037e-02
   9.0000000e-01   9.5212489e-02
   1.3500000e+00   9.5055193e-02
   1.8000000e+00   9.4835573e-02
   2.2500000e+00   9.4554220e-02
   2.7000000e+00   9.4211889e-02
   3.1500000e+00   9.3809495e-02
   3.6000000e+00   9.3348110e-02
   4.0500000e+00   9.2828954e-02
   4.5000000e+00   9.2253395e-02
   4.9500000e+00   9.1622936e-02
   5.4000000e+00   9.0939213e-02
   5.8500000e+00   9.0203985e-02
   6.3000000e+00   8.9419126e-02
   6.7500000e+00   8.8586614e-02
   7.2000000e+00   8.7708528e-02
   7.6500000e+00   8.6787031e-02
   8.1000000e+00   8.5824366e-02
   8.5500000e+00   8.4822842e-02
   9.0000000e+00   8.3784828e-02
   9.4500000e+00   8.2712738e-02
   9.9000000e+00   8.1609024e-02
   1.0350000e+01   8.0476163e-02
   1.0800000e+01   7.9316651e-02
   1.1250000e+01   7.8132988e-02
   1.1700000e+01   7.6927670e-02
   1.2150000e+01   7.5703182e-02
   1.2600000e+01   7.4461984e-02
   1.3050000e+01   7.3206506e-02
   1.3500000e+01   7.1939137e-02
   1.3950000e+01   7.0662217e-02
   1.4400000e+01   6.9378030e-02
   1.4850000e+01   6.8088799e-02
   1.5300000e+01   6.6796674e-02
   1.5750000e+01   6.5503732e-02
   1.6200000e+01   6.4211967e-02
   1.6650000e+01   6.2923288e-02
   1.7100000e+01   6.1639513e-02
   1.7550000e+01   6.0362367e-02
   1.8000000e+01   5.9093477e-02
   1.8450000e+01   5.7834374e-02
   1.8900000e+01   5.6586484e-02
   1.9350000e+01   5.5351134e-02
   1.9800000e+01   5.4129547e-02
   2.0250000e+01   5.2922846e-02
   2.0700000e+01   5.1732050e-02
   2.1150000e+01   5.0558078e-02
   2.1600000e+01   4.9401749e-02
   2.2050000e+01   4.8263787e-02
   2.2500000e+01   4.7144819e-02
   2.2950000e+01   4.6045382e-02
   2.3400000e+01   4.4965923e-02
   2.3850000e+01   4.3906805e-02
   2.4300000e+01   4.2868310e-02
   2.4750000e+01   4.1850640e-02
   2.5200000e+01   4.0853927e-02
   2.5650000e+01   3.9878232e-02
   2.6100000e+01   3.8923552e-02
   2.6550000e+01   3.7989826e-02
   2.7000000e+01   3.7076936e-02
   2.7450000e+01   3.6184712e-02
   2.7900000e+01   3.5312942e-02
   2.8350000e+01   3.4461368e-02
   2.8800000e+01   3.3629699e-02
   2.9250000e+01   3.2817608e-02
   2.9700000e+01   3.2024742e-02
   3.0150000e+01   3.1250722e-02
   3.0600000e+01   3.0495151e-02
   3.1050000e+01   2.9757611e-02
   3.1500000e+01   2.9037676e-02
   3.1950000e+01   2.8334907e-02
   3.2400000e+01   2.7648859e-02
   3.2850000e+01   2.6979084e-02
   3.3300000e+01   2.6325133e-02
   3.3750000e+01   2.5686558e-02
   3.4200000e+01   2.5062915e-02
   3.4650000e+01   2.4453765e-02
   3.5100000e+01   2.3858679e-02
   3.5550000e+01   2.3277233e-02
   3.6000000e+01   2.2709018e-02
   3.6450000e+01   2.2153633e-02
   3.6900000e+01   2.1610693e-02
   3.7350000e+01   2.1079822e-02
   3.7800000e+01   2.0560662e-02
   3.8250000e+01   2.0052867e-02
   3.8700000e+01   1.9556106e-02
   3.9150000e+01   1.9070064e-02
   3.9600000e+01   1.8594439e-02
   4.0050000e+01   1.8128943e-02
   4.0500000e+01   1.7673305e-02
   4.0950000e+01   1.7227265e-02
   4.1400000e+01   1.6790577e-02
   4.1850000e+01   1.6363010e-02
   4.2300000e+01   1.5944342e-02
   4.2750000e+01   1.5534366e-02
   4.3200000e+01   1.5132882e-02
   4.3650000e+01   1.4739704e-02
   4.4100000e+01   1.4354653e-02
   4.4550000e+01   1.3977559e-02
   4.5000000e+01   1.3608263e-02
   4.5450000e+01   1.3246608e-02
   4.5900000e+01   1.2892447e-02
   4.6350000e+01   1.2545639e-02
   4.6800000e+01   1.2206045e-02
   4.7250000e+01   1.1873535e-02
   4.7700000e+01   1.1547978e-02
   4.8150000e+01   1.1229250e-02
   4.8600000e+01   1.0917227e-02
   4.9050000e+01   1.0611790e-02
   4.9500000e+01   1.0312818e-02
   4.9950000e+01   1.0020195e-02
   5.0400000e+01   9.7338040e-03
   5.0850000e+01   9.4535299e-03
   5.1300000e+01   9.1792575e-03
   5.1750000e+01   8.9108722e-03
   5.2200000e+01   8.6482595e-03
   5.2650000e+01   8.3913054e-03
   5.3100000e+01   8.1398958e-03
   5.3550000e+01   7.8939170e-03
   5.4000000e+01   7.6532553e-03
   5.4450000e+01   7.4177975e-03
   5.4900000e+01   7.1874307e-03
   5.5350000e+01   6.9620425e-03
   5.5800000e+01   6.7415214e-03
   5.6250000e+01   6.5257568e-03
   5.6700000e+01   6.3146392e-03
   5.7150000e+01   6.1080603e-03
   5.7600000e+01   5.9059137e-03
   5.8050000e+01   5.7080947e-03
   5.8500000e+01   5.5145003e-03
   5.8950000e+01   5.3250304e-03
   5.9400000e+01   5.1395869e-03
   5.9850000e+01   4.9580746e-03
   6.0300000e+01   4.7804014e-03
   6.0750000e+01   4.6064781e-03
   6.1200000e+01   4.4362189e-03
   6.1650000e+01   4.2695416e-03
   6.2100000e+01   4.1063674e-03
   6.2550000e+01   3.9466215e-03
   6.3000000e+01   3.7902327e-03
   6.3450000e+01   3.6371339e-03
   6.3900000e+01   3.4872620e-03
   6.4350000e+01   3.3405577e-03
   6.4800000e+01   3.1969660e-03
   6.5250000e+01   3.0564357e-03
   6.5700000e+01   2.9189197e-03
   6.6150000e+01   2.7843745e-03
   6.6600000e+01   2.6527609e-03
   6.7050000e+01   2.5240429e-03
   6.7500000e+01   2.3981882e-03
   6.7950000e+01   2.2751681e-03
   6.8400000e+01   2.1549567e-03
   6.8850000e+01   2.0375316e-03
   6.9300000e+01   1.9228727e-03
   6.9750000e+01   1.8109630e-03
   7.0200000e+01   1.7017875e-03
   7.0650000e+01   1.5953333e-03
   7.1100000e+01   1.4915896e-03
   7.1550000e+01   1.3905470e-03
   7.2000000e+01   1.2921974e-03
   7.2450000e+01   1.1965337e-03
   7.2900000e+01   1.1035498e-03
   7.3350000e+01   1.0132399e-03
   7.3800000e+01   9.2559838e-04
   7.4250000e+01   8.4061979e-04
   7.4700000e+01   7.5829827e-04
   7.5150000e+01   6.7862743e-04
   7.5600000e+01   6.0160015e-04
   7.6050000e+01   5.2720830e-04
   7.6500000e+01   4.5544256e-04
   7.6950000e+01   3.8629220e-04
   7.7400000e+01   3.1974493e-04
   7.7850000e+01   2.5578672e-04
   7.8300000e+01   1.9440166e-04
   7.8750000e+01   1.3557183e-04
   7.9200000e+01   7.9277185e-05
   7.9650000e+01   2.5495493e-05
   8.0100000e+01  -2.5797766e-05
   8.0550000e+01  -7.4629439e-05
   8.1000000e+01  -1.2102873e-04
   8.1450000e+01  -1.6502722e-04
   8.1900000e+01  -2.0665886e-04
   8.2350000e+01  -2.4595995e-04
   8.2800000e+01  -2.8296909e-04
   8.3250000e+01  -3.1772717e-04
   8.3700000e+01  -3.5027723e-04
   8.4150000e+01  -3.8066446e-04
   8.4600000e+01  -4.0893602e-04
   8.5050000e+01  -4.3514101e-04
   8.5500000e+01  -4.5933031e-04
   8.5950000e+01  -4.8155646e-04
   8.6400000e+01  -5.0187354e-04
   8.6850000e+01  -5.2033701e-04
   8.7300000e+01  -5.3700357e-04
   8.7750000e+01  -5.5193103e-04
   8.8200000e+01  -5.6517812e-04
   8.8650000e+01  -5.7680435e-04
   8.9100000e+01  -5.8686988e-04
   8.9550000e+01  -5.9543530e-04
   9.0000000e+01  -6.0256155e-04
