  -9.0000000e+01  -3.1202990e-02
  -8.9550000e+01  -2.8814572e-02
  -8.9100000e+01  -2.6264489e-02
  -8.8650000e+01  -2.3553064e-02
  -8.8200000e+01  -2.0681501e-02
  -8.7750000e+01  -1.7651948e-02
  -8.7300000e+01  -1.4467543e-02
  -8.6850000e+01  -1.1132457e-02
  -8.6400000e+01  -7.6519369e-03
  -8.5950000e+01  -4.0323248e-03
  -8.5500000e+01  -2.8108252e-04
  -8.5050000e+01   3.5932031e-03
  -8.4600000e+01   7.5808237e-03
  -8.4150000e+01   1.1670966e-02
  -8.3700000e+01   1.5851738e-02
  -8.3250000e+01   2.0110216e-02
  -8.2800000e+01   2.4432494e-02
  -8.2350000e+01   2.8803755e-02
  -8.1900000e+01   3.3208354e-02
  -8.1450000e+01   3.7629907e-02
  -8.1000000e+01   4.2051400e-02
  -8.0550000e+01   4.6455304e-02
  -8.0100000e+01   5.0823703e-02
  -7.9650000e+01   5.5138422e-02
  -7.9200000e+01   5.9381173e-02
  -7.8750000e+01   6.3533700e-02
  -7.8300000e+01   6.7577923e-02
  -7.7850000e+01   7.1496096e-02
  -7.7400000e+01   7.5270950e-02
  -7.6950000e+01   7.8885847e-02
  -7.6500000e+01   8.2324919e-02
  -7.6050000e+01   8.5573213e-02
  -7.5600000e+01   8.8616818e-02
  -7.5150000e+01   9.1442990e-02
  -7.4700000e+01   9.4040269e-02
  -7.4250000e+01   9.6398575e-02
  -7.3800000e+01   9.8509303e-02
  -7.3350000e+01   1.0036539e-01
  -7.2900000e+01   1.0196140e-01
  -7.2450000e+01   1.0329353e-01
  -7.2000000e+01   1.0435967e-01
  -7.1550000e+01   1.0515939e-01
  -7.1100000e+01   1.0569397e-01
  -7.0650000e+01   1.0596632e-01
  -7.0200000e+01   1.0598097e-01
  -6.9750000e+01   1.0574401e-01
  -6.9300000e+01   1.0526298e-01
  -6.8850000e+01   1.0454678e-01
  -6.8400000e+01   1.0360557e-01
  -6.7950000e+01   1.0245062e-01
  -6.7500000e+01   1.0109419e-01
  -6.7050000e+01   9.9549333e-02
  -6.6600000e+01   9.7829799e-02
  -6.6150000e+01   9.5949819e-02
  -6.5700000e+01   9.3923968e-02
  -6.5250000e+01   9.1766998e-02
  -6.4800000e+01   8.9493681e-02
  -6.4350000e+01   8.7118665e-02
  -6.3900000e+01   8.4656340e-02
  -6.3450000e+01   8.2120712e-02
  -6.3000000e+01   7.9525297e-02
  -6.2550000e+01   7.6883035e-02
  -6.2100000e+01   7.4206211e-02
  -6.1650000e+01   7.1506403e-02
  -6.1200000e+01   6.8794441e-02
  -6.0750000e+01   6.6080384e-02
  -6.0300000e+01   6.3373515e-02
  -5.9850000e+01   6.0682344e-02
  -5.9400000e+01   5.8014626e-02
  -5.8950000e+01   5.5377391e-02
  -5.8500000e+01   5.2776975e-02
  -5.8050000e+01   5.0219063e-02
  -5.7600000e+01   4.7708731e-02
  -5.7150000e+01   4.5250496e-02
  -5.6700000e+01   4.2848358e-02
  -5.6250000e+01   4.0505844e-02
  -5.5800000e+01   3.8226053e-02
  -5.5350000e+01   3.6011692e-02
  -5.4900000e+01   3.3865108e-02
  -5.4450000e+01   3.1788319e-02
  -5.4000000e+01   2.9783039e-02
  -5.3550000e+01   2.7850692e-02
  -5.3100000e+01   2.5992432e-02
  -5.2650000e+01   2.4209151e-02
  -5.2200000e+01   2.2501487e-02
  -5.1750000e+01   2.0869828e-02
  -5.1300000e+01   1.9314313e-02
  -5.0850000e+01   1.7834838e-02
  -5.0400000e+01   1.6431051e-02
  -4.9950000e+01   1.5102361e-02
  -4.9500000e+01   1.3847931e-02
  -4.9050000e+01   1.2666690e-02
  -4.8600000e+01   1.1557336e-02
  -4.8150000e+01   1.0518341e-02
  -4.7700000e+01   9.5479653e-03
  -4.7250000e+01   8.6442702e-03
  -4.6800000e+01   7.8051303e-03
  -4.6350000e+01   7.0282537e-03
  -4.5900000e+01   6.3111998e-03
  -4.5450000e+01   5.6514016e-03
  -4.5000000e+01   5.0461872e-03
  -4.4550000e+01   4.4928031e-03
  -4.4100000e+01   3.9884382e-03
  -4.3650000e+01   3.5302471e-03
  -4.3200000e+01   3.1153730e-03
  -4.2750000e+01   2.7409704e-03
  -4.2300000e+01   2.4042259e-03
  -4.1850000e+01   2.1023775e-03
  -4.1400000e+01   1.8327326e-03
  -4.0950000e+01   1.5926839e-03
  -4.0500000e+01   1.3797226e-03
  -4.0050000e+01   1.1914499e-03
  -3.9600000e+01   1.0255865e-03
  -3.9150000e+01   8.7997921e-04
  -3.8700000e+01   7.5260615e-04
  -3.8250000e+01   6.4157932e-04
  -3.7800000e+01   5.4514577e-04
  -3.7350000e+01   4.6168678e-04
  -3.6900000e+01   3.8971574e-04
  -3.6450000e+01   3.2787454e-04
  -3.6000000e+01   2.7492900e-04
  -3.5550000e+01   2.2976331e-04
  -3.5100000e+01   1.9137382e-04
  -3.4650000e+01   1.5886229e-04
  -3.4200000e+01   1.3142881e-04
  -3.3750000e+01   1.0836448e-04
  -3.3300000e+01   8.9044150e-05
  -3.2850000e+01   7.2919149e-05
  -3.2400000e+01   5.9510197e-05
  -3.1950000e+01   4.8400609e-05
  -3.1500000e+01   3.9229804e-05
  -3.1050000e+01   3.1687191e-05
  -3.0600000e+01   2.5506461e-05
  -3.0150000e+01   2.0460313e-05
  -2.9700000e+01   1.6355614e-05
  -2.9250000e+01   1.3028998e-05
  -2.8800000e+01   1.0342892e-05
  -2.8350000e+01   8.1819552e-06
  -2.7900000e+01   6.4499138e-06
  -2.7450000e+01   5.0667571e-06
  -2.7000000e+01   3.9662806e-06
  -2.6550000e+01   3.0939404e-06
  -2.6100000e+01   2.4049923e-06
  -2.5650000e+01   1.8628888e-06
  -2.5200000e+01   1.4379046e-06
  -2.4750000e+01   1.1059655e-06
  -2.4300000e+01   8.4765700e-07
  -2.3850000e+01   6.4738777e-07
  -2.3400000e+01   4.9268969e-07
  -2.2950000e+01   3.7363373e-07
  -2.2500000e+01   2.8234581e-07
  -2.2050000e+01   2.1260743e-07
  -2.1600000e+01   1.5952787e-07
  -2.1150000e+01   1.1927653e-07
  -2.0700000e+01   8.8865473e-08
  -2.0250000e+01   6.5973590e-08
  -1.9800000e+01   4.8805142e-08
  -1.9350000e+01   3.5976495e-08
  -1.8900000e+01   2.6425874e-08
  -1.8450000e+01   1.9341785e-08
  -1.8000000e+01   1.4106518e-08
  -1.7550000e+01   1.0251764e-08
  -1.7100000e+01   7.4239027e-09
  -1.6650000e+01   5.3569826e-09
  -1.6200000e+01   3.8517833e-09
  -1.5750000e+01   2.7596655e-09
  -1.5300000e+01   1.9701684e-09
  -1.4850000e+01   1.4015282e-09
  -1.4400000e+01   9.9346197e-10
  -1.3950000e+01   7.0169891e-10
  -1.3500000e+01   4.9385538e-10
  -1.3050000e+01   3.4633586e-10
  -1.2600000e+01   2.4201545e-10
  -1.2150000e+01   1.6851398e-10
  -1.1700000e+01   1.1691636e-10
  -1.1250000e+01   8.0827742e-11
  -1.0800000e+01   5.5678912e-11
  -1.0350000e+01   3.8217785e-11
  -9.9000000e+00   2.6138709e-11
  -9.4500000e+00   1.7813367e-11
  -9.0000000e+00   1.2096246e-11
  -8.5500000e+00   8.1845992e-12
  -8.1000000e+00   5.5180538e-12
  -7.6500000e+00   3.7069416e-12
  -7.2000000e+00   2.4813411e-12
  -6.7500000e+00   1.6549995e-12
  -6.3000000e+00   1.0998914e-12
  -5.8500000e+00   7.2835413e-13
  -5.4000000e+00   4.8059303e-13
  -4.9500000e+00   3.1597880e-13
  -4.5000000e+00   2.0701093e-13
  -4.0500000e+00   1.3514718e-13
  -3.6000000e+00   8.7934333e-14
  -3.1500000e+00   5.7042306e-14
  -2.7000000e+00   3.6923006e-14
  -2.2500000e+00   2.3899641e-14
  -1.8000000e+00   1.5551676e-14
  -1.3500000e+00   1.0302468e-14
  -9.0000000e-01   7.1459911e-15
  -4.5000000e-01   5.4697226e-15
   0.0000000e+00   4.9453674e-15
   4.5000000e-01   5.4697226e-15
   9.0000000e-01   7.1459911e-15
   1.3500000e+00   1.0302468e-14
   1.8000000e+00   1.5551676e-14
   2.2500000e+00   2.3899641e-14
   2.7000000e+00   3.6923006e-14
   3.1500000e+00   5.7042306e-14
   3.6000000e+00   8.7934333e-14
   4.0500000e+00   1.3514718e-13
   4.5000000e+00   2.0701093e-13
   4.9500000e+00   3.1597880e-13
   5.4000000e+00   4.8059303e-13
   5.8500000e+00   7.2835413e-13
   6.3000000e+00   1.0998914e-12
   6.7500000e+00   1.6549995e-12
   7.2000000e+00   2.4813411e-12
   7.6500000e+00   3.7069416e-12
   8.1000000e+00   5.5180538e-12
   8.5500000e+00   8.1845992e-12
   9.0000000e+00   1.2096246e-11
   9.4500000e+00   1.7813367e-11
   9.9000000e+00   2.6138709e-11
   1.0350000e+01   3.8217785e-11
   1.0800000e+01   5.5678912e-11
   1.1250000e+01   8.0827742e-11
   1.1700000e+01   1.1691636e-10
   1.2150000e+01   1.6851398e-10
   1.2600000e+01   2.4201545e-10
   1.3050000e+01   3.4633586e-10
   1.3500000e+01   4.9385538e-10
   1.3950000e+01   7.0169891e-10
   1.4400000e+01   9.9346197e-10
   1.4850000e+01   1.4015282e-09
   1.5300000e+01   1.9701684e-09
   1.5750000e+01   2.7596655e-09
   1.6200000e+01   3.8517833e-09
   1.6650000e+01   5.3569826e-09
   1.7100000e+01   7.4239027e-09
   1.7550000e+01   1.0251764e-08
   1.8000000e+01   1.4106518e-08
   1.8450000e+01   1.9341785e-08
   1.8900000e+01   2.6425874e-08
   1.9350000e+01   3.5976495e-08
   1.9800000e+01   4.8805142e-08
   2.0250000e+01   6.5973590e-08
   2.0700000e+01   8.8865473e-08
   2.1150000e+01   1.1927653e-07
   2.1600000e+01   1.5952787e-07
   2.2050000e+01   2.1260743e-07
   2.2500000e+01   2.8234581e-07
   2.2950000e+01   3.7363373e-07
   2.3400000e+01   4.9268969e-07
   2.3850000e+01   6.4738777e-07
   2.4300000e+01   8.4765700e-07
   2.4750000e+01   1.1059655e-06
   2.5200000e+01   1.4379046e-06
   2.5650000e+01   1.8628888e-06
   2.6100000e+01   2.4049923e-06
   2.6550000e+01   3.0939404e-06
   2.7000000e+01   3.9662806e-06
   2.7450000e+01   5.0667571e-06
   2.7900000e+01   6.4499138e-06
   2.8350000e+01   8.1819552e-06
   2.8800000e+01   1.0342892e-05
   2.9250000e+01   1.3028998e-05
   2.9700000e+01   1.6355614e-05
   3.0150000e+01   2.0460313e-05
   3.0600000e+01   2.5506461e-05
   3.1050000e+01   3.1687191e-05
   3.1500000e+01   3.9229804e-05
   3.1950000e+01   4.8400609e-05
   3.2400000e+01   5.9510197e-05
   3.2850000e+01   7.2919149e-05
   3.3300000e+01   8.9044150e-05
   3.3750000e+01   1.0836448e-04
   3.4200000e+01   1.3142881e-04
   3.4650000e+01   1.5886229e-04
   3.5100000e+01   1.9137382e-04
   3.5550000e+01   2.2976331e-04
   3.6000000e+01   2.7492900e-04
   3.6450000e+01   3.2787454e-04
   3.6900000e+01   3.8971574e-04
   3.7350000e+01   4.6168678e-04
   3.7800000e+01   5.4514577e-04
   3.8250000e+01   6.4157932e-04
   3.8700000e+01   7.5260615e-04
   3.9150000e+01   8.7997921e-04
   3.9600000e+01   1.0255865e-03
   4.0050000e+01   1.1914499e-03
   4.0500000e+01   1.3797226e-03
   4.0950000e+01   1.5926839e-03
   4.1400000e+01   1.8327326e-03
   4.1850000e+01   2.1023775e-03
   4.2300000e+01   2.4042259e-03
   4.2750000e+01   2.7409704e-03
   4.3200000e+01   3.1153730e-03
   4.3650000e+01   3.5302471e-03
   4.4100000e+01   3.9884382e-03
   4.4550000e+01   4.4928031e-03
   4.5000000e+01   5.0461872e-03
   4.5450000e+01   5.6514016e-03
   4.5900000e+01   6.3111998e-03
   4.6350000e+01   7.0282537e-03
   4.6800000e+01   7.8051303e-03
   4.7250000e+01   8.6442702e-03
   4.7700000e+01   9.5479653e-03
   4.8150000e+01   1.0518341e-02
   4.8600000e+01   1.1557336e-02
   4.9050000e+01   1.2666690e-02
   4.9500000e+01   1.3847931e-02
   4.9950000e+01   1.5102361e-02
   5.0400000e+01   1.6431051e-02
   5.0850000e+01   1.7834838e-02
   5.1300000e+01   1.9314313e-02
   5.1750000e+01   2.0869828e-02
   5.2200000e+01   2.2501487e-02
   5.2650000e+01   2.4209151e-02
   5.3100000e+01   2.5992432e-02
   5.3550000e+01   2.7850692e-02
   5.4000000e+01   2.9783039e-02
   5.4450000e+01   3.1788319e-02
   5.4900000e+01   3.3865108e-02
   5.5350000e+01   3.6011692e-02
   5.5800000e+01   3.8226053e-02
   5.6250000e+01   4.0505844e-02
   5.6700000e+01   4.2848358e-02
   5.7150000e+01   4.5250496e-02
   5.7600000e+01   4.7708731e-02
   5.8050000e+01   5.0219063e-02
   5.8500000e+01   5.2776975e-02
   5.8950000e+01   5.5377391e-02
   5.9400000e+01   5.8014626e-02
   5.9850000e+01   6.0682344e-02
   6.0300000e+01   6.3373515e-02
   6.0750000e+01   6.6080384e-02
   6.1200000e+01   6.8794441e-02
   6.1650000e+01   7.1506403e-02
   6.2100000e+01   7.4206211e-02
   6.2550000e+01   7.6883035e-02
   6.3000000e+01   7.9525297e-02
   6.3450000e+01   8.2120712e-02
   6.3900000e+01   8.4656340e-02
   6.4350000e+01   8.7118665e-02
   6.4800000e+01   8.9493681e-02
   6.5250000e+01   9.1766998e-02
   6.5700000e+01   9.3923968e-02
   6.6150000e+01   9.5949819e-02
   6.6600000e+01   9.7829799e-02
   6.7050000e+01   9.9549333e-02
   6.7500000e+01   1.0109419e-01
   6.7950000e+01   1.0245062e-01
   6.8400000e+01   1.0360557e-01
   6.8850000e+01   1.0454678e-01
   6.9300000e+01   1.0526298e-01
   6.9750000e+01   1.0574401e-01
   7.0200000e+01   1.0598097e-01
   7.0650000e+01   1.0596632e-01
   7.1100000e+01   1.0569397e-01
   7.1550000e+01   1.0515939e-01
   7.2000000e+01   1.0435967e-01
   7.2450000e+01   1.0329353e-01
   7.2900000e+01   1.0196140e-01
   7.3350000e+01   1.0036539e-01
   7.3800000e+01   9.8509303e-02
   7.4250000e+01   9.6398575e-02
   7.4700000e+01   9.4040269e-02
   7.5150000e+01   9.1442990e-02
   7.5600000e+01   8.8616818e-02
   7.6050000e+01   8.5573213e-02
   7.6500000e+01   8.2324919e-02
   7.6950000e+01   7.8885847e-02
   7.7400000e+01   7.5270950e-02
   7.7850000e+01   7.1496096e-02
   7.8300000e+01   6.7577923e-02
   7.8750000e+01   6.3533700e-02
   7.9200000e+01   5.9381173e-02
   7.9650000e+01   5.5138422e-02
   8.0100000e+01   5.0823703e-02
   8.0550000e+01   4.6455304e-02
   8.1000000e+01   4.2051400e-02
   8.1450000e+01   3.7629907e-02
   8.1900000e+01   3.3208354e-02
   8.2350000e+01   2.8803755e-02
   8.2800000e+01   2.4432494e-02
   8.3250000e+01   2.0110216e-02
   8.3700000e+01   1.5851738e-02
   8.4150000e+01   1.1670966e-02
   8.4600000e+01   7.5808237e-03
   8.5050000e+01   3.5932031e-03
   8.5500000e+01  -2.8108252e-04
   8.5950000e+01  -4.0323248e-03
   8.6400000e+01  -7.6519369e-03
   8.6850000e+01  -1.1132457e-02
   8.7300000e+01  -1.4467543e-02
   8.7750000e+01  -1.7651948e-02
   8.8200000e+01  -2.0681501e-02
   8.8650000e+01  -2.3553064e-02
   8.9100000e+01  -2.6264489e-02
   8.9550000e+01  -2.8814572e-02
   9.0000000e+01  -3.1202990e-02
