  -9.0000000e+01 -4.7941172e-132  -1.6722848e-44  -3.0837206e-15  -1.1751104e-05  -1.2460029e-02  -3.8780247e-02   2.4986708e-02   6.3417460e-02   5.5802775e-02   3.9209605e-02   3.1789371e-02
  -8.9550000e+01 -2.5060202e-127  -6.3163601e-43  -7.2702031e-15  -1.4788645e-05  -1.2538647e-02  -3.5527423e-02   2.6822761e-02   6.3390667e-02   5.5510884e-02   3.9075062e-02   3.1741471e-02
  -8.9100000e+01 -1.2632540e-122  -2.2078529e-41  -1.6582617e-14  -1.8416343e-05  -1.2534226e-02  -3.2225186e-02   2.8610925e-02   6.3353016e-02   5.5219249e-02   3.8941134e-02   3.1693808e-02
  -8.8650000e+01 -5.9491565e-118  -6.6518120e-40  -3.6306213e-14  -2.2653419e-05  -1.2435846e-02  -2.8878199e-02   3.0350987e-02   6.3304668e-02   5.4927892e-02   3.8807820e-02   3.1646382e-02
  -8.8200000e+01 -2.4090825e-113  -1.4903667e-38  -7.5219279e-14  -2.7460694e-05  -1.2232116e-02  -2.5491309e-02   3.2042763e-02   6.3245782e-02   5.4636833e-02   3.8675123e-02   3.1599194e-02
  -8.7750000e+01 -5.8048940e-109  -1.6524429e-37  -1.4340760e-13  -3.2701763e-05  -1.1911249e-02  -2.2069536e-02   3.3686099e-02   6.3176517e-02   5.4346091e-02   3.8543044e-02   3.1552243e-02
  -8.7300000e+01  3.2201721e-104   2.6603332e-36  -2.3567012e-13  -3.8087505e-05  -1.1461155e-02  -1.8618064e-02   3.5280871e-02   6.3097034e-02   5.4055686e-02   3.8411582e-02   3.1505530e-02
  -8.6850000e+01   7.2163898e-99   1.8800690e-34  -2.6472728e-13  -4.3098697e-05  -1.0869542e-02  -1.5142223e-02   3.6826983e-02   6.3007493e-02   5.3765637e-02   3.8280740e-02   3.1459055e-02
  -8.6400000e+01   7.5856509e-94   5.8796670e-33   1.5858370e-13  -4.6880484e-05  -1.0124043e-02  -1.1647484e-02   3.8324370e-02   6.2908055e-02   5.3475965e-02   3.8150518e-02   3.1412818e-02
  -8.5950000e+01   2.6401035e-89   1.3864741e-31   2.3741707e-12  -4.8101491e-05  -9.2123484e-03  -8.1394406e-03   3.9772995e-02   6.2798880e-02   5.3186687e-02   3.8020916e-02   3.1366818e-02
  -8.5500000e+01   2.0639134e-85   2.5688227e-30   1.0469633e-11  -4.4769504e-05  -8.1223607e-03  -4.6237936e-03   4.1172852e-02   6.2680130e-02   5.2897824e-02   3.7891937e-02   3.1321056e-02
  -8.5050000e+01   5.1411545e-82   2.7948501e-29   3.6162951e-11  -3.3995065e-05  -6.8423596e-03  -1.1063384e-03   4.2523963e-02   6.2551965e-02   5.2609395e-02   3.7763580e-02   3.1275531e-02
  -8.4600000e+01  -3.0425256e-77  -5.2438471e-28   1.1263470e-10  -1.1694213e-05  -5.3611799e-03   2.4070527e-03   4.3826379e-02   6.2414546e-02   5.2321418e-02   3.7635847e-02   3.1230245e-02
  -8.4150000e+01  -1.3491183e-72  -5.0312829e-26   3.3766191e-10   2.7777940e-05  -3.6684008e-03   5.9104466e-03   4.5080182e-02   6.2268035e-02   5.2033912e-02   3.7508738e-02   3.1185196e-02
  -8.3700000e+01  -1.4490355e-68  -2.2002499e-24   1.0200541e-09   9.2069750e-05  -1.7545438e-03   9.3978670e-03   4.6285482e-02   6.2112592e-02   5.1746896e-02   3.7382255e-02   3.1140385e-02
  -8.3250000e+01  -4.7842725e-65  -6.5945541e-23   3.1760805e-09   1.9135625e-04   3.8872323e-04   1.2863312e-02   4.7442418e-02   6.1948378e-02   5.1460388e-02   3.7256398e-02   3.1095812e-02
  -8.2800000e+01  -8.6796625e-62  -9.3507146e-22   1.0048062e-08   3.3894383e-04   2.7683787e-03   1.6300774e-02   4.8551156e-02   6.1775554e-02   5.1174408e-02   3.7131168e-02   3.1051478e-02
  -8.2350000e+01   1.9404992e-58   1.1967157e-20   3.1020547e-08   5.5195166e-04   5.3898403e-03   1.9704254e-02   4.9611894e-02   6.1594280e-02   5.0888972e-02   3.7006566e-02   3.1007381e-02
  -8.1900000e+01   3.5545762e-54   4.6037761e-19   9.0025245e-08   8.5205796e-04   8.2567605e-03   2.3067785e-02   5.0624854e-02   6.1404719e-02   5.0604100e-02   3.6882593e-02   3.0963522e-02
  -8.1450000e+01   2.5637801e-50   6.0102938e-18   2.4137203e-07   1.2662890e-03   1.1370831e-02   2.6385452e-02   5.1590288e-02   6.1207029e-02   5.0319809e-02   3.6759250e-02   3.0919901e-02
  -8.1000000e+01   6.0443237e-47   5.6389831e-17   5.9836287e-07   1.8278167e-03   1.4731595e-02   2.9651404e-02   5.2508476e-02   6.1001371e-02   5.0036117e-02   3.6636538e-02   3.0876519e-02
  -8.0550000e+01   3.0435906e-44   4.2474370e-16   1.3860086e-06   2.5767153e-03   1.8336281e-02   3.2859882e-02   5.3379724e-02   6.0787904e-02   4.9753043e-02   3.6514457e-02   3.0833374e-02
  -8.0100000e+01   6.6815381e-42   2.2315098e-15   3.0433343e-06   3.5606106e-03   2.2179649e-02   3.6005232e-02   5.4204364e-02   6.0566790e-02   4.9470603e-02   3.6393008e-02   3.0790468e-02
  -7.9650000e+01  -1.0800569e-38  -2.3068686e-15   6.4419475e-06   4.8351342e-03   2.6253860e-02   3.9081926e-02   5.4982755e-02   6.0338186e-02   4.9188815e-02   3.6272192e-02   3.0747800e-02
  -7.9200000e+01  -3.5336006e-35  -2.9852648e-13   1.3406919e-05   6.4640812e-03   3.0548381e-02   4.2084583e-02   5.5715283e-02   6.0102253e-02   4.8907697e-02   3.6152011e-02   3.0705371e-02
  -7.8750000e+01  -3.0095907e-32  -5.6254243e-12   2.8007254e-05   8.5191486e-03   3.5049909e-02   4.5007982e-02   5.6402357e-02   5.9859148e-02   4.8627265e-02   3.6032464e-02   3.0663179e-02
  -7.8300000e+01  -7.1769512e-30  -6.9489358e-11   5.9500066e-05   1.1079129e-02   3.9742338e-02   4.7847086e-02   5.7044413e-02   5.9609030e-02   4.8347538e-02   3.5913552e-02   3.0621226e-02
  -7.7850000e+01  -9.4638841e-28  -4.3881857e-10   1.2776818e-04   1.4228433e-02   4.4606753e-02   5.0597054e-02   5.7641910e-02   5.9352057e-02   4.8068531e-02   3.5795278e-02   3.0579511e-02
  -7.7400000e+01   7.8480478e-26   1.5793836e-09   2.7036763e-04   1.8054831e-02   4.9621471e-02   5.3253261e-02   5.8195330e-02   5.9088386e-02   4.7790263e-02   3.5677640e-02   3.0538035e-02
  -7.6950000e+01   1.3100626e-22   3.0056959e-08   5.4769613e-04   2.2646345e-02   5.4762119e-02   5.5811312e-02   5.8705181e-02   5.8818173e-02   4.7512749e-02   3.5560640e-02   3.0496798e-02
  -7.6500000e+01   6.4409893e-20   1.5730401e-07   1.0442598e-03   2.8087260e-02   6.0001752e-02   5.8267057e-02   5.9171991e-02   5.8541576e-02   4.7236006e-02   3.5444279e-02   3.0455798e-02
  -7.6050000e+01   9.7872530e-18   5.8536251e-07   1.8700645e-03   3.4453308e-02   6.5311016e-02   6.0616609e-02   5.9596310e-02   5.8258750e-02   4.6960051e-02   3.5328558e-02   3.0415037e-02
  -7.5600000e+01   3.0417200e-16   1.8095046e-06   3.1683746e-03   4.1806141e-02   7.0658351e-02   6.2856350e-02   5.9978710e-02   5.7969851e-02   4.6684900e-02   3.5213477e-02   3.0374515e-02
  -7.5150000e+01   5.1571748e-15   4.5098068e-06   5.1341805e-03   5.0187325e-02   7.6010239e-02   6.4982949e-02   6.0319784e-02   5.7675032e-02   4.6410569e-02   3.5099037e-02   3.0334232e-02
  -7.4700000e+01  -1.8014429e-13   6.1727823e-06   8.0506073e-03   5.9612143e-02   8.1331492e-02   6.6993371e-02   6.0620144e-02   5.7374447e-02   4.6137075e-02   3.4985239e-02   3.0294187e-02
  -7.4250000e+01  -5.2279939e-11  -2.3203444e-05   1.2357271e-02   7.0063602e-02   8.6585574e-02   6.8884886e-02   6.0880423e-02   5.7068251e-02   4.5864433e-02   3.4872084e-02   3.0254380e-02
  -7.3800000e+01  -4.1287033e-09  -2.6439753e-04   1.8757804e-02   8.1487102e-02   9.1734971e-02   7.0655079e-02   6.1101269e-02   5.6756595e-02   4.5592659e-02   3.4759572e-02   3.0214813e-02
  -7.3350000e+01  -7.8874497e-08  -1.4369398e-03   2.8318407e-02   9.3786247e-02   9.6741579e-02   7.2301855e-02   6.1283351e-02   5.6439632e-02   4.5321769e-02   3.4647705e-02   3.0175484e-02
  -7.2900000e+01  -7.5109870e-07  -4.0014159e-03   4.2389909e-02   1.0682029e-01   1.0156713e-01   7.3823449e-02   6.1427353e-02   5.6117512e-02   4.5051778e-02   3.4536482e-02   3.0136394e-02
  -7.2450000e+01   1.8210846e-06   4.8532736e-03   6.2150741e-02   1.2040367e-01   1.0617367e-01   7.5218426e-02   6.1533978e-02   5.5790386e-02   4.4782703e-02   3.4425905e-02   3.0097542e-02
  -7.2000000e+01   3.5849487e-04   4.3724469e-02   8.7918131e-02   1.3430792e-01   1.1052396e-01   7.6485686e-02   6.1603940e-02   5.5458404e-02   4.4514558e-02   3.4315975e-02   3.0058930e-02
  -7.1550000e+01   1.1837620e-02   9.1719191e-02   1.1885916e-01   1.4826627e-01   1.1458203e-01   7.7624469e-02   6.1637971e-02   5.5121713e-02   4.4247358e-02   3.4206692e-02   3.0020556e-02
  -7.1100000e+01   1.0240982e-01   1.3825885e-01   1.5342470e-01   1.6198085e-01   1.1831364e-01   7.8634350e-02   6.1636816e-02   5.4780462e-02   4.3981119e-02   3.4098057e-02   2.9982421e-02
  -7.0650000e+01   1.7987497e-01   1.8379692e-01   1.9000222e-01   1.7513234e-01   1.2168673e-01   7.9515244e-02   6.1601233e-02   5.4434798e-02   4.3715856e-02   3.3990070e-02   2.9944526e-02
  -7.0200000e+01   2.2789489e-01   2.2900042e-01   2.2722835e-01   1.8739182e-01   1.2467194e-01   8.0267398e-02   6.1531991e-02   5.4084867e-02   4.3451582e-02   3.3882733e-02   2.9906869e-02
  -6.9750000e+01   2.7325413e-01   2.7411480e-01   2.6392733e-01   1.9843407e-01   1.2724303e-01   8.0891392e-02   6.1429873e-02   5.3730814e-02   4.3188314e-02   3.3776046e-02   2.9869451e-02
  -6.9300000e+01   3.1851905e-01   3.1927528e-01   2.9886597e-01   2.0795174e-01   1.2937731e-01   8.1388135e-02   6.1295669e-02   5.3372783e-02   4.2926065e-02   3.3670009e-02   2.9832272e-02
  -6.8850000e+01   3.6383471e-01   3.6483865e-01   3.3043797e-01   2.1566953e-01   1.3105599e-01   8.1758853e-02   6.1130182e-02   5.3010917e-02   4.2664851e-02   3.3564624e-02   2.9795332e-02
  -6.8400000e+01   4.0919731e-01   4.1222478e-01   3.5637781e-01   2.2135740e-01   1.3226453e-01   8.2005089e-02   6.0934223e-02   5.2645359e-02   4.2404684e-02   3.3459892e-02   2.9758631e-02
  -6.7950000e+01   4.5495401e-01   4.6332951e-01   3.7379982e-01   2.2484206e-01   1.3299293e-01   8.2128691e-02   6.0708608e-02   5.2276249e-02   4.2145580e-02   3.3355812e-02   2.9722169e-02
  -6.7500000e+01   4.9999976e-01   4.9512855e-01   3.7999175e-01   2.2601579e-01   1.3323585e-01   8.2131803e-02   6.0454164e-02   5.1903729e-02   4.1887553e-02   3.3252386e-02   2.9685947e-02
  -6.7050000e+01   4.5495401e-01   4.6332951e-01   3.7379982e-01   2.2484206e-01   1.3299283e-01   8.2016854e-02   6.0171722e-02   5.1527936e-02   4.1630616e-02   3.3149614e-02   2.9649964e-02
  -6.6600000e+01   4.0919731e-01   4.1222478e-01   3.5637781e-01   2.2135741e-01   1.3226825e-01   8.1786549e-02   5.9862120e-02   5.1149009e-02   4.1374783e-02   3.3047497e-02   2.9614219e-02
  -6.6150000e+01   3.6383471e-01   3.6483865e-01   3.3043797e-01   2.1566957e-01   1.3107134e-01   8.1443854e-02   5.9526200e-02   5.0767085e-02   4.1120068e-02   3.2946036e-02   2.9578715e-02
  -6.5700000e+01   3.1851905e-01   3.1927528e-01   2.9886597e-01   2.0795186e-01   1.2941605e-01   8.0991984e-02   5.9164806e-02   5.0382300e-02   4.0866485e-02   3.2845230e-02   2.9543449e-02
  -6.5250000e+01   2.7325413e-01   2.7411480e-01   2.6392733e-01   1.9843433e-01   1.2732084e-01   8.0434388e-02   5.8778787e-02   4.9994788e-02   4.0614047e-02   3.2745082e-02   2.9508423e-02
  -6.4800000e+01   2.2789489e-01   2.2900042e-01   2.2722835e-01   1.8739234e-01   1.2480840e-01   7.9774736e-02   5.8368995e-02   4.9604682e-02   4.0362766e-02   3.2645592e-02   2.9473636e-02
  -6.4350000e+01   1.7987497e-01   1.8379692e-01   1.9000222e-01   1.7513332e-01   1.2190530e-01   7.9016903e-02   5.7936280e-02   4.9212116e-02   4.0112657e-02   3.2546760e-02   2.9439088e-02
  -6.3900000e+01   1.0240982e-01   1.3825885e-01   1.5342470e-01   1.6198258e-01   1.1864156e-01   7.8164952e-02   5.7481496e-02   4.8817220e-02   3.9863733e-02   3.2448586e-02   2.9404780e-02
  -6.3450000e+01   1.1837620e-02   9.1719191e-02   1.1885916e-01   1.4826921e-01   1.1505018e-01   7.7223119e-02   5.7005493e-02   4.8420124e-02   3.9616006e-02   3.2351072e-02   2.9370711e-02
  -6.3000000e+01   3.5849487e-04   4.3724469e-02   8.7918131e-02   1.3431269e-01   1.1116661e-01   7.6195795e-02   5.6509124e-02   4.8020958e-02   3.9369489e-02   3.2254219e-02   2.9336881e-02
  -6.2550000e+01   1.8210846e-06   4.8532736e-03   6.2150741e-02   1.2041116e-01   1.0702820e-01   7.5087508e-02   5.5993237e-02   4.7619847e-02   3.9124194e-02   3.2158026e-02   2.9303291e-02
  -6.2100000e+01  -7.5109870e-07  -4.0014159e-03   4.2389909e-02   1.0683167e-01   1.0267365e-01   7.3902909e-02   5.5458678e-02   4.7216919e-02   3.8880135e-02   3.2062494e-02   2.9269941e-02
  -6.1650000e+01  -7.8874497e-08  -1.4369398e-03   2.8318407e-02   9.3802997e-02   9.8142392e-02   7.2646749e-02   5.4906292e-02   4.6812299e-02   3.8637324e-02   3.1967625e-02   2.9236830e-02
  -6.1200000e+01  -4.1287033e-09  -2.6439753e-04   1.8757804e-02   8.1511053e-02   9.3474048e-02   7.1323867e-02   5.4336916e-02   4.6406110e-02   3.8395773e-02   3.1873418e-02   2.9203958e-02
  -6.0750000e+01  -5.2279939e-11  -2.3203444e-05   1.2357271e-02   7.0096906e-02   8.8707850e-02   6.9939165e-02   5.3751385e-02   4.5998475e-02   3.8155494e-02   3.1779875e-02   2.9171326e-02
  -6.0300000e+01  -1.8014429e-13   6.1727823e-06   8.0506073e-03   5.9657224e-02   8.3882132e-02   6.8497597e-02   5.3150528e-02   4.5589515e-02   3.7916499e-02   3.1686996e-02   2.9138934e-02
  -5.9850000e+01   5.1571748e-15   4.5098068e-06   5.1341805e-03   5.0246780e-02   7.9033834e-02   6.7004146e-02   5.2535167e-02   4.5179349e-02   3.7678801e-02   3.1594781e-02   2.9106781e-02
  -5.9400000e+01   3.0417200e-16   1.8095046e-06   3.1683747e-03   4.1882590e-02   7.4198070e-02   6.5463810e-02   5.1906119e-02   4.4768096e-02   3.7442410e-02   3.1503231e-02   2.9074869e-02
  -5.8950000e+01   9.7872530e-18   5.8536251e-07   1.8700645e-03   3.4549207e-02   6.9407740e-02   6.3881581e-02   5.1264190e-02   4.4355873e-02   3.7207340e-02   3.1412347e-02   2.9043195e-02
  -5.8500000e+01   6.4409893e-20   1.5730401e-07   1.0442599e-03   2.8204686e-02   6.4693214e-02   6.2262428e-02   5.0610182e-02   4.3942796e-02   3.6973600e-02   3.1322129e-02   2.9011762e-02
  -5.8050000e+01   1.3100626e-22   3.0056959e-08   5.4769627e-04   2.2786767e-02   6.0082066e-02   6.0611285e-02   4.9944885e-02   4.3528980e-02   3.6741203e-02   3.1232578e-02   2.8980568e-02
  -5.7600000e+01   7.8480478e-26   1.5793836e-09   2.7036787e-04   1.8218910e-02   5.5598889e-02   5.8933026e-02   4.9269083e-02   4.3114537e-02   3.6510161e-02   3.1143694e-02   2.8949614e-02
  -5.7150000e+01  -9.4638841e-28  -4.3881857e-10   1.2776854e-04   1.4415859e-02   5.1265156e-02   5.7232457e-02   4.8583547e-02   4.2699579e-02   3.6280484e-02   3.1055479e-02   2.8918900e-02
  -5.6700000e+01  -7.1769512e-30  -6.9489358e-11   5.9500547e-05   1.1288533e-02   4.7099165e-02   5.5514295e-02   4.7889039e-02   4.2284216e-02   3.6052183e-02   3.0967932e-02   2.8888425e-02
  -5.6250000e+01  -3.0095907e-32  -5.6254243e-12   2.8007821e-05   8.7481015e-03   4.3116024e-02   5.3783156e-02   4.7186310e-02   4.1868558e-02   3.5825269e-02   3.0881054e-02   2.8858190e-02
  -5.5800000e+01  -3.5336006e-35  -2.9852648e-13   1.3407521e-05   6.7091841e-03   3.9327708e-02   5.2043539e-02   4.6476101e-02   4.1452712e-02   3.5599754e-02   3.0794846e-02   2.8828196e-02
  -5.5350000e+01  -1.0800569e-38  -2.3068686e-15   6.4425398e-06   5.0921985e-03   3.5743152e-02   5.0299816e-02   4.5759139e-02   4.1036784e-02   3.5375647e-02   3.0709308e-02   2.8798441e-02
  -5.4900000e+01   6.6815381e-42   2.2315098e-15   3.0438863e-06   3.8249039e-03   3.2368398e-02   4.8556215e-02   4.5036139e-02   4.0620879e-02   3.5152961e-02   3.0624441e-02   2.8768926e-02
  -5.4450000e+01   3.0435906e-44   4.2474370e-16   1.3865060e-06   2.8432500e-03   2.9206775e-02   4.6816808e-02   4.4307805e-02   4.0205099e-02   3.4931704e-02   3.0540245e-02   2.8739651e-02
  -5.4000000e+01   6.0443237e-47   5.6389831e-17   5.9880322e-07   2.0916480e-03   2.6259105e-02   4.5085506e-02   4.3574826e-02   3.9789548e-02   3.4711888e-02   3.0456722e-02   2.8710616e-02
  -5.3550000e+01   2.5637801e-50   6.0102938e-18   2.4175767e-07   1.5227933e-03   2.3523939e-02   4.3366044e-02   4.2837878e-02   3.9374326e-02   3.4493522e-02   3.0373870e-02   2.8681821e-02
  -5.3100000e+01   3.5545762e-54   4.6037761e-19   9.0356145e-08   1.0971656e-03   2.0997806e-02   4.1661974e-02   4.2097624e-02   3.8959531e-02   3.4276618e-02   3.0291692e-02   2.8653266e-02
  -5.2650000e+01   1.9404992e-58   1.1967156e-20   3.1290372e-08   7.8231673e-04   1.8675466e-02   3.9976654e-02   4.1354713e-02   3.8545262e-02   3.4061184e-02   3.0210187e-02   2.8624951e-02
  -5.2200000e+01  -8.6796625e-62  -9.3507058e-22   1.0249418e-08   5.5204289e-04   1.6550175e-02   3.8313249e-02   4.0609778e-02   3.8131615e-02   3.3847231e-02   3.0129356e-02   2.8596876e-02
  -5.1750000e+01  -4.7842725e-65  -6.5945342e-23   3.3105188e-09   3.8551691e-04   1.4613937e-02   3.6674716e-02   3.9863438e-02   3.7718684e-02   3.3634769e-02   3.0049199e-02   2.8569041e-02
  -5.1300000e+01  -1.4490355e-68  -2.2002296e-24   1.1005333e-09   2.6643730e-04   1.2857762e-02   3.5063808e-02   3.9116297e-02   3.7306563e-02   3.3423808e-02   2.9969718e-02   2.8541447e-02
  -5.0850000e+01  -1.3491183e-72  -5.0311235e-26   3.8173244e-10   1.8223338e-04   1.1271896e-02   3.3483063e-02   3.8368944e-02   3.6895344e-02   3.3214356e-02   2.9890912e-02   2.8514092e-02
  -5.0400000e+01  -3.0425256e-77  -5.2427293e-28   1.3530038e-10   1.2335084e-04   9.8460485e-03   3.1934809e-02   3.7621952e-02   3.6485118e-02   3.3006424e-02   2.9812782e-02   2.8486978e-02
  -4.9950000e+01   5.1411545e-82   2.7955276e-29   4.7390407e-11   8.2629885e-05   8.5695966e-03   3.0421158e-02   3.6875879e-02   3.6075974e-02   3.2800021e-02   2.9735328e-02   2.8460103e-02
  -4.9500000e+01   2.0639134e-85   2.5689059e-30   1.5941721e-11   5.4778796e-05   7.4317685e-03   2.8944008e-02   3.6131266e-02   3.5667999e-02   3.2595155e-02   2.9658552e-02   2.8433469e-02
  -4.9050000e+01   2.6401035e-89   1.3852301e-31   5.0430266e-12   3.5939121e-05   6.4218085e-03   2.7505044e-02   3.5388639e-02   3.5261281e-02   3.2391837e-02   2.9582453e-02   2.8407075e-02
  -4.8600000e+01   7.5856486e-94   5.8365595e-33   1.4757810e-12   2.3334666e-05   5.5291187e-03   2.6105739e-02   3.4648508e-02   3.4855903e-02   3.2190076e-02   2.9507032e-02   2.8380922e-02
  -4.8150000e+01   7.2163569e-99   1.7943415e-34   3.9471063e-13   1.4993906e-05   4.7433795e-03   2.4747361e-02   3.3911366e-02   3.4451950e-02   3.1989879e-02   2.9432289e-02   2.8355009e-02
  -4.7700000e+01  3.2199819e-104   2.2178092e-36   9.6319235e-14   9.5347057e-06   4.0546489e-03   2.3430971e-02   3.3177690e-02   3.4049504e-02   3.1791257e-02   2.9358225e-02   2.8329336e-02
  -4.7250000e+01 -5.7995533e-109  -4.7960434e-38   2.1893709e-14   6.0003937e-06   3.4534411e-03   2.2157434e-02   3.2447941e-02   3.3648644e-02   3.1594217e-02   2.9284841e-02   2.8303903e-02
  -4.6800000e+01 -2.3793527e-113  -1.5400280e-39   4.8806277e-15   3.7370843e-06   2.9307875e-03   2.0927423e-02   3.1722563e-02   3.3249452e-02   3.1398768e-02   2.9212136e-02   2.8278710e-02
  -4.6350000e+01 -5.0489626e-118  -2.0890503e-41   1.1374174e-15   2.3033897e-06   2.4782784e-03   1.9741423e-02   3.1001983e-02   3.2852005e-02   3.1204919e-02   2.9140112e-02   2.8253758e-02
  -4.5900000e+01 -3.4654074e-123  -1.9553920e-43   2.8485972e-16   1.4050239e-06   2.0880909e-03   1.8599743e-02   3.0286613e-02   3.2456379e-02   3.1012679e-02   2.9068769e-02   2.8229047e-02
  -4.5450000e+01 -5.4373379e-129  -1.0478301e-45   7.4510188e-17   8.4816757e-07   1.7530014e-03   1.7502520e-02   2.9576847e-02   3.2062649e-02   3.0822055e-02   2.8998107e-02   2.8204576e-02
  -4.5000000e+01  1.8663581e-135   8.6140465e-48   1.9374017e-17   5.0671155e-07   1.4663875e-03   1.6449731e-02   2.8873063e-02   3.1670890e-02   3.0633055e-02   2.8928126e-02   2.8180345e-02
  -4.4550000e+01  9.8389830e-140   4.1268076e-49   4.8178393e-18   2.9958518e-07   1.2222187e-03   1.5441198e-02   2.8175624e-02   3.1281174e-02   3.0445688e-02   2.8858827e-02   2.8156354e-02
  -4.4100000e+01  8.3466020e-145   9.0362671e-51   1.1176469e-18   1.7529091e-07   1.0150392e-03   1.4476602e-02   2.7484874e-02   3.0893572e-02   3.0259962e-02   2.8790211e-02   2.8132604e-02
  -4.3650000e+01  1.6877439e-150   1.5057192e-52   2.3758340e-19   1.0150265e-07   8.3994423e-04   1.3555491e-02   2.6801144e-02   3.0508154e-02   3.0075885e-02   2.8722278e-02   2.8109095e-02
  -4.3200000e+01  1.1099401e-156   1.8596119e-54   4.5639015e-20   5.8166656e-08   6.9255127e-04   1.2677287e-02   2.6124744e-02   3.0124988e-02   2.9893463e-02   2.8655029e-02   2.8085826e-02
  -4.2750000e+01  3.8135314e-163   1.0553735e-56   7.8819517e-21   3.2987533e-08   5.6896729e-04   1.1841300e-02   2.5455974e-02   2.9744142e-02   2.9712706e-02   2.8588463e-02   2.8062797e-02
  -4.2300000e+01 -2.8237322e-169  -6.2265181e-59   1.2456425e-21   1.8514218e-08   4.6575402e-04   1.1046737e-02   2.4795113e-02   2.9365681e-02   2.9533620e-02   2.8522581e-02   2.8040010e-02
  -4.1850000e+01 -8.9592739e-175  -9.4398743e-61   1.9078110e-22   1.0283516e-08   3.7989181e-04   1.0292713e-02   2.4142426e-02   2.8989670e-02   2.9356213e-02   2.8457384e-02   2.8017462e-02
  -4.1400000e+01 -1.3144776e-180  -5.1769863e-63   3.0897429e-23   5.6527461e-09   3.0874314e-04   9.5782567e-03   2.3498163e-02   2.8616172e-02   2.9180492e-02   2.8392872e-02   2.7995155e-02
  -4.0950000e+01 -6.3536387e-187  -1.9452996e-65   5.5624490e-24   3.0751013e-09   2.5001659e-04   8.9023270e-03   2.2862558e-02   2.8245249e-02   2.9006465e-02   2.8329045e-02   2.7973089e-02
  -4.0500000e+01 -6.6842145e-194  -4.6412952e-68   1.0748599e-24   1.6555466e-09   2.0173187e-04   8.2638178e-03   2.2235828e-02   2.7876961e-02   2.8834138e-02   2.8265904e-02   2.7951264e-02
  -4.0050000e+01 -4.5350724e-202   5.8169484e-71   2.0793210e-25   8.8207376e-10   1.6218639e-04   7.6615693e-03   2.1618178e-02   2.7511369e-02   2.8663520e-02   2.8203449e-02   2.7929679e-02
  -3.9600000e+01  3.3423087e-207   1.7864686e-72   3.8282700e-26   4.6510279e-10   1.2992376e-04   7.0943771e-03   2.1009795e-02   2.7148530e-02   2.8494615e-02   2.8141681e-02   2.7908334e-02
  -3.9150000e+01  1.9302776e-213   1.5953786e-74   6.5209391e-27   2.4270155e-10   1.0370437e-04   6.5610006e-03   2.0410853e-02   2.6788501e-02   2.8327433e-02   2.8080600e-02   2.7887231e-02
  -3.8700000e+01  2.8733174e-220   1.0529095e-76   1.0088688e-27   1.2533576e-10   8.2478336e-05   6.0601715e-03   1.9821511e-02   2.6431338e-02   2.8161978e-02   2.8020206e-02   2.7866368e-02
  -3.8250000e+01  1.3236073e-227   5.2272957e-79   1.3962988e-28   6.4055445e-11   6.5360754e-05   5.5906017e-03   1.9241915e-02   2.6077095e-02   2.7998259e-02   2.7960500e-02   2.7845745e-02
  -3.7800000e+01  3.3750433e-235   1.3283780e-81   1.7136176e-29   3.2397851e-11   5.1609371e-05   5.1509910e-03   1.8672193e-02   2.5725825e-02   2.7836281e-02   2.7901482e-02   2.7825364e-02
  -3.7350000e+01 -1.0018777e-242  -2.0521357e-84   1.8877811e-30   1.6216475e-11   4.0604523e-05   4.7400337e-03   1.8112465e-02   2.5377582e-02   2.7676050e-02   2.7843152e-02   2.7805223e-02
  -3.6900000e+01 -2.6171743e-249  -1.5625957e-86   1.9786500e-31   8.0330067e-12   3.1831314e-05   4.3564257e-03   1.7562832e-02   2.5032414e-02   2.7517575e-02   2.7785512e-02   2.7785323e-02
  -3.6450000e+01 -2.6350437e-256  -3.4521614e-89   2.2040825e-32   3.9380622e-12   2.4863884e-05   3.9988697e-03   1.7023386e-02   2.4690373e-02   2.7360859e-02   2.7728560e-02   2.7765663e-02
  -3.6000000e+01 -8.6302205e-264  -5.1498474e-92   2.8361143e-33   1.9106043e-12   1.9351631e-05   3.6660817e-03   1.6494203e-02   2.4351507e-02   2.7205911e-02   2.7672298e-02   2.7746245e-02
  -3.5550000e+01 -5.8811972e-272  -5.1796806e-95   4.0560110e-34   9.1736699e-13   1.5007220e-05   3.3567949e-03   1.5975348e-02   2.4015863e-02   2.7052735e-02   2.7616726e-02   2.7727067e-02
  -3.5100000e+01 -9.5987531e-281   3.6657940e-99   5.8565339e-35   4.3591274e-13   1.1596232e-05   3.0697652e-03   1.5466873e-02   2.3683487e-02   2.6901338e-02   2.7561844e-02   2.7708130e-02
  -3.4650000e+01  8.1319410e-288  2.0992583e-100   7.9997771e-36   2.0499330e-13   8.9282718e-06   2.8037744e-03   1.4968818e-02   2.3354425e-02   2.6751726e-02   2.7507652e-02   2.7689434e-02
  -3.4200000e+01  3.2918134e-295  7.7030301e-103   1.0019879e-36   9.5403207e-14   6.8493847e-06   2.5576342e-03   1.4481212e-02   2.3028721e-02   2.6603904e-02   2.7454152e-02   2.7670979e-02
  -3.3750000e+01  3.8727447e-303  2.0172759e-105   1.1301632e-37   4.3940949e-14   5.2356329e-06   2.3301891e-03   1.4004072e-02   2.2706418e-02   2.6457878e-02   2.7401343e-02   2.7652764e-02
  -3.3300000e+01  1.2880014e-311  4.0277078e-108   1.1299761e-38   2.0029017e-14   3.9876780e-06   2.1203190e-03   1.3537404e-02   2.2387558e-02   2.6313655e-02   2.7349225e-02   2.7634791e-02
  -3.2850000e+01  2.3072866e-320  4.5042248e-111   9.8918439e-40   9.0351421e-15   3.0262444e-06   1.9269412e-03   1.3081201e-02   2.2072182e-02   2.6171239e-02   2.7297799e-02   2.7617058e-02
  -3.2400000e+01   0.0000000e+00 -1.6470074e-114   7.6197922e-41   4.0336431e-15   2.2883408e-06   1.7490123e-03   1.2635451e-02   2.1760329e-02   2.6030635e-02   2.7247065e-02   2.7599567e-02
  -3.1950000e+01   0.0000000e+00 -7.0981463e-117   5.4485618e-42   1.7821708e-15   1.7241296e-06   1.5855296e-03   1.2200126e-02   2.1452039e-02   2.5891850e-02   2.7197024e-02   2.7582316e-02
  -3.1500000e+01   0.0000000e+00 -6.2959827e-120   4.1243294e-43   7.7927819e-16   1.2943489e-06   1.4355321e-03   1.1775192e-02   2.1147350e-02   2.5754888e-02   2.7147675e-02   2.7565306e-02
  -3.1050000e+01   0.0000000e+00 -3.6976252e-123   3.7644535e-44   3.3723157e-16   9.6819930e-07   1.2981009e-03   1.1360605e-02   2.0846297e-02   2.5619755e-02   2.7099020e-02   2.7548537e-02
  -3.0600000e+01   0.0000000e+00 -1.5234080e-126   3.9961234e-45   1.4442966e-16   7.2162212e-07   1.1723599e-03   1.0956310e-02   2.0548919e-02   2.5486455e-02   2.7051058e-02   2.7532009e-02
  -3.0150000e+01   0.0000000e+00 -1.1516313e-130   4.3267604e-46   6.1217491e-17   5.3590313e-07   1.0574757e-03   1.0562246e-02   2.0255248e-02   2.5354995e-02   2.7003789e-02   2.7515722e-02
  -2.9700000e+01   0.0000000e+00  6.7186193e-133   4.3970043e-47   2.5679283e-17   3.9654628e-07   9.5265736e-04   1.0178342e-02   1.9965320e-02   2.5225378e-02   2.6957215e-02   2.7499676e-02
  -2.9250000e+01   0.0000000e+00  1.0235360e-135   4.0562345e-48   1.0660427e-17   2.9236969e-07   8.5715616e-04   9.8045196e-03   1.9679166e-02   2.5097609e-02   2.6911335e-02   2.7483871e-02
  -2.8800000e+01   0.0000000e+00  1.0656946e-138   3.3407898e-49   4.3797180e-18   2.1478377e-07   7.7026479e-04   9.4406932e-03   1.9396821e-02   2.4971694e-02   2.6866149e-02   2.7468307e-02
  -2.8350000e+01   0.0000000e+00  8.5603787e-142   2.4188242e-50   1.7807078e-18   1.5721756e-07   6.9131662e-04   9.0867693e-03   1.9118314e-02   2.4847636e-02   2.6821658e-02   2.7452984e-02
  -2.7900000e+01   0.0000000e+00  4.1640108e-145   1.5159995e-51   7.1648850e-19   1.1466503e-07   6.1968474e-04   8.7426480e-03   1.8843677e-02   2.4725441e-02   2.6777863e-02   2.7437902e-02
  -2.7450000e+01   0.0000000e+00 -2.6867159e-149   8.2006601e-53   2.8529294e-19   8.3328030e-08   5.5478083e-04   8.4082226e-03   1.8572938e-02   2.4605113e-02   2.6734762e-02   2.7423061e-02
  -2.7000000e+01   0.0000000e+00 -8.9480314e-152   3.9995868e-54   1.1241731e-19   6.0336681e-08   4.9605398e-04   8.0833806e-03   1.8306127e-02   2.4486656e-02   2.6692358e-02   2.7408462e-02
  -2.6550000e+01   0.0000000e+00 -3.1730855e-155   2.0349066e-55   4.3835996e-20   4.3531324e-08   4.4298935e-04   7.7680037e-03   1.8043271e-02   2.4370075e-02   2.6650649e-02   2.7394103e-02
  -2.6100000e+01   0.0000000e+00 -7.2801831e-159   1.3072934e-56   1.6915277e-20   3.1293386e-08   3.9510680e-04   7.4619681e-03   1.7784398e-02   2.4255373e-02   2.6609636e-02   2.7379985e-02
  -2.5650000e+01   0.0000000e+00 -1.2063023e-162   1.0352889e-57   6.4591168e-21   2.2414733e-08   3.5195941e-04   7.1651450e-03   1.7529533e-02   2.4142556e-02   2.6569319e-02   2.7366109e-02
  -2.5200000e+01   0.0000000e+00 -6.8662182e-167   8.4558667e-59   2.4406682e-21   1.5997242e-08   3.1313208e-04   6.8774011e-03   1.7278702e-02   2.4031627e-02   2.6529700e-02   2.7352473e-02
  -2.4750000e+01   0.0000000e+00  5.8601175e-170   6.4130272e-60   9.1260547e-22   1.1375942e-08   2.7823992e-04   6.5985988e-03   1.7031931e-02   2.3922590e-02   2.6490777e-02   2.7339079e-02
  -2.4300000e+01   0.0000000e+00  3.7578089e-173   4.3651076e-61   3.3767216e-22   8.0604764e-09   2.4692681e-04   6.3285963e-03   1.6789242e-02   2.3815449e-02   2.6452551e-02   2.7325926e-02
  -2.3850000e+01   0.0000000e+00  1.5582592e-176   2.6301976e-62   1.2363666e-22   5.6906965e-09   2.1886384e-04   6.0672486e-03   1.6550659e-02   2.3710208e-02   2.6415022e-02   2.7313014e-02
  -2.3400000e+01   0.0000000e+00  5.0306218e-180   1.3827395e-63   4.4796524e-23   4.0031505e-09   1.9374779e-04   5.8144072e-03   1.6316204e-02   2.3606871e-02   2.6378191e-02   2.7300343e-02
  -2.2950000e+01   0.0000000e+00  1.0503117e-183   6.2260855e-65   1.6061821e-23   2.8058899e-09   1.7129966e-04   5.5699207e-03   1.6085900e-02   2.3505441e-02   2.6342058e-02   2.7287914e-02
  -2.2500000e+01   0.0000000e+00  3.5612719e-189   2.3689721e-66   5.6991458e-24   1.9596207e-09   1.5126320e-04   5.3336355e-03   1.5859767e-02   2.3405922e-02   2.6306622e-02   2.7275725e-02
  -2.2050000e+01   0.0000000e+00 -3.0152902e-191   7.7929193e-68   2.0012536e-24   1.3636615e-09   1.3340347e-04   5.1053954e-03   1.5637826e-02   2.3308318e-02   2.6271885e-02   2.7263778e-02
  -2.1600000e+01   0.0000000e+00 -4.2918752e-195   2.5517662e-69   6.9548075e-25   9.4552895e-10   1.1750547e-04   4.8850424e-03   1.5420096e-02   2.3212631e-02   2.6237847e-02   2.7252072e-02
  -2.1150000e+01   0.0000000e+00 -3.8553589e-199   1.1030957e-70   2.3920543e-25   6.5324678e-10   1.0337278e-04   4.6724171e-03   1.5206597e-02   2.3118866e-02   2.6204507e-02   2.7240607e-02
  -2.0700000e+01   0.0000000e+00 -2.5571066e-203   6.5275148e-72   8.1427306e-26   4.4969125e-10   9.0826260e-05   4.4673588e-03   1.4997347e-02   2.3027025e-02   2.6171865e-02   2.7229383e-02
  -2.0250000e+01   0.0000000e+00 -7.7341184e-208   4.0913788e-73   2.7434018e-26   3.0845143e-10   7.9702858e-05   4.2697057e-03   1.4792364e-02   2.2937112e-02   2.6139923e-02   2.7218401e-02
  -1.9800000e+01   0.0000000e+00  1.3533771e-211   2.3465017e-74   9.1481464e-27   2.1081174e-10   6.9854373e-05   4.0792955e-03   1.4591665e-02   2.2849131e-02   2.6108680e-02   2.7207660e-02
  -1.9350000e+01   0.0000000e+00  3.7283320e-215   1.1890743e-75   3.0192711e-27   1.4356181e-10   6.1146357e-05   3.8959657e-03   1.4395266e-02   2.2763083e-02   2.6078137e-02   2.7197160e-02
  -1.8900000e+01   0.0000000e+00  6.1019093e-219   5.2800055e-77   9.8626802e-28   9.7413584e-11   5.3457038e-05   3.7195535e-03   1.4203184e-02   2.2678972e-02   2.6048293e-02   2.7186901e-02
  -1.8450000e+01   0.0000000e+00  7.6851952e-223   2.0324876e-78   3.1886620e-28   6.5862310e-11   4.6676314e-05   3.5498965e-03   1.4015435e-02   2.2596801e-02   2.6019148e-02   2.7176884e-02
  -1.8000000e+01   0.0000000e+00  6.4277737e-227   6.6628138e-80   1.0203250e-28   4.4370214e-11   4.0704798e-05   3.3868329e-03   1.3832032e-02   2.2516573e-02   2.5990704e-02   2.7167108e-02
  -1.7550000e+01   0.0000000e+00  7.2628926e-232   1.8271523e-81   3.2313236e-29   2.9784027e-11   3.5452927e-05   3.2302013e-03   1.3652991e-02   2.2438290e-02   2.5962960e-02   2.7157573e-02
  -1.7100000e+01   0.0000000e+00 -2.4490302e-235   4.2287265e-83   1.0128130e-29   1.9921078e-11   3.0840120e-05   3.0798418e-03   1.3478326e-02   2.2361955e-02   2.5935916e-02   2.7148279e-02
  -1.6650000e+01   0.0000000e+00 -1.5034744e-239   9.3281088e-85   3.1418091e-30   1.3276385e-11   2.6794000e-05   2.9355955e-03   1.3308049e-02   2.2287572e-02   2.5909572e-02   2.7139227e-02
  -1.6200000e+01   0.0000000e+00 -5.4449086e-244   2.7204617e-86   9.6455377e-31   8.8162625e-12   2.3249660e-05   2.7973052e-03   1.3142173e-02   2.2215142e-02   2.5883929e-02   2.7130416e-02
  -1.5750000e+01   0.0000000e+00 -1.4515507e-248   1.1734982e-87   2.9306450e-31   5.8334676e-12   2.0148991e-05   2.6648152e-03   1.2980712e-02   2.2144667e-02   2.5858987e-02   2.7121846e-02
  -1.5300000e+01   0.0000000e+00 -2.0514376e-253   5.5140923e-89   8.8121889e-32   3.8459762e-12   1.7440048e-05   2.5379720e-03   1.2823676e-02   2.2076151e-02   2.5834746e-02   2.7113518e-02
  -1.4850000e+01   0.0000000e+00  8.3033971e-258   2.3504799e-90   2.6222974e-32   2.5265260e-12   1.5076476e-05   2.4166243e-03   1.2671077e-02   2.2009596e-02   2.5811206e-02   2.7105431e-02
  -1.4400000e+01   0.0000000e+00  1.0075457e-261   8.7601053e-92   7.7223945e-33   1.6537815e-12   1.3016969e-05   2.3006232e-03   1.2522927e-02   2.1945003e-02   2.5788367e-02   2.7097585e-02
  -1.3950000e+01   0.0000000e+00  6.4920084e-266   2.8411843e-93   2.2505542e-33   1.0786224e-12   1.1224782e-05   2.1898222e-03   1.2379234e-02   2.1882376e-02   2.5766229e-02   2.7089981e-02
  -1.3500000e+01   0.0000000e+00  3.1770769e-270   7.9519483e-95   6.4907026e-34   7.0096679e-13   9.6672773e-06   2.0840778e-03   1.2240011e-02   2.1821715e-02   2.5744793e-02   2.7082618e-02
  -1.3050000e+01   0.0000000e+00  1.0598529e-274   1.8862617e-96   1.8524987e-34   4.5390169e-13   8.3155106e-06   1.9832495e-03   1.2105266e-02   2.1763024e-02   2.5724058e-02   2.7075496e-02
  -1.2600000e+01   0.0000000e+00  8.2194770e-280   3.7060719e-98   5.2322586e-35   2.9286145e-13   7.1438533e-06   1.8871999e-03   1.1975008e-02   2.1706304e-02   2.5704025e-02   2.7068616e-02
  -1.2150000e+01   0.0000000e+00 -5.4434364e-284  5.9873523e-100   1.4624735e-35   1.8827746e-13   6.1296480e-06   1.7957947e-03   1.1849246e-02   2.1651557e-02   2.5684694e-02   2.7061977e-02
  -1.1700000e+01   0.0000000e+00 -1.4630751e-288  8.7306537e-102   4.0453618e-36   1.2060624e-13   5.2528952e-06   1.7089035e-03   1.1727989e-02   2.1598786e-02   2.5666065e-02   2.7055579e-02
  -1.1250000e+01   0.0000000e+00 -2.1372533e-293  1.6736825e-103   1.1073889e-36   7.6979708e-14   4.4959685e-06   1.6263990e-03   1.1611245e-02   2.1547991e-02   2.5648138e-02   2.7049423e-02
  -1.0800000e+01   0.0000000e+00 -2.2800482e-298  5.3258852e-105   2.9999806e-37   4.8957294e-14   3.8433572e-06   1.5481582e-03   1.1499021e-02   2.1499174e-02   2.5630913e-02   2.7043508e-02
  -1.0350000e+01   0.0000000e+00 -1.4251125e-303  1.9137308e-106   8.0429058e-38   3.1023649e-14   3.2814335e-06   1.4740615e-03   1.1391324e-02   2.1452337e-02   2.5614390e-02   2.7037835e-02
  -9.9000000e+00   0.0000000e+00  1.3309849e-308  6.1287776e-108   2.1339464e-38   1.9588555e-14   2.7982420e-06   1.4039937e-03   1.1288162e-02   2.1407482e-02   2.5598570e-02   2.7032403e-02
  -9.4500000e+00   0.0000000e+00  7.5426014e-313  1.6891236e-109   5.6031083e-39   1.2323829e-14   2.3833116e-06   1.3378434e-03   1.1189541e-02   2.1364611e-02   2.5583452e-02   2.7027212e-02
  -9.0000000e+00   0.0000000e+00  1.9260873e-317  4.0143737e-111   1.4559567e-39   7.7254249e-15   2.0274846e-06   1.2755039e-03   1.1095467e-02   2.1323723e-02   2.5569036e-02   2.7022263e-02
  -8.5500000e+00   0.0000000e+00  3.3596464e-322  8.1895198e-113   3.7440475e-40   4.8253892e-15   1.7227656e-06   1.2168723e-03   1.1005946e-02   2.1284822e-02   2.5555324e-02   2.7017555e-02
  -8.1000000e+00   0.0000000e+00   0.0000000e+00  1.4095371e-114   9.5281428e-41   3.0031385e-15   1.4621846e-06   1.1618505e-03   1.0920984e-02   2.1247908e-02   2.5542314e-02   2.7013089e-02
  -7.6500000e+00   0.0000000e+00   0.0000000e+00  1.9922141e-116   2.3996661e-41   1.8623068e-15   1.2396757e-06   1.1103449e-03   1.0840586e-02   2.1212982e-02   2.5530007e-02   2.7008864e-02
  -7.2000000e+00   0.0000000e+00   0.0000000e+00  2.2597344e-118   5.9809676e-42   1.1506940e-15   1.0499694e-06   1.0622664e-03   1.0764756e-02   2.1180046e-02   2.5518402e-02   2.7004880e-02
  -6.7500000e+00   0.0000000e+00   0.0000000e+00  2.1712185e-120   1.4752745e-42   7.0843675e-16   8.8849565e-07   1.0175308e-03   1.0693500e-02   2.1149100e-02   2.5507501e-02   2.7001138e-02
  -6.3000000e+00   0.0000000e+00   0.0000000e+00  2.6432715e-122   3.6012817e-43   4.3458516e-16   7.5129918e-07   9.7605847e-04   1.0626822e-02   2.1120147e-02   2.5497303e-02   2.6997637e-02
  -5.8500000e+00   0.0000000e+00   0.0000000e+00  6.2058911e-124   8.7001216e-44   2.6563258e-16   6.3496391e-07   9.3777469e-04   1.0564725e-02   2.1093186e-02   2.5487807e-02   2.6994378e-02
  -5.4000000e+00   0.0000000e+00   0.0000000e+00  1.7312381e-125   2.0800667e-44   1.6177845e-16   5.3654648e-07   9.0260968e-04   1.0507213e-02   2.1068218e-02   2.5479015e-02   2.6991360e-02
  -4.9500000e+00   0.0000000e+00   0.0000000e+00  4.1944441e-127   4.9216577e-45   9.8173375e-17   4.5351785e-07   8.7049858e-04   1.0454290e-02   2.1045245e-02   2.5470926e-02   2.6988583e-02
  -4.5000000e+00   0.0000000e+00   0.0000000e+00  8.5733596e-129   1.1524592e-45   5.9361253e-17   3.8371202e-07   8.4138156e-04   1.0405958e-02   2.1024267e-02   2.5463541e-02   2.6986048e-02
  -4.0500000e+00   0.0000000e+00   0.0000000e+00  1.4953551e-130   2.6706532e-46   3.5764825e-17   3.2528139e-07   8.1520382e-04   1.0362222e-02   2.1005285e-02   2.5456858e-02   2.6983754e-02
  -3.6000000e+00   0.0000000e+00   0.0000000e+00  2.2264551e-132   6.1247126e-47   2.1472113e-17   2.7665796e-07   7.9191568e-04   1.0323082e-02   2.0988299e-02   2.5450879e-02   2.6981702e-02
  -3.1500000e+00   0.0000000e+00   0.0000000e+00  2.7853444e-134   1.3900485e-47   1.2847646e-17   2.3651978e-07   7.7147258e-04   1.0288542e-02   2.0973310e-02   2.5445603e-02   2.6979891e-02
  -2.7000000e+00   0.0000000e+00   0.0000000e+00  2.8408381e-136   3.1221318e-48   7.6646507e-18   2.0376233e-07   7.5383513e-04   1.0258603e-02   2.0960319e-02   2.5441031e-02   2.6978322e-02
  -2.2500000e+00   0.0000000e+00   0.0000000e+00  2.2750807e-138   6.9398764e-49   4.5649857e-18   1.7747420e-07   7.3896915e-04   1.0233267e-02   2.0949326e-02   2.5437162e-02   2.6976994e-02
  -1.8000000e+00   0.0000000e+00   0.0000000e+00  1.4389136e-140   1.5266355e-49   2.7245479e-18   1.5691671e-07   7.2684565e-04   1.0212536e-02   2.0940331e-02   2.5433996e-02   2.6975908e-02
  -1.3500000e+00   0.0000000e+00   0.0000000e+00  1.0588010e-142   3.3238135e-50   1.6471056e-18   1.4150729e-07   7.1744091e-04   1.0196411e-02   2.0933334e-02   2.5431534e-02   2.6975063e-02
  -9.0000000e-01   0.0000000e+00   0.0000000e+00  1.8336189e-144   7.1745152e-51   1.0383036e-18   1.3080619e-07   7.1073645e-04   1.0184892e-02   2.0928337e-02   2.5429775e-02   2.6974459e-02
  -4.5000000e-01   0.0000000e+00   0.0000000e+00  4.0703022e-146   1.5940924e-51   7.2988718e-19   1.2450638e-07   7.0671905e-04   1.0177980e-02   2.0925338e-02   2.5428720e-02   2.6974097e-02
   0.0000000e+00   0.0000000e+00   0.0000000e+00  1.5059870e-147   6.4436630e-52   6.3586299e-19   1.2242644e-07   7.0538080e-04   1.0175676e-02   2.0924338e-02   2.5428368e-02   2.6973976e-02
   4.5000000e-01   0.0000000e+00   0.0000000e+00  4.0703022e-146   1.5940924e-51   7.2988718e-19   1.2450638e-07   7.0671905e-04   1.0177980e-02   2.0925338e-02   2.5428720e-02   2.6974097e-02
   9.0000000e-01   0.0000000e+00   0.0000000e+00  1.8336189e-144   7.1745152e-51   1.0383036e-18   1.3080619e-07   7.1073645e-04   1.0184892e-02   2.0928337e-02   2.5429775e-02   2.6974459e-02
   1.3500000e+00   0.0000000e+00   0.0000000e+00  1.0588010e-142   3.3238135e-50   1.6471056e-18   1.4150729e-07   7.1744091e-04   1.0196411e-02   2.0933334e-02   2.5431534e-02   2.6975063e-02
   1.8000000e+00   0.0000000e+00   0.0000000e+00  1.4389136e-140   1.5266355e-49   2.7245479e-18   1.5691671e-07   7.2684565e-04   1.0212536e-02   2.0940331e-02   2.5433996e-02   2.6975908e-02
   2.2500000e+00   0.0000000e+00   0.0000000e+00  2.2750807e-138   6.9398764e-49   4.5649857e-18   1.7747420e-07   7.3896915e-04   1.0233267e-02   2.0949326e-02   2.5437162e-02   2.6976994e-02
   2.7000000e+00   0.0000000e+00   0.0000000e+00  2.8408381e-136   3.1221318e-48   7.6646507e-18   2.0376233e-07   7.5383513e-04   1.0258603e-02   2.0960319e-02   2.5441031e-02   2.6978322e-02
   3.1500000e+00   0.0000000e+00   0.0000000e+00  2.7853444e-134   1.3900485e-47   1.2847646e-17   2.3651978e-07   7.7147258e-04   1.0288542e-02   2.0973310e-02   2.5445603e-02   2.6979891e-02
   3.6000000e+00   0.0000000e+00   0.0000000e+00  2.2264551e-132   6.1247126e-47   2.1472113e-17   2.7665796e-07   7.9191568e-04   1.0323082e-02   2.0988299e-02   2.5450879e-02   2.6981702e-02
   4.0500000e+00   0.0000000e+00   0.0000000e+00  1.4953551e-130   2.6706532e-46   3.5764825e-17   3.2528139e-07   8.1520382e-04   1.0362222e-02   2.1005285e-02   2.5456858e-02   2.6983754e-02
   4.5000000e+00   0.0000000e+00   0.0000000e+00  8.5733596e-129   1.1524592e-45   5.9361253e-17   3.8371202e-07   8.4138156e-04   1.0405958e-02   2.1024267e-02   2.5463541e-02   2.6986048e-02
   4.9500000e+00   0.0000000e+00   0.0000000e+00  4.1944441e-127   4.9216577e-45   9.8173375e-17   4.5351785e-07   8.7049858e-04   1.0454290e-02   2.1045245e-02   2.5470926e-02   2.6988583e-02
   5.4000000e+00   0.0000000e+00   0.0000000e+00  1.7312381e-125   2.0800667e-44   1.6177845e-16   5.3654648e-07   9.0260968e-04   1.0507213e-02   2.1068218e-02   2.5479015e-02   2.6991360e-02
   5.8500000e+00   0.0000000e+00   0.0000000e+00  6.2058911e-124   8.7001216e-44   2.6563258e-16   6.3496391e-07   9.3777469e-04   1.0564725e-02   2.1093186e-02   2.5487807e-02   2.6994378e-02
   6.3000000e+00   0.0000000e+00   0.0000000e+00  2.6432715e-122   3.6012817e-43   4.3458516e-16   7.5129918e-07   9.7605847e-04   1.0626822e-02   2.1120147e-02   2.5497303e-02   2.6997637e-02
   6.7500000e+00   0.0000000e+00   0.0000000e+00  2.1712185e-120   1.4752745e-42   7.0843675e-16   8.8849565e-07   1.0175308e-03   1.0693500e-02   2.1149100e-02   2.5507501e-02   2.7001138e-02
   7.2000000e+00   0.0000000e+00   0.0000000e+00  2.2597344e-118   5.9809676e-42   1.1506940e-15   1.0499694e-06   1.0622664e-03   1.0764756e-02   2.1180046e-02   2.5518402e-02   2.7004880e-02
   7.6500000e+00   0.0000000e+00   0.0000000e+00  1.9922141e-116   2.3996661e-41   1.8623068e-15   1.2396757e-06   1.1103449e-03   1.0840586e-02   2.1212982e-02   2.5530007e-02   2.7008864e-02
   8.1000000e+00   0.0000000e+00   0.0000000e+00  1.4095371e-114   9.5281428e-41   3.0031385e-15   1.4621846e-06   1.1618505e-03   1.0920984e-02   2.1247908e-02   2.5542314e-02   2.7013089e-02
   8.5500000e+00   0.0000000e+00  3.3596464e-322  8.1895198e-113   3.7440475e-40   4.8253892e-15   1.7227656e-06   1.2168723e-03   1.1005946e-02   2.1284822e-02   2.5555324e-02   2.7017555e-02
   9.0000000e+00   0.0000000e+00  1.9260873e-317  4.0143737e-111   1.4559567e-39   7.7254249e-15   2.0274846e-06   1.2755039e-03   1.1095467e-02   2.1323723e-02   2.5569036e-02   2.7022263e-02
   9.4500000e+00   0.0000000e+00  7.5426014e-313  1.6891236e-109   5.6031083e-39   1.2323829e-14   2.3833116e-06   1.3378434e-03   1.1189541e-02   2.1364611e-02   2.5583452e-02   2.7027212e-02
   9.9000000e+00   0.0000000e+00  1.3309849e-308  6.1287776e-108   2.1339464e-38   1.9588555e-14   2.7982420e-06   1.4039937e-03   1.1288162e-02   2.1407482e-02   2.5598570e-02   2.7032403e-02
   1.0350000e+01   0.0000000e+00 -1.4251125e-303  1.9137308e-106   8.0429058e-38   3.1023649e-14   3.2814335e-06   1.4740615e-03   1.1391324e-02   2.1452337e-02   2.5614390e-02   2.7037835e-02
   1.0800000e+01   0.0000000e+00 -2.2800482e-298  5.3258852e-105   2.9999806e-37   4.8957294e-14   3.8433572e-06   1.5481582e-03   1.1499021e-02   2.1499174e-02   2.5630913e-02   2.7043508e-02
   1.1250000e+01   0.0000000e+00 -2.1372533e-293  1.6736825e-103   1.1073889e-36   7.6979708e-14   4.4959685e-06   1.6263990e-03   1.1611245e-02   2.1547991e-02   2.5648138e-02   2.7049423e-02
   1.1700000e+01   0.0000000e+00 -1.4630751e-288  8.7306537e-102   4.0453618e-36   1.2060624e-13   5.2528952e-06   1.7089035e-03   1.1727989e-02   2.1598786e-02   2.5666065e-02   2.7055579e-02
   1.2150000e+01   0.0000000e+00 -5.4434364e-284  5.9873523e-100   1.4624735e-35   1.8827746e-13   6.1296480e-06   1.7957947e-03   1.1849246e-02   2.1651557e-02   2.5684694e-02   2.7061977e-02
   1.2600000e+01   0.0000000e+00  8.2194770e-280   3.7060719e-98   5.2322586e-35   2.9286145e-13   7.1438533e-06   1.8871999e-03   1.1975008e-02   2.1706304e-02   2.5704025e-02   2.7068616e-02
   1.3050000e+01   0.0000000e+00  1.0598529e-274   1.8862617e-96   1.8524987e-34   4.5390169e-13   8.3155106e-06   1.9832495e-03   1.2105266e-02   2.1763024e-02   2.5724058e-02   2.7075496e-02
   1.3500000e+01   0.0000000e+00  3.1770769e-270   7.9519483e-95   6.4907026e-34   7.0096679e-13   9.6672773e-06   2.0840778e-03   1.2240011e-02   2.1821715e-02   2.5744793e-02   2.7082618e-02
   1.3950000e+01   0.0000000e+00  6.4920084e-266   2.8411843e-93   2.2505542e-33   1.0786224e-12   1.1224782e-05   2.1898222e-03   1.2379234e-02   2.1882376e-02   2.5766229e-02   2.7089981e-02
   1.4400000e+01   0.0000000e+00  1.0075457e-261   8.7601053e-92   7.7223945e-33   1.6537815e-12   1.3016969e-05   2.3006232e-03   1.2522927e-02   2.1945003e-02   2.5788367e-02   2.7097585e-02
   1.4850000e+01   0.0000000e+00  8.3033971e-258   2.3504799e-90   2.6222974e-32   2.5265260e-12   1.5076476e-05   2.4166243e-03   1.2671077e-02   2.2009596e-02   2.5811206e-02   2.7105431e-02
   1.5300000e+01   0.0000000e+00 -2.0514376e-253   5.5140923e-89   8.8121889e-32   3.8459762e-12   1.7440048e-05   2.5379720e-03   1.2823676e-02   2.2076151e-02   2.5834746e-02   2.7113518e-02
   1.5750000e+01   0.0000000e+00 -1.4515507e-248   1.1734982e-87   2.9306450e-31   5.8334676e-12   2.0148991e-05   2.6648152e-03   1.2980712e-02   2.2144667e-02   2.5858987e-02   2.7121846e-02
   1.6200000e+01   0.0000000e+00 -5.4449086e-244   2.7204617e-86   9.6455377e-31   8.8162625e-12   2.3249660e-05   2.7973052e-03   1.3142173e-02   2.2215142e-02   2.5883929e-02   2.7130416e-02
   1.6650000e+01   0.0000000e+00 -1.5034744e-239   9.3281088e-85   3.1418091e-30   1.3276385e-11   2.6794000e-05   2.9355955e-03   1.3308049e-02   2.2287572e-02   2.5909572e-02   2.7139227e-02
   1.7100000e+01   0.0000000e+00 -2.4490302e-235   4.2287265e-83   1.0128130e-29   1.9921078e-11   3.0840120e-05   3.0798418e-03   1.3478326e-02   2.2361955e-02   2.5935916e-02   2.7148279e-02
   1.7550000e+01   0.0000000e+00  7.2628926e-232   1.8271523e-81   3.2313236e-29   2.9784027e-11   3.5452927e-05   3.2302013e-03   1.3652991e-02   2.2438290e-02   2.5962960e-02   2.7157573e-02
   1.8000000e+01   0.0000000e+00  6.4277737e-227   6.6628138e-80   1.0203250e-28   4.4370214e-11   4.0704798e-05   3.3868329e-03   1.3832032e-02   2.2516573e-02   2.5990704e-02   2.7167108e-02
   1.8450000e+01   0.0000000e+00  7.6851952e-223   2.0324876e-78   3.1886620e-28   6.5862310e-11   4.6676314e-05   3.5498965e-03   1.4015435e-02   2.2596801e-02   2.6019148e-02   2.7176884e-02
   1.8900000e+01   0.0000000e+00  6.1019093e-219   5.2800055e-77   9.8626802e-28   9.7413584e-11   5.3457038e-05   3.7195535e-03   1.4203184e-02   2.2678972e-02   2.6048293e-02   2.7186901e-02
   1.9350000e+01   0.0000000e+00  3.7283320e-215   1.1890743e-75   3.0192711e-27   1.4356181e-10   6.1146357e-05   3.8959657e-03   1.4395266e-02   2.2763083e-02   2.6078137e-02   2.7197160e-02
   1.9800000e+01   0.0000000e+00  1.3533771e-211   2.3465017e-74   9.1481464e-27   2.1081174e-10   6.9854373e-05   4.0792955e-03   1.4591665e-02   2.2849131e-02   2.6108680e-02   2.7207660e-02
   2.0250000e+01   0.0000000e+00 -7.7341184e-208   4.0913788e-73   2.7434018e-26   3.0845143e-10   7.9702858e-05   4.2697057e-03   1.4792364e-02   2.2937112e-02   2.6139923e-02   2.7218401e-02
   2.0700000e+01   0.0000000e+00 -2.5571066e-203   6.5275148e-72   8.1427306e-26   4.4969125e-10   9.0826260e-05   4.4673588e-03   1.4997347e-02   2.3027025e-02   2.6171865e-02   2.7229383e-02
   2.1150000e+01   0.0000000e+00 -3.8553589e-199   1.1030957e-70   2.3920543e-25   6.5324678e-10   1.0337278e-04   4.6724171e-03   1.5206597e-02   2.3118866e-02   2.6204507e-02   2.7240607e-02
   2.1600000e+01   0.0000000e+00 -4.2918752e-195   2.5517662e-69   6.9548075e-25   9.4552895e-10   1.1750547e-04   4.8850424e-03   1.5420096e-02   2.3212631e-02   2.6237847e-02   2.7252072e-02
   2.2050000e+01   0.0000000e+00 -3.0152902e-191   7.7929193e-68   2.0012536e-24   1.3636615e-09   1.3340347e-04   5.1053954e-03   1.5637826e-02   2.3308318e-02   2.6271885e-02   2.7263778e-02
   2.2500000e+01   0.0000000e+00  3.5612719e-189   2.3689721e-66   5.6991458e-24   1.9596207e-09   1.5126320e-04   5.3336355e-03   1.5859767e-02   2.3405922e-02   2.6306622e-02   2.7275725e-02
   2.2950000e+01   0.0000000e+00  1.0503117e-183   6.2260855e-65   1.6061821e-23   2.8058899e-09   1.7129966e-04   5.5699207e-03   1.6085900e-02   2.3505441e-02   2.6342058e-02   2.7287914e-02
   2.3400000e+01   0.0000000e+00  5.0306218e-180   1.3827395e-63   4.4796524e-23   4.0031505e-09   1.9374779e-04   5.8144072e-03   1.6316204e-02   2.3606871e-02   2.6378191e-02   2.7300343e-02
   2.3850000e+01   0.0000000e+00  1.5582592e-176   2.6301976e-62   1.2363666e-22   5.6906965e-09   2.1886384e-04   6.0672486e-03   1.6550659e-02   2.3710208e-02   2.6415022e-02   2.7313014e-02
   2.4300000e+01   0.0000000e+00  3.7578089e-173   4.3651076e-61   3.3767216e-22   8.0604764e-09   2.4692681e-04   6.3285963e-03   1.6789242e-02   2.3815449e-02   2.6452551e-02   2.7325926e-02
   2.4750000e+01   0.0000000e+00  5.8601175e-170   6.4130272e-60   9.1260547e-22   1.1375942e-08   2.7823992e-04   6.5985988e-03   1.7031931e-02   2.3922590e-02   2.6490777e-02   2.7339079e-02
   2.5200000e+01   0.0000000e+00 -6.8662182e-167   8.4558667e-59   2.4406682e-21   1.5997242e-08   3.1313208e-04   6.8774011e-03   1.7278702e-02   2.4031627e-02   2.6529700e-02   2.7352473e-02
   2.5650000e+01   0.0000000e+00 -1.2063023e-162   1.0352889e-57   6.4591168e-21   2.2414733e-08   3.5195941e-04   7.1651450e-03   1.7529533e-02   2.4142556e-02   2.6569319e-02   2.7366109e-02
   2.6100000e+01   0.0000000e+00 -7.2801831e-159   1.3072934e-56   1.6915277e-20   3.1293386e-08   3.9510680e-04   7.4619681e-03   1.7784398e-02   2.4255373e-02   2.6609636e-02   2.7379985e-02
   2.6550000e+01   0.0000000e+00 -3.1730855e-155   2.0349066e-55   4.3835996e-20   4.3531324e-08   4.4298935e-04   7.7680037e-03   1.8043271e-02   2.4370075e-02   2.6650649e-02   2.7394103e-02
   2.7000000e+01   0.0000000e+00 -8.9480314e-152   3.9995868e-54   1.1241731e-19   6.0336681e-08   4.9605398e-04   8.0833806e-03   1.8306127e-02   2.4486656e-02   2.6692358e-02   2.7408462e-02
   2.7450000e+01   0.0000000e+00 -2.6867159e-149   8.2006601e-53   2.8529294e-19   8.3328030e-08   5.5478083e-04   8.4082226e-03   1.8572938e-02   2.4605113e-02   2.6734762e-02   2.7423061e-02
   2.7900000e+01   0.0000000e+00  4.1640108e-145   1.5159995e-51   7.1648850e-19   1.1466503e-07   6.1968474e-04   8.7426480e-03   1.8843677e-02   2.4725441e-02   2.6777863e-02   2.7437902e-02
   2.8350000e+01   0.0000000e+00  8.5603787e-142   2.4188242e-50   1.7807078e-18   1.5721756e-07   6.9131662e-04   9.0867693e-03   1.9118314e-02   2.4847636e-02   2.6821658e-02   2.7452984e-02
   2.8800000e+01   0.0000000e+00  1.0656946e-138   3.3407898e-49   4.3797180e-18   2.1478377e-07   7.7026479e-04   9.4406932e-03   1.9396821e-02   2.4971694e-02   2.6866149e-02   2.7468307e-02
   2.9250000e+01   0.0000000e+00  1.0235360e-135   4.0562345e-48   1.0660427e-17   2.9236969e-07   8.5715616e-04   9.8045196e-03   1.9679166e-02   2.5097609e-02   2.6911335e-02   2.7483871e-02
   2.9700000e+01   0.0000000e+00  6.7186193e-133   4.3970043e-47   2.5679283e-17   3.9654628e-07   9.5265736e-04   1.0178342e-02   1.9965320e-02   2.5225378e-02   2.6957215e-02   2.7499676e-02
   3.0150000e+01   0.0000000e+00 -1.1516313e-130   4.3267604e-46   6.1217491e-17   5.3590313e-07   1.0574757e-03   1.0562246e-02   2.0255248e-02   2.5354995e-02   2.7003789e-02   2.7515722e-02
   3.0600000e+01   0.0000000e+00 -1.5234080e-126   3.9961234e-45   1.4442966e-16   7.2162212e-07   1.1723599e-03   1.0956310e-02   2.0548919e-02   2.5486455e-02   2.7051058e-02   2.7532009e-02
   3.1050000e+01   0.0000000e+00 -3.6976252e-123   3.7644535e-44   3.3723157e-16   9.6819930e-07   1.2981009e-03   1.1360605e-02   2.0846297e-02   2.5619755e-02   2.7099020e-02   2.7548537e-02
   3.1500000e+01   0.0000000e+00 -6.2959827e-120   4.1243294e-43   7.7927819e-16   1.2943489e-06   1.4355321e-03   1.1775192e-02   2.1147350e-02   2.5754888e-02   2.7147675e-02   2.7565306e-02
   3.1950000e+01   0.0000000e+00 -7.0981463e-117   5.4485618e-42   1.7821708e-15   1.7241296e-06   1.5855296e-03   1.2200126e-02   2.1452039e-02   2.5891850e-02   2.7197024e-02   2.7582316e-02
   3.2400000e+01   0.0000000e+00 -1.6470074e-114   7.6197922e-41   4.0336431e-15   2.2883408e-06   1.7490123e-03   1.2635451e-02   2.1760329e-02   2.6030635e-02   2.7247065e-02   2.7599567e-02
   3.2850000e+01  2.3072866e-320  4.5042248e-111   9.8918439e-40   9.0351421e-15   3.0262444e-06   1.9269412e-03   1.3081201e-02   2.2072182e-02   2.6171239e-02   2.7297799e-02   2.7617058e-02
   3.3300000e+01  1.2880014e-311  4.0277078e-108   1.1299761e-38   2.0029017e-14   3.9876780e-06   2.1203190e-03   1.3537404e-02   2.2387558e-02   2.6313655e-02   2.7349225e-02   2.7634791e-02
   3.3750000e+01  3.8727447e-303  2.0172759e-105   1.1301632e-37   4.3940949e-14   5.2356329e-06   2.3301891e-03   1.4004072e-02   2.2706418e-02   2.6457878e-02   2.7401343e-02   2.7652764e-02
   3.4200000e+01  3.2918134e-295  7.7030301e-103   1.0019879e-36   9.5403207e-14   6.8493847e-06   2.5576342e-03   1.4481212e-02   2.3028721e-02   2.6603904e-02   2.7454152e-02   2.7670979e-02
   3.4650000e+01  8.1319410e-288  2.0992583e-100   7.9997771e-36   2.0499330e-13   8.9282718e-06   2.8037744e-03   1.4968818e-02   2.3354425e-02   2.6751726e-02   2.7507652e-02   2.7689434e-02
   3.5100000e+01 -9.5987531e-281   3.6657940e-99   5.8565339e-35   4.3591274e-13   1.1596232e-05   3.0697652e-03   1.5466873e-02   2.3683487e-02   2.6901338e-02   2.7561844e-02   2.7708130e-02
   3.5550000e+01 -5.8811972e-272  -5.1796806e-95   4.0560110e-34   9.1736699e-13   1.5007220e-05   3.3567949e-03   1.5975348e-02   2.4015863e-02   2.7052735e-02   2.7616726e-02   2.7727067e-02
   3.6000000e+01 -8.6302205e-264  -5.1498474e-92   2.8361143e-33   1.9106043e-12   1.9351631e-05   3.6660817e-03   1.6494203e-02   2.4351507e-02   2.7205911e-02   2.7672298e-02   2.7746245e-02
   3.6450000e+01 -2.6350437e-256  -3.4521614e-89   2.2040825e-32   3.9380622e-12   2.4863884e-05   3.9988697e-03   1.7023386e-02   2.4690373e-02   2.7360859e-02   2.7728560e-02   2.7765663e-02
   3.6900000e+01 -2.6171743e-249  -1.5625957e-86   1.9786500e-31   8.0330067e-12   3.1831314e-05   4.3564257e-03   1.7562832e-02   2.5032414e-02   2.7517575e-02   2.7785512e-02   2.7785323e-02
   3.7350000e+01 -1.0018777e-242  -2.0521357e-84   1.8877811e-30   1.6216475e-11   4.0604523e-05   4.7400337e-03   1.8112465e-02   2.5377582e-02   2.7676050e-02   2.7843152e-02   2.7805223e-02
   3.7800000e+01  3.3750433e-235   1.3283780e-81   1.7136176e-29   3.2397851e-11   5.1609371e-05   5.1509910e-03   1.8672193e-02   2.5725825e-02   2.7836281e-02   2.7901482e-02   2.7825364e-02
   3.8250000e+01  1.3236073e-227   5.2272957e-79   1.3962988e-28   6.4055445e-11   6.5360754e-05   5.5906017e-03   1.9241915e-02   2.6077095e-02   2.7998259e-02   2.7960500e-02   2.7845745e-02
   3.8700000e+01  2.8733174e-220   1.0529095e-76   1.0088688e-27   1.2533576e-10   8.2478336e-05   6.0601715e-03   1.9821511e-02   2.6431338e-02   2.8161978e-02   2.8020206e-02   2.7866368e-02
   3.9150000e+01  1.9302776e-213   1.5953786e-74   6.5209391e-27   2.4270155e-10   1.0370437e-04   6.5610006e-03   2.0410853e-02   2.6788501e-02   2.8327433e-02   2.8080600e-02   2.7887231e-02
   3.9600000e+01  3.3423087e-207   1.7864686e-72   3.8282700e-26   4.6510279e-10   1.2992376e-04   7.0943771e-03   2.1009795e-02   2.7148530e-02   2.8494615e-02   2.8141681e-02   2.7908334e-02
   4.0050000e+01 -4.5350724e-202   5.8169484e-71   2.0793210e-25   8.8207376e-10   1.6218639e-04   7.6615693e-03   2.1618178e-02   2.7511369e-02   2.8663520e-02   2.8203449e-02   2.7929679e-02
   4.0500000e+01 -6.6842145e-194  -4.6412952e-68   1.0748599e-24   1.6555466e-09   2.0173187e-04   8.2638178e-03   2.2235828e-02   2.7876961e-02   2.8834138e-02   2.8265904e-02   2.7951264e-02
   4.0950000e+01 -6.3536387e-187  -1.9452996e-65   5.5624490e-24   3.0751013e-09   2.5001659e-04   8.9023270e-03   2.2862558e-02   2.8245249e-02   2.9006465e-02   2.8329045e-02   2.7973089e-02
   4.1400000e+01 -1.3144776e-180  -5.1769863e-63   3.0897429e-23   5.6527461e-09   3.0874314e-04   9.5782567e-03   2.3498163e-02   2.8616172e-02   2.9180492e-02   2.8392872e-02   2.7995155e-02
   4.1850000e+01 -8.9592739e-175  -9.4398743e-61   1.9078110e-22   1.0283516e-08   3.7989181e-04   1.0292713e-02   2.4142426e-02   2.8989670e-02   2.9356213e-02   2.8457384e-02   2.8017462e-02
   4.2300000e+01 -2.8237322e-169  -6.2265181e-59   1.2456425e-21   1.8514218e-08   4.6575402e-04   1.1046737e-02   2.4795113e-02   2.9365681e-02   2.9533620e-02   2.8522581e-02   2.8040010e-02
   4.2750000e+01  3.8135314e-163   1.0553735e-56   7.8819517e-21   3.2987533e-08   5.6896729e-04   1.1841300e-02   2.5455974e-02   2.9744142e-02   2.9712706e-02   2.8588463e-02   2.8062797e-02
   4.3200000e+01  1.1099401e-156   1.8596119e-54   4.5639015e-20   5.8166656e-08   6.9255127e-04   1.2677287e-02   2.6124744e-02   3.0124988e-02   2.9893463e-02   2.8655029e-02   2.8085826e-02
   4.3650000e+01  1.6877439e-150   1.5057192e-52   2.3758340e-19   1.0150265e-07   8.3994423e-04   1.3555491e-02   2.6801144e-02   3.0508154e-02   3.0075885e-02   2.8722278e-02   2.8109095e-02
   4.4100000e+01  8.3466020e-145   9.0362671e-51   1.1176469e-18   1.7529091e-07   1.0150392e-03   1.4476602e-02   2.7484874e-02   3.0893572e-02   3.0259962e-02   2.8790211e-02   2.8132604e-02
   4.4550000e+01  9.8389830e-140   4.1268076e-49   4.8178393e-18   2.9958518e-07   1.2222187e-03   1.5441198e-02   2.8175624e-02   3.1281174e-02   3.0445688e-02   2.8858827e-02   2.8156354e-02
   4.5000000e+01  1.8663581e-135   8.6140465e-48   1.9374017e-17   5.0671155e-07   1.4663875e-03   1.6449731e-02   2.8873063e-02   3.1670890e-02   3.0633055e-02   2.8928126e-02   2.8180345e-02
   4.5450000e+01 -5.4373379e-129  -1.0478301e-45   7.4510188e-17   8.4816757e-07   1.7530014e-03   1.7502520e-02   2.9576847e-02   3.2062649e-02   3.0822055e-02   2.8998107e-02   2.8204576e-02
   4.5900000e+01 -3.4654074e-123  -1.9553920e-43   2.8485972e-16   1.4050239e-06   2.0880909e-03   1.8599743e-02   3.0286613e-02   3.2456379e-02   3.1012679e-02   2.9068769e-02   2.8229047e-02
   4.6350000e+01 -5.0489626e-118  -2.0890503e-41   1.1374174e-15   2.3033897e-06   2.4782784e-03   1.9741423e-02   3.1001983e-02   3.2852005e-02   3.1204919e-02   2.9140112e-02   2.8253758e-02
   4.6800000e+01 -2.3793527e-113  -1.5400280e-39   4.8806277e-15   3.7370843e-06   2.9307875e-03   2.0927423e-02   3.1722563e-02   3.3249452e-02   3.1398768e-02   2.9212136e-02   2.8278710e-02
   4.7250000e+01 -5.7995533e-109  -4.7960434e-38   2.1893709e-14   6.0003937e-06   3.4534411e-03   2.2157434e-02   3.2447941e-02   3.3648644e-02   3.1594217e-02   2.9284841e-02   2.8303903e-02
   4.7700000e+01  3.2199819e-104   2.2178092e-36   9.6319235e-14   9.5347057e-06   4.0546489e-03   2.3430971e-02   3.3177690e-02   3.4049504e-02   3.1791257e-02   2.9358225e-02   2.8329336e-02
   4.8150000e+01   7.2163569e-99   1.7943415e-34   3.9471063e-13   1.4993906e-05   4.7433795e-03   2.4747361e-02   3.3911366e-02   3.4451950e-02   3.1989879e-02   2.9432289e-02   2.8355009e-02
   4.8600000e+01   7.5856486e-94   5.8365595e-33   1.4757810e-12   2.3334666e-05   5.5291187e-03   2.6105739e-02   3.4648508e-02   3.4855903e-02   3.2190076e-02   2.9507032e-02   2.8380922e-02
   4.9050000e+01   2.6401035e-89   1.3852301e-31   5.0430266e-12   3.5939121e-05   6.4218085e-03   2.7505044e-02   3.5388639e-02   3.5261281e-02   3.2391837e-02   2.9582453e-02   2.8407075e-02
   4.9500000e+01   2.0639134e-85   2.5689059e-30   1.5941721e-11   5.4778796e-05   7.4317685e-03   2.8944008e-02   3.6131266e-02   3.5667999e-02   3.2595155e-02   2.9658552e-02   2.8433469e-02
   4.9950000e+01   5.1411545e-82   2.7955276e-29   4.7390407e-11   8.2629885e-05   8.5695966e-03   3.0421158e-02   3.6875879e-02   3.6075974e-02   3.2800021e-02   2.9735328e-02   2.8460103e-02
   5.0400000e+01  -3.0425256e-77  -5.2427293e-28   1.3530038e-10   1.2335084e-04   9.8460485e-03   3.1934809e-02   3.7621952e-02   3.6485118e-02   3.3006424e-02   2.9812782e-02   2.8486978e-02
   5.0850000e+01  -1.3491183e-72  -5.0311235e-26   3.8173244e-10   1.8223338e-04   1.1271896e-02   3.3483063e-02   3.8368944e-02   3.6895344e-02   3.3214356e-02   2.9890912e-02   2.8514092e-02
   5.1300000e+01  -1.4490355e-68  -2.2002296e-24   1.1005333e-09   2.6643730e-04   1.2857762e-02   3.5063808e-02   3.9116297e-02   3.7306563e-02   3.3423808e-02   2.9969718e-02   2.8541447e-02
   5.1750000e+01  -4.7842725e-65  -6.5945342e-23   3.3105188e-09   3.8551691e-04   1.4613937e-02   3.6674716e-02   3.9863438e-02   3.7718684e-02   3.3634769e-02   3.0049199e-02   2.8569041e-02
   5.2200000e+01  -8.6796625e-62  -9.3507058e-22   1.0249418e-08   5.5204289e-04   1.6550175e-02   3.8313249e-02   4.0609778e-02   3.8131615e-02   3.3847231e-02   3.0129356e-02   2.8596876e-02
   5.2650000e+01   1.9404992e-58   1.1967156e-20   3.1290372e-08   7.8231673e-04   1.8675466e-02   3.9976654e-02   4.1354713e-02   3.8545262e-02   3.4061184e-02   3.0210187e-02   2.8624951e-02
   5.3100000e+01   3.5545762e-54   4.6037761e-19   9.0356145e-08   1.0971656e-03   2.0997806e-02   4.1661974e-02   4.2097624e-02   3.8959531e-02   3.4276618e-02   3.0291692e-02   2.8653266e-02
   5.3550000e+01   2.5637801e-50   6.0102938e-18   2.4175767e-07   1.5227933e-03   2.3523939e-02   4.3366044e-02   4.2837878e-02   3.9374326e-02   3.4493522e-02   3.0373870e-02   2.8681821e-02
   5.4000000e+01   6.0443237e-47   5.6389831e-17   5.9880322e-07   2.0916480e-03   2.6259105e-02   4.5085506e-02   4.3574826e-02   3.9789548e-02   3.4711888e-02   3.0456722e-02   2.8710616e-02
   5.4450000e+01   3.0435906e-44   4.2474370e-16   1.3865060e-06   2.8432500e-03   2.9206775e-02   4.6816808e-02   4.4307805e-02   4.0205099e-02   3.4931704e-02   3.0540245e-02   2.8739651e-02
   5.4900000e+01   6.6815381e-42   2.2315098e-15   3.0438863e-06   3.8249039e-03   3.2368398e-02   4.8556215e-02   4.5036139e-02   4.0620879e-02   3.5152961e-02   3.0624441e-02   2.8768926e-02
   5.5350000e+01  -1.0800569e-38  -2.3068686e-15   6.4425398e-06   5.0921985e-03   3.5743152e-02   5.0299816e-02   4.5759139e-02   4.1036784e-02   3.5375647e-02   3.0709308e-02   2.8798441e-02
   5.5800000e+01  -3.5336006e-35  -2.9852648e-13   1.3407521e-05   6.7091841e-03   3.9327708e-02   5.2043539e-02   4.6476101e-02   4.1452712e-02   3.5599754e-02   3.0794846e-02   2.8828196e-02
   5.6250000e+01  -3.0095907e-32  -5.6254243e-12   2.8007821e-05   8.7481015e-03   4.3116024e-02   5.3783156e-02   4.7186310e-02   4.1868558e-02   3.5825269e-02   3.0881054e-02   2.8858190e-02
   5.6700000e+01  -7.1769512e-30  -6.9489358e-11   5.9500547e-05   1.1288533e-02   4.7099165e-02   5.5514295e-02   4.7889039e-02   4.2284216e-02   3.6052183e-02   3.0967932e-02   2.8888425e-02
   5.7150000e+01  -9.4638841e-28  -4.3881857e-10   1.2776854e-04   1.4415859e-02   5.1265156e-02   5.7232457e-02   4.8583547e-02   4.2699579e-02   3.6280484e-02   3.1055479e-02   2.8918900e-02
   5.7600000e+01   7.8480478e-26   1.5793836e-09   2.7036787e-04   1.8218910e-02   5.5598889e-02   5.8933026e-02   4.9269083e-02   4.3114537e-02   3.6510161e-02   3.1143694e-02   2.8949614e-02
   5.8050000e+01   1.3100626e-22   3.0056959e-08   5.4769627e-04   2.2786767e-02   6.0082066e-02   6.0611285e-02   4.9944885e-02   4.3528980e-02   3.6741203e-02   3.1232578e-02   2.8980568e-02
   5.8500000e+01   6.4409893e-20   1.5730401e-07   1.0442599e-03   2.8204686e-02   6.4693214e-02   6.2262428e-02   5.0610182e-02   4.3942796e-02   3.6973600e-02   3.1322129e-02   2.9011762e-02
   5.8950000e+01   9.7872530e-18   5.8536251e-07   1.8700645e-03   3.4549207e-02   6.9407740e-02   6.3881581e-02   5.1264190e-02   4.4355873e-02   3.7207340e-02   3.1412347e-02   2.9043195e-02
   5.9400000e+01   3.0417200e-16   1.8095046e-06   3.1683747e-03   4.1882590e-02   7.4198070e-02   6.5463810e-02   5.1906119e-02   4.4768096e-02   3.7442410e-02   3.1503231e-02   2.9074869e-02
   5.9850000e+01   5.1571748e-15   4.5098068e-06   5.1341805e-03   5.0246780e-02   7.9033834e-02   6.7004146e-02   5.2535167e-02   4.5179349e-02   3.7678801e-02   3.1594781e-02   2.9106781e-02
   6.0300000e+01  -1.8014429e-13   6.1727823e-06   8.0506073e-03   5.9657224e-02   8.3882132e-02   6.8497597e-02   5.3150528e-02   4.5589515e-02   3.7916499e-02   3.1686996e-02   2.9138934e-02
   6.0750000e+01  -5.2279939e-11  -2.3203444e-05   1.2357271e-02   7.0096906e-02   8.8707850e-02   6.9939165e-02   5.3751385e-02   4.5998475e-02   3.8155494e-02   3.1779875e-02   2.9171326e-02
   6.1200000e+01  -4.1287033e-09  -2.6439753e-04   1.8757804e-02   8.1511053e-02   9.3474048e-02   7.1323867e-02   5.4336916e-02   4.6406110e-02   3.8395773e-02   3.1873418e-02   2.9203958e-02
   6.1650000e+01  -7.8874497e-08  -1.4369398e-03   2.8318407e-02   9.3802997e-02   9.8142392e-02   7.2646749e-02   5.4906292e-02   4.6812299e-02   3.8637324e-02   3.1967625e-02   2.9236830e-02
   6.2100000e+01  -7.5109870e-07  -4.0014159e-03   4.2389909e-02   1.0683167e-01   1.0267365e-01   7.3902909e-02   5.5458678e-02   4.7216919e-02   3.8880135e-02   3.2062494e-02   2.9269941e-02
   6.2550000e+01   1.8210846e-06   4.8532736e-03   6.2150741e-02   1.2041116e-01   1.0702820e-01   7.5087508e-02   5.5993237e-02   4.7619847e-02   3.9124194e-02   3.2158026e-02   2.9303291e-02
   6.3000000e+01   3.5849487e-04   4.3724469e-02   8.7918131e-02   1.3431269e-01   1.1116661e-01   7.6195795e-02   5.6509124e-02   4.8020958e-02   3.9369489e-02   3.2254219e-02   2.9336881e-02
   6.3450000e+01   1.1837620e-02   9.1719191e-02   1.1885916e-01   1.4826921e-01   1.1505018e-01   7.7223119e-02   5.7005493e-02   4.8420124e-02   3.9616006e-02   3.2351072e-02   2.9370711e-02
   6.3900000e+01   1.0240982e-01   1.3825885e-01   1.5342470e-01   1.6198258e-01   1.1864156e-01   7.8164952e-02   5.7481496e-02   4.8817220e-02   3.9863733e-02   3.2448586e-02   2.9404780e-02
   6.4350000e+01   1.7987497e-01   1.8379692e-01   1.9000222e-01   1.7513332e-01   1.2190530e-01   7.9016903e-02   5.7936280e-02   4.9212116e-02   4.0112657e-02   3.2546760e-02   2.9439088e-02
   6.4800000e+01   2.2789489e-01   2.2900042e-01   2.2722835e-01   1.8739234e-01   1.2480840e-01   7.9774736e-02   5.8368995e-02   4.9604682e-02   4.0362766e-02   3.2645592e-02   2.9473636e-02
   6.5250000e+01   2.7325413e-01   2.7411480e-01   2.6392733e-01   1.9843433e-01   1.2732084e-01   8.0434388e-02   5.8778787e-02   4.9994788e-02   4.0614047e-02   3.2745082e-02   2.9508423e-02
   6.5700000e+01   3.1851905e-01   3.1927528e-01   2.9886597e-01   2.0795186e-01   1.2941605e-01   8.0991984e-02   5.9164806e-02   5.0382300e-02   4.0866485e-02   3.2845230e-02   2.9543449e-02
   6.6150000e+01   3.6383471e-01   3.6483865e-01   3.3043797e-01   2.1566957e-01   1.3107134e-01   8.1443854e-02   5.9526200e-02   5.0767085e-02   4.1120068e-02   3.2946036e-02   2.9578715e-02
   6.6600000e+01   4.0919731e-01   4.1222478e-01   3.5637781e-01   2.2135741e-01   1.3226825e-01   8.1786549e-02   5.9862120e-02   5.1149009e-02   4.1374783e-02   3.3047497e-02   2.9614219e-02
   6.7050000e+01   4.5495401e-01   4.6332951e-01   3.7379982e-01   2.2484206e-01   1.3299283e-01   8.2016854e-02   6.0171722e-02   5.1527936e-02   4.1630616e-02   3.3149614e-02   2.9649964e-02
   6.7500000e+01   4.9999976e-01   4.9512855e-01   3.7999175e-01   2.2601579e-01   1.3323585e-01   8.2131803e-02   6.0454164e-02   5.1903729e-02   4.1887553e-02   3.3252386e-02   2.9685947e-02
   6.7950000e+01   4.5495401e-01   4.6332951e-01   3.7379982e-01   2.2484206e-01   1.3299293e-01   8.2128691e-02   6.0708608e-02   5.2276249e-02   4.2145580e-02   3.3355812e-02   2.9722169e-02
   6.8400000e+01   4.0919731e-01   4.1222478e-01   3.5637781e-01   2.2135740e-01   1.3226453e-01   8.2005089e-02   6.0934223e-02   5.2645359e-02   4.2404684e-02   3.3459892e-02   2.9758631e-02
   6.8850000e+01   3.6383471e-01   3.6483865e-01   3.3043797e-01   2.1566953e-01   1.3105599e-01   8.1758853e-02   6.1130182e-02   5.3010917e-02   4.2664851e-02   3.3564624e-02   2.9795332e-02
   6.9300000e+01   3.1851905e-01   3.1927528e-01   2.9886597e-01   2.0795174e-01   1.2937731e-01   8.1388135e-02   6.1295669e-02   5.3372783e-02   4.2926065e-02   3.3670009e-02   2.9832272e-02
   6.9750000e+01   2.7325413e-01   2.7411480e-01   2.6392733e-01   1.9843407e-01   1.2724303e-01   8.0891392e-02   6.1429873e-02   5.3730814e-02   4.3188314e-02   3.3776046e-02   2.9869451e-02
   7.0200000e+01   2.2789489e-01   2.2900042e-01   2.2722835e-01   1.8739182e-01   1.2467194e-01   8.0267398e-02   6.1531991e-02   5.4084867e-02   4.3451582e-02   3.3882733e-02   2.9906869e-02
   7.0650000e+01   1.7987497e-01   1.8379692e-01   1.9000222e-01   1.7513234e-01   1.2168673e-01   7.9515244e-02   6.1601233e-02   5.4434798e-02   4.3715856e-02   3.3990070e-02   2.9944526e-02
   7.1100000e+01   1.0240982e-01   1.3825885e-01   1.5342470e-01   1.6198085e-01   1.1831364e-01   7.8634350e-02   6.1636816e-02   5.4780462e-02   4.3981119e-02   3.4098057e-02   2.9982421e-02
   7.1550000e+01   1.1837620e-02   9.1719191e-02   1.1885916e-01   1.4826627e-01   1.1458203e-01   7.7624469e-02   6.1637971e-02   5.5121713e-02   4.4247358e-02   3.4206692e-02   3.0020556e-02
   7.2000000e+01   3.5849487e-04   4.3724469e-02   8.7918131e-02   1.3430792e-01   1.1052396e-01   7.6485686e-02   6.1603940e-02   5.5458404e-02   4.4514558e-02   3.4315975e-02   3.0058930e-02
   7.2450000e+01   1.8210846e-06   4.8532736e-03   6.2150741e-02   1.2040367e-01   1.0617367e-01   7.5218426e-02   6.1533978e-02   5.5790386e-02   4.4782703e-02   3.4425905e-02   3.0097542e-02
   7.2900000e+01  -7.5109870e-07  -4.0014159e-03   4.2389909e-02   1.0682029e-01   1.0156713e-01   7.3823449e-02   6.1427353e-02   5.6117512e-02   4.5051778e-02   3.4536482e-02   3.0136394e-02
   7.3350000e+01  -7.8874497e-08  -1.4369398e-03   2.8318407e-02   9.3786247e-02   9.6741579e-02   7.2301855e-02   6.1283351e-02   5.6439632e-02   4.5321769e-02   3.4647705e-02   3.0175484e-02
   7.3800000e+01  -4.1287033e-09  -2.6439753e-04   1.8757804e-02   8.1487102e-02   9.1734971e-02   7.0655079e-02   6.1101269e-02   5.6756595e-02   4.5592659e-02   3.4759572e-02   3.0214813e-02
   7.4250000e+01  -5.2279939e-11  -2.3203444e-05   1.2357271e-02   7.0063602e-02   8.6585574e-02   6.8884886e-02   6.0880423e-02   5.7068251e-02   4.5864433e-02   3.4872084e-02   3.0254380e-02
   7.4700000e+01  -1.8014429e-13   6.1727823e-06   8.0506073e-03   5.9612143e-02   8.1331492e-02   6.6993371e-02   6.0620144e-02   5.7374447e-02   4.6137075e-02   3.4985239e-02   3.0294187e-02
   7.5150000e+01   5.1571748e-15   4.5098068e-06   5.1341805e-03   5.0187325e-02   7.6010239e-02   6.4982949e-02   6.0319784e-02   5.7675032e-02   4.6410569e-02   3.5099037e-02   3.0334232e-02
   7.5600000e+01   3.0417200e-16   1.8095046e-06   3.1683746e-03   4.1806141e-02   7.0658351e-02   6.2856350e-02   5.9978710e-02   5.7969851e-02   4.6684900e-02   3.5213477e-02   3.0374515e-02
   7.6050000e+01   9.7872530e-18   5.8536251e-07   1.8700645e-03   3.4453308e-02   6.5311016e-02   6.0616609e-02   5.9596310e-02   5.8258750e-02   4.6960051e-02   3.5328558e-02   3.0415037e-02
   7.6500000e+01   6.4409893e-20   1.5730401e-07   1.0442598e-03   2.8087260e-02   6.0001752e-02   5.8267057e-02   5.9171991e-02   5.8541576e-02   4.7236006e-02   3.5444279e-02   3.0455798e-02
   7.6950000e+01   1.3100626e-22   3.0056959e-08   5.4769613e-04   2.2646345e-02   5.4762119e-02   5.5811312e-02   5.8705181e-02   5.8818173e-02   4.7512749e-02   3.5560640e-02   3.0496798e-02
   7.7400000e+01   7.8480478e-26   1.5793836e-09   2.7036763e-04   1.8054831e-02   4.9621471e-02   5.3253261e-02   5.8195330e-02   5.9088386e-02   4.7790263e-02   3.5677640e-02   3.0538035e-02
   7.7850000e+01  -9.4638841e-28  -4.3881857e-10   1.2776818e-04   1.4228433e-02   4.4606753e-02   5.0597054e-02   5.7641910e-02   5.9352057e-02   4.8068531e-02   3.5795278e-02   3.0579511e-02
   7.8300000e+01  -7.1769512e-30  -6.9489358e-11   5.9500066e-05   1.1079129e-02   3.9742338e-02   4.7847086e-02   5.7044413e-02   5.9609030e-02   4.8347538e-02   3.5913552e-02   3.0621226e-02
   7.8750000e+01  -3.0095907e-32  -5.6254243e-12   2.8007254e-05   8.5191486e-03   3.5049909e-02   4.5007982e-02   5.6402357e-02   5.9859148e-02   4.8627265e-02   3.6032464e-02   3.0663179e-02
   7.9200000e+01  -3.5336006e-35  -2.9852648e-13   1.3406919e-05   6.4640812e-03   3.0548381e-02   4.2084583e-02   5.5715283e-02   6.0102253e-02   4.8907697e-02   3.6152011e-02   3.0705371e-02
   7.9650000e+01  -1.0800569e-38  -2.3068686e-15   6.4419475e-06   4.8351342e-03   2.6253860e-02   3.9081926e-02   5.4982755e-02   6.0338186e-02   4.9188815e-02   3.6272192e-02   3.0747800e-02
   8.0100000e+01   6.6815381e-42   2.2315098e-15   3.0433343e-06   3.5606106e-03   2.2179649e-02   3.6005232e-02   5.4204364e-02   6.0566790e-02   4.9470603e-02   3.6393008e-02   3.0790468e-02
   8.0550000e+01   3.0435906e-44   4.2474370e-16   1.3860086e-06   2.5767153e-03   1.8336281e-02   3.2859882e-02   5.3379724e-02   6.0787904e-02   4.9753043e-02   3.6514457e-02   3.0833374e-02
   8.1000000e+01   6.0443237e-47   5.6389831e-17   5.9836287e-07   1.8278167e-03   1.4731595e-02   2.9651404e-02   5.2508476e-02   6.1001371e-02   5.0036117e-02   3.6636538e-02   3.0876519e-02
   8.1450000e+01   2.5637801e-50   6.0102938e-18   2.4137203e-07   1.2662890e-03   1.1370831e-02   2.6385452e-02   5.1590288e-02   6.1207029e-02   5.0319809e-02   3.6759250e-02   3.0919901e-02
   8.1900000e+01   3.5545762e-54   4.6037761e-19   9.0025245e-08   8.5205796e-04   8.2567605e-03   2.3067785e-02   5.0624854e-02   6.1404719e-02   5.0604100e-02   3.6882593e-02   3.0963522e-02
   8.2350000e+01   1.9404992e-58   1.1967157e-20   3.1020547e-08   5.5195166e-04   5.3898403e-03   1.9704254e-02   4.9611894e-02   6.1594280e-02   5.0888972e-02   3.7006566e-02   3.1007381e-02
   8.2800000e+01  -8.6796625e-62  -9.3507146e-22   1.0048062e-08   3.3894383e-04   2.7683787e-03   1.6300774e-02   4.8551156e-02   6.1775554e-02   5.1174408e-02   3.7131168e-02   3.1051478e-02
   8.3250000e+01  -4.7842725e-65  -6.5945541e-23   3.1760805e-09   1.9135625e-04   3.8872323e-04   1.2863312e-02   4.7442418e-02   6.1948378e-02   5.1460388e-02   3.7256398e-02   3.1095812e-02
   8.3700000e+01  -1.4490355e-68  -2.2002499e-24   1.0200541e-09   9.2069750e-05  -1.7545438e-03   9.3978670e-03   4.6285482e-02   6.2112592e-02   5.1746896e-02   3.7382255e-02   3.1140385e-02
   8.4150000e+01  -1.3491183e-72  -5.0312829e-26   3.3766191e-10   2.7777940e-05  -3.6684008e-03   5.9104466e-03   4.5080182e-02   6.2268035e-02   5.2033912e-02   3.7508738e-02   3.1185196e-02
   8.4600000e+01  -3.0425256e-77  -5.2438471e-28   1.1263470e-10  -1.1694213e-05  -5.3611799e-03   2.4070527e-03   4.3826379e-02   6.2414546e-02   5.2321418e-02   3.7635847e-02   3.1230245e-02
   8.5050000e+01   5.1411545e-82   2.7948501e-29   3.6162951e-11  -3.3995065e-05  -6.8423596e-03  -1.1063384e-03   4.2523963e-02   6.2551965e-02   5.2609395e-02   3.7763580e-02   3.1275531e-02
   8.5500000e+01   2.0639134e-85   2.5688227e-30   1.0469633e-11  -4.4769504e-05  -8.1223607e-03  -4.6237936e-03   4.1172852e-02   6.2680130e-02   5.2897824e-02   3.7891937e-02   3.1321056e-02
   8.5950000e+01   2.6401035e-89   1.3864741e-31   2.3741707e-12  -4.8101491e-05  -9.2123484e-03  -8.1394406e-03   3.9772995e-02   6.2798880e-02   5.3186687e-02   3.8020916e-02   3.1366818e-02
   8.6400000e+01   7.5856509e-94   5.8796670e-33   1.5858370e-13  -4.6880484e-05  -1.0124043e-02  -1.1647484e-02   3.8324370e-02   6.2908055e-02   5.3475965e-02   3.8150518e-02   3.1412818e-02
   8.6850000e+01   7.2163898e-99   1.8800690e-34  -2.6472728e-13  -4.3098697e-05  -1.0869542e-02  -1.5142223e-02   3.6826983e-02   6.3007493e-02   5.3765637e-02   3.8280740e-02   3.1459055e-02
   8.7300000e+01  3.2201721e-104   2.6603332e-36  -2.3567012e-13  -3.8087505e-05  -1.1461155e-02  -1.8618064e-02   3.5280871e-02   6.3097034e-02   5.4055686e-02   3.8411582e-02   3.1505530e-02
   8.7750000e+01 -5.8048940e-109  -1.6524429e-37  -1.4340760e-13  -3.2701763e-05  -1.1911249e-02  -2.2069536e-02   3.3686099e-02   6.3176517e-02   5.4346091e-02   3.8543044e-02   3.1552243e-02
   8.8200000e+01 -2.4090825e-113  -1.4903667e-38  -7.5219279e-14  -2.7460694e-05  -1.2232116e-02  -2.5491309e-02   3.2042763e-02   6.3245782e-02   5.4636833e-02   3.8675123e-02   3.1599194e-02
   8.8650000e+01 -5.9491565e-118  -6.6518120e-40  -3.6306213e-14  -2.2653419e-05  -1.2435846e-02  -2.8878199e-02   3.0350987e-02   6.3304668e-02   5.4927892e-02   3.8807820e-02   3.1646382e-02
   8.9100000e+01 -1.2632540e-122  -2.2078529e-41  -1.6582617e-14  -1.8416343e-05  -1.2534226e-02  -3.2225186e-02   2.8610925e-02   6.3353016e-02   5.5219249e-02   3.8941134e-02   3.1693808e-02
   8.9550000e+01 -2.5060202e-127  -6.3163601e-43  -7.2702031e-15  -1.4788645e-05  -1.2538647e-02  -3.5527423e-02   2.6822761e-02   6.3390667e-02   5.5510884e-02   3.9075062e-02   3.1741471e-02
   9.0000000e+01 -4.7941172e-132  -1.6722848e-44  -3.0837206e-15  -1.1751104e-05  -1.2460029e-02  -3.8780247e-02   2.4986708e-02   6.3417460e-02   5.5802775e-02   3.9209605e-02   3.1789371e-02
