  -9.0000000e+01  -3.4527606e-03
  -8.9550000e+01  -3.4933023e-03
  -8.9100000e+01  -3.5125167e-03
  -8.8650000e+01  -3.5072380e-03
  -8.8200000e+01  -3.4741038e-03
  -8.7750000e+01  -3.4095660e-03
  -8.7300000e+01  -3.3099049e-03
  -8.6850000e+01  -3.1712477e-03
  -8.6400000e+01  -2.9895901e-03
  -8.5950000e+01  -2.7608227e-03
  -8.5500000e+01  -2.4807612e-03
  -8.5050000e+01  -2.1451806e-03
  -8.4600000e+01  -1.7498531e-03
  -8.4150000e+01  -1.2905899e-03
  -8.3700000e+01  -7.6328678e-04
  -8.3250000e+01  -1.6397141e-04
  -8.2800000e+01   5.1114562e-04
  -8.2350000e+01   1.2656186e-03
  -8.1900000e+01   2.1027132e-03
  -8.1450000e+01   3.0253521e-03
  -8.1000000e+01   4.0360618e-03
  -8.0550000e+01   5.1369194e-03
  -8.0100000e+01   6.3295023e-03
  -7.9650000e+01   7.6148402e-03
  -7.9200000e+01   8.9933713e-03
  -7.8750000e+01   1.0464902e-02
  -7.8300000e+01   1.2028575e-02
  -7.7850000e+01   1.3682836e-02
  -7.7400000e+01   1.5425418e-02
  -7.6950000e+01   1.7253323e-02
  -7.6500000e+01   1.9162819e-02
  -7.6050000e+01   2.1149437e-02
  -7.5600000e+01   2.3207987e-02
  -7.5150000e+01   2.5332571e-02
  -7.4700000e+01   2.7516618e-02
  -7.4250000e+01   2.9752912e-02
  -7.3800000e+01   3.2033646e-02
  -7.3350000e+01   3.4350472e-02
  -7.2900000e+01   3.6694562e-02
  -7.2450000e+01   3.9056682e-02
  -7.2000000e+01   4.1427267e-02
  -7.1550000e+01   4.3796506e-02
  -7.1100000e+01   4.6154431e-02
  -7.0650000e+01   4.8491007e-02
  -7.0200000e+01   5.0796238e-02
  -6.9750000e+01   5.3060254e-02
  -6.9300000e+01   5.5273417e-02
  -6.8850000e+01   5.7426415e-02
  -6.8400000e+01   5.9510355e-02
  -6.7950000e+01   6.1516850e-02
  -6.7500000e+01   6.3438100e-02
  -6.7050000e+01   6.5266964e-02
  -6.6600000e+01   6.6997021e-02
  -6.6150000e+01   6.8622620e-02
  -6.5700000e+01   7.0138917e-02
  -6.5250000e+01   7.1541900e-02
  -6.4800000e+01   7.2828399e-02
  -6.4350000e+01   7.3996086e-02
  -6.3900000e+01   7.5043455e-02
  -6.3450000e+01   7.5969803e-02
  -6.3000000e+01   7.6775185e-02
  -6.2550000e+01   7.7460370e-02
  -6.2100000e+01   7.8026789e-02
  -6.1650000e+01   7.8476471e-02
  -6.1200000e+01   7.8811979e-02
  -6.0750000e+01   7.9036346e-02
  -6.0300000e+01   7.9153005e-02
  -5.9850000e+01   7.9165725e-02
  -5.9400000e+01   7.9078546e-02
  -5.8950000e+01   7.8895718e-02
  -5.8500000e+01   7.8621652e-02
  -5.8050000e+01   7.8260864e-02
  -5.7600000e+01   7.7817932e-02
  -5.7150000e+01   7.7297465e-02
  -5.6700000e+01   7.6704060e-02
  -5.6250000e+01   7.6042287e-02
  -5.5800000e+01   7.5316659e-02
  -5.5350000e+01   7.4531621e-02
  -5.4900000e+01   7.3691532e-02
  -5.4450000e+01   7.2800660e-02
  -5.4000000e+01   7.1863167e-02
  -5.3550000e+01   7.0883109e-02
  -5.3100000e+01   6.9864422e-02
  -5.2650000e+01   6.8810923e-02
  -5.2200000e+01   6.7726296e-02
  -5.1750000e+01   6.6614085e-02
  -5.1300000e+01   6.5477690e-02
  -5.0850000e+01   6.4320347e-02
  -5.0400000e+01   6.3145125e-02
  -4.9950000e+01   6.1954910e-02
  -4.9500000e+01   6.0752391e-02
  -4.9050000e+01   5.9540052e-02
  -4.8600000e+01   5.8320154e-02
  -4.8150000e+01   5.7094732e-02
  -4.7700000e+01   5.5865583e-02
  -4.7250000e+01   5.4634261e-02
  -4.6800000e+01   5.3402075e-02
  -4.6350000e+01   5.2170092e-02
  -4.5900000e+01   5.0939142e-02
  -4.5450000e+01   4.9709830e-02
  -4.5000000e+01   4.8482549e-02
  -4.4550000e+01   4.7257499e-02
  -4.4100000e+01   4.6034714e-02
  -4.3650000e+01   4.4814086e-02
  -4.3200000e+01   4.3595397e-02
  -4.2750000e+01   4.2378352e-02
  -4.2300000e+01   4.1162616e-02
  -4.1850000e+01   3.9947848e-02
  -4.1400000e+01   3.8733740e-02
  -4.0950000e+01   3.7520051e-02
  -4.0500000e+01   3.6306641e-02
  -4.0050000e+01   3.5093502e-02
  -3.9600000e+01   3.3880786e-02
  -3.9150000e+01   3.2668830e-02
  -3.8700000e+01   3.1458170e-02
  -3.8250000e+01   3.0249558e-02
  -3.7800000e+01   2.9043968e-02
  -3.7350000e+01   2.7842595e-02
  -3.6900000e+01   2.6646852e-02
  -3.6450000e+01   2.5458358e-02
  -3.6000000e+01   2.4278923e-02
  -3.5550000e+01   2.3110523e-02
  -3.5100000e+01   2.1955279e-02
  -3.4650000e+01   2.0815420e-02
  -3.4200000e+01   1.9693258e-02
  -3.3750000e+01   1.8591144e-02
  -3.3300000e+01   1.7511439e-02
  -3.2850000e+01   1.6456472e-02
  -3.2400000e+01   1.5428507e-02
  -3.1950000e+01   1.4429706e-02
  -3.1500000e+01   1.3462094e-02
  -3.1050000e+01   1.2527535e-02
  -3.0600000e+01   1.1627699e-02
  -3.0150000e+01   1.0764043e-02
  -2.9700000e+01   9.9377937e-03
  -2.9250000e+01   9.1499298e-03
  -2.8800000e+01   8.4011765e-03
  -2.8350000e+01   7.6919999e-03
  -2.7900000e+01   7.0226074e-03
  -2.7450000e+01   6.3929528e-03
  -2.7000000e+01   5.8027444e-03
  -2.6550000e+01   5.2514575e-03
  -2.6100000e+01   4.7383502e-03
  -2.5650000e+01   4.2624813e-03
  -2.5200000e+01   3.8227302e-03
  -2.4750000e+01   3.4178198e-03
  -2.4300000e+01   3.0463383e-03
  -2.3850000e+01   2.7067632e-03
  -2.3400000e+01   2.3974846e-03
  -2.2950000e+01   2.1168284e-03
  -2.2500000e+01   1.8630779e-03
  -2.2050000e+01   1.6344955e-03
  -2.1600000e+01   1.4293415e-03
  -2.1150000e+01   1.2458923e-03
  -2.0700000e+01   1.0824559e-03
  -2.0250000e+01   9.3738618e-04
  -1.9800000e+01   8.0909452e-04
  -1.9350000e+01   6.9605954e-04
  -1.8900000e+01   5.9683499e-04
  -1.8450000e+01   5.1005563e-04
  -1.8000000e+01   4.3444126e-04
  -1.7550000e+01   3.6879917e-04
  -1.7100000e+01   3.1202508e-04
  -1.6650000e+01   2.6310268e-04
  -1.6200000e+01   2.2110215e-04
  -1.5750000e+01   1.8517762e-04
  -1.5300000e+01   1.5456385e-04
  -1.4850000e+01   1.2857232e-04
  -1.4400000e+01   1.0658683e-04
  -1.3950000e+01   8.8058762e-05
  -1.3500000e+01   7.2502217e-05
  -1.3050000e+01   5.9488969e-05
  -1.2600000e+01   4.8643515e-05
  -1.2150000e+01   3.9638193e-05
  -1.1700000e+01   3.2188467e-05
  -1.1250000e+01   2.6048431e-05
  -1.0800000e+01   2.1006566e-05
  -1.0350000e+01   1.6881783e-05
  -9.9000000e+00   1.3519760e-05
  -9.4500000e+00   1.0789589e-05
  -9.0000000e+00   8.5807280e-06
  -8.5500000e+00   6.8002517e-06
  -8.1000000e+00   5.3703953e-06
  -7.6500000e+00   4.2263694e-06
  -7.2000000e+00   3.3144341e-06
  -6.7500000e+00   2.5902106e-06
  -6.3000000e+00   2.0172123e-06
  -5.8500000e+00   1.5655728e-06
  -5.4000000e+00   1.2109539e-06
  -4.9500000e+00   9.3361156e-07
  -4.5000000e+00   7.1760314e-07
  -4.0500000e+00   5.5011894e-07
  -3.6000000e+00   4.2092153e-07
  -3.1500000e+00   3.2187945e-07
  -2.7000000e+00   2.4658239e-07
  -2.2500000e+00   1.9002663e-07
  -1.8000000e+00   1.4836119e-07
  -1.3500000e+00   1.1868648e-07
  -9.0000000e-01   9.8898587e-08
  -4.5000000e-01   8.7573681e-08
   0.0000000e+00   8.3888485e-08
   4.5000000e-01   8.7573681e-08
   9.0000000e-01   9.8898587e-08
   1.3500000e+00   1.1868648e-07
   1.8000000e+00   1.4836119e-07
   2.2500000e+00   1.9002663e-07
   2.7000000e+00   2.4658239e-07
   3.1500000e+00   3.2187945e-07
   3.6000000e+00   4.2092153e-07
   4.0500000e+00   5.5011894e-07
   4.5000000e+00   7.1760314e-07
   4.9500000e+00   9.3361156e-07
   5.4000000e+00   1.2109539e-06
   5.8500000e+00   1.5655728e-06
   6.3000000e+00   2.0172123e-06
   6.7500000e+00   2.5902106e-06
   7.2000000e+00   3.3144341e-06
   7.6500000e+00   4.2263694e-06
   8.1000000e+00   5.3703953e-06
   8.5500000e+00   6.8002517e-06
   9.0000000e+00   8.5807280e-06
   9.4500000e+00   1.0789589e-05
   9.9000000e+00   1.3519760e-05
   1.0350000e+01   1.6881783e-05
   1.0800000e+01   2.1006566e-05
   1.1250000e+01   2.6048431e-05
   1.1700000e+01   3.2188467e-05
   1.2150000e+01   3.9638193e-05
   1.2600000e+01   4.8643515e-05
   1.3050000e+01   5.9488969e-05
   1.3500000e+01   7.2502217e-05
   1.3950000e+01   8.8058762e-05
   1.4400000e+01   1.0658683e-04
   1.4850000e+01   1.2857232e-04
   1.5300000e+01   1.5456385e-04
   1.5750000e+01   1.8517762e-04
   1.6200000e+01   2.2110215e-04
   1.6650000e+01   2.6310268e-04
   1.7100000e+01   3.1202508e-04
   1.7550000e+01   3.6879917e-04
   1.8000000e+01   4.3444126e-04
   1.8450000e+01   5.1005563e-04
   1.8900000e+01   5.9683499e-04
   1.9350000e+01   6.9605954e-04
   1.9800000e+01   8.0909452e-04
   2.0250000e+01   9.3738618e-04
   2.0700000e+01   1.0824559e-03
   2.1150000e+01   1.2458923e-03
   2.1600000e+01   1.4293415e-03
   2.2050000e+01   1.6344955e-03
   2.2500000e+01   1.8630779e-03
   2.2950000e+01   2.1168284e-03
   2.3400000e+01   2.3974846e-03
   2.3850000e+01   2.7067632e-03
   2.4300000e+01   3.0463383e-03
   2.4750000e+01   3.4178198e-03
   2.5200000e+01   3.8227302e-03
   2.5650000e+01   4.2624813e-03
   2.6100000e+01   4.7383502e-03
   2.6550000e+01   5.2514575e-03
   2.7000000e+01   5.8027444e-03
   2.7450000e+01   6.3929528e-03
   2.7900000e+01   7.0226074e-03
   2.8350000e+01   7.6919999e-03
   2.8800000e+01   8.4011765e-03
   2.9250000e+01   9.1499298e-03
   2.9700000e+01   9.9377937e-03
   3.0150000e+01   1.0764043e-02
   3.0600000e+01   1.1627699e-02
   3.1050000e+01   1.2527535e-02
   3.1500000e+01   1.3462094e-02
   3.1950000e+01   1.4429706e-02
   3.2400000e+01   1.5428507e-02
   3.2850000e+01   1.6456472e-02
   3.3300000e+01   1.7511439e-02
   3.3750000e+01   1.8591144e-02
   3.4200000e+01   1.9693258e-02
   3.4650000e+01   2.0815420e-02
   3.5100000e+01   2.1955279e-02
   3.5550000e+01   2.3110523e-02
   3.6000000e+01   2.4278923e-02
   3.6450000e+01   2.5458358e-02
   3.6900000e+01   2.6646852e-02
   3.7350000e+01   2.7842595e-02
   3.7800000e+01   2.9043968e-02
   3.8250000e+01   3.0249558e-02
   3.8700000e+01   3.1458170e-02
   3.9150000e+01   3.2668830e-02
   3.9600000e+01   3.3880786e-02
   4.0050000e+01   3.5093502e-02
   4.0500000e+01   3.6306641e-02
   4.0950000e+01   3.7520051e-02
   4.1400000e+01   3.8733740e-02
   4.1850000e+01   3.9947848e-02
   4.2300000e+01   4.1162616e-02
   4.2750000e+01   4.2378352e-02
   4.3200000e+01   4.3595397e-02
   4.3650000e+01   4.4814086e-02
   4.4100000e+01   4.6034714e-02
   4.4550000e+01   4.7257499e-02
   4.5000000e+01   4.8482549e-02
   4.5450000e+01   4.9709830e-02
   4.5900000e+01   5.0939142e-02
   4.6350000e+01   5.2170092e-02
   4.6800000e+01   5.3402075e-02
   4.7250000e+01   5.4634261e-02
   4.7700000e+01   5.5865583e-02
   4.8150000e+01   5.7094732e-02
   4.8600000e+01   5.8320154e-02
   4.9050000e+01   5.9540052e-02
   4.9500000e+01   6.0752391e-02
   4.9950000e+01   6.1954910e-02
   5.0400000e+01   6.3145125e-02
   5.0850000e+01   6.4320347e-02
   5.1300000e+01   6.5477690e-02
   5.1750000e+01   6.6614085e-02
   5.2200000e+01   6.7726296e-02
   5.2650000e+01   6.8810923e-02
   5.3100000e+01   6.9864422e-02
   5.3550000e+01   7.0883109e-02
   5.4000000e+01   7.1863167e-02
   5.4450000e+01   7.2800660e-02
   5.4900000e+01   7.3691532e-02
   5.5350000e+01   7.4531621e-02
   5.5800000e+01   7.5316659e-02
   5.6250000e+01   7.6042287e-02
   5.6700000e+01   7.6704060e-02
   5.7150000e+01   7.7297465e-02
   5.7600000e+01   7.7817932e-02
   5.8050000e+01   7.8260864e-02
   5.8500000e+01   7.8621652e-02
   5.8950000e+01   7.8895718e-02
   5.9400000e+01   7.9078546e-02
   5.9850000e+01   7.9165725e-02
   6.0300000e+01   7.9153005e-02
   6.0750000e+01   7.9036346e-02
   6.1200000e+01   7.8811979e-02
   6.1650000e+01   7.8476471e-02
   6.2100000e+01   7.8026789e-02
   6.2550000e+01   7.7460370e-02
   6.3000000e+01   7.6775185e-02
   6.3450000e+01   7.5969803e-02
   6.3900000e+01   7.5043455e-02
   6.4350000e+01   7.3996086e-02
   6.4800000e+01   7.2828399e-02
   6.5250000e+01   7.1541900e-02
   6.5700000e+01   7.0138917e-02
   6.6150000e+01   6.8622620e-02
   6.6600000e+01   6.6997021e-02
   6.7050000e+01   6.5266964e-02
   6.7500000e+01   6.3438100e-02
   6.7950000e+01   6.1516850e-02
   6.8400000e+01   5.9510355e-02
   6.8850000e+01   5.7426415e-02
   6.9300000e+01   5.5273417e-02
   6.9750000e+01   5.3060254e-02
   7.0200000e+01   5.0796238e-02
   7.0650000e+01   4.8491007e-02
   7.1100000e+01   4.6154431e-02
   7.1550000e+01   4.3796506e-02
   7.2000000e+01   4.1427267e-02
   7.2450000e+01   3.9056682e-02
   7.2900000e+01   3.6694562e-02
   7.3350000e+01   3.4350472e-02
   7.3800000e+01   3.2033646e-02
   7.4250000e+01   2.9752912e-02
   7.4700000e+01   2.7516618e-02
   7.5150000e+01   2.5332571e-02
   7.5600000e+01   2.3207987e-02
   7.6050000e+01   2.1149437e-02
   7.6500000e+01   1.9162819e-02
   7.6950000e+01   1.7253323e-02
   7.7400000e+01   1.5425418e-02
   7.7850000e+01   1.3682836e-02
   7.8300000e+01   1.2028575e-02
   7.8750000e+01   1.0464902e-02
   7.9200000e+01   8.9933713e-03
   7.9650000e+01   7.6148402e-03
   8.0100000e+01   6.3295023e-03
   8.0550000e+01   5.1369194e-03
   8.1000000e+01   4.0360618e-03
   8.1450000e+01   3.0253521e-03
   8.1900000e+01   2.1027132e-03
   8.2350000e+01   1.2656186e-03
   8.2800000e+01   5.1114562e-04
   8.3250000e+01  -1.6397141e-04
   8.3700000e+01  -7.6328678e-04
   8.4150000e+01  -1.2905899e-03
   8.4600000e+01  -1.7498531e-03
   8.5050000e+01  -2.1451806e-03
   8.5500000e+01  -2.4807612e-03
   8.5950000e+01  -2.7608227e-03
   8.6400000e+01  -2.9895901e-03
   8.6850000e+01  -3.1712477e-03
   8.7300000e+01  -3.3099049e-03
   8.7750000e+01  -3.4095660e-03
   8.8200000e+01  -3.4741038e-03
   8.8650000e+01  -3.5072380e-03
   8.9100000e+01  -3.5125167e-03
   8.9550000e+01  -3.4933023e-03
   9.0000000e+01  -3.4527606e-03
