  -9.0000000e+01   3.8426108e-02   3.7629177e-02  -1.6380701e-02  -3.7458775e-03   4.9558927e-02   8.5721199e-02   1.0554526e-01   9.4092242e-02   6.7030658e-02   4.4469001e-02   3.3983378e-02
  -8.9550000e+01   3.8426108e-02   3.6798686e-02  -7.4045912e-03   6.4243020e-03   5.4152354e-02   8.6653029e-02   1.0485259e-01   9.3237466e-02   6.6538242e-02   4.4265939e-02   3.3908746e-02
  -8.9100000e+01   3.8426108e-02   3.5347248e-02   2.1947112e-03   1.6328630e-02   5.8456449e-02   8.7504520e-02   1.0414259e-01   9.2385076e-02   6.6048343e-02   4.4063912e-02   3.3834489e-02
  -8.8650000e+01   3.8426102e-02   3.3405820e-02   1.2216134e-02   2.5922722e-02   6.2474381e-02   8.8277019e-02   1.0341575e-01   9.1535141e-02   6.5560960e-02   4.3862920e-02   3.3760608e-02
  -8.8200000e+01   3.8426053e-02   3.2368581e-02   2.2510475e-02   3.5160875e-02   6.6210181e-02   8.8971870e-02   1.0267253e-01   9.0687726e-02   6.5076097e-02   4.3662964e-02   3.3687101e-02
  -8.7750000e+01   3.8425836e-02   3.4987627e-02   3.2967415e-02   4.3996720e-02   6.9668720e-02   8.9590418e-02   1.0191342e-01   8.9842897e-02   6.4593755e-02   4.3464043e-02   3.3613970e-02
  -8.7300000e+01   3.8429518e-02   4.2410401e-02   4.3503046e-02   5.2384027e-02   7.2855690e-02   9.0134003e-02   1.0113888e-01   8.9000719e-02   6.4113934e-02   4.3266156e-02   3.3541213e-02
  -8.6850000e+01   3.8582388e-02   5.2752342e-02   5.4048997e-02   6.0277670e-02   7.5777562e-02   9.0603965e-02   1.0034940e-01   8.8161256e-02   6.3636637e-02   4.3069303e-02   3.3468832e-02
  -8.6400000e+01   4.1898597e-02   6.3938650e-02   6.4543242e-02   6.7634723e-02   7.8441547e-02   9.1001640e-02   9.9545460e-02   8.7324572e-02   6.3161865e-02   4.2873485e-02   3.3396826e-02
  -8.5950000e+01   6.4465435e-02   7.5119205e-02   7.4922048e-02   7.4415650e-02   8.0855549e-02   9.1328364e-02   9.8727539e-02   8.6490729e-02   6.2689619e-02   4.2678701e-02   3.3325195e-02
  -8.5500000e+01   8.5219347e-02   8.6149208e-02   8.5111798e-02   8.0585549e-02   8.3028097e-02   9.1585469e-02   9.7896120e-02   8.5659788e-02   6.2219900e-02   4.2484950e-02   3.3253938e-02
  -8.5050000e+01   9.7320327e-02   9.7084894e-02   9.5018156e-02   8.6115389e-02   8.4968283e-02   9.1774287e-02   9.7051686e-02   8.4831810e-02   6.1752710e-02   4.2292233e-02   3.3183057e-02
  -8.4600000e+01   1.0922738e-01   1.0801381e-01   1.0450792e-01   9.0983166e-02   8.6685687e-02   9.1896148e-02   9.6194721e-02   8.4006855e-02   6.1288050e-02   4.2100549e-02   3.3112551e-02
  -8.4150000e+01   1.2848284e-01   1.1903779e-01   1.1337765e-01   9.5174932e-02   8.8190294e-02   9.1952380e-02   9.5325707e-02   8.3184982e-02   6.0825921e-02   4.1909898e-02   3.3042420e-02
  -8.3700000e+01   1.5305749e-01   1.3031799e-01   1.2130953e-01   9.8685615e-02   8.9492411e-02   9.1944313e-02   9.4445127e-02   8.2366249e-02   6.0366323e-02   4.1720280e-02   3.2972663e-02
  -8.3250000e+01   1.5794107e-01   1.4208471e-01   1.2784229e-01   1.0151959e-01   9.0602572e-02   9.1873277e-02   9.3553466e-02   8.1550714e-02   5.9909259e-02   4.1531695e-02   3.2903282e-02
  -8.2800000e+01   1.5821497e-01   1.5332914e-01   1.3242964e-01   1.0369098e-01   9.1531448e-02   9.1740602e-02   9.2651205e-02   8.0738433e-02   5.9454728e-02   4.1344141e-02   3.2834276e-02
  -8.2350000e+01   1.5822238e-01   1.5699714e-01   1.3464574e-01   1.0522360e-01   9.2289748e-02   9.1547622e-02   9.1738827e-02   7.9929460e-02   5.9002732e-02   4.1157620e-02   3.2765644e-02
  -8.1900000e+01   1.5814094e-01   1.5058774e-01   1.3443279e-01   1.0615068e-01   9.2888124e-02   9.1295673e-02   9.0816813e-02   7.9123852e-02   5.8553271e-02   4.0972131e-02   3.2697387e-02
  -8.1450000e+01   1.5619956e-01   1.4238455e-01   1.3214586e-01   1.0651422e-01   9.3337075e-02   9.0986096e-02   8.9885642e-02   7.8321661e-02   5.8106347e-02   4.0787674e-02   3.2629506e-02
  -8.1000000e+01   1.4168731e-01   1.3473377e-01   1.2834297e-01   1.0636418e-01   9.3646855e-02   9.0620237e-02   8.8945794e-02   7.7522941e-02   5.7661959e-02   4.0604248e-02   3.2561999e-02
  -8.0550000e+01   1.2787764e-01   1.2738910e-01   1.2354519e-01   1.0575736e-01   9.3827382e-02   9.0199448e-02   8.7997746e-02   7.6727743e-02   5.7220109e-02   4.0421853e-02   3.2494867e-02
  -8.0100000e+01   1.1990236e-01   1.2014669e-01   1.1813796e-01   1.0475615e-01   9.3888153e-02   8.9725088e-02   8.7041973e-02   7.5936119e-02   5.6780798e-02   4.0240489e-02   3.2428109e-02
  -7.9650000e+01   1.1217681e-01   1.1291869e-01   1.1238955e-01   1.0342719e-01   9.3838170e-02   8.9198525e-02   8.6078949e-02   7.5148118e-02   5.6344025e-02   4.0060156e-02   3.2361727e-02
  -7.9200000e+01   1.0046222e-01   1.0564923e-01   1.0650633e-01   1.0183979e-01   9.3685869e-02   8.8621137e-02   8.5109145e-02   7.4363790e-02   5.5909792e-02   3.9880853e-02   3.2295719e-02
  -7.8750000e+01   8.3463254e-02   9.8277359e-02   1.0068353e-01   1.0006441e-01   9.3439056e-02   8.7994310e-02   8.4133030e-02   7.3583184e-02   5.5478098e-02   3.9702581e-02   3.2230086e-02
  -7.8300000e+01   7.9072290e-02   9.0739597e-02   9.5138531e-02   9.8170971e-02   9.3104862e-02   8.7319444e-02   8.3151070e-02   7.2806345e-02   5.5048945e-02   3.9525339e-02   3.2164828e-02
  -7.7850000e+01   7.8791847e-02   8.3355587e-02   9.0108655e-02   9.6227250e-02   9.2689700e-02   8.6597952e-02   8.2163728e-02   7.2033322e-02   5.4622333e-02   3.9349126e-02   3.2099945e-02
  -7.7400000e+01   7.8781361e-02   7.8403749e-02   8.5794077e-02   9.4297234e-02   9.2199239e-02   8.5831258e-02   8.1171466e-02   7.1264160e-02   5.4198261e-02   3.9173944e-02   3.2035437e-02
  -7.6950000e+01   7.8769841e-02   7.6926970e-02   8.2273765e-02   9.2439569e-02   9.1638386e-02   8.5020802e-02   8.0174739e-02   7.0498903e-02   5.3776731e-02   3.8999791e-02   3.1971303e-02
  -7.6500000e+01   7.8458721e-02   7.5981311e-02   7.9479441e-02   9.0706120e-02   9.1011283e-02   8.4168039e-02   7.9174000e-02   6.9737595e-02   5.3357742e-02   3.8826667e-02   3.1907544e-02
  -7.6050000e+01   7.5983870e-02   7.4813348e-02   7.7261307e-02   8.9140672e-02   9.0321318e-02   8.3274438e-02   7.8169701e-02   6.8980279e-02   5.2941295e-02   3.8654572e-02   3.1844159e-02
  -7.5600000e+01   7.3648211e-02   7.3572128e-02   7.5476181e-02   8.7777831e-02   8.9571142e-02   8.2341488e-02   7.7162285e-02   6.8226997e-02   5.2527390e-02   3.8483505e-02   3.1781150e-02
  -7.5150000e+01   7.2287711e-02   7.2322291e-02   7.4032417e-02   8.6642140e-02   8.8762703e-02   8.1370690e-02   7.6152195e-02   6.7477789e-02   5.2116026e-02   3.8313468e-02   3.1718515e-02
  -7.4700000e+01   7.0988344e-02   7.1072267e-02   7.2895158e-02   8.5747427e-02   8.7897295e-02   8.0363566e-02   7.5139868e-02   6.6732697e-02   5.1707205e-02   3.8144458e-02   3.1656255e-02
  -7.4250000e+01   6.9248322e-02   6.9814351e-02   7.2082423e-02   8.5096429e-02   8.6975605e-02   7.9321653e-02   7.4125735e-02   6.5991759e-02   5.1300926e-02   3.7976477e-02   3.1594369e-02
  -7.3800000e+01   6.6316234e-02   6.8517167e-02   7.1669275e-02   8.4680680e-02   8.5997786e-02   7.8246506e-02   7.3110224e-02   6.5255014e-02   5.0897189e-02   3.7809524e-02   3.1532858e-02
  -7.3350000e+01   6.5100505e-02   6.7072749e-02   7.1795558e-02   8.4480706e-02   8.4963525e-02   7.7139697e-02   7.2093758e-02   6.4522498e-02   5.0495994e-02   3.7643598e-02   3.1471722e-02
  -7.2900000e+01   6.5001772e-02   6.5436978e-02   7.2649904e-02   8.4466535e-02   8.3872131e-02   7.6002814e-02   7.1076753e-02   6.3794249e-02   5.0097341e-02   3.7478700e-02   3.1410960e-02
  -7.2450000e+01   6.4998032e-02   6.5616924e-02   7.4397518e-02   8.4598541e-02   8.2722620e-02   7.4837463e-02   7.0059622e-02   6.3070301e-02   4.9701229e-02   3.7314830e-02   3.1350573e-02
  -7.2000000e+01   6.5042782e-02   7.0376710e-02   7.7073872e-02   8.4828638e-02   8.1513809e-02   7.3645265e-02   6.9042769e-02   6.2350690e-02   4.9307659e-02   3.7151986e-02   3.1290560e-02
  -7.1550000e+01   6.6482984e-02   7.6473357e-02   8.0540479e-02   8.5101824e-02   8.0244418e-02   7.2427857e-02   6.8026596e-02   6.1635449e-02   4.8916631e-02   3.6990169e-02   3.1230922e-02
  -7.1100000e+01   7.7846207e-02   8.2338559e-02   8.4551091e-02   8.5358050e-02   7.8913165e-02   7.1186887e-02   6.7011496e-02   6.0924610e-02   4.8528143e-02   3.6829379e-02   3.1171659e-02
  -7.0650000e+01   8.7565012e-02   8.8056593e-02   8.8850529e-02   8.5534386e-02   7.7518871e-02   6.9924020e-02   6.5997858e-02   6.0218207e-02   4.8142197e-02   3.6669615e-02   3.1112770e-02
  -7.0200000e+01   9.3589606e-02   9.3728064e-02   9.3220797e-02   8.5567417e-02   7.6060555e-02   6.8640930e-02   6.4986062e-02   5.9516268e-02   4.7758790e-02   3.6510877e-02   3.1054256e-02
  -6.9750000e+01   9.9280393e-02   9.9387806e-02   9.7469481e-02   8.5395776e-02   7.4537531e-02   6.7339302e-02   6.3976483e-02   5.8818826e-02   4.7377924e-02   3.6353166e-02   3.0996116e-02
  -6.9300000e+01   1.0495935e-01   1.0505596e-01   1.0138900e-01   8.4962719e-02   7.2949498e-02   6.6020832e-02   6.2969490e-02   5.8125909e-02   4.6999598e-02   3.6196480e-02   3.0938351e-02
  -6.8850000e+01   1.1064466e-01   1.1079364e-01   1.0470339e-01   8.4218599e-02   7.1296619e-02   6.4687219e-02   6.1965444e-02   5.7437544e-02   4.6623810e-02   3.6040820e-02   3.0880960e-02
  -6.8400000e+01   1.1633602e-01   1.1684942e-01   1.0701949e-01   8.3123123e-02   6.9579598e-02   6.3340169e-02   6.0964698e-02   5.6753760e-02   4.6250562e-02   3.5886185e-02   3.0823944e-02
  -6.7950000e+01   1.2209492e-01   1.2355570e-01   1.0783462e-01   8.1647231e-02   6.7799735e-02   6.1981392e-02   5.9967601e-02   5.6074583e-02   4.5879852e-02   3.5732575e-02   3.0767302e-02
  -6.7500000e+01   1.2772796e-01   1.2687347e-01   1.0667636e-01   7.9774496e-02   6.5958979e-02   6.0612597e-02   5.8974490e-02   5.5400039e-02   4.5511679e-02   3.5579990e-02   3.0711035e-02
  -6.7050000e+01   1.1755732e-01   1.1903497e-01   1.0334574e-01   7.7501932e-02   6.4059960e-02   5.9235492e-02   5.7985699e-02   5.4730152e-02   4.5146043e-02   3.5428430e-02   3.0655142e-02
  -6.6600000e+01   1.0726310e-01   1.0781185e-01   9.8048589e-02   7.4840148e-02   6.2106007e-02   5.7851782e-02   5.7001553e-02   5.4064946e-02   4.4782944e-02   3.5277895e-02   3.0599624e-02
  -6.6150000e+01   9.7039612e-02   9.7242858e-02   9.1264036e-02   7.1812839e-02   6.0101148e-02   5.6463165e-02   5.6022366e-02   5.3404444e-02   4.4422381e-02   3.5128384e-02   3.0544480e-02
  -6.5700000e+01   8.6826549e-02   8.6995249e-02   8.3501834e-02   6.8455637e-02   5.8050101e-02   5.5071329e-02   5.5048450e-02   5.2748669e-02   4.4064353e-02   3.4979897e-02   3.0489711e-02
  -6.5250000e+01   7.6624920e-02   7.6819460e-02   7.5163689e-02   6.4814398e-02   5.5958240e-02   5.3677950e-02   5.4080104e-02   5.2097640e-02   4.3708859e-02   3.4832434e-02   3.0435316e-02
  -6.4800000e+01   6.6402033e-02   6.6651437e-02   6.6537276e-02   6.0943055e-02   5.3831551e-02   5.2284691e-02   5.3117621e-02   5.1451380e-02   4.3355899e-02   3.4685995e-02   3.0381295e-02
  -6.4350000e+01   5.5579495e-02   5.6463877e-02   5.7847868e-02   5.6901161e-02   5.1676570e-02   5.0893195e-02   5.2161287e-02   5.0809907e-02   4.3005472e-02   3.4540580e-02   3.0327649e-02
  -6.3900000e+01   3.8120705e-02   4.6205510e-02   4.9316004e-02   5.2751291e-02   4.9500313e-02   4.9505085e-02   5.1211378e-02   5.0173240e-02   4.2657577e-02   3.4396188e-02   3.0274377e-02
  -6.3450000e+01   1.7707905e-02   3.5742980e-02   4.1203077e-02   4.8556459e-02   4.7310193e-02   4.8121961e-02   5.0268162e-02   4.9541396e-02   4.2312213e-02   3.4252819e-02   3.0221480e-02
  -6.3000000e+01   1.5120812e-02   2.5001539e-02   3.3822059e-02   4.4377687e-02   4.5113922e-02   4.6745396e-02   4.9331899e-02   4.8914394e-02   4.1969380e-02   3.4110473e-02   3.0168956e-02
  -6.2550000e+01   1.5040429e-02   1.6123574e-02   2.7475090e-02   4.0271860e-02   4.2919416e-02   4.5376931e-02   4.8402840e-02   4.8292248e-02   4.1629076e-02   3.3969149e-02   3.0116808e-02
  -6.2100000e+01   1.5035775e-02   1.3194419e-02   2.2324307e-02   3.6289968e-02   4.0734691e-02   4.4018078e-02   4.7481229e-02   4.7674975e-02   4.1291301e-02   3.3828849e-02   3.0065033e-02
  -6.1650000e+01   1.4937006e-02   1.2454767e-02   1.8306180e-02   3.2475786e-02   3.8567756e-02   4.2670308e-02   4.6567300e-02   4.7062588e-02   4.0956054e-02   3.3689571e-02   3.0013633e-02
  -6.1200000e+01   1.3717965e-02   1.1418213e-02   1.5188673e-02   2.8865032e-02   3.6426509e-02   4.1335056e-02   4.5661278e-02   4.6455103e-02   4.0623333e-02   3.3551314e-02   2.9962607e-02
  -6.0750000e+01   1.0777825e-02   1.0202338e-02   1.2707298e-02   2.5484988e-02   3.4318640e-02   4.0013715e-02   4.4763382e-02   4.5852530e-02   4.0293138e-02   3.3414080e-02   2.9911956e-02
  -6.0300000e+01   9.0330252e-03   8.9516887e-03   1.0655454e-02   2.2354563e-02   3.2251530e-02   3.8707629e-02   4.3873820e-02   4.5254884e-02   3.9965467e-02   3.3277868e-02   2.9861679e-02
  -5.9850000e+01   7.7300892e-03   7.6981950e-03   8.9002972e-03   1.9484715e-02   3.0232165e-02   3.7418098e-02   4.2992792e-02   4.4662174e-02   3.9640320e-02   3.3142678e-02   2.9811776e-02
  -5.9400000e+01   6.3658531e-03   6.4419942e-03   7.3645278e-03   1.6879168e-02   2.8267060e-02   3.6146369e-02   4.2120490e-02   4.4074412e-02   3.9317696e-02   3.3008508e-02   2.9762247e-02
  -5.8950000e+01   4.0237785e-03   5.1743167e-03   6.0075021e-03   1.4535342e-02   2.6362187e-02   3.4893634e-02   4.1257096e-02   4.3491608e-02   3.8997593e-02   3.2875360e-02   2.9713093e-02
  -5.8500000e+01   1.5421194e-03   3.8783679e-03   4.8145940e-03   1.2445396e-02   2.4522922e-02   3.3661030e-02   4.0402785e-02   4.2913770e-02   3.8680011e-02   3.2743234e-02   2.9664312e-02
  -5.8050000e+01   1.2300673e-03   2.5509404e-03   3.7903303e-03   1.0597327e-02   2.2753999e-02   3.2449634e-02   3.9557722e-02   4.2340906e-02   3.8364948e-02   3.2612128e-02   2.9615906e-02
  -5.7600000e+01   1.2184176e-03   1.4334962e-03   2.9471145e-03   8.9760478e-03   2.1059478e-02   3.1260463e-02   3.8722066e-02   4.1773025e-02   3.8052403e-02   3.2482042e-02   2.9567875e-02
  -5.7150000e+01   1.2180994e-03   1.0409479e-03   2.2875411e-03   7.5643891e-03   1.9442727e-02   3.0094468e-02   3.7895963e-02   4.1210134e-02   3.7742374e-02   3.2352978e-02   2.9520217e-02
  -5.6700000e+01   1.2138221e-03   9.8875254e-04   1.7919276e-03   6.3440025e-03   1.7906416e-02   2.8952537e-02   3.7079555e-02   4.0652237e-02   3.7434862e-02   3.2224933e-02   2.9472934e-02
  -5.6250000e+01   1.1464880e-03   9.1008219e-04   1.4232980e-03   5.2961296e-03   1.6452520e-02   2.7835487e-02   3.6272974e-02   4.0099342e-02   3.7129864e-02   3.2097909e-02   2.9426025e-02
  -5.5800000e+01   8.8579995e-04   8.0531779e-04   1.1429961e-03   4.4022320e-03   1.5082334e-02   2.6744068e-02   3.5476342e-02   3.9551451e-02   3.6827379e-02   3.1971905e-02   2.9379490e-02
  -5.5350000e+01   7.0615041e-04   6.9493812e-04   9.2141353e-04   3.6444822e-03   1.3796501e-02   2.5678960e-02   3.4689775e-02   3.9008571e-02   3.6527406e-02   3.1846920e-02   2.9333330e-02
  -5.4900000e+01   5.8767509e-04   5.8405172e-04   7.3953211e-04   3.0061215e-03   1.2595042e-02   2.4640769e-02   3.3913379e-02   3.8470702e-02   3.6229944e-02   3.1722955e-02   2.9287543e-02
  -5.4450000e+01   4.6536984e-04   4.7292799e-04   5.8611966e-04   2.4717017e-03   1.1477401e-02   2.3630030e-02   3.3147253e-02   3.7937850e-02   3.5934991e-02   3.1600010e-02   2.9242131e-02
  -5.4000000e+01   2.5359113e-04   3.6067509e-04   4.5488570e-04   2.0272252e-03   1.0442484e-02   2.2647205e-02   3.2391488e-02   3.7410014e-02   3.5642547e-02   3.1478083e-02   2.9197093e-02
  -5.3550000e+01   3.1038085e-05   2.4576327e-04   3.4281773e-04   1.6602050e-03   9.4887151e-03   2.1692680e-02   3.1646166e-02   3.6887198e-02   3.5352609e-02   3.1357176e-02   2.9152429e-02
  -5.3100000e+01   1.2672773e-06   1.2789250e-04   2.4923068e-04   1.3596606e-03   8.6140882e-03   2.0766769e-02   3.0911361e-02   3.6369400e-02   3.5065177e-02   3.1237288e-02   2.9108139e-02
  -5.2650000e+01   2.1237871e-08   2.6436446e-05   1.7462038e-04   1.1160690e-03   7.8162194e-03   1.9869712e-02   3.0187142e-02   3.5856622e-02   3.4780248e-02   3.1118419e-02   2.9064223e-02
  -5.2200000e+01  -2.6653430e-09  -9.0902553e-06   1.1895087e-04   9.2128296e-04   7.0924031e-03   1.9001676e-02   2.9473566e-02   3.5348863e-02   3.4497823e-02   3.1000568e-02   2.9020681e-02
  -5.1750000e+01  -4.5134505e-10  -4.7906649e-06   8.0321469e-05   7.6843117e-04   6.4396654e-03   1.8162754e-02   2.8770685e-02   3.4846122e-02   3.4217899e-02   3.0883735e-02   2.8977514e-02
  -5.1300000e+01  -4.1859878e-11  -1.0332262e-06   5.5248616e-05   6.5180687e-04   5.8548158e-03   1.7352971e-02   2.8078543e-02   3.4348396e-02   3.3940475e-02   3.0767921e-02   2.8934720e-02
  -5.0850000e+01  -1.1894415e-12  -1.1506680e-07   4.0103369e-05   5.6675351e-04   5.3344958e-03   1.6572280e-02   2.7397177e-02   3.3855684e-02   3.3665549e-02   3.0653125e-02   2.8892301e-02
  -5.0400000e+01  -7.4370596e-15   2.3693069e-08   3.2219430e-05   5.0955108e-04   4.8752251e-03   1.5820564e-02   2.6726617e-02   3.3367983e-02   3.3393121e-02   3.0539346e-02   2.8850255e-02
  -4.9950000e+01   1.8466667e-16   3.3824755e-08   3.0145999e-05   4.7730614e-04   4.4734431e-03   1.5097643e-02   2.6066883e-02   3.2885289e-02   3.3123188e-02   3.0426586e-02   2.8808584e-02
  -4.9500000e+01  -2.2090848e-14   1.3177887e-08   3.3492265e-05   4.6784673e-04   4.1255465e-03   1.4403270e-02   2.5417993e-02   3.2407598e-02   3.2855749e-02   3.0314843e-02   2.8767287e-02
  -4.9050000e+01  -2.9300489e-12  -2.1467390e-07   4.2835465e-05   4.7962237e-04   3.8279219e-03   1.3737138e-02   2.4779954e-02   3.1934905e-02   3.2590804e-02   3.0204117e-02   2.8726364e-02
  -4.8600000e+01  -7.9634972e-11  -1.5640492e-06   5.9821536e-05   5.1160859e-04   3.5769755e-03   1.3098881e-02   2.4152767e-02   3.1467206e-02   3.2328349e-02   3.0094409e-02   2.8685815e-02
  -4.8150000e+01  -7.0827170e-10  -6.2962496e-06   8.7230502e-05   5.6321468e-04   3.3691563e-03   1.2488075e-02   2.3536429e-02   3.1004494e-02   3.2068385e-02   2.9985717e-02   2.8645640e-02
  -4.7700000e+01  -2.8417366e-09  -6.9189916e-06   1.2847619e-04   6.3419343e-04   3.2009772e-03   1.1904245e-02   2.2930927e-02   3.0546764e-02   3.1810909e-02   2.9878043e-02   2.8605839e-02
  -4.7250000e+01   5.4996671e-08   4.4897828e-05   1.8624522e-04   7.2455136e-04   3.0690304e-03   1.1346864e-02   2.2336244e-02   3.0094009e-02   3.1555919e-02   2.9771385e-02   2.8566412e-02
  -4.6800000e+01   2.0783660e-06   1.5359347e-04   2.6113716e-04   8.3445825e-04   2.9700009e-03   1.0815361e-02   2.1752357e-02   2.9646222e-02   3.1303416e-02   2.9665744e-02   2.8527359e-02
  -4.6350000e+01   4.2044556e-05   2.7170917e-04   3.5175885e-04   9.6415536e-04   2.9006757e-03   1.0309121e-02   2.1179236e-02   2.9203395e-02   3.1053396e-02   2.9561120e-02   2.8488680e-02
  -4.5900000e+01   2.8160169e-04   3.8679482e-04   4.5622557e-04   1.1138621e-03   2.8579509e-03   9.8274898e-03   2.0616844e-02   2.8765520e-02   3.0805858e-02   2.9457512e-02   2.8450375e-02
  -4.5450000e+01   4.8804250e-04   4.9949777e-04   5.7363316e-04   1.2836818e-03   2.8388361e-03   9.3697782e-03   2.0065142e-02   2.8332589e-02   3.0560802e-02   2.9354919e-02   2.8412444e-02
  -4.5000000e+01   6.1105738e-04   6.1116471e-04   7.0477949e-04   1.4735088e-03   2.8404579e-03   8.9352658e-03   1.9524082e-02   2.7904592e-02   3.0318225e-02   2.9253343e-02   2.8374887e-02
  -4.4550000e+01   7.3407227e-04   7.2273979e-04   8.5257325e-04   1.6829380e-03   2.8600611e-03   8.5232046e-03   1.8993612e-02   2.7481521e-02   3.0078125e-02   2.9152783e-02   2.8337703e-02
  -4.4100000e+01   9.4051306e-04   8.3432244e-04   1.0227829e-03   1.9111824e-03   2.8950094e-03   8.1328232e-03   1.8473676e-02   2.7063366e-02   2.9840502e-02   2.9053238e-02   2.8300894e-02
  -4.3650000e+01   1.1800698e-03   9.4241996e-04   1.2252633e-03   2.1570007e-03   2.9427857e-03   7.7633304e-03   1.7964210e-02   2.6650116e-02   2.9605354e-02   2.8954709e-02   2.8264459e-02
  -4.3200000e+01   1.2200329e-03   1.0340961e-03   1.4746289e-03   2.4186414e-03   3.0009917e-03   7.4139193e-03   1.7465148e-02   2.6241762e-02   2.9372679e-02   2.8857196e-02   2.8228398e-02
  -4.2750000e+01   1.2220424e-03   1.1258174e-03   1.7878277e-03   2.6938069e-03   3.0673481e-03   7.0837712e-03   1.6976418e-02   2.5838291e-02   2.9142476e-02   2.8760697e-02   2.8192711e-02
  -4.2300000e+01   1.2223347e-03   1.4484567e-03   2.1769184e-03   2.9796424e-03   3.1396942e-03   6.7720594e-03   1.6497943e-02   2.5439693e-02   2.8914743e-02   2.8665214e-02   2.8157397e-02
  -4.1850000e+01   1.2320660e-03   2.1049437e-03   2.6411784e-03   3.2727529e-03   3.2159887e-03   6.4779525e-03   1.6029644e-02   2.5045957e-02   2.8689478e-02   2.8570746e-02   2.8122458e-02
  -4.1400000e+01   1.4432134e-03   2.8387247e-03   3.1664905e-03   3.5692490e-03   3.2943106e-03   6.2006182e-03   1.5571434e-02   2.4657070e-02   2.8466681e-02   2.8477292e-02   2.8087892e-02
  -4.0950000e+01   2.8800784e-03   3.5573091e-03   3.7325573e-03   3.8648222e-03   3.3728603e-03   5.9392269e-03   1.5123226e-02   2.4273021e-02   2.8246349e-02   2.8384853e-02   2.8053701e-02
  -4.0500000e+01   4.2015116e-03   4.2607592e-03   4.3201549e-03   4.1548471e-03   3.4499616e-03   5.6929547e-03   1.4684926e-02   2.3893796e-02   2.8028481e-02   2.8293429e-02   2.8019883e-02
  -4.0050000e+01   4.9719995e-03   4.9571254e-03   4.9134499e-03   4.4345061e-03   3.5240635e-03   5.4609863e-03   1.4256439e-02   2.3519383e-02   2.7813075e-02   2.8203019e-02   2.7986439e-02
  -3.9600000e+01   5.7301398e-03   5.6529360e-03   5.4984339e-03   4.6989310e-03   3.5937435e-03   5.2425184e-03   1.3837664e-02   2.3149768e-02   2.7600131e-02   2.8113623e-02   2.7953369e-02
  -3.9150000e+01   6.9561642e-03   6.3546321e-03   6.0597570e-03   4.9433536e-03   3.6577094e-03   5.0367623e-03   1.3428497e-02   2.2784939e-02   2.7389645e-02   2.8025242e-02   2.7920673e-02
  -3.8700000e+01   8.5208699e-03   7.0715543e-03   6.5771410e-03   5.1632586e-03   3.7148024e-03   4.8429459e-03   1.3028834e-02   2.2424882e-02   2.7181618e-02   2.7937874e-02   2.7888351e-02
  -3.8250000e+01   8.8318142e-03   7.8154485e-03   7.0229928e-03   5.3545287e-03   3.7639992e-03   4.6603169e-03   1.2638563e-02   2.2069582e-02   2.6976047e-02   2.7851521e-02   2.7856402e-02
  -3.7800000e+01   8.8492505e-03   8.5253243e-03   7.3651191e-03   5.5135765e-03   3.8044146e-03   4.4881440e-03   1.2257574e-02   2.1719026e-02   2.6772930e-02   2.7766181e-02   2.7824828e-02
  -3.7350000e+01   8.8497564e-03   8.8090605e-03   7.5778912e-03   5.6374534e-03   3.8353024e-03   4.3257195e-03   1.1885751e-02   2.1373200e-02   2.6572267e-02   2.7681855e-02   2.7793627e-02
  -3.6900000e+01   8.8463311e-03   8.5442905e-03   7.6560912e-03   5.7239335e-03   3.8560569e-03   4.1723606e-03   1.1522976e-02   2.1032088e-02   2.6374055e-02   2.7598542e-02   2.7762800e-02
  -3.6450000e+01   8.7647784e-03   8.1884902e-03   7.6175685e-03   5.7715669e-03   3.8662121e-03   4.0274109e-03   1.1169130e-02   2.0695676e-02   2.6178294e-02   2.7516242e-02   2.7732347e-02
  -3.6000000e+01   8.1551651e-03   7.8636639e-03   7.4915088e-03   5.7797027e-03   3.8654413e-03   3.8902415e-03   1.0824092e-02   2.0363950e-02   2.5984981e-02   2.7434956e-02   2.7702268e-02
  -3.5550000e+01   7.5750652e-03   7.5545237e-03   7.3048537e-03   5.7484826e-03   3.8535548e-03   3.7602525e-03   1.0487736e-02   2.0036894e-02   2.5794116e-02   2.7354683e-02   2.7672563e-02
  -3.5100000e+01   7.2400493e-03   7.2502184e-03   7.0764782e-03   5.6788086e-03   3.8304964e-03   3.6368731e-03   1.0159938e-02   1.9714493e-02   2.5605695e-02   2.7275423e-02   2.7643232e-02
  -3.4650000e+01   6.9155241e-03   6.9466027e-03   6.8177062e-03   5.5722885e-03   3.7963390e-03   3.5195629e-03   9.8405695e-03   1.9396732e-02   2.5419720e-02   2.7197175e-02   2.7614274e-02
  -3.4200000e+01   6.4234319e-03   6.6416516e-03   6.5345007e-03   5.4311650e-03   3.7512787e-03   3.4078117e-03   9.5295022e-03   1.9083594e-02   2.5236186e-02   2.7119941e-02   2.7585690e-02
  -3.3750000e+01   5.7093600e-03   6.3349935e-03   6.2289745e-03   5.2582322e-03   3.6956280e-03   3.3011400e-03   9.2266057e-03   1.8775065e-02   2.5055094e-02   2.7043719e-02   2.7557480e-02
  -3.3300000e+01   5.5249111e-03   6.0317438e-03   5.9001525e-03   5.0567457e-03   3.6298076e-03   3.1990992e-03   8.9317483e-03   1.8471129e-02   2.4876442e-02   2.6968510e-02   2.7529644e-02
  -3.2850000e+01   5.5131391e-03   5.7436935e-03   5.5450509e-03   4.8303282e-03   3.5543370e-03   3.1012708e-03   8.6447976e-03   1.8171770e-02   2.4700227e-02   2.6894312e-02   2.7502181e-02
  -3.2400000e+01   5.5126415e-03   5.4209134e-03   5.1611149e-03   4.5828750e-03   3.4698248e-03   3.0072670e-03   8.3656200e-03   1.7876972e-02   2.4526450e-02   2.6821128e-02   2.7475092e-02
  -3.1950000e+01   5.5079986e-03   4.9620213e-03   4.7492417e-03   4.3184603e-03   3.3769570e-03   2.9167294e-03   8.0940814e-03   1.7586719e-02   2.4355107e-02   2.6748955e-02   2.7448377e-02
  -3.1500000e+01   5.3835414e-03   4.4463768e-03   4.3147387e-03   4.0412463e-03   3.2764864e-03   2.8293289e-03   7.8300469e-03   1.7300995e-02   2.4186199e-02   2.6677794e-02   2.7422036e-02
  -3.1050000e+01   4.3937471e-03   3.9340639e-03   3.8653257e-03   3.7553956e-03   3.1692198e-03   2.7447648e-03   7.5733814e-03   1.7019784e-02   2.4019722e-02   2.6607646e-02   2.7396069e-02
  -3.0600000e+01   3.4596249e-03   3.4293906e-03   3.4085801e-03   3.4649888e-03   3.0560058e-03   2.6627639e-03   7.3239492e-03   1.6743070e-02   2.3855677e-02   2.6538509e-02   2.7370475e-02
  -3.0150000e+01   2.9155076e-03   2.9286773e-03   2.9509588e-03   3.1739458e-03   2.9377227e-03   2.5830798e-03   7.0816146e-03   1.6470836e-02   2.3694062e-02   2.6470384e-02   2.7345255e-02
  -2.9700000e+01   2.3958395e-03   2.4288585e-03   2.4983461e-03   2.8859538e-03   2.8152660e-03   2.5054915e-03   6.8462418e-03   1.6203067e-02   2.3534874e-02   2.6403270e-02   2.7320409e-02
  -2.9250000e+01   1.6999365e-03   1.9273894e-03   2.0573609e-03   2.6044022e-03   2.6895366e-03   2.4298024e-03   6.6176953e-03   1.5939746e-02   2.3378113e-02   2.6337168e-02   2.7295937e-02
  -2.8800000e+01   5.2727911e-04   1.4207578e-03   1.6370059e-03   2.3323255e-03   2.5614291e-03   2.3558393e-03   6.3958395e-03   1.5680858e-02   2.3223778e-02   2.6272078e-02   2.7271838e-02
  -2.8350000e+01   4.1065329e-05   9.0193288e-04   1.2500628e-03   2.0723560e-03   2.4318210e-03   2.2834510e-03   6.1805394e-03   1.5426385e-02   2.3071866e-02   2.6207999e-02   2.7248113e-02
  -2.7900000e+01   1.6117456e-06   3.7640609e-04   9.1245918e-04   1.8266879e-03   2.3015629e-03   2.2125069e-03   5.9716605e-03   1.5176313e-02   2.2922378e-02   2.6144931e-02   2.7224762e-02
  -2.7450000e+01  -1.3242922e-08   4.0772556e-06   6.3841932e-04   1.5970547e-03   2.1714692e-03   2.1428960e-03   5.7690688e-03   1.4930624e-02   2.2775310e-02   2.6082874e-02   2.7201784e-02
  -2.7000000e+01  -1.2399736e-08  -4.2717476e-05   4.3299998e-04   1.3847204e-03   2.0423102e-03   2.0745252e-03   5.5726311e-03   1.4689303e-02   2.2630663e-02   2.6021828e-02   2.7179181e-02
  -2.6550000e+01  -1.6842921e-09  -1.2632032e-05   2.8896734e-04   1.1904855e-03   1.9148049e-03   2.0073182e-03   5.3822150e-03   1.4452334e-02   2.2488434e-02   2.5961793e-02   2.7156951e-02
  -2.6100000e+01  -5.9382444e-11  -2.0884965e-06   1.9165824e-04   1.0147070e-03   1.7896154e-03   1.9412140e-03   5.1976892e-03   1.4219701e-02   2.2348622e-02   2.5902769e-02   2.7135094e-02
  -2.5650000e+01  -4.0316184e-13  -1.1670285e-07   1.2637667e-04   8.5733204e-04   1.6673425e-03   1.8761657e-03   5.0189233e-03   1.3991388e-02   2.2211227e-02   2.5844755e-02   2.7113612e-02
  -2.5200000e+01  -7.5674518e-16   8.1605656e-08   8.2238021e-05   7.1794225e-04   1.5485219e-03   1.8121390e-03   4.8457883e-03   1.3767379e-02   2.2076246e-02   2.5787752e-02   2.7092503e-02
  -2.4750000e+01   6.7888941e-17   4.8109346e-08   5.2245719e-05   5.9580694e-04   1.4336225e-03   1.7491112e-03   4.6781561e-03   1.3547659e-02   2.1943679e-02   2.5731760e-02   2.7071767e-02
  -2.4300000e+01   4.0000413e-18   1.8507375e-08   3.2027422e-05   4.8994165e-04   1.3230451e-03   1.6870694e-03   4.5159004e-03   1.3332212e-02   2.1813524e-02   2.5676778e-02   2.7051406e-02
  -2.3850000e+01   1.9487183e-19   5.9028232e-09   1.8723775e-05   3.9916921e-04   1.2171223e-03   1.6260099e-03   4.3588961e-03   1.3121022e-02   2.1685780e-02   2.5622807e-02   2.7031418e-02
  -2.3400000e+01   8.3422803e-21   1.5667205e-09   1.0328713e-05   3.2218015e-04   1.1161202e-03   1.5659365e-03   4.2070197e-03   1.2914076e-02   2.1560446e-02   2.5569846e-02   2.7011804e-02
  -2.2950000e+01   2.6630601e-22   2.7924094e-10   5.3441688e-06   2.5758997e-04   1.0202397e-03   1.5068598e-03   4.0601494e-03   1.2711356e-02   2.1437521e-02   2.5517895e-02   2.6992563e-02
  -2.2500000e+01   2.2795597e-29   3.4606281e-12   2.6068257e-06   2.0399098e-04   9.2961948e-04   1.4487956e-03   3.9181652e-03   1.2512849e-02   2.1317003e-02   2.5466954e-02   2.6973696e-02
  -2.2050000e+01  -4.4451764e-27  -5.1674704e-12   1.2242324e-06   1.5999704e-04   8.4433982e-04   1.3917644e-03   3.7809486e-03   1.2318539e-02   2.1198892e-02   2.5417023e-02   2.6955203e-02
  -2.1600000e+01  -2.3238215e-30  -6.2773127e-13   5.7093326e-07   1.2428033e-04   7.6442628e-04   1.3357902e-03   3.6483833e-03   1.2128411e-02   2.1083186e-02   2.5368103e-02   2.6937084e-02
  -2.1150000e+01  -9.0401771e-34  -4.5746965e-14   2.7052478e-07   9.5599508e-05   6.8985436e-04   1.2808996e-03   3.5203547e-03   1.1942452e-02   2.0969884e-02   2.5320192e-02   2.6919338e-02
  -2.0700000e+01  -3.0236687e-37  -2.1345356e-15   1.3036911e-07   7.2819455e-05   6.2055440e-04   1.2271208e-03   3.3967505e-03   1.1760646e-02   2.0858985e-02   2.5273291e-02   2.6901965e-02
  -2.0250000e+01  -5.9542808e-41   2.9669863e-17   6.2848498e-08   5.4923132e-05   5.5641658e-04   1.1744832e-03   3.2774600e-03   1.1582980e-02   2.0750487e-02   2.5227399e-02   2.6884967e-02
  -1.9800000e+01   1.1307501e-43   2.4870855e-17   2.9662517e-08   4.1016487e-05   4.9729619e-04   1.1230167e-03   3.1623751e-03   1.1409440e-02   2.0644391e-02   2.5182518e-02   2.6868342e-02
  -1.9350000e+01   4.5725260e-46   4.3283111e-18   1.3443622e-08   3.0327559e-05   4.4301877e-04   1.0727505e-03   3.0513895e-03   1.1240011e-02   2.0540694e-02   2.5138646e-02   2.6852091e-02
  -1.8900000e+01   1.0825810e-48   5.6299044e-19   5.7563257e-09   2.2201082e-05   3.9338527e-04   1.0237132e-03   2.9443994e-03   1.1074680e-02   2.0439396e-02   2.5095783e-02   2.6836213e-02
  -1.8450000e+01   5.1146516e-52   5.9221958e-20   2.2969961e-09   1.6089835e-05   3.4817696e-04   9.7593202e-04   2.8413031e-03   1.0913434e-02   2.0340496e-02   2.5053930e-02   2.6820709e-02
  -1.8000000e+01   6.3101879e-56   4.2384080e-21   8.4701726e-10   1.1543944e-05   3.0716019e-04   9.2943235e-04   2.7420012e-03   1.0756260e-02   2.0243993e-02   2.5013087e-02   2.6805579e-02
  -1.7550000e+01   1.2481329e-60   4.9474990e-23   2.8986301e-10   8.1991278e-06   2.7009077e-04   8.8423741e-04   2.6463968e-03   1.0603144e-02   2.0149885e-02   2.4973252e-02   2.6790822e-02
  -1.7100000e+01  -2.2276674e-63  -1.0957626e-23   9.4470401e-11   5.7647266e-06   2.3671807e-04   8.4036797e-04   2.5543951e-03   1.0454074e-02   2.0058172e-02   2.4934427e-02   2.6776439e-02
  -1.6650000e+01  -9.5135195e-67  -5.7981512e-25   3.0678024e-11   4.0121324e-06   2.0678871e-04   7.9784210e-04   2.4659038e-03   1.0309038e-02   1.9968853e-02   2.4896611e-02   2.6762429e-02
  -1.6200000e+01  -2.0314417e-70  -1.7555469e-26   1.0328177e-11   2.7640510e-06   1.8004991e-04   7.5667493e-04   2.3808333e-03   1.0168023e-02   1.9881927e-02   2.4859805e-02   2.6748794e-02
  -1.5750000e+01  -1.0616390e-74  -3.6687359e-28   3.6246061e-12   1.8848665e-06   1.5625234e-04   7.1687857e-04   2.2990960e-03   1.0031017e-02   1.9797394e-02   2.4824007e-02   2.6735531e-02
  -1.5300000e+01  -1.8218240e-79  -2.0321487e-30   1.2915591e-12   1.2722402e-06   1.3515265e-04   6.7846199e-04   2.2206071e-03   9.8980091e-03   1.9715251e-02   2.4789219e-02   2.6722643e-02
  -1.4850000e+01   9.9463458e-84   3.3690797e-31   4.5175667e-13   8.4996794e-07   1.1651555e-04   6.4143097e-04   2.1452842e-03   9.7689872e-03   1.9635499e-02   2.4755439e-02   2.6710128e-02
  -1.4400000e+01   2.7641486e-87   2.6146193e-32   1.5097374e-13   5.6204701e-07   1.0011550e-04   6.0578810e-04   2.0730472e-03   9.6439403e-03   1.9558137e-02   2.4722668e-02   2.6697986e-02
  -1.3950000e+01   3.6687609e-91   1.3608623e-33   4.7256466e-14   3.6785117e-07   8.5738084e-05   5.7153283e-04   2.0038187e-03   9.5228576e-03   1.9483163e-02   2.4690906e-02   2.6686218e-02
  -1.3500000e+01   9.8659923e-96   5.6043287e-35   1.3637731e-14   2.3828402e-07   7.3180962e-05   5.3866153e-04   1.9375238e-03   9.4057284e-03   1.9410577e-02   2.4660153e-02   2.6674824e-02
  -1.3050000e+01  8.1842876e-101   1.6014517e-36   3.5897754e-15   1.5276927e-07   6.2254571e-05   5.0716761e-04   1.8740901e-03   9.2925424e-03   1.9340379e-02   2.4630409e-02   2.6663804e-02
  -1.2600000e+01  1.9726279e-106   1.1428956e-38   8.6343895e-16   9.6937451e-08   5.2782514e-05   4.7704163e-04   1.8134477e-03   9.1832895e-03   1.9272567e-02   2.4601674e-02   2.6653157e-02
  -1.2150000e+01 -9.9377250e-111  -5.7116613e-40   1.9501458e-16   6.0877779e-08   4.4601714e-05   4.4827150e-04   1.7555290e-03   9.0779601e-03   1.9207141e-02   2.4573947e-02   2.6642883e-02
  -1.1700000e+01 -3.0680915e-115  -1.3296029e-41   4.3813761e-17   3.7838629e-08   3.7562343e-05   4.2084262e-04   1.7002694e-03   8.9765447e-03   1.9144100e-02   2.4547229e-02   2.6632984e-02
  -1.1250000e+01 -5.2493864e-120  -1.6447111e-43   1.0408630e-17   2.3276595e-08   3.1527571e-05   3.9473809e-04   1.6476063e-03   8.8790342e-03   1.9083443e-02   2.4521519e-02   2.6623457e-02
  -1.0800000e+01 -2.5241005e-125  -1.4328574e-45   2.6541944e-18   1.4171280e-08   2.6373160e-05   3.6993896e-04   1.5974799e-03   8.7854197e-03   1.9025171e-02   2.4496818e-02   2.6614305e-02
  -1.0350000e+01 -3.3027195e-131  -5.7181698e-48   6.9984383e-19   8.5389061e-09   2.1986946e-05   3.4642441e-04   1.5498328e-03   8.6956927e-03   1.8969281e-02   2.4473126e-02   2.6605526e-02
  -9.9000000e+00  5.7986684e-137   1.1927362e-49   1.8168016e-19   5.0920976e-09   1.8268216e-05   3.2417203e-04   1.5046100e-03   8.6098451e-03   1.8915775e-02   2.4450441e-02   2.6597120e-02
  -9.4500000e+00  1.2281174e-141   4.2268881e-51   4.4820411e-20   3.0053165e-09   1.5127024e-05   3.0315803e-04   1.4617593e-03   8.5278690e-03   1.8864650e-02   2.4428766e-02   2.6589089e-02
  -9.0000000e+00  1.0035413e-146   8.7968739e-53   1.0270554e-20   1.7554183e-09   1.2483461e-05   2.8335752e-04   1.4212305e-03   8.4497568e-03   1.8815907e-02   2.4408099e-02   2.6581430e-02
  -8.5500000e+00  1.7394594e-152   1.4208502e-54   2.1492262e-21   1.0147667e-09   1.0266901e-05   2.6474475e-04   1.3829761e-03   8.3755014e-03   1.8769545e-02   2.4388440e-02   2.6574146e-02
  -8.1000000e+00  9.8426590e-159   1.6254418e-56   4.0550264e-22   5.8055826e-10   8.4152330e-06   2.4729335e-04   1.3469512e-03   8.3050958e-03   1.8725563e-02   2.4369789e-02   2.6567235e-02
  -7.6500000e+00  2.1807497e-165   6.0804533e-59   6.8863813e-23   3.2871449e-10   6.8741131e-06   2.3097659e-04   1.3131129e-03   8.2385334e-03   1.8683962e-02   2.4352147e-02   2.6560697e-02
  -7.2000000e+00 -4.0338497e-171  -7.7398760e-61   1.0793821e-23   1.8419815e-10   5.5962227e-06   2.1576766e-04   1.2814211e-03   8.1758082e-03   1.8644740e-02   2.4335513e-02   2.6554533e-02
  -6.7500000e+00 -9.0578857e-177  -8.0258624e-63   1.6688723e-24   1.0215160e-10   4.5405633e-06   2.0163983e-04   1.2518378e-03   8.1169142e-03   1.8607897e-02   2.4319887e-02   2.6548743e-02
  -6.3000000e+00 -1.1197979e-182  -4.0276388e-65   2.7746513e-25   5.6065882e-11   3.6717856e-06   1.8856675e-04   1.2243277e-03   8.0618458e-03   1.8573433e-02   2.4305270e-02   2.6543326e-02
  -5.8500000e+00 -4.2631470e-189  -1.4264501e-67   5.1232462e-26   3.0454077e-11   2.9595602e-06   1.7652266e-04   1.1988575e-03   8.0105979e-03   1.8541348e-02   2.4291661e-02   2.6538283e-02
  -5.4000000e+00 -3.9981960e-196  -2.8156476e-70   1.0004970e-26   1.6371360e-11   2.3779941e-06   1.6548258e-04   1.1753966e-03   7.9631657e-03   1.8511640e-02   2.4279060e-02   2.6533613e-02
  -4.9500000e+00  2.0793869e-203   1.0791370e-72   1.9305150e-27   8.7099443e-12   1.9050947e-06   1.5542255e-04   1.1539166e-03   7.9195447e-03   1.8484311e-02   2.4267467e-02   2.6529317e-02
  -4.5000000e+00  3.9868577e-209   1.8490585e-74   3.5191032e-28   4.5860189e-12   1.5222824e-06   1.4631976e-04   1.1343912e-03   7.8797307e-03   1.8459359e-02   2.4256882e-02   2.6525395e-02
  -4.0500000e+00  2.0961794e-215   1.5436539e-76   5.9097551e-29   2.3897086e-12   1.2139516e-06   1.3815281e-04   1.1167968e-03   7.8437199e-03   1.8436784e-02   2.4247305e-02   2.6521846e-02
  -3.6000000e+00  2.4613874e-222   9.8044993e-79   8.9849066e-30   1.2323747e-12   9.6707953e-07   1.3090180e-04   1.1011118e-03   7.8115090e-03   1.8416586e-02   2.4238737e-02   2.6518671e-02
  -3.1500000e+00  9.5606434e-230   4.4983630e-81   1.2191338e-30   6.2897643e-13   7.7088062e-07   1.2454855e-04   1.0873171e-03   7.7830948e-03   1.8398764e-02   2.4231176e-02   2.6515869e-02
  -2.7000000e+00  1.7373351e-237   8.1525276e-84   1.4678837e-31   3.1772016e-13   6.1650584e-07   1.1907665e-04   1.0753959e-03   7.7584747e-03   1.8383320e-02   2.4224624e-02   2.6513441e-02
  -2.2500000e+00 -1.2883589e-244  -2.7690855e-86   1.6000120e-32   1.5888637e-13   4.9678368e-07   1.1447166e-04   1.0653333e-03   7.7376463e-03   1.8370252e-02   2.4219080e-02   2.6511386e-02
  -1.8000000e+00 -2.1541898e-251  -1.3073609e-88   1.6939989e-33   7.8752199e-14   4.0600132e-07   1.1072118e-04   1.0571172e-03   7.7206076e-03   1.8359559e-02   2.4214543e-02   2.6509705e-02
  -1.3500000e+00 -1.8664717e-258  -2.6518972e-91   1.9516181e-34   3.8887299e-14   3.3972360e-07   1.0781493e-04   1.0507373e-03   7.7073569e-03   1.8351244e-02   2.4211015e-02   2.6508397e-02
  -9.0000000e-01 -5.2360889e-266  -3.7691850e-94   2.5987909e-35   1.9561586e-14   2.9464791e-07   1.0574485e-04   1.0461859e-03   7.6978931e-03   1.8345304e-02   2.4208495e-02   2.6507463e-02
  -4.5000000e-01 -3.3843019e-274  -3.3114591e-97   3.8366099e-36   1.0928116e-14   2.6849322e-07   1.0450513e-04   1.0434573e-03   7.6922152e-03   1.8341740e-02   2.4206983e-02   2.6506903e-02
   0.0000000e+00  6.3019701e-283  4.7001075e-100   1.0820951e-36   8.4817996e-15   2.5992191e-07   1.0409228e-04   1.0425481e-03   7.6903226e-03   1.8340552e-02   2.4206479e-02   2.6506716e-02
   4.5000000e-01 -3.3843019e-274  -3.3114591e-97   3.8366099e-36   1.0928116e-14   2.6849322e-07   1.0450513e-04   1.0434573e-03   7.6922152e-03   1.8341740e-02   2.4206983e-02   2.6506903e-02
   9.0000000e-01 -5.2360889e-266  -3.7691850e-94   2.5987909e-35   1.9561586e-14   2.9464791e-07   1.0574485e-04   1.0461859e-03   7.6978931e-03   1.8345304e-02   2.4208495e-02   2.6507463e-02
   1.3500000e+00 -1.8664717e-258  -2.6518972e-91   1.9516181e-34   3.8887299e-14   3.3972360e-07   1.0781493e-04   1.0507373e-03   7.7073569e-03   1.8351244e-02   2.4211015e-02   2.6508397e-02
   1.8000000e+00 -2.1541898e-251  -1.3073609e-88   1.6939989e-33   7.8752199e-14   4.0600132e-07   1.1072118e-04   1.0571172e-03   7.7206076e-03   1.8359559e-02   2.4214543e-02   2.6509705e-02
   2.2500000e+00 -1.2883589e-244  -2.7690855e-86   1.6000120e-32   1.5888637e-13   4.9678368e-07   1.1447166e-04   1.0653333e-03   7.7376463e-03   1.8370252e-02   2.4219080e-02   2.6511386e-02
   2.7000000e+00  1.7373351e-237   8.1525276e-84   1.4678837e-31   3.1772016e-13   6.1650584e-07   1.1907665e-04   1.0753959e-03   7.7584747e-03   1.8383320e-02   2.4224624e-02   2.6513441e-02
   3.1500000e+00  9.5606434e-230   4.4983630e-81   1.2191338e-30   6.2897643e-13   7.7088062e-07   1.2454855e-04   1.0873171e-03   7.7830948e-03   1.8398764e-02   2.4231176e-02   2.6515869e-02
   3.6000000e+00  2.4613874e-222   9.8044993e-79   8.9849066e-30   1.2323747e-12   9.6707953e-07   1.3090180e-04   1.1011118e-03   7.8115090e-03   1.8416586e-02   2.4238737e-02   2.6518671e-02
   4.0500000e+00  2.0961794e-215   1.5436539e-76   5.9097551e-29   2.3897086e-12   1.2139516e-06   1.3815281e-04   1.1167968e-03   7.8437199e-03   1.8436784e-02   2.4247305e-02   2.6521846e-02
   4.5000000e+00  3.9868577e-209   1.8490585e-74   3.5191032e-28   4.5860189e-12   1.5222824e-06   1.4631976e-04   1.1343912e-03   7.8797307e-03   1.8459359e-02   2.4256882e-02   2.6525395e-02
   4.9500000e+00  2.0793869e-203   1.0791370e-72   1.9305150e-27   8.7099443e-12   1.9050947e-06   1.5542255e-04   1.1539166e-03   7.9195447e-03   1.8484311e-02   2.4267467e-02   2.6529317e-02
   5.4000000e+00 -3.9981960e-196  -2.8156476e-70   1.0004970e-26   1.6371360e-11   2.3779941e-06   1.6548258e-04   1.1753966e-03   7.9631657e-03   1.8511640e-02   2.4279060e-02   2.6533613e-02
   5.8500000e+00 -4.2631470e-189  -1.4264501e-67   5.1232462e-26   3.0454077e-11   2.9595602e-06   1.7652266e-04   1.1988575e-03   8.0105979e-03   1.8541348e-02   2.4291661e-02   2.6538283e-02
   6.3000000e+00 -1.1197979e-182  -4.0276388e-65   2.7746513e-25   5.6065882e-11   3.6717856e-06   1.8856675e-04   1.2243277e-03   8.0618458e-03   1.8573433e-02   2.4305270e-02   2.6543326e-02
   6.7500000e+00 -9.0578857e-177  -8.0258624e-63   1.6688723e-24   1.0215160e-10   4.5405633e-06   2.0163983e-04   1.2518378e-03   8.1169142e-03   1.8607897e-02   2.4319887e-02   2.6548743e-02
   7.2000000e+00 -4.0338497e-171  -7.7398760e-61   1.0793821e-23   1.8419815e-10   5.5962227e-06   2.1576766e-04   1.2814211e-03   8.1758082e-03   1.8644740e-02   2.4335513e-02   2.6554533e-02
   7.6500000e+00  2.1807497e-165   6.0804533e-59   6.8863813e-23   3.2871449e-10   6.8741131e-06   2.3097659e-04   1.3131129e-03   8.2385334e-03   1.8683962e-02   2.4352147e-02   2.6560697e-02
   8.1000000e+00  9.8426590e-159   1.6254418e-56   4.0550264e-22   5.8055826e-10   8.4152330e-06   2.4729335e-04   1.3469512e-03   8.3050958e-03   1.8725563e-02   2.4369789e-02   2.6567235e-02
   8.5500000e+00  1.7394594e-152   1.4208502e-54   2.1492262e-21   1.0147667e-09   1.0266901e-05   2.6474475e-04   1.3829761e-03   8.3755014e-03   1.8769545e-02   2.4388440e-02   2.6574146e-02
   9.0000000e+00  1.0035413e-146   8.7968739e-53   1.0270554e-20   1.7554183e-09   1.2483461e-05   2.8335752e-04   1.4212305e-03   8.4497568e-03   1.8815907e-02   2.4408099e-02   2.6581430e-02
   9.4500000e+00  1.2281174e-141   4.2268881e-51   4.4820411e-20   3.0053165e-09   1.5127024e-05   3.0315803e-04   1.4617593e-03   8.5278690e-03   1.8864650e-02   2.4428766e-02   2.6589089e-02
   9.9000000e+00  5.7986684e-137   1.1927362e-49   1.8168016e-19   5.0920976e-09   1.8268216e-05   3.2417203e-04   1.5046100e-03   8.6098451e-03   1.8915775e-02   2.4450441e-02   2.6597120e-02
   1.0350000e+01 -3.3027195e-131  -5.7181698e-48   6.9984383e-19   8.5389061e-09   2.1986946e-05   3.4642441e-04   1.5498328e-03   8.6956927e-03   1.8969281e-02   2.4473126e-02   2.6605526e-02
   1.0800000e+01 -2.5241005e-125  -1.4328574e-45   2.6541944e-18   1.4171280e-08   2.6373160e-05   3.6993896e-04   1.5974799e-03   8.7854197e-03   1.9025171e-02   2.4496818e-02   2.6614305e-02
   1.1250000e+01 -5.2493864e-120  -1.6447111e-43   1.0408630e-17   2.3276595e-08   3.1527571e-05   3.9473809e-04   1.6476063e-03   8.8790342e-03   1.9083443e-02   2.4521519e-02   2.6623457e-02
   1.1700000e+01 -3.0680915e-115  -1.3296029e-41   4.3813761e-17   3.7838629e-08   3.7562343e-05   4.2084262e-04   1.7002694e-03   8.9765447e-03   1.9144100e-02   2.4547229e-02   2.6632984e-02
   1.2150000e+01 -9.9377250e-111  -5.7116613e-40   1.9501458e-16   6.0877779e-08   4.4601714e-05   4.4827150e-04   1.7555290e-03   9.0779601e-03   1.9207141e-02   2.4573947e-02   2.6642883e-02
   1.2600000e+01  1.9726279e-106   1.1428956e-38   8.6343895e-16   9.6937451e-08   5.2782514e-05   4.7704163e-04   1.8134477e-03   9.1832895e-03   1.9272567e-02   2.4601674e-02   2.6653157e-02
   1.3050000e+01  8.1842876e-101   1.6014517e-36   3.5897754e-15   1.5276927e-07   6.2254571e-05   5.0716761e-04   1.8740901e-03   9.2925424e-03   1.9340379e-02   2.4630409e-02   2.6663804e-02
   1.3500000e+01   9.8659923e-96   5.6043287e-35   1.3637731e-14   2.3828402e-07   7.3180962e-05   5.3866153e-04   1.9375238e-03   9.4057284e-03   1.9410577e-02   2.4660153e-02   2.6674824e-02
   1.3950000e+01   3.6687609e-91   1.3608623e-33   4.7256466e-14   3.6785117e-07   8.5738084e-05   5.7153283e-04   2.0038187e-03   9.5228576e-03   1.9483163e-02   2.4690906e-02   2.6686218e-02
   1.4400000e+01   2.7641486e-87   2.6146193e-32   1.5097374e-13   5.6204701e-07   1.0011550e-04   6.0578810e-04   2.0730472e-03   9.6439403e-03   1.9558137e-02   2.4722668e-02   2.6697986e-02
   1.4850000e+01   9.9463458e-84   3.3690797e-31   4.5175667e-13   8.4996794e-07   1.1651555e-04   6.4143097e-04   2.1452842e-03   9.7689872e-03   1.9635499e-02   2.4755439e-02   2.6710128e-02
   1.5300000e+01  -1.8218240e-79  -2.0321487e-30   1.2915591e-12   1.2722402e-06   1.3515265e-04   6.7846199e-04   2.2206071e-03   9.8980091e-03   1.9715251e-02   2.4789219e-02   2.6722643e-02
   1.5750000e+01  -1.0616390e-74  -3.6687359e-28   3.6246061e-12   1.8848665e-06   1.5625234e-04   7.1687857e-04   2.2990960e-03   1.0031017e-02   1.9797394e-02   2.4824007e-02   2.6735531e-02
   1.6200000e+01  -2.0314417e-70  -1.7555469e-26   1.0328177e-11   2.7640510e-06   1.8004991e-04   7.5667493e-04   2.3808333e-03   1.0168023e-02   1.9881927e-02   2.4859805e-02   2.6748794e-02
   1.6650000e+01  -9.5135195e-67  -5.7981512e-25   3.0678024e-11   4.0121324e-06   2.0678871e-04   7.9784210e-04   2.4659038e-03   1.0309038e-02   1.9968853e-02   2.4896611e-02   2.6762429e-02
   1.7100000e+01  -2.2276674e-63  -1.0957626e-23   9.4470401e-11   5.7647266e-06   2.3671807e-04   8.4036797e-04   2.5543951e-03   1.0454074e-02   2.0058172e-02   2.4934427e-02   2.6776439e-02
   1.7550000e+01   1.2481329e-60   4.9474990e-23   2.8986301e-10   8.1991278e-06   2.7009077e-04   8.8423741e-04   2.6463968e-03   1.0603144e-02   2.0149885e-02   2.4973252e-02   2.6790822e-02
   1.8000000e+01   6.3101879e-56   4.2384080e-21   8.4701726e-10   1.1543944e-05   3.0716019e-04   9.2943235e-04   2.7420012e-03   1.0756260e-02   2.0243993e-02   2.5013087e-02   2.6805579e-02
   1.8450000e+01   5.1146516e-52   5.9221958e-20   2.2969961e-09   1.6089835e-05   3.4817696e-04   9.7593202e-04   2.8413031e-03   1.0913434e-02   2.0340496e-02   2.5053930e-02   2.6820709e-02
   1.8900000e+01   1.0825810e-48   5.6299044e-19   5.7563257e-09   2.2201082e-05   3.9338527e-04   1.0237132e-03   2.9443994e-03   1.1074680e-02   2.0439396e-02   2.5095783e-02   2.6836213e-02
   1.9350000e+01   4.5725260e-46   4.3283111e-18   1.3443622e-08   3.0327559e-05   4.4301877e-04   1.0727505e-03   3.0513895e-03   1.1240011e-02   2.0540694e-02   2.5138646e-02   2.6852091e-02
   1.9800000e+01   1.1307501e-43   2.4870855e-17   2.9662517e-08   4.1016487e-05   4.9729619e-04   1.1230167e-03   3.1623751e-03   1.1409440e-02   2.0644391e-02   2.5182518e-02   2.6868342e-02
   2.0250000e+01  -5.9542808e-41   2.9669863e-17   6.2848498e-08   5.4923132e-05   5.5641658e-04   1.1744832e-03   3.2774600e-03   1.1582980e-02   2.0750487e-02   2.5227399e-02   2.6884967e-02
   2.0700000e+01  -3.0236687e-37  -2.1345356e-15   1.3036911e-07   7.2819455e-05   6.2055440e-04   1.2271208e-03   3.3967505e-03   1.1760646e-02   2.0858985e-02   2.5273291e-02   2.6901965e-02
   2.1150000e+01  -9.0401771e-34  -4.5746965e-14   2.7052478e-07   9.5599508e-05   6.8985436e-04   1.2808996e-03   3.5203547e-03   1.1942452e-02   2.0969884e-02   2.5320192e-02   2.6919338e-02
   2.1600000e+01  -2.3238215e-30  -6.2773127e-13   5.7093326e-07   1.2428033e-04   7.6442628e-04   1.3357902e-03   3.6483833e-03   1.2128411e-02   2.1083186e-02   2.5368103e-02   2.6937084e-02
   2.2050000e+01  -4.4451764e-27  -5.1674704e-12   1.2242324e-06   1.5999704e-04   8.4433982e-04   1.3917644e-03   3.7809486e-03   1.2318539e-02   2.1198892e-02   2.5417023e-02   2.6955203e-02
   2.2500000e+01   2.2795597e-29   3.4606281e-12   2.6068257e-06   2.0399098e-04   9.2961948e-04   1.4487956e-03   3.9181652e-03   1.2512849e-02   2.1317003e-02   2.5466954e-02   2.6973696e-02
   2.2950000e+01   2.6630601e-22   2.7924094e-10   5.3441688e-06   2.5758997e-04   1.0202397e-03   1.5068598e-03   4.0601494e-03   1.2711356e-02   2.1437521e-02   2.5517895e-02   2.6992563e-02
   2.3400000e+01   8.3422803e-21   1.5667205e-09   1.0328713e-05   3.2218015e-04   1.1161202e-03   1.5659365e-03   4.2070197e-03   1.2914076e-02   2.1560446e-02   2.5569846e-02   2.7011804e-02
   2.3850000e+01   1.9487183e-19   5.9028232e-09   1.8723775e-05   3.9916921e-04   1.2171223e-03   1.6260099e-03   4.3588961e-03   1.3121022e-02   2.1685780e-02   2.5622807e-02   2.7031418e-02
   2.4300000e+01   4.0000413e-18   1.8507375e-08   3.2027422e-05   4.8994165e-04   1.3230451e-03   1.6870694e-03   4.5159004e-03   1.3332212e-02   2.1813524e-02   2.5676778e-02   2.7051406e-02
   2.4750000e+01   6.7888941e-17   4.8109346e-08   5.2245719e-05   5.9580694e-04   1.4336225e-03   1.7491112e-03   4.6781561e-03   1.3547659e-02   2.1943679e-02   2.5731760e-02   2.7071767e-02
   2.5200000e+01  -7.5674518e-16   8.1605656e-08   8.2238021e-05   7.1794225e-04   1.5485219e-03   1.8121390e-03   4.8457883e-03   1.3767379e-02   2.2076246e-02   2.5787752e-02   2.7092503e-02
   2.5650000e+01  -4.0316184e-13  -1.1670285e-07   1.2637667e-04   8.5733204e-04   1.6673425e-03   1.8761657e-03   5.0189233e-03   1.3991388e-02   2.2211227e-02   2.5844755e-02   2.7113612e-02
   2.6100000e+01  -5.9382444e-11  -2.0884965e-06   1.9165824e-04   1.0147070e-03   1.7896154e-03   1.9412140e-03   5.1976892e-03   1.4219701e-02   2.2348622e-02   2.5902769e-02   2.7135094e-02
   2.6550000e+01  -1.6842921e-09  -1.2632032e-05   2.8896734e-04   1.1904855e-03   1.9148049e-03   2.0073182e-03   5.3822150e-03   1.4452334e-02   2.2488434e-02   2.5961793e-02   2.7156951e-02
   2.7000000e+01  -1.2399736e-08  -4.2717476e-05   4.3299998e-04   1.3847204e-03   2.0423102e-03   2.0745252e-03   5.5726311e-03   1.4689303e-02   2.2630663e-02   2.6021828e-02   2.7179181e-02
   2.7450000e+01  -1.3242922e-08   4.0772556e-06   6.3841932e-04   1.5970547e-03   2.1714692e-03   2.1428960e-03   5.7690688e-03   1.4930624e-02   2.2775310e-02   2.6082874e-02   2.7201784e-02
   2.7900000e+01   1.6117456e-06   3.7640609e-04   9.1245918e-04   1.8266879e-03   2.3015629e-03   2.2125069e-03   5.9716605e-03   1.5176313e-02   2.2922378e-02   2.6144931e-02   2.7224762e-02
   2.8350000e+01   4.1065329e-05   9.0193288e-04   1.2500628e-03   2.0723560e-03   2.4318210e-03   2.2834510e-03   6.1805394e-03   1.5426385e-02   2.3071866e-02   2.6207999e-02   2.7248113e-02
   2.8800000e+01   5.2727911e-04   1.4207578e-03   1.6370059e-03   2.3323255e-03   2.5614291e-03   2.3558393e-03   6.3958395e-03   1.5680858e-02   2.3223778e-02   2.6272078e-02   2.7271838e-02
   2.9250000e+01   1.6999365e-03   1.9273894e-03   2.0573609e-03   2.6044022e-03   2.6895366e-03   2.4298024e-03   6.6176953e-03   1.5939746e-02   2.3378113e-02   2.6337168e-02   2.7295937e-02
   2.9700000e+01   2.3958395e-03   2.4288585e-03   2.4983461e-03   2.8859538e-03   2.8152660e-03   2.5054915e-03   6.8462418e-03   1.6203067e-02   2.3534874e-02   2.6403270e-02   2.7320409e-02
   3.0150000e+01   2.9155076e-03   2.9286773e-03   2.9509588e-03   3.1739458e-03   2.9377227e-03   2.5830798e-03   7.0816146e-03   1.6470836e-02   2.3694062e-02   2.6470384e-02   2.7345255e-02
   3.0600000e+01   3.4596249e-03   3.4293906e-03   3.4085801e-03   3.4649888e-03   3.0560058e-03   2.6627639e-03   7.3239492e-03   1.6743070e-02   2.3855677e-02   2.6538509e-02   2.7370475e-02
   3.1050000e+01   4.3937471e-03   3.9340639e-03   3.8653257e-03   3.7553956e-03   3.1692198e-03   2.7447648e-03   7.5733814e-03   1.7019784e-02   2.4019722e-02   2.6607646e-02   2.7396069e-02
   3.1500000e+01   5.3835414e-03   4.4463768e-03   4.3147387e-03   4.0412463e-03   3.2764864e-03   2.8293289e-03   7.8300469e-03   1.7300995e-02   2.4186199e-02   2.6677794e-02   2.7422036e-02
   3.1950000e+01   5.5079986e-03   4.9620213e-03   4.7492417e-03   4.3184603e-03   3.3769570e-03   2.9167294e-03   8.0940814e-03   1.7586719e-02   2.4355107e-02   2.6748955e-02   2.7448377e-02
   3.2400000e+01   5.5126415e-03   5.4209134e-03   5.1611149e-03   4.5828750e-03   3.4698248e-03   3.0072670e-03   8.3656200e-03   1.7876972e-02   2.4526450e-02   2.6821128e-02   2.7475092e-02
   3.2850000e+01   5.5131391e-03   5.7436935e-03   5.5450509e-03   4.8303282e-03   3.5543370e-03   3.1012708e-03   8.6447976e-03   1.8171770e-02   2.4700227e-02   2.6894312e-02   2.7502181e-02
   3.3300000e+01   5.5249111e-03   6.0317438e-03   5.9001525e-03   5.0567457e-03   3.6298076e-03   3.1990992e-03   8.9317483e-03   1.8471129e-02   2.4876442e-02   2.6968510e-02   2.7529644e-02
   3.3750000e+01   5.7093600e-03   6.3349935e-03   6.2289745e-03   5.2582322e-03   3.6956280e-03   3.3011400e-03   9.2266057e-03   1.8775065e-02   2.5055094e-02   2.7043719e-02   2.7557480e-02
   3.4200000e+01   6.4234319e-03   6.6416516e-03   6.5345007e-03   5.4311650e-03   3.7512787e-03   3.4078117e-03   9.5295022e-03   1.9083594e-02   2.5236186e-02   2.7119941e-02   2.7585690e-02
   3.4650000e+01   6.9155241e-03   6.9466027e-03   6.8177062e-03   5.5722885e-03   3.7963390e-03   3.5195629e-03   9.8405695e-03   1.9396732e-02   2.5419720e-02   2.7197175e-02   2.7614274e-02
   3.5100000e+01   7.2400493e-03   7.2502184e-03   7.0764782e-03   5.6788086e-03   3.8304964e-03   3.6368731e-03   1.0159938e-02   1.9714493e-02   2.5605695e-02   2.7275423e-02   2.7643232e-02
   3.5550000e+01   7.5750652e-03   7.5545237e-03   7.3048537e-03   5.7484826e-03   3.8535548e-03   3.7602525e-03   1.0487736e-02   2.0036894e-02   2.5794116e-02   2.7354683e-02   2.7672563e-02
   3.6000000e+01   8.1551651e-03   7.8636639e-03   7.4915088e-03   5.7797027e-03   3.8654413e-03   3.8902415e-03   1.0824092e-02   2.0363950e-02   2.5984981e-02   2.7434956e-02   2.7702268e-02
   3.6450000e+01   8.7647784e-03   8.1884902e-03   7.6175685e-03   5.7715669e-03   3.8662121e-03   4.0274109e-03   1.1169130e-02   2.0695676e-02   2.6178294e-02   2.7516242e-02   2.7732347e-02
   3.6900000e+01   8.8463311e-03   8.5442905e-03   7.6560912e-03   5.7239335e-03   3.8560569e-03   4.1723606e-03   1.1522976e-02   2.1032088e-02   2.6374055e-02   2.7598542e-02   2.7762800e-02
   3.7350000e+01   8.8497564e-03   8.8090605e-03   7.5778912e-03   5.6374534e-03   3.8353024e-03   4.3257195e-03   1.1885751e-02   2.1373200e-02   2.6572267e-02   2.7681855e-02   2.7793627e-02
   3.7800000e+01   8.8492505e-03   8.5253243e-03   7.3651191e-03   5.5135765e-03   3.8044146e-03   4.4881440e-03   1.2257574e-02   2.1719026e-02   2.6772930e-02   2.7766181e-02   2.7824828e-02
   3.8250000e+01   8.8318142e-03   7.8154485e-03   7.0229928e-03   5.3545287e-03   3.7639992e-03   4.6603169e-03   1.2638563e-02   2.2069582e-02   2.6976047e-02   2.7851521e-02   2.7856402e-02
   3.8700000e+01   8.5208699e-03   7.0715543e-03   6.5771410e-03   5.1632586e-03   3.7148024e-03   4.8429459e-03   1.3028834e-02   2.2424882e-02   2.7181618e-02   2.7937874e-02   2.7888351e-02
   3.9150000e+01   6.9561642e-03   6.3546321e-03   6.0597570e-03   4.9433536e-03   3.6577094e-03   5.0367623e-03   1.3428497e-02   2.2784939e-02   2.7389645e-02   2.8025242e-02   2.7920673e-02
   3.9600000e+01   5.7301398e-03   5.6529360e-03   5.4984339e-03   4.6989310e-03   3.5937435e-03   5.2425184e-03   1.3837664e-02   2.3149768e-02   2.7600131e-02   2.8113623e-02   2.7953369e-02
   4.0050000e+01   4.9719995e-03   4.9571254e-03   4.9134499e-03   4.4345061e-03   3.5240635e-03   5.4609863e-03   1.4256439e-02   2.3519383e-02   2.7813075e-02   2.8203019e-02   2.7986439e-02
   4.0500000e+01   4.2015116e-03   4.2607592e-03   4.3201549e-03   4.1548471e-03   3.4499616e-03   5.6929547e-03   1.4684926e-02   2.3893796e-02   2.8028481e-02   2.8293429e-02   2.8019883e-02
   4.0950000e+01   2.8800784e-03   3.5573091e-03   3.7325573e-03   3.8648222e-03   3.3728603e-03   5.9392269e-03   1.5123226e-02   2.4273021e-02   2.8246349e-02   2.8384853e-02   2.8053701e-02
   4.1400000e+01   1.4432134e-03   2.8387247e-03   3.1664905e-03   3.5692490e-03   3.2943106e-03   6.2006182e-03   1.5571434e-02   2.4657070e-02   2.8466681e-02   2.8477292e-02   2.8087892e-02
   4.1850000e+01   1.2320660e-03   2.1049437e-03   2.6411784e-03   3.2727529e-03   3.2159887e-03   6.4779525e-03   1.6029644e-02   2.5045957e-02   2.8689478e-02   2.8570746e-02   2.8122458e-02
   4.2300000e+01   1.2223347e-03   1.4484567e-03   2.1769184e-03   2.9796424e-03   3.1396942e-03   6.7720594e-03   1.6497943e-02   2.5439693e-02   2.8914743e-02   2.8665214e-02   2.8157397e-02
   4.2750000e+01   1.2220424e-03   1.1258174e-03   1.7878277e-03   2.6938069e-03   3.0673481e-03   7.0837712e-03   1.6976418e-02   2.5838291e-02   2.9142476e-02   2.8760697e-02   2.8192711e-02
   4.3200000e+01   1.2200329e-03   1.0340961e-03   1.4746289e-03   2.4186414e-03   3.0009917e-03   7.4139193e-03   1.7465148e-02   2.6241762e-02   2.9372679e-02   2.8857196e-02   2.8228398e-02
   4.3650000e+01   1.1800698e-03   9.4241996e-04   1.2252633e-03   2.1570007e-03   2.9427857e-03   7.7633304e-03   1.7964210e-02   2.6650116e-02   2.9605354e-02   2.8954709e-02   2.8264459e-02
   4.4100000e+01   9.4051306e-04   8.3432244e-04   1.0227829e-03   1.9111824e-03   2.8950094e-03   8.1328232e-03   1.8473676e-02   2.7063366e-02   2.9840502e-02   2.9053238e-02   2.8300894e-02
   4.4550000e+01   7.3407227e-04   7.2273979e-04   8.5257325e-04   1.6829380e-03   2.8600611e-03   8.5232046e-03   1.8993612e-02   2.7481521e-02   3.0078125e-02   2.9152783e-02   2.8337703e-02
   4.5000000e+01   6.1105738e-04   6.1116471e-04   7.0477949e-04   1.4735088e-03   2.8404579e-03   8.9352658e-03   1.9524082e-02   2.7904592e-02   3.0318225e-02   2.9253343e-02   2.8374887e-02
   4.5450000e+01   4.8804250e-04   4.9949777e-04   5.7363316e-04   1.2836818e-03   2.8388361e-03   9.3697782e-03   2.0065142e-02   2.8332589e-02   3.0560802e-02   2.9354919e-02   2.8412444e-02
   4.5900000e+01   2.8160169e-04   3.8679482e-04   4.5622557e-04   1.1138621e-03   2.8579509e-03   9.8274898e-03   2.0616844e-02   2.8765520e-02   3.0805858e-02   2.9457512e-02   2.8450375e-02
   4.6350000e+01   4.2044556e-05   2.7170917e-04   3.5175885e-04   9.6415536e-04   2.9006757e-03   1.0309121e-02   2.1179236e-02   2.9203395e-02   3.1053396e-02   2.9561120e-02   2.8488680e-02
   4.6800000e+01   2.0783660e-06   1.5359347e-04   2.6113716e-04   8.3445825e-04   2.9700009e-03   1.0815361e-02   2.1752357e-02   2.9646222e-02   3.1303416e-02   2.9665744e-02   2.8527359e-02
   4.7250000e+01   5.4996671e-08   4.4897828e-05   1.8624522e-04   7.2455136e-04   3.0690304e-03   1.1346864e-02   2.2336244e-02   3.0094009e-02   3.1555919e-02   2.9771385e-02   2.8566412e-02
   4.7700000e+01  -2.8417366e-09  -6.9189916e-06   1.2847619e-04   6.3419343e-04   3.2009772e-03   1.1904245e-02   2.2930927e-02   3.0546764e-02   3.1810909e-02   2.9878043e-02   2.8605839e-02
   4.8150000e+01  -7.0827170e-10  -6.2962496e-06   8.7230502e-05   5.6321468e-04   3.3691563e-03   1.2488075e-02   2.3536429e-02   3.1004494e-02   3.2068385e-02   2.9985717e-02   2.8645640e-02
   4.8600000e+01  -7.9634972e-11  -1.5640492e-06   5.9821536e-05   5.1160859e-04   3.5769755e-03   1.3098881e-02   2.4152767e-02   3.1467206e-02   3.2328349e-02   3.0094409e-02   2.8685815e-02
   4.9050000e+01  -2.9300489e-12  -2.1467390e-07   4.2835465e-05   4.7962237e-04   3.8279219e-03   1.3737138e-02   2.4779954e-02   3.1934905e-02   3.2590804e-02   3.0204117e-02   2.8726364e-02
   4.9500000e+01  -2.2090848e-14   1.3177887e-08   3.3492265e-05   4.6784673e-04   4.1255465e-03   1.4403270e-02   2.5417993e-02   3.2407598e-02   3.2855749e-02   3.0314843e-02   2.8767287e-02
   4.9950000e+01   1.8466667e-16   3.3824755e-08   3.0145999e-05   4.7730614e-04   4.4734431e-03   1.5097643e-02   2.6066883e-02   3.2885289e-02   3.3123188e-02   3.0426586e-02   2.8808584e-02
   5.0400000e+01  -7.4370596e-15   2.3693069e-08   3.2219430e-05   5.0955108e-04   4.8752251e-03   1.5820564e-02   2.6726617e-02   3.3367983e-02   3.3393121e-02   3.0539346e-02   2.8850255e-02
   5.0850000e+01  -1.1894415e-12  -1.1506680e-07   4.0103369e-05   5.6675351e-04   5.3344958e-03   1.6572280e-02   2.7397177e-02   3.3855684e-02   3.3665549e-02   3.0653125e-02   2.8892301e-02
   5.1300000e+01  -4.1859878e-11  -1.0332262e-06   5.5248616e-05   6.5180687e-04   5.8548158e-03   1.7352971e-02   2.8078543e-02   3.4348396e-02   3.3940475e-02   3.0767921e-02   2.8934720e-02
   5.1750000e+01  -4.5134505e-10  -4.7906649e-06   8.0321469e-05   7.6843117e-04   6.4396654e-03   1.8162754e-02   2.8770685e-02   3.4846122e-02   3.4217899e-02   3.0883735e-02   2.8977514e-02
   5.2200000e+01  -2.6653430e-09  -9.0902553e-06   1.1895087e-04   9.2128296e-04   7.0924031e-03   1.9001676e-02   2.9473566e-02   3.5348863e-02   3.4497823e-02   3.1000568e-02   2.9020681e-02
   5.2650000e+01   2.1237871e-08   2.6436446e-05   1.7462038e-04   1.1160690e-03   7.8162194e-03   1.9869712e-02   3.0187142e-02   3.5856622e-02   3.4780248e-02   3.1118419e-02   2.9064223e-02
   5.3100000e+01   1.2672773e-06   1.2789250e-04   2.4923068e-04   1.3596606e-03   8.6140882e-03   2.0766769e-02   3.0911361e-02   3.6369400e-02   3.5065177e-02   3.1237288e-02   2.9108139e-02
   5.3550000e+01   3.1038085e-05   2.4576327e-04   3.4281773e-04   1.6602050e-03   9.4887151e-03   2.1692680e-02   3.1646166e-02   3.6887198e-02   3.5352609e-02   3.1357176e-02   2.9152429e-02
   5.4000000e+01   2.5359113e-04   3.6067509e-04   4.5488570e-04   2.0272252e-03   1.0442484e-02   2.2647205e-02   3.2391488e-02   3.7410014e-02   3.5642547e-02   3.1478083e-02   2.9197093e-02
   5.4450000e+01   4.6536984e-04   4.7292799e-04   5.8611966e-04   2.4717017e-03   1.1477401e-02   2.3630030e-02   3.3147253e-02   3.7937850e-02   3.5934991e-02   3.1600010e-02   2.9242131e-02
   5.4900000e+01   5.8767509e-04   5.8405172e-04   7.3953211e-04   3.0061215e-03   1.2595042e-02   2.4640769e-02   3.3913379e-02   3.8470702e-02   3.6229944e-02   3.1722955e-02   2.9287543e-02
   5.5350000e+01   7.0615041e-04   6.9493812e-04   9.2141353e-04   3.6444822e-03   1.3796501e-02   2.5678960e-02   3.4689775e-02   3.9008571e-02   3.6527406e-02   3.1846920e-02   2.9333330e-02
   5.5800000e+01   8.8579995e-04   8.0531779e-04   1.1429961e-03   4.4022320e-03   1.5082334e-02   2.6744068e-02   3.5476342e-02   3.9551451e-02   3.6827379e-02   3.1971905e-02   2.9379490e-02
   5.6250000e+01   1.1464880e-03   9.1008219e-04   1.4232980e-03   5.2961296e-03   1.6452520e-02   2.7835487e-02   3.6272974e-02   4.0099342e-02   3.7129864e-02   3.2097909e-02   2.9426025e-02
   5.6700000e+01   1.2138221e-03   9.8875254e-04   1.7919276e-03   6.3440025e-03   1.7906416e-02   2.8952537e-02   3.7079555e-02   4.0652237e-02   3.7434862e-02   3.2224933e-02   2.9472934e-02
   5.7150000e+01   1.2180994e-03   1.0409479e-03   2.2875411e-03   7.5643891e-03   1.9442727e-02   3.0094468e-02   3.7895963e-02   4.1210134e-02   3.7742374e-02   3.2352978e-02   2.9520217e-02
   5.7600000e+01   1.2184176e-03   1.4334962e-03   2.9471145e-03   8.9760478e-03   2.1059478e-02   3.1260463e-02   3.8722066e-02   4.1773025e-02   3.8052403e-02   3.2482042e-02   2.9567875e-02
   5.8050000e+01   1.2300673e-03   2.5509404e-03   3.7903303e-03   1.0597327e-02   2.2753999e-02   3.2449634e-02   3.9557722e-02   4.2340906e-02   3.8364948e-02   3.2612128e-02   2.9615906e-02
   5.8500000e+01   1.5421194e-03   3.8783679e-03   4.8145940e-03   1.2445396e-02   2.4522922e-02   3.3661030e-02   4.0402785e-02   4.2913770e-02   3.8680011e-02   3.2743234e-02   2.9664312e-02
   5.8950000e+01   4.0237785e-03   5.1743167e-03   6.0075021e-03   1.4535342e-02   2.6362187e-02   3.4893634e-02   4.1257096e-02   4.3491608e-02   3.8997593e-02   3.2875360e-02   2.9713093e-02
   5.9400000e+01   6.3658531e-03   6.4419942e-03   7.3645278e-03   1.6879168e-02   2.8267060e-02   3.6146369e-02   4.2120490e-02   4.4074412e-02   3.9317696e-02   3.3008508e-02   2.9762247e-02
   5.9850000e+01   7.7300892e-03   7.6981950e-03   8.9002972e-03   1.9484715e-02   3.0232165e-02   3.7418098e-02   4.2992792e-02   4.4662174e-02   3.9640320e-02   3.3142678e-02   2.9811776e-02
   6.0300000e+01   9.0330252e-03   8.9516887e-03   1.0655454e-02   2.2354563e-02   3.2251530e-02   3.8707629e-02   4.3873820e-02   4.5254884e-02   3.9965467e-02   3.3277868e-02   2.9861679e-02
   6.0750000e+01   1.0777825e-02   1.0202338e-02   1.2707298e-02   2.5484988e-02   3.4318640e-02   4.0013715e-02   4.4763382e-02   4.5852530e-02   4.0293138e-02   3.3414080e-02   2.9911956e-02
   6.1200000e+01   1.3717965e-02   1.1418213e-02   1.5188673e-02   2.8865032e-02   3.6426509e-02   4.1335056e-02   4.5661278e-02   4.6455103e-02   4.0623333e-02   3.3551314e-02   2.9962607e-02
   6.1650000e+01   1.4937006e-02   1.2454767e-02   1.8306180e-02   3.2475786e-02   3.8567756e-02   4.2670308e-02   4.6567300e-02   4.7062588e-02   4.0956054e-02   3.3689571e-02   3.0013633e-02
   6.2100000e+01   1.5035775e-02   1.3194419e-02   2.2324307e-02   3.6289968e-02   4.0734691e-02   4.4018078e-02   4.7481229e-02   4.7674975e-02   4.1291301e-02   3.3828849e-02   3.0065033e-02
   6.2550000e+01   1.5040429e-02   1.6123574e-02   2.7475090e-02   4.0271860e-02   4.2919416e-02   4.5376931e-02   4.8402840e-02   4.8292248e-02   4.1629076e-02   3.3969149e-02   3.0116808e-02
   6.3000000e+01   1.5120812e-02   2.5001539e-02   3.3822059e-02   4.4377687e-02   4.5113922e-02   4.6745396e-02   4.9331899e-02   4.8914394e-02   4.1969380e-02   3.4110473e-02   3.0168956e-02
   6.3450000e+01   1.7707905e-02   3.5742980e-02   4.1203077e-02   4.8556459e-02   4.7310193e-02   4.8121961e-02   5.0268162e-02   4.9541396e-02   4.2312213e-02   3.4252819e-02   3.0221480e-02
   6.3900000e+01   3.8120705e-02   4.6205510e-02   4.9316004e-02   5.2751291e-02   4.9500313e-02   4.9505085e-02   5.1211378e-02   5.0173240e-02   4.2657577e-02   3.4396188e-02   3.0274377e-02
   6.4350000e+01   5.5579495e-02   5.6463877e-02   5.7847868e-02   5.6901161e-02   5.1676570e-02   5.0893195e-02   5.2161287e-02   5.0809907e-02   4.3005472e-02   3.4540580e-02   3.0327649e-02
   6.4800000e+01   6.6402033e-02   6.6651437e-02   6.6537276e-02   6.0943055e-02   5.3831551e-02   5.2284691e-02   5.3117621e-02   5.1451380e-02   4.3355899e-02   3.4685995e-02   3.0381295e-02
   6.5250000e+01   7.6624920e-02   7.6819460e-02   7.5163689e-02   6.4814398e-02   5.5958240e-02   5.3677950e-02   5.4080104e-02   5.2097640e-02   4.3708859e-02   3.4832434e-02   3.0435316e-02
   6.5700000e+01   8.6826549e-02   8.6995249e-02   8.3501834e-02   6.8455637e-02   5.8050101e-02   5.5071329e-02   5.5048450e-02   5.2748669e-02   4.4064353e-02   3.4979897e-02   3.0489711e-02
   6.6150000e+01   9.7039612e-02   9.7242858e-02   9.1264036e-02   7.1812839e-02   6.0101148e-02   5.6463165e-02   5.6022366e-02   5.3404444e-02   4.4422381e-02   3.5128384e-02   3.0544480e-02
   6.6600000e+01   1.0726310e-01   1.0781185e-01   9.8048589e-02   7.4840148e-02   6.2106007e-02   5.7851782e-02   5.7001553e-02   5.4064946e-02   4.4782944e-02   3.5277895e-02   3.0599624e-02
   6.7050000e+01   1.1755732e-01   1.1903497e-01   1.0334574e-01   7.7501932e-02   6.4059960e-02   5.9235492e-02   5.7985699e-02   5.4730152e-02   4.5146043e-02   3.5428430e-02   3.0655142e-02
   6.7500000e+01   1.2772796e-01   1.2687347e-01   1.0667636e-01   7.9774496e-02   6.5958979e-02   6.0612597e-02   5.8974490e-02   5.5400039e-02   4.5511679e-02   3.5579990e-02   3.0711035e-02
   6.7950000e+01   1.2209492e-01   1.2355570e-01   1.0783462e-01   8.1647231e-02   6.7799735e-02   6.1981392e-02   5.9967601e-02   5.6074583e-02   4.5879852e-02   3.5732575e-02   3.0767302e-02
   6.8400000e+01   1.1633602e-01   1.1684942e-01   1.0701949e-01   8.3123123e-02   6.9579598e-02   6.3340169e-02   6.0964698e-02   5.6753760e-02   4.6250562e-02   3.5886185e-02   3.0823944e-02
   6.8850000e+01   1.1064466e-01   1.1079364e-01   1.0470339e-01   8.4218599e-02   7.1296619e-02   6.4687219e-02   6.1965444e-02   5.7437544e-02   4.6623810e-02   3.6040820e-02   3.0880960e-02
   6.9300000e+01   1.0495935e-01   1.0505596e-01   1.0138900e-01   8.4962719e-02   7.2949498e-02   6.6020832e-02   6.2969490e-02   5.8125909e-02   4.6999598e-02   3.6196480e-02   3.0938351e-02
   6.9750000e+01   9.9280393e-02   9.9387806e-02   9.7469481e-02   8.5395776e-02   7.4537531e-02   6.7339302e-02   6.3976483e-02   5.8818826e-02   4.7377924e-02   3.6353166e-02   3.0996116e-02
   7.0200000e+01   9.3589606e-02   9.3728064e-02   9.3220797e-02   8.5567417e-02   7.6060555e-02   6.8640930e-02   6.4986062e-02   5.9516268e-02   4.7758790e-02   3.6510877e-02   3.1054256e-02
   7.0650000e+01   8.7565012e-02   8.8056593e-02   8.8850529e-02   8.5534386e-02   7.7518871e-02   6.9924020e-02   6.5997858e-02   6.0218207e-02   4.8142197e-02   3.6669615e-02   3.1112770e-02
   7.1100000e+01   7.7846207e-02   8.2338559e-02   8.4551091e-02   8.5358050e-02   7.8913165e-02   7.1186887e-02   6.7011496e-02   6.0924610e-02   4.8528143e-02   3.6829379e-02   3.1171659e-02
   7.1550000e+01   6.6482984e-02   7.6473357e-02   8.0540479e-02   8.5101824e-02   8.0244418e-02   7.2427857e-02   6.8026596e-02   6.1635449e-02   4.8916631e-02   3.6990169e-02   3.1230922e-02
   7.2000000e+01   6.5042782e-02   7.0376710e-02   7.7073872e-02   8.4828638e-02   8.1513809e-02   7.3645265e-02   6.9042769e-02   6.2350690e-02   4.9307659e-02   3.7151986e-02   3.1290560e-02
   7.2450000e+01   6.4998032e-02   6.5616924e-02   7.4397518e-02   8.4598541e-02   8.2722620e-02   7.4837463e-02   7.0059622e-02   6.3070301e-02   4.9701229e-02   3.7314830e-02   3.1350573e-02
   7.2900000e+01   6.5001772e-02   6.5436978e-02   7.2649904e-02   8.4466535e-02   8.3872131e-02   7.6002814e-02   7.1076753e-02   6.3794249e-02   5.0097341e-02   3.7478700e-02   3.1410960e-02
   7.3350000e+01   6.5100505e-02   6.7072749e-02   7.1795558e-02   8.4480706e-02   8.4963525e-02   7.7139697e-02   7.2093758e-02   6.4522498e-02   5.0495994e-02   3.7643598e-02   3.1471722e-02
   7.3800000e+01   6.6316234e-02   6.8517167e-02   7.1669275e-02   8.4680680e-02   8.5997786e-02   7.8246506e-02   7.3110224e-02   6.5255014e-02   5.0897189e-02   3.7809524e-02   3.1532858e-02
   7.4250000e+01   6.9248322e-02   6.9814351e-02   7.2082423e-02   8.5096429e-02   8.6975605e-02   7.9321653e-02   7.4125735e-02   6.5991759e-02   5.1300926e-02   3.7976477e-02   3.1594369e-02
   7.4700000e+01   7.0988344e-02   7.1072267e-02   7.2895158e-02   8.5747427e-02   8.7897295e-02   8.0363566e-02   7.5139868e-02   6.6732697e-02   5.1707205e-02   3.8144458e-02   3.1656255e-02
   7.5150000e+01   7.2287711e-02   7.2322291e-02   7.4032417e-02   8.6642140e-02   8.8762703e-02   8.1370690e-02   7.6152195e-02   6.7477789e-02   5.2116026e-02   3.8313468e-02   3.1718515e-02
   7.5600000e+01   7.3648211e-02   7.3572128e-02   7.5476181e-02   8.7777831e-02   8.9571142e-02   8.2341488e-02   7.7162285e-02   6.8226997e-02   5.2527390e-02   3.8483505e-02   3.1781150e-02
   7.6050000e+01   7.5983870e-02   7.4813348e-02   7.7261307e-02   8.9140672e-02   9.0321318e-02   8.3274438e-02   7.8169701e-02   6.8980279e-02   5.2941295e-02   3.8654572e-02   3.1844159e-02
   7.6500000e+01   7.8458721e-02   7.5981311e-02   7.9479441e-02   9.0706120e-02   9.1011283e-02   8.4168039e-02   7.9174000e-02   6.9737595e-02   5.3357742e-02   3.8826667e-02   3.1907544e-02
   7.6950000e+01   7.8769841e-02   7.6926970e-02   8.2273765e-02   9.2439569e-02   9.1638386e-02   8.5020802e-02   8.0174739e-02   7.0498903e-02   5.3776731e-02   3.8999791e-02   3.1971303e-02
   7.7400000e+01   7.8781361e-02   7.8403749e-02   8.5794077e-02   9.4297234e-02   9.2199239e-02   8.5831258e-02   8.1171466e-02   7.1264160e-02   5.4198261e-02   3.9173944e-02   3.2035437e-02
   7.7850000e+01   7.8791847e-02   8.3355587e-02   9.0108655e-02   9.6227250e-02   9.2689700e-02   8.6597952e-02   8.2163728e-02   7.2033322e-02   5.4622333e-02   3.9349126e-02   3.2099945e-02
   7.8300000e+01   7.9072290e-02   9.0739597e-02   9.5138531e-02   9.8170971e-02   9.3104862e-02   8.7319444e-02   8.3151070e-02   7.2806345e-02   5.5048945e-02   3.9525339e-02   3.2164828e-02
   7.8750000e+01   8.3463254e-02   9.8277359e-02   1.0068353e-01   1.0006441e-01   9.3439056e-02   8.7994310e-02   8.4133030e-02   7.3583184e-02   5.5478098e-02   3.9702581e-02   3.2230086e-02
   7.9200000e+01   1.0046222e-01   1.0564923e-01   1.0650633e-01   1.0183979e-01   9.3685869e-02   8.8621137e-02   8.5109145e-02   7.4363790e-02   5.5909792e-02   3.9880853e-02   3.2295719e-02
   7.9650000e+01   1.1217681e-01   1.1291869e-01   1.1238955e-01   1.0342719e-01   9.3838170e-02   8.9198525e-02   8.6078949e-02   7.5148118e-02   5.6344025e-02   4.0060156e-02   3.2361727e-02
   8.0100000e+01   1.1990236e-01   1.2014669e-01   1.1813796e-01   1.0475615e-01   9.3888153e-02   8.9725088e-02   8.7041973e-02   7.5936119e-02   5.6780798e-02   4.0240489e-02   3.2428109e-02
   8.0550000e+01   1.2787764e-01   1.2738910e-01   1.2354519e-01   1.0575736e-01   9.3827382e-02   9.0199448e-02   8.7997746e-02   7.6727743e-02   5.7220109e-02   4.0421853e-02   3.2494867e-02
   8.1000000e+01   1.4168731e-01   1.3473377e-01   1.2834297e-01   1.0636418e-01   9.3646855e-02   9.0620237e-02   8.8945794e-02   7.7522941e-02   5.7661959e-02   4.0604248e-02   3.2561999e-02
   8.1450000e+01   1.5619956e-01   1.4238455e-01   1.3214586e-01   1.0651422e-01   9.3337075e-02   9.0986096e-02   8.9885642e-02   7.8321661e-02   5.8106347e-02   4.0787674e-02   3.2629506e-02
   8.1900000e+01   1.5814094e-01   1.5058774e-01   1.3443279e-01   1.0615068e-01   9.2888124e-02   9.1295673e-02   9.0816813e-02   7.9123852e-02   5.8553271e-02   4.0972131e-02   3.2697387e-02
   8.2350000e+01   1.5822238e-01   1.5699714e-01   1.3464574e-01   1.0522360e-01   9.2289748e-02   9.1547622e-02   9.1738827e-02   7.9929460e-02   5.9002732e-02   4.1157620e-02   3.2765644e-02
   8.2800000e+01   1.5821497e-01   1.5332914e-01   1.3242964e-01   1.0369098e-01   9.1531448e-02   9.1740602e-02   9.2651205e-02   8.0738433e-02   5.9454728e-02   4.1344141e-02   3.2834276e-02
   8.3250000e+01   1.5794107e-01   1.4208471e-01   1.2784229e-01   1.0151959e-01   9.0602572e-02   9.1873277e-02   9.3553466e-02   8.1550714e-02   5.9909259e-02   4.1531695e-02   3.2903282e-02
   8.3700000e+01   1.5305749e-01   1.3031799e-01   1.2130953e-01   9.8685615e-02   8.9492411e-02   9.1944313e-02   9.4445127e-02   8.2366249e-02   6.0366323e-02   4.1720280e-02   3.2972663e-02
   8.4150000e+01   1.2848284e-01   1.1903779e-01   1.1337765e-01   9.5174932e-02   8.8190294e-02   9.1952380e-02   9.5325707e-02   8.3184982e-02   6.0825921e-02   4.1909898e-02   3.3042420e-02
   8.4600000e+01   1.0922738e-01   1.0801381e-01   1.0450792e-01   9.0983166e-02   8.6685687e-02   9.1896148e-02   9.6194721e-02   8.4006855e-02   6.1288050e-02   4.2100549e-02   3.3112551e-02
   8.5050000e+01   9.7320327e-02   9.7084894e-02   9.5018156e-02   8.6115389e-02   8.4968283e-02   9.1774287e-02   9.7051686e-02   8.4831810e-02   6.1752710e-02   4.2292233e-02   3.3183057e-02
   8.5500000e+01   8.5219347e-02   8.6149208e-02   8.5111798e-02   8.0585549e-02   8.3028097e-02   9.1585469e-02   9.7896120e-02   8.5659788e-02   6.2219900e-02   4.2484950e-02   3.3253938e-02
   8.5950000e+01   6.4465435e-02   7.5119205e-02   7.4922048e-02   7.4415650e-02   8.0855549e-02   9.1328364e-02   9.8727539e-02   8.6490729e-02   6.2689619e-02   4.2678701e-02   3.3325195e-02
   8.6400000e+01   4.1898597e-02   6.3938650e-02   6.4543242e-02   6.7634723e-02   7.8441547e-02   9.1001640e-02   9.9545460e-02   8.7324572e-02   6.3161865e-02   4.2873485e-02   3.3396826e-02
   8.6850000e+01   3.8582388e-02   5.2752342e-02   5.4048997e-02   6.0277670e-02   7.5777562e-02   9.0603965e-02   1.0034940e-01   8.8161256e-02   6.3636637e-02   4.3069303e-02   3.3468832e-02
   8.7300000e+01   3.8429518e-02   4.2410401e-02   4.3503046e-02   5.2384027e-02   7.2855690e-02   9.0134003e-02   1.0113888e-01   8.9000719e-02   6.4113934e-02   4.3266156e-02   3.3541213e-02
   8.7750000e+01   3.8425836e-02   3.4987627e-02   3.2967415e-02   4.3996720e-02   6.9668720e-02   8.9590418e-02   1.0191342e-01   8.9842897e-02   6.4593755e-02   4.3464043e-02   3.3613970e-02
   8.8200000e+01   3.8426053e-02   3.2368581e-02   2.2510475e-02   3.5160875e-02   6.6210181e-02   8.8971870e-02   1.0267253e-01   9.0687726e-02   6.5076097e-02   4.3662964e-02   3.3687101e-02
   8.8650000e+01   3.8426102e-02   3.3405820e-02   1.2216134e-02   2.5922722e-02   6.2474381e-02   8.8277019e-02   1.0341575e-01   9.1535141e-02   6.5560960e-02   4.3862920e-02   3.3760608e-02
   8.9100000e+01   3.8426108e-02   3.5347248e-02   2.1947112e-03   1.6328630e-02   5.8456449e-02   8.7504520e-02   1.0414259e-01   9.2385076e-02   6.6048343e-02   4.4063912e-02   3.3834489e-02
   8.9550000e+01   3.8426108e-02   3.6798686e-02  -7.4045912e-03   6.4243020e-03   5.4152354e-02   8.6653029e-02   1.0485259e-01   9.3237466e-02   6.6538242e-02   4.4265939e-02   3.3908746e-02
   9.0000000e+01   3.8426108e-02   3.7629177e-02  -1.6380701e-02  -3.7458775e-03   4.9558927e-02   8.5721199e-02   1.0554526e-01   9.4092242e-02   6.7030658e-02   4.4469001e-02   3.3983378e-02
