  -9.0000000e+01 -1.0529204e-132  -3.6727987e-45  -6.7727011e-16  -2.5808689e-06  -2.7642547e-03  -1.2560766e-02  -5.2966541e-03   1.7505340e-02   2.5921466e-02   2.6749383e-02   2.7271598e-02
  -8.9550000e+01 -5.5039115e-128  -1.3872469e-43  -1.5967371e-15  -3.2479982e-06  -2.7844828e-03  -1.1819423e-02  -4.3532083e-03   1.7863508e-02   2.5977204e-02   2.6764270e-02   2.7277863e-02
  -8.9100000e+01 -2.7744542e-123  -4.8490539e-42  -3.6420001e-15  -4.0447428e-06  -2.7866415e-03  -1.1057765e-02  -3.4152089e-03   1.8215621e-02   2.6031998e-02   2.6779044e-02   2.7284094e-02
  -8.8650000e+01 -1.3065989e-118  -1.4609214e-40  -7.9738458e-15  -4.9753251e-06  -2.7683068e-03  -1.0276297e-02  -2.4829344e-03   1.8561704e-02   2.6085858e-02   2.6793705e-02   2.7290293e-02
  -8.8200000e+01 -5.2910097e-114  -3.2732563e-39  -1.6520228e-14  -6.0311406e-06  -2.7269399e-03  -9.4755593e-03  -1.5566630e-03   1.8901783e-02   2.6138794e-02   2.6808254e-02   2.7296458e-02
  -8.7750000e+01 -1.2749148e-109  -3.6292205e-38  -3.1496264e-14  -7.1822316e-06  -2.6599019e-03  -8.6561224e-03  -6.3667215e-04   1.9235884e-02   2.6190816e-02   2.6822691e-02   2.7302590e-02
  -8.7300000e+01  7.0723862e-105   5.8428255e-37  -5.1759658e-14  -8.3651006e-06  -2.5644707e-03  -7.8185894e-03   2.7676138e-04   1.9564036e-02   2.6241931e-02   2.6837016e-02   2.7308689e-02
  -8.6850000e+01   1.5849182e-99   4.1291501e-35  -5.8141413e-14  -9.4657130e-06  -2.4378613e-03  -6.9635936e-03   1.1833619e-03   1.9886267e-02   2.6292151e-02   2.6851232e-02   2.7314755e-02
  -8.6400000e+01   1.6660182e-94   1.2913370e-33   3.4829354e-14  -1.0296320e-05  -2.2772491e-03  -6.0917973e-03   2.0828549e-03   2.0202606e-02   2.6341485e-02   2.6865337e-02   2.7320788e-02
  -8.5950000e+01   5.7983956e-90   3.0450795e-32   5.2143337e-13  -1.0564517e-05  -2.0797969e-03  -5.2038900e-03   2.9749673e-03   2.0513084e-02   2.6389941e-02   2.6879332e-02   2.7326788e-02
  -8.5500000e+01   4.5329232e-86   5.6418431e-31   2.2994202e-12  -9.8327573e-06  -1.8426836e-03  -4.3005872e-03   3.8594274e-03   2.0817731e-02   2.6437529e-02   2.6893219e-02   2.7332754e-02
  -8.5050000e+01   1.1291393e-82   6.1382617e-30   7.9423816e-12  -7.4664325e-06  -1.5631363e-03  -3.3826285e-03   4.7359655e-03   2.1116579e-02   2.6484259e-02   2.6906998e-02   2.7338688e-02
  -8.4600000e+01  -6.6822254e-78  -1.1516935e-28   2.4737686e-11  -2.5685801e-06  -1.2384651e-03  -2.4507763e-03   5.6043137e-03   2.1409662e-02   2.6530139e-02   2.6920668e-02   2.7344589e-02
  -8.4150000e+01  -2.9630359e-73  -1.1050085e-26   7.4159870e-11   6.1006003e-06  -8.6609902e-04  -1.5058137e-03   6.4642065e-03   2.1697012e-02   2.6575179e-02   2.6934232e-02   2.7350457e-02
  -8.3700000e+01  -3.1824816e-69  -4.8323556e-25   2.2403202e-10   2.0220956e-05  -4.4362461e-04  -5.4854259e-04   7.3153805e-03   2.1978664e-02   2.6619388e-02   2.6947689e-02   2.7356292e-02
  -8.3250000e+01  -1.0507582e-65  -1.4483460e-23   6.9755488e-10   4.2027314e-05   3.1175349e-05   4.2021759e-04   8.1575752e-03   2.2254653e-02   2.6662776e-02   2.6961040e-02   2.7362095e-02
  -8.2800000e+01  -1.9062933e-62  -2.0536748e-22   2.2068317e-09   7.4442329e-05   5.6028202e-04   1.3996323e-03   8.9905327e-03   2.2525015e-02   2.6705351e-02   2.6974285e-02   2.7367864e-02
  -8.2350000e+01   4.2618716e-59   2.6283178e-21   6.8129677e-09   1.2122621e-04   1.1454010e-03   2.3888536e-03   9.8139983e-03   2.2789786e-02   2.6747123e-02   2.6987425e-02   2.7373601e-02
  -8.1900000e+01   7.8068298e-55   1.0111162e-19   1.9772027e-08   1.8714074e-04   1.7879238e-03   3.3870218e-03   1.0627721e-02   2.3049004e-02   2.6788100e-02   2.7000461e-02   2.7379305e-02
  -8.1450000e+01   5.6307682e-51   1.3200263e-18   5.3011956e-08   2.7812273e-04   2.4888907e-03   4.3932676e-03   1.1431451e-02   2.3302708e-02   2.6828292e-02   2.7013393e-02   2.7384976e-02
  -8.1000000e+01   1.3275002e-47   1.2384762e-17   1.3141699e-07   4.0145950e-04   3.2489561e-03   5.4067139e-03   1.2224946e-02   2.3550936e-02   2.6867708e-02   2.7026222e-02   2.7390614e-02
  -8.0550000e+01   6.6845644e-45   9.3285431e-17   3.0440572e-07   5.6595554e-04   4.0683567e-03   6.4264774e-03   1.3007965e-02   2.3793727e-02   2.6906357e-02   2.7038948e-02   2.7396220e-02
  -8.0100000e+01   1.4674501e-42   4.9010109e-16   6.6840016e-07   7.8207570e-04   4.9468844e-03   7.4516704e-03   1.3780272e-02   2.4031122e-02   2.6944246e-02   2.7051572e-02   2.7401793e-02
  -7.9650000e+01  -2.3721028e-39  -5.0665198e-16   1.4148294e-06   1.0620462e-03   5.8838623e-03   8.4814028e-03   1.4541634e-02   2.4263163e-02   2.6981387e-02   2.7064093e-02   2.7407333e-02
  -7.9200000e+01  -7.7607615e-36  -6.5564649e-14   2.9445291e-06   1.4198908e-03   6.8781277e-03   9.5147831e-03   1.5291824e-02   2.4489890e-02   2.7017787e-02   2.7076514e-02   2.7412841e-02
  -7.8750000e+01  -6.6098914e-33  -1.2354983e-12   6.1511654e-06   1.8713757e-03   7.9280194e-03   1.0550921e-02   1.6030621e-02   2.4711346e-02   2.7053454e-02   2.7088834e-02   2.7418316e-02
  -7.8300000e+01  -1.5762564e-30  -1.5261780e-11   1.3067856e-05   2.4338362e-03   9.0313724e-03   1.1588926e-02   1.6757807e-02   2.4927574e-02   2.7088399e-02   2.7101054e-02   2.7423758e-02
  -7.7850000e+01  -2.0785300e-28  -9.6376663e-11   2.8061417e-05   3.1258569e-03   1.0185519e-02   1.2627914e-02   1.7473169e-02   2.5138618e-02   2.7122630e-02   2.7113174e-02   2.7429168e-02
  -7.7400000e+01   1.7236478e-26   3.4687620e-10   5.9380190e-05   3.9667838e-03   1.1387298e-02   1.3667004e-02   1.8176502e-02   2.5344523e-02   2.7156154e-02   2.7125195e-02   2.7434545e-02
  -7.6950000e+01   2.8772589e-23   6.6013372e-09   1.2028918e-04   4.9760513e-03   1.2633070e-02   1.4705318e-02   1.8867604e-02   2.5545332e-02   2.7188982e-02   2.7137117e-02   2.7439890e-02
  -7.6500000e+01   1.4146189e-20   3.4548299e-08   2.2934825e-04   6.1723204e-03   1.3918738e-02   1.5741989e-02   1.9546280e-02   2.5741092e-02   2.7221121e-02   2.7148941e-02   2.7445202e-02
  -7.6050000e+01   2.1495507e-18   1.2856175e-07   4.1071774e-04   7.5724407e-03   1.5239786e-02   1.6776153e-02   2.0212342e-02   2.5931848e-02   2.7252581e-02   2.7160668e-02   2.7450482e-02
  -7.5600000e+01   6.6804561e-17   3.9741711e-07   6.9586246e-04   9.1902627e-03   1.6591308e-02   1.7806957e-02   2.0865608e-02   2.6117647e-02   2.7283369e-02   2.7172297e-02   2.7455730e-02
  -7.5150000e+01   1.1326578e-15   9.9047795e-07   1.1276076e-03   1.1035353e-02   1.7968060e-02   1.8833554e-02   2.1505902e-02   2.6298538e-02   2.7313495e-02   2.7183830e-02   2.7460945e-02
  -7.4700000e+01  -3.9564655e-14   1.3557132e-06   1.7681354e-03   1.3111676e-02   1.9364511e-02   1.9855109e-02   2.2133055e-02   2.6474566e-02   2.7342967e-02   2.7195266e-02   2.7466127e-02
  -7.4250000e+01  -1.1482117e-11  -5.0961164e-06   2.7139977e-03   1.5416336e-02   2.0774900e-02   2.0870794e-02   2.2746906e-02   2.6645781e-02   2.7371792e-02   2.7206607e-02   2.7471277e-02
  -7.3800000e+01  -9.0677712e-10  -5.8068989e-05   4.1197313e-03   1.7938477e-02   2.2193303e-02   2.1879789e-02   2.3347300e-02   2.6812231e-02   2.7399980e-02   2.7217853e-02   2.7476395e-02
  -7.3350000e+01  -1.7323015e-08  -3.1559162e-04   6.2195036e-03   2.0658445e-02   2.3613702e-02   2.2881287e-02   2.3934090e-02   2.6973966e-02   2.7427539e-02   2.7229005e-02   2.7481481e-02
  -7.2900000e+01  -1.6496199e-07  -8.7882129e-04   9.3099947e-03   2.3547331e-02   2.5030057e-02   2.3874487e-02   2.4507136e-02   2.7131035e-02   2.7454477e-02   2.7240062e-02   2.7486534e-02
  -7.2450000e+01   3.9996040e-07   1.0659127e-03   1.3650021e-02   2.6566982e-02   2.6436388e-02   2.4858598e-02   2.5066308e-02   2.7283489e-02   2.7480803e-02   2.7251025e-02   2.7491555e-02
  -7.2000000e+01   7.8735363e-05   9.6030994e-03   1.9309260e-02   2.9670561e-02   2.7826848e-02   2.5832838e-02   2.5611481e-02   2.7431378e-02   2.7506524e-02   2.7261895e-02   2.7496543e-02
  -7.1550000e+01   2.5998679e-03   2.0144064e-02   2.6104786e-02   3.2803689e-02   2.9195811e-02   2.6796432e-02   2.6142541e-02   2.7574753e-02   2.7531649e-02   2.7272672e-02   2.7501500e-02
  -7.1100000e+01   2.2492021e-02   3.0365456e-02   3.3696384e-02   3.5906177e-02   3.0537944e-02   2.7748612e-02   2.6659380e-02   2.7713666e-02   2.7556186e-02   2.7283358e-02   2.7506424e-02
  -7.0650000e+01   3.9505505e-02   4.0366874e-02   4.1729933e-02   3.8914298e-02   3.1848293e-02   2.8688619e-02   2.7161901e-02   2.7848169e-02   2.7580143e-02   2.7293951e-02   2.7511316e-02
  -7.0200000e+01   5.0052003e-02   5.0294810e-02   4.9906066e-02   4.1763504e-02   3.3122354e-02   2.9615698e-02   2.7650014e-02   2.7978314e-02   2.7603527e-02   2.7304453e-02   2.7516176e-02
  -6.9750000e+01   6.0014144e-02   6.0203171e-02   5.7966682e-02   4.4391447e-02   3.4356141e-02   3.0529101e-02   2.8123638e-02   2.8104154e-02   2.7626348e-02   2.7314864e-02   2.7521003e-02
  -6.9300000e+01   6.9955570e-02   7.0121657e-02   6.5641202e-02   4.6741145e-02   3.5546256e-02   3.1428082e-02   2.8582701e-02   2.8225741e-02   2.7648613e-02   2.7325185e-02   2.7525799e-02
  -6.8850000e+01   7.9908138e-02   8.0128632e-02   7.2577426e-02   4.8764058e-02   3.6689938e-02   3.2311902e-02   2.9027142e-02   2.8343129e-02   2.7670330e-02   2.7335416e-02   2.7530562e-02
  -6.8400000e+01   8.9871015e-02   9.0535932e-02   7.8279120e-02   5.0422892e-02   3.7785113e-02   3.3179823e-02   2.9456907e-02   2.8456372e-02   2.7691506e-02   2.7345557e-02   2.7535293e-02
  -6.7950000e+01   9.9920450e-02   1.0175994e-01   8.2115456e-02   5.1693884e-02   3.8830426e-02   3.4031109e-02   2.9871952e-02   2.8565524e-02   2.7712150e-02   2.7355609e-02   2.7539993e-02
  -6.7500000e+01   1.0981374e-01   1.0874389e-01   8.3496497e-02   5.2568394e-02   3.9825262e-02   3.4865025e-02   3.0272243e-02   2.8670638e-02   2.7732269e-02   2.7365573e-02   2.7544660e-02
  -6.7050000e+01   9.9920450e-02   1.0175994e-01   8.2178395e-02   5.3053642e-02   4.0769759e-02   3.5680839e-02   3.0657757e-02   2.8771769e-02   2.7751871e-02   2.7375448e-02   2.7549295e-02
  -6.6600000e+01   8.9871015e-02   9.0535956e-02   7.8428177e-02   5.3172501e-02   4.1664799e-02   3.6477818e-02   3.1028477e-02   2.8868973e-02   2.7770963e-02   2.7385236e-02   2.7553898e-02
  -6.6150000e+01   7.9908138e-02   8.0128722e-02   7.2859278e-02   5.2962319e-02   4.2511988e-02   3.7255226e-02   3.1384400e-02   2.8962303e-02   2.7789554e-02   2.7394936e-02   2.7558469e-02
  -6.5700000e+01   6.9955570e-02   7.0121940e-02   6.6128310e-02   5.2472827e-02   4.3313622e-02   3.8012331e-02   3.1725531e-02   2.9051816e-02   2.7807651e-02   2.7404550e-02   2.7563008e-02
  -6.5250000e+01   6.0014144e-02   6.0203906e-02   5.8763399e-02   5.1763273e-02   4.4072637e-02   3.8748395e-02   3.2051884e-02   2.9137566e-02   2.7825261e-02   2.7414077e-02   2.7567515e-02
  -6.4800000e+01   5.0052003e-02   5.0296057e-02   5.1160828e-02   5.0898958e-02   4.4792546e-02   3.9462682e-02   3.2363484e-02   2.9219608e-02   2.7842391e-02   2.7423518e-02   2.7571991e-02
  -6.4350000e+01   3.9505505e-02   4.0365091e-02   4.3657854e-02   4.9947435e-02   4.5477359e-02   4.0154455e-02   3.2660367e-02   2.9298000e-02   2.7859050e-02   2.7432874e-02   2.7576434e-02
  -6.3900000e+01   2.2492020e-02   3.0333542e-02   3.6618753e-02   4.8974638e-02   4.6131501e-02   4.0822973e-02   3.2942578e-02   2.9372796e-02   2.7875245e-02   2.7442144e-02   2.7580845e-02
  -6.3450000e+01   2.5998422e-03   1.9951035e-02   3.0507309e-02   4.8041211e-02   4.6759708e-02   4.1467498e-02   3.3210173e-02   2.9444052e-02   2.7890983e-02   2.7451330e-02   2.7585225e-02
  -6.3000000e+01   7.8545883e-05   8.9503363e-03   2.5897889e-02   4.7199321e-02   4.7366920e-02   4.2087291e-02   3.3463217e-02   2.9511825e-02   2.7906271e-02   2.7460432e-02   2.7589573e-02
  -6.2550000e+01   1.9759613e-07   1.1282171e-03   2.3346163e-02   4.6490169e-02   4.7958171e-02   4.2681612e-02   3.3701785e-02   2.9576171e-02   2.7921116e-02   2.7469449e-02   2.7593889e-02
  -6.2100000e+01   2.4464023e-05   4.8730116e-03   2.3130990e-02   4.5942392e-02   4.8538466e-02   4.3249727e-02   3.3925964e-02   2.9637145e-02   2.7935526e-02   2.7478384e-02   2.7598173e-02
  -6.1650000e+01   6.2749944e-04   1.3466756e-02   2.5084246e-02   4.5571468e-02   4.9112663e-02   4.3790901e-02   3.4135850e-02   2.9694805e-02   2.7949507e-02   2.7487235e-02   2.7602425e-02
  -6.1200000e+01   8.0573186e-03   2.1652313e-02   2.8701954e-02   4.5380149e-02   4.9685353e-02   4.4304409e-02   3.4331548e-02   2.9749206e-02   2.7963068e-02   2.7496003e-02   2.7606645e-02
  -6.0750000e+01   2.5976624e-02   2.9446802e-02   3.3408317e-02   4.5359896e-02   5.0260737e-02   4.4789528e-02   3.4513174e-02   2.9800406e-02   2.7976215e-02   2.7504689e-02   2.7610834e-02
  -6.0300000e+01   3.6610675e-02   3.7115473e-02   3.8726338e-02   4.5493163e-02   5.0842518e-02   4.5245548e-02   3.4680855e-02   2.9848459e-02   2.7988954e-02   2.7513294e-02   2.7614991e-02
  -5.9850000e+01   4.4551692e-02   4.4751864e-02   4.4296830e-02   4.5756367e-02   5.1433790e-02   4.5671768e-02   3.4834726e-02   2.9893424e-02   2.8001293e-02   2.7521817e-02   2.7619116e-02
  -5.9400000e+01   5.2866315e-02   5.2406058e-02   4.9820615e-02   4.6123263e-02   5.2036938e-02   4.6067501e-02   3.4974933e-02   2.9935356e-02   2.8013239e-02   2.7530259e-02   2.7623210e-02
  -5.8950000e+01   6.7140580e-02   6.0156665e-02   5.4984554e-02   4.6568457e-02   5.2653552e-02   4.6432079e-02   3.5101630e-02   2.9974311e-02   2.8024799e-02   2.7538620e-02   2.7627272e-02
  -5.8500000e+01   8.2265584e-02   6.8200051e-02   5.9397170e-02   4.7070752e-02   5.3284353e-02   4.6764851e-02   3.5214984e-02   3.0010346e-02   2.8035978e-02   2.7546901e-02   2.7631302e-02
  -5.8050000e+01   8.4167542e-02   7.6733168e-02   6.2571985e-02   4.7616027e-02   5.3929128e-02   4.7065191e-02   3.5315167e-02   3.0043517e-02   2.8046785e-02   2.7555102e-02   2.7635301e-02
  -5.7600000e+01   8.4238657e-02   8.3118963e-02   6.4025627e-02   4.8199396e-02   5.4586685e-02   4.7332499e-02   3.5402363e-02   3.0073880e-02   2.8057226e-02   2.7563223e-02   2.7639267e-02
  -5.7150000e+01   8.4228682e-02   8.0167702e-02   6.3494577e-02   4.8826441e-02   5.5254829e-02   4.7566205e-02   3.5476766e-02   3.0101491e-02   2.8067307e-02   2.7571265e-02   2.7643203e-02
  -5.6700000e+01   8.3931132e-02   7.1894416e-02   6.1100204e-02   4.9513364e-02   5.5930344e-02   4.7765774e-02   3.5538576e-02   3.0126406e-02   2.8077035e-02   2.7579229e-02   2.7647107e-02
  -5.6250000e+01   7.9274974e-02   6.3633284e-02   5.7279528e-02   5.0286032e-02   5.6609011e-02   4.7930708e-02   3.5588004e-02   3.0148681e-02   2.8086416e-02   2.7587114e-02   2.7650979e-02
  -5.5800000e+01   6.1249442e-02   5.5756125e-02   5.2563365e-02   5.1177918e-02   5.7285628e-02   4.8060553e-02   3.5625269e-02   3.0168372e-02   2.8095458e-02   2.7594921e-02   2.7654819e-02
  -5.5350000e+01   4.8827411e-02   4.8039895e-02   4.7418537e-02   5.2227099e-02   5.7954064e-02   4.8154901e-02   3.5650597e-02   3.0185534e-02   2.8104165e-02   2.7602651e-02   2.7658628e-02
  -5.4900000e+01   4.0635327e-02   4.0376033e-02   4.2225738e-02   5.3472499e-02   5.8607325e-02   4.8213393e-02   3.5664226e-02   3.0200222e-02   2.8112546e-02   2.7610303e-02   2.7662406e-02
  -5.4450000e+01   3.2178420e-02   3.2695918e-02   3.7337582e-02   5.4949657e-02   5.9237643e-02   4.8235727e-02   3.5666397e-02   3.0212492e-02   2.8120606e-02   2.7617878e-02   2.7666152e-02
  -5.4000000e+01   1.7534788e-02   2.4894436e-02   3.3164179e-02   5.6686363e-02   5.9836581e-02   4.8221661e-02   3.5657362e-02   3.0222398e-02   2.8128351e-02   2.7625377e-02   2.7669866e-02
  -5.3550000e+01   2.1461392e-03   1.6703837e-02   3.0258421e-02   5.8698497e-02   6.0395156e-02   4.8171013e-02   3.5637381e-02   3.0229996e-02   2.8135787e-02   2.7632799e-02   2.7673549e-02
  -5.3100000e+01   8.7483934e-05   7.7511640e-03   2.9344293e-02   6.0986425e-02   6.0903980e-02   4.8083673e-02   3.5606717e-02   3.0235339e-02   2.8142922e-02   2.7640146e-02   2.7677201e-02
  -5.2650000e+01   1.0299187e-06   1.0560249e-03   3.1179525e-02   6.3532291e-02   6.1353412e-02   4.7959599e-02   3.5565645e-02   3.0238482e-02   2.8149760e-02   2.7647417e-02   2.7680821e-02
  -5.2200000e+01   1.3301505e-05   7.8850989e-03   3.6222010e-02   6.6298452e-02   6.1733717e-02   4.7798828e-02   3.5514444e-02   3.0239479e-02   2.8156308e-02   2.7654613e-02   2.7684409e-02
  -5.1750000e+01   4.3820090e-04   2.5193940e-02   4.4340252e-02   6.9227254e-02   6.2035247e-02   4.7601472e-02   3.5453399e-02   3.0238384e-02   2.8162572e-02   2.7661734e-02   2.7687967e-02
  -5.1300000e+01   8.0154324e-03   4.3330365e-02   5.4879109e-02   7.2242238e-02   6.2248608e-02   4.7367730e-02   3.5382802e-02   3.0235251e-02   2.8168558e-02   2.7668780e-02   2.7691493e-02
  -5.0850000e+01   4.6144886e-02   6.0802457e-02   6.7001494e-02   7.5250753e-02   6.2364842e-02   4.7097883e-02   3.5302950e-02   3.0230131e-02   2.8174272e-02   2.7675753e-02   2.7694987e-02
  -5.0400000e+01   7.6021202e-02   7.7901032e-02   7.9961403e-02   7.8147835e-02   6.2375600e-02   4.6792301e-02   3.5214147e-02   3.0223080e-02   2.8179720e-02   2.7682651e-02   2.7698450e-02
  -4.9950000e+01   9.4495904e-02   9.4855190e-02   9.3162537e-02   8.0821144e-02   6.2273316e-02   4.6451446e-02   3.5116699e-02   3.0214148e-02   2.8184906e-02   2.7689476e-02   2.7701882e-02
  -4.9500000e+01   1.1327150e-01   1.1182663e-01   1.0608022e-01   8.3156609e-02   6.2051359e-02   4.6075871e-02   3.5010921e-02   3.0203388e-02   2.8189839e-02   2.7696228e-02   2.7705282e-02
  -4.9050000e+01   1.4547278e-01   1.2900802e-01   1.1813714e-01   8.5044443e-02   6.1704182e-02   4.5666223e-02   3.4897129e-02   3.0190853e-02   2.8194522e-02   2.7702907e-02   2.7708651e-02
  -4.8600000e+01   1.8048697e-01   1.4675662e-01   1.2857720e-01   8.6385092e-02   6.1227453e-02   4.5223246e-02   3.4775644e-02   3.0176593e-02   2.8198961e-02   2.7709514e-02   2.7711989e-02
  -4.8150000e+01   1.8563241e-01   1.6547268e-01   1.3640668e-01   8.7094733e-02   6.0618155e-02   4.4747778e-02   3.4646791e-02   3.0160660e-02   2.8203163e-02   2.7716048e-02   2.7715296e-02
  -4.7700000e+01   1.8586993e-01   1.8158012e-01   1.4054602e-01   8.7109929e-02   5.9874679e-02   4.4240752e-02   3.4510898e-02   3.0143105e-02   2.8207132e-02   2.7722510e-02   2.7718571e-02
  -4.7250000e+01   1.8586684e-01   1.8029870e-01   1.4026096e-01   8.6391138e-02   5.8996879e-02   4.3703198e-02   3.4368296e-02   3.0123978e-02   2.8210875e-02   2.7728901e-02   2.7721815e-02
  -4.6800000e+01   1.8555877e-01   1.6335342e-01   1.3558726e-01   8.4924836e-02   5.7986105e-02   4.3136239e-02   3.4219319e-02   3.0103330e-02   2.8214396e-02   2.7735221e-02   2.7725028e-02
  -4.6350000e+01   1.7948012e-01   1.4474528e-01   1.2730007e-01   8.2724136e-02   5.6845206e-02   4.2541092e-02   3.4064301e-02   3.0081210e-02   2.8217701e-02   2.7741469e-02   2.7728209e-02
  -4.5900000e+01   1.4304521e-01   1.2707345e-01   1.1646243e-01   7.9827897e-02   5.5578510e-02   4.1919061e-02   3.3903581e-02   3.0057667e-02   2.8220795e-02   2.7747647e-02   2.7731359e-02
  -4.5450000e+01   1.1164706e-01   1.0991047e-01   1.0401579e-01   7.6298420e-02   5.4191770e-02   4.1271542e-02   3.3737497e-02   3.0032750e-02   2.8223684e-02   2.7753755e-02   2.7734478e-02
  -4.5000000e+01   9.2937392e-02   9.2934777e-02   9.0653781e-02   7.2217944e-02   5.2692083e-02   4.0600012e-02   3.3566389e-02   3.0006508e-02   2.8226372e-02   2.7759792e-02   2.7737566e-02
  -4.4550000e+01   7.4227721e-02   7.5961326e-02   7.6886239e-02   6.7684220e-02   5.1087791e-02   3.9906032e-02   3.3390598e-02   2.9978989e-02   2.8228866e-02   2.7765760e-02   2.7740623e-02
  -4.4100000e+01   4.2829573e-02   5.8825645e-02   6.3153392e-02   6.2805481e-02   4.9388355e-02   3.9191236e-02   3.3210462e-02   2.9950240e-02   2.8231169e-02   2.7771658e-02   2.7743648e-02
  -4.3650000e+01   6.3946718e-03   4.1324102e-02   4.9928468e-02   5.7695183e-02   4.7604204e-02   3.8457334e-02   3.3026324e-02   2.9920309e-02   2.8233288e-02   2.7777487e-02   2.7746643e-02
  -4.3200000e+01   3.1610438e-04   2.3360251e-02   3.7775467e-02   5.2466826e-02   4.5746579e-02   3.7706098e-02   3.2838521e-02   2.9889242e-02   2.8235227e-02   2.7783247e-02   2.7749606e-02
  -4.2750000e+01   8.3645944e-06   6.8286120e-03   2.7300063e-02   4.7229186e-02   4.3827361e-02   3.6939364e-02   3.2647392e-02   2.9857085e-02   2.8236990e-02   2.7788939e-02   2.7752538e-02
  -4.2300000e+01  -4.3220751e-07  -1.0523285e-03   1.8952412e-02   4.2082210e-02   4.1858881e-02   3.6159022e-02   3.2453273e-02   2.9823884e-02   2.8238584e-02   2.7794562e-02   2.7755439e-02
  -4.1850000e+01  -1.0772298e-07  -9.5763535e-04   1.2804878e-02   3.7113742e-02   3.9853743e-02   3.5367010e-02   3.2256500e-02   2.9789685e-02   2.8240012e-02   2.7800117e-02   2.7758309e-02
  -4.1400000e+01  -1.2111901e-08  -2.3798293e-04   8.5386388e-03   3.2397223e-02   3.7824634e-02   3.4565308e-02   3.2057405e-02   2.9754533e-02   2.8241280e-02   2.7805605e-02   2.7761148e-02
  -4.0950000e+01  -4.4563922e-10  -3.3007826e-05   5.6596918e-03   2.7990372e-02   3.5784142e-02   3.3755932e-02   3.1856317e-02   2.9718470e-02   2.8242393e-02   2.7811024e-02   2.7763955e-02
  -4.0500000e+01  -3.3611487e-12   9.6334193e-07   3.7206457e-03   2.3934821e-02   3.3744585e-02   3.2940923e-02   3.1653561e-02   2.9681543e-02   2.8243354e-02   2.7816377e-02   2.7766732e-02
  -4.0050000e+01   1.3009267e-14   2.7676288e-06   2.4053410e-03   2.0256593e-02   3.1717851e-02   3.2122344e-02   3.1449462e-02   2.9643793e-02   2.8244169e-02   2.7821663e-02   2.7769478e-02
  -3.9600000e+01   1.8583927e-15   1.3275236e-06   1.5125564e-03   1.6967293e-02   2.9715247e-02   3.1302270e-02   3.1244337e-02   2.9605264e-02   2.8244842e-02   2.7826882e-02   2.7772192e-02
  -3.9150000e+01   7.8831008e-17   4.7596395e-07   9.1460213e-04   1.4065807e-02   2.7747370e-02   3.0482781e-02   3.1038501e-02   2.9565998e-02   2.8245378e-02   2.7832034e-02   2.7774876e-02
  -3.8700000e+01   8.9831955e-19   1.4251120e-07   5.2585036e-04   1.1540367e-02   2.5824001e-02   2.9665955e-02   3.0832261e-02   2.9526036e-02   2.8245781e-02   2.7837120e-02   2.7777528e-02
  -3.8250000e+01   3.1845723e-21   3.3557312e-08   2.8484602e-04   9.3707645e-03   2.3954010e-02   2.8853857e-02   3.0625924e-02   2.9485421e-02   2.8246055e-02   2.7842140e-02   2.7780150e-02
  -3.7800000e+01   6.2832344e-24   4.2346360e-09   1.4498269e-04   7.5305927e-03   2.2145290e-02   2.8048537e-02   3.0419786e-02   2.9444193e-02   2.8246206e-02   2.7847095e-02   2.7782740e-02
  -3.7350000e+01  -1.3876272e-26  -2.4250340e-10   7.0044347e-05   5.9893665e-03   2.0404713e-02   2.7252017e-02   3.0214139e-02   2.9402392e-02   2.8246237e-02   2.7851984e-02   2.7785300e-02
  -3.6900000e+01  -2.8369059e-28  -1.0188371e-10   3.2922516e-05   4.7144334e-03   1.8738101e-02   2.6466289e-02   3.0009271e-02   2.9360058e-02   2.8246152e-02   2.7856808e-02   2.7787829e-02
  -3.6450000e+01  -2.2019275e-30  -1.0795618e-11   1.5495143e-05   3.6726080e-03   1.7150225e-02   2.5693302e-02   2.9805458e-02   2.9317230e-02   2.8245956e-02   2.7861567e-02   2.7790326e-02
  -3.6000000e+01  -5.5419813e-33  -7.2972646e-13   7.4146316e-06   2.8314949e-03   1.5644821e-02   2.4934959e-02   2.9602974e-02   2.9273947e-02   2.8245653e-02   2.7866261e-02   2.7792793e-02
  -3.5550000e+01  -2.8496176e-36  -2.5623695e-14   3.5862842e-06   2.1604925e-03   1.4224623e-02   2.4193110e-02   2.9402082e-02   2.9230247e-02   2.8245247e-02   2.7870891e-02   2.7795229e-02
  -3.5100000e+01  -1.3374367e-40   2.2449488e-15   1.7210482e-06   1.6314926e-03   1.2891413e-02   2.3469543e-02   2.9203038e-02   2.9186168e-02   2.8244742e-02   2.7875456e-02   2.7797634e-02
  -3.4650000e+01   3.1746032e-42   6.6797748e-16   8.0290504e-07   1.2193050e-03   1.1646085e-02   2.2765982e-02   2.9006091e-02   2.9141747e-02   2.8244142e-02   2.7879957e-02   2.7800008e-02
  -3.4200000e+01   9.5609818e-45   1.0401251e-16   3.5770137e-07   9.0184974e-04   1.0488721e-02   2.2084077e-02   2.8811480e-02   2.9097019e-02   2.8243451e-02   2.7884395e-02   2.7802351e-02
  -3.3750000e+01   8.6319285e-48   1.2747467e-17   1.4988486e-07   6.6016199e-04   9.4186754e-03   2.1425402e-02   2.8619435e-02   2.9052023e-02   2.8242673e-02   2.7888769e-02   2.7804663e-02
  -3.3300000e+01   2.2096044e-51   1.2270086e-18   5.8356031e-08   4.7825760e-04   8.4346661e-03   2.0791447e-02   2.8430179e-02   2.9006791e-02   2.8241812e-02   2.7893080e-02   2.7806944e-02
  -3.2850000e+01   3.1509174e-55   6.7720932e-20   2.1008702e-08   3.4290183e-04   7.5348720e-03   2.0183616e-02   2.8243923e-02   2.8961361e-02   2.8240871e-02   2.7897327e-02   2.7809194e-02
  -3.2400000e+01  -2.5872860e-59  -1.0011521e-21   7.0720461e-09   2.4331995e-04   6.7170301e-03   1.9603223e-02   2.8060870e-02   2.8915766e-02   2.8239854e-02   2.7901512e-02   2.7811414e-02
  -3.1950000e+01  -4.8662799e-62  -2.3786006e-22   2.3023329e-09   1.7088079e-04   5.9785341e-03   1.9051485e-02   2.7881212e-02   2.8870039e-02   2.8238765e-02   2.7905633e-02   2.7813603e-02
  -3.1500000e+01  -2.5718969e-65  -1.0291214e-23   7.5926468e-10   1.1877745e-04   5.3165307e-03   1.8529522e-02   2.7705131e-02   2.8824215e-02   2.8237608e-02   2.7909693e-02   2.7815761e-02
  -3.1050000e+01  -4.1741044e-69  -2.8681716e-25   2.6112044e-10   8.1722680e-05   4.7280127e-03   1.8038353e-02   2.7532800e-02   2.8778326e-02   2.8236385e-02   2.7913690e-02   2.7817888e-02
  -3.0600000e+01  -1.3418846e-73  -5.1051162e-27   9.2902537e-11   5.5670466e-05   4.2099065e-03   1.7578894e-02   2.7364379e-02   2.8732404e-02   2.8235102e-02   2.7917624e-02   2.7819984e-02
  -3.0150000e+01  -1.3197026e-78   3.4670466e-29   3.3140271e-11   3.7570370e-05   3.7591534e-03   1.7151954e-02   2.7200020e-02   2.8686481e-02   2.8233760e-02   2.7921497e-02   2.7822049e-02
  -2.9700000e+01   3.5840135e-82   9.4778310e-30   1.1482386e-11   2.5157463e-05   3.3727833e-03   1.6758238e-02   2.7039862e-02   2.8640587e-02   2.8232364e-02   2.7925309e-02   2.7824084e-02
  -2.9250000e+01   7.8829258e-86   6.2939342e-31   3.7725776e-12   1.6777713e-05   3.0479804e-03   1.6398341e-02   2.6884033e-02   2.8594754e-02   2.8230916e-02   2.7929058e-02   2.7826088e-02
  -2.8800000e+01   6.5250837e-90   3.1141411e-32   1.1543225e-12   1.1246934e-05   2.7821394e-03   1.6072749e-02   2.6732651e-02   2.8549012e-02   2.8229421e-02   2.7932747e-02   2.7828061e-02
  -2.8350000e+01   1.3355047e-94   1.2154950e-33   3.2487676e-13   7.7403148e-06   2.5729128e-03   1.5781842e-02   2.6585823e-02   2.8503390e-02   2.8227881e-02   2.7936374e-02   2.7830003e-02
  -2.7900000e+01   1.3703916e-99   2.9120769e-35   8.6611429e-14   5.7091455e-06   2.4182478e-03   1.5525888e-02   2.6443642e-02   2.8457916e-02   2.8226300e-02   2.7939940e-02   2.7831914e-02
  -2.7450000e+01  4.4681556e-107   5.7562818e-38   3.6184419e-14   4.8214799e-06   2.3164142e-03   1.5305050e-02   2.6306192e-02   2.8412620e-02   2.8224680e-02   2.7943446e-02   2.7833795e-02
  -2.7000000e+01   2.5643537e-99   3.1083180e-35   7.4370413e-14   4.9239181e-06   2.2660212e-03   1.5119381e-02   2.6173546e-02   2.8367530e-02   2.8223025e-02   2.7946891e-02   2.7835645e-02
  -2.6550000e+01   3.2525471e-94   1.1245959e-33   2.6908185e-13   6.0223874e-06   2.2660254e-03   1.4968830e-02   2.6045763e-02   2.8322672e-02   2.8221338e-02   2.7950276e-02   2.7837464e-02
  -2.6100000e+01   1.0768548e-89   2.7441961e-32   9.3554330e-13   8.2806076e-06   2.3157286e-03   1.4853242e-02   2.5922894e-02   2.8278073e-02   2.8219622e-02   2.7953600e-02   2.7839253e-02
  -2.5650000e+01   7.0988014e-86   5.3292820e-31   3.0026344e-12   1.2035767e-05   2.4147659e-03   1.4772359e-02   2.5804975e-02   2.8233760e-02   2.8217880e-02   2.7956864e-02   2.7841011e-02
  -2.5200000e+01   2.6565088e-82   7.2618014e-30   9.0072838e-12   1.7831725e-05   2.5630854e-03   1.4725821e-02   2.5692034e-02   2.8189758e-02   2.8216114e-02   2.7960069e-02   2.7842738e-02
  -2.4750000e+01  -2.7546329e-78  -1.5664696e-29   2.5743840e-11   2.6470739e-05   2.7609188e-03   1.4713176e-02   2.5584086e-02   2.8146093e-02   2.8214328e-02   2.7963213e-02   2.7844434e-02
  -2.4300000e+01  -2.0359994e-73  -6.3295801e-27   7.1978521e-11   3.9085141e-05   3.0087439e-03   1.4733872e-02   2.5481135e-02   2.8102789e-02   2.8212525e-02   2.7966298e-02   2.7846100e-02
  -2.3850000e+01  -9.4827462e-69  -3.1915776e-25   2.0373938e-10   5.7230611e-05   3.3072396e-03   1.4787269e-02   2.5383174e-02   2.8059871e-02   2.8210706e-02   2.7969324e-02   2.7847735e-02
  -2.3400000e+01  -3.8111164e-64  -1.1060731e-23   6.0134700e-10   8.3002412e-05   3.6572344e-03   1.4872637e-02   2.5290186e-02   2.8017362e-02   2.8208875e-02   2.7972290e-02   2.7849339e-02
  -2.2950000e+01  -1.1401447e-59  -2.3531350e-22   1.8493411e-09   1.1917531e-04   4.0596482e-03   1.4989162e-02   2.5202143e-02   2.7975285e-02   2.8207035e-02   2.7975198e-02   2.7850913e-02
  -2.2500000e+01   6.0962754e-61   2.6428423e-22   5.7047563e-09   1.6936657e-04   4.5154297e-03   1.5135951e-02   2.5119007e-02   2.7933663e-02   2.8205187e-02   2.7978046e-02   2.7852455e-02
  -2.2050000e+01   1.6705367e-52   8.0630884e-20   1.6831870e-08   2.3821958e-04   5.0254895e-03   1.5312033e-02   2.5040729e-02   2.7892518e-02   2.8203335e-02   2.7980836e-02   2.7853968e-02
  -2.1600000e+01   8.1827912e-50   1.1696157e-18   4.6135095e-08   3.3160294e-04   5.5906300e-03   1.5516363e-02   2.4967250e-02   2.7851872e-02   2.8201481e-02   2.7983566e-02   2.7855449e-02
  -2.1150000e+01   2.9875814e-47   1.1221393e-17   1.1672959e-07   4.5681666e-04   6.2114742e-03   1.5747830e-02   2.4898503e-02   2.7811745e-02   2.8199627e-02   2.7986239e-02   2.7856900e-02
  -2.0700000e+01   9.5495978e-45   8.7378746e-17   2.7473347e-07   6.2279320e-04   6.8883944e-03   1.6005260e-02   2.4834411e-02   2.7772159e-02   2.8197776e-02   2.7988853e-02   2.7858321e-02
  -2.0250000e+01   2.4076493e-42   5.2219107e-16   6.0961574e-07   8.4027660e-04   7.6214412e-03   1.6287416e-02   2.4774887e-02   2.7733133e-02   2.8195931e-02   2.7991409e-02   2.7859710e-02
  -1.9800000e+01  -8.8006742e-40   1.0705773e-15   1.2958111e-06   1.1219587e-03   8.4102772e-03   1.6593010e-02   2.4719836e-02   2.7694687e-02   2.8194092e-02   2.7993906e-02   2.7861069e-02
  -1.9350000e+01  -5.0091057e-36  -3.4992337e-14   2.6883146e-06   1.4825468e-03   9.2541136e-03   1.6920703e-02   2.4669156e-02   2.7656840e-02   2.8192263e-02   2.7996346e-02   2.7862398e-02
  -1.8900000e+01  -1.1363162e-32  -8.0684513e-13   5.5593338e-06   1.9387343e-03   1.0151654e-02   1.7269111e-02   2.4622736e-02   2.7619611e-02   2.8190446e-02   2.7998728e-02   2.7863695e-02
  -1.8450000e+01  -5.0305047e-30  -1.1325490e-11   1.1662148e-05   2.5090443e-03   1.1101048e-02   1.7636810e-02   2.4580457e-02   2.7583018e-02   2.8188643e-02   2.8001052e-02   2.7864963e-02
  -1.8000000e+01  -5.7917264e-28  -9.7616061e-11   2.4865933e-05   3.2135151e-03   1.2099849e-02   1.8022341e-02   2.4542194e-02   2.7547078e-02   2.8186856e-02   2.8003318e-02   2.7866199e-02
  -1.7550000e+01  -1.0055935e-26  -4.4840684e-11   5.2836297e-05   4.0732038e-03   1.3144991e-02   1.8424213e-02   2.4507815e-02   2.7511809e-02   2.8185087e-02   2.8005527e-02   2.7867405e-02
  -1.7100000e+01   1.8155169e-23   4.7869592e-09   1.0855082e-04   5.1094883e-03   1.4232770e-02   1.8840913e-02   2.4477182e-02   2.7477227e-02   2.8183337e-02   2.8007678e-02   2.7868580e-02
  -1.6650000e+01   7.2222716e-21   2.9755784e-08   2.1082726e-04   6.3431610e-03   1.5358850e-02   1.9270904e-02   2.4450152e-02   2.7443349e-02   2.8181610e-02   2.8009773e-02   2.7869725e-02
  -1.6200000e+01   1.4423525e-18   1.1648870e-07   3.8437750e-04   7.7933216e-03   1.6518269e-02   1.9712635e-02   2.4426576e-02   2.7410190e-02   2.8179906e-02   2.8011810e-02   2.7870839e-02
  -1.5750000e+01   7.1556536e-17   3.7305903e-07   6.6097838e-04   9.4760943e-03   1.7705475e-02   2.0164544e-02   2.4406300e-02   2.7377765e-02   2.8178228e-02   2.8013790e-02   2.7871923e-02
  -1.5300000e+01   1.4081578e-15   9.9440158e-07   1.0829193e-03   1.1403216e-02   1.8914370e-02   2.0625063e-02   2.4389167e-02   2.7346090e-02   2.8176577e-02   2.8015713e-02   2.7872976e-02
  -1.4850000e+01  -3.4666944e-15   1.8322670e-06   1.7099625e-03   1.3580557e-02   2.0138369e-02   2.1092621e-02   2.4375016e-02   2.7315178e-02   2.8174955e-02   2.8017579e-02   2.7873998e-02
  -1.4400000e+01  -5.3614766e-12  -1.2031179e-06   2.6326230e-03   1.6006672e-02   2.1370480e-02   2.1565652e-02   2.4363682e-02   2.7285045e-02   2.8173364e-02   2.8019389e-02   2.7874990e-02
  -1.3950000e+01  -7.0222833e-10  -3.5825853e-05   3.9947674e-03   1.8671462e-02   2.2603392e-02   2.2042595e-02   2.4354998e-02   2.7255702e-02   2.8171805e-02   2.8021142e-02   2.7875952e-02
  -1.3500000e+01  -1.7748446e-08  -2.2659540e-04   6.0203497e-03   2.1555092e-02   2.3829579e-02   2.2521901e-02   2.4348796e-02   2.7227163e-02   2.8170280e-02   2.8022838e-02   2.7876882e-02
  -1.3050000e+01  -1.3717479e-07  -8.0693150e-04   9.0149863e-03   2.4627255e-02   2.5041414e-02   2.3002039e-02   2.4344904e-02   2.7199441e-02   2.8168791e-02   2.8024478e-02   2.7877782e-02
  -1.2600000e+01  -2.8626407e-07  -2.5066821e-04   1.3290534e-02   2.7846909e-02   2.6231291e-02   2.3481496e-02   2.4343152e-02   2.7172548e-02   2.8167338e-02   2.8026061e-02   2.7878652e-02
  -1.2150000e+01   1.5322048e-05   6.7491422e-03   1.9007749e-02   3.1162577e-02   2.7391753e-02   2.3958780e-02   2.4343368e-02   2.7146495e-02   2.8165924e-02   2.8027589e-02   2.7879491e-02
  -1.1700000e+01   4.3923311e-04   1.8003140e-02   2.6057392e-02   3.4513260e-02   2.8515624e-02   2.4432430e-02   2.4345379e-02   2.7121293e-02   2.8164549e-02   2.8029059e-02   2.7880300e-02
  -1.1250000e+01   7.0759520e-03   2.9452639e-02   3.4108545e-02   3.7830008e-02   2.9596136e-02   2.4901013e-02   2.4349016e-02   2.7096954e-02   2.8163215e-02   2.8030474e-02   2.7881078e-02
  -1.0800000e+01   3.2769012e-02   4.0607653e-02   4.2764776e-02   4.1038093e-02   3.0627061e-02   2.5363129e-02   2.4354107e-02   2.7073488e-02   2.8161923e-02   2.8031833e-02   2.7881825e-02
  -1.0350000e+01   5.0475009e-02   5.1597056e-02   5.1673719e-02   4.4059739e-02   3.1602823e-02   2.5817418e-02   2.4360486e-02   2.7050904e-02   2.8160675e-02   2.8033136e-02   2.7882542e-02
  -9.9000000e+00   6.2151764e-02   6.2522230e-02   6.0539019e-02   4.6817262e-02   3.2518612e-02   2.6262556e-02   2.4367985e-02   2.7029212e-02   2.8159471e-02   2.8034382e-02   2.7883228e-02
  -9.4500000e+00   7.4205991e-02   7.3467611e-02   6.9073204e-02   4.9236482e-02   3.3370474e-02   2.6697262e-02   2.4376443e-02   2.7008422e-02   2.8158313e-02   2.8035573e-02   2.7883884e-02
  -9.0000000e+00   9.5078592e-02   8.4554557e-02   7.6927439e-02   5.1250206e-02   3.4155387e-02   2.7120301e-02   2.4385698e-02   2.6988541e-02   2.8157202e-02   2.8036708e-02   2.7884510e-02
  -8.5500000e+00   1.1701311e-01   9.6037530e-02   8.3619114e-02   5.2801572e-02   3.4871321e-02   2.7530483e-02   2.4395596e-02   2.6969579e-02   2.8156139e-02   2.8037788e-02   2.7885104e-02
  -8.1000000e+00   1.1994735e-01   1.0817279e-01   8.8507405e-02   5.3847059e-02   3.5517268e-02   2.7926667e-02   2.4405984e-02   2.6951542e-02   2.8155124e-02   2.8038811e-02   2.7885669e-02
  -7.6500000e+00   1.2007035e-01   1.1796530e-01   9.0914079e-02   5.4358944e-02   3.6093255e-02   2.8307763e-02   2.4416716e-02   2.6934439e-02   2.8154159e-02   2.8039779e-02   2.7886203e-02
  -7.2000000e+00   1.2006371e-01   1.1546840e-01   9.0417758e-02   5.4327072e-02   3.6600328e-02   2.8672733e-02   2.4427648e-02   2.6918276e-02   2.8153244e-02   2.8040692e-02   2.7886706e-02
  -6.7500000e+00   1.1978912e-01   1.0405544e-01   8.7109596e-02   5.3759788e-02   3.7040513e-02   2.9020594e-02   2.4438646e-02   2.6903060e-02   2.8152381e-02   2.8041549e-02   2.7887179e-02
  -6.3000000e+00   1.1489432e-01   9.2137075e-02   8.1534099e-02   5.2683998e-02   3.7416754e-02   2.9350416e-02   2.4449579e-02   2.6888797e-02   2.8151570e-02   2.8042350e-02   2.7887621e-02
  -5.8500000e+00   9.0263299e-02   8.0800803e-02   7.4383931e-02   5.1144332e-02   3.7732817e-02   2.9661326e-02   2.4460323e-02   2.6875492e-02   2.8150812e-02   2.8043096e-02   2.7888033e-02
  -5.4000000e+00   7.0963673e-02   6.9747668e-02   6.6252785e-02   4.9201501e-02   3.7993191e-02   2.9952509e-02   2.4470761e-02   2.6863152e-02   2.8150107e-02   2.8043786e-02   2.7888414e-02
  -4.9500000e+00   5.9029308e-02   5.8794585e-02   5.7573322e-02   4.6929929e-02   3.8202951e-02   3.0223206e-02   2.4480783e-02   2.6851781e-02   2.8149457e-02   2.8044421e-02   2.7888764e-02
  -4.5000000e+00   4.6900571e-02   4.7832945e-02   4.8666591e-02   4.4414833e-02   3.8367614e-02   3.0472718e-02   2.4490288e-02   2.6841383e-02   2.8148861e-02   2.8045001e-02   2.7889085e-02
  -4.0500000e+00   2.6099055e-02   3.6756224e-02   3.9816765e-02   4.1748923e-02   3.8492986e-02   3.0700406e-02   2.4499179e-02   2.6831963e-02   2.8148320e-02   2.8045526e-02   2.7889374e-02
  -3.6000000e+00   3.4804528e-03   2.5423411e-02   3.1336043e-02   3.9028895e-02   3.8584994e-02   3.0905689e-02   2.4507372e-02   2.6823525e-02   2.8147835e-02   2.8045995e-02   2.7889634e-02
  -3.1500000e+00   1.5663719e-04   1.3798046e-02   2.3597678e-02   3.6351898e-02   3.8649515e-02   3.1088047e-02   2.4514788e-02   2.6816072e-02   2.8147406e-02   2.8046409e-02   2.7889862e-02
  -2.7000000e+00   3.4175023e-06   3.4540737e-03   1.6995432e-02   3.3812138e-02   3.8692213e-02   3.1247022e-02   2.4521357e-02   2.6809606e-02   2.8147033e-02   2.8046768e-02   2.7890061e-02
  -2.2500000e+00  -2.7300850e-07  -8.0911247e-04   1.1809686e-02   3.1497730e-02   3.8718377e-02   3.1382215e-02   2.4527019e-02   2.6804131e-02   2.8146717e-02   2.8047071e-02   2.7890228e-02
  -1.8000000e+00  -5.5196585e-08  -5.4190854e-04   8.0728687e-03   2.9487913e-02   3.8732763e-02   3.1493288e-02   2.4531723e-02   2.6799648e-02   2.8146459e-02   2.8047319e-02   2.7890366e-02
  -1.3500000e+00  -5.6938452e-09  -1.2570690e-04   5.5807218e-03   2.7850676e-02   3.8739468e-02   3.1579964e-02   2.4535425e-02   2.6796160e-02   2.8146257e-02   2.8047512e-02   2.7890472e-02
  -9.0000000e-01  -1.8888264e-10  -1.5702407e-05   4.0408931e-03   2.6640839e-02   3.8741806e-02   3.1642030e-02   2.4538094e-02   2.6793667e-02   2.8146113e-02   2.8047650e-02   2.7890549e-02
  -4.5000000e-01  -1.3257059e-12   1.9330491e-06   3.2110277e-03   2.5898582e-02   3.8742214e-02   3.1679331e-02   2.4539704e-02   2.6792171e-02   2.8146027e-02   2.8047733e-02   2.7890594e-02
   0.0000000e+00   2.0360831e-14   3.3791962e-06   2.9493426e-03   2.5648418e-02   3.8742182e-02   3.1691774e-02   2.4540243e-02   2.6791672e-02   2.8145998e-02   2.8047761e-02   2.7890610e-02
   4.5000000e-01  -1.3257059e-12   1.9330491e-06   3.2110277e-03   2.5898582e-02   3.8742214e-02   3.1679331e-02   2.4539704e-02   2.6792171e-02   2.8146027e-02   2.8047733e-02   2.7890594e-02
   9.0000000e-01  -1.8888264e-10  -1.5702407e-05   4.0408931e-03   2.6640839e-02   3.8741806e-02   3.1642030e-02   2.4538094e-02   2.6793667e-02   2.8146113e-02   2.8047650e-02   2.7890549e-02
   1.3500000e+00  -5.6938452e-09  -1.2570690e-04   5.5807218e-03   2.7850676e-02   3.8739468e-02   3.1579964e-02   2.4535425e-02   2.6796160e-02   2.8146257e-02   2.8047512e-02   2.7890472e-02
   1.8000000e+00  -5.5196585e-08  -5.4190854e-04   8.0728687e-03   2.9487913e-02   3.8732763e-02   3.1493288e-02   2.4531723e-02   2.6799648e-02   2.8146459e-02   2.8047319e-02   2.7890366e-02
   2.2500000e+00  -2.7300850e-07  -8.0911247e-04   1.1809686e-02   3.1497730e-02   3.8718377e-02   3.1382215e-02   2.4527019e-02   2.6804131e-02   2.8146717e-02   2.8047071e-02   2.7890228e-02
   2.7000000e+00   3.4175023e-06   3.4540737e-03   1.6995432e-02   3.3812138e-02   3.8692213e-02   3.1247022e-02   2.4521357e-02   2.6809606e-02   2.8147033e-02   2.8046768e-02   2.7890061e-02
   3.1500000e+00   1.5663719e-04   1.3798046e-02   2.3597678e-02   3.6351898e-02   3.8649515e-02   3.1088047e-02   2.4514788e-02   2.6816072e-02   2.8147406e-02   2.8046409e-02   2.7889862e-02
   3.6000000e+00   3.4804528e-03   2.5423411e-02   3.1336043e-02   3.9028895e-02   3.8584994e-02   3.0905689e-02   2.4507372e-02   2.6823525e-02   2.8147835e-02   2.8045995e-02   2.7889634e-02
   4.0500000e+00   2.6099055e-02   3.6756224e-02   3.9816765e-02   4.1748923e-02   3.8492986e-02   3.0700406e-02   2.4499179e-02   2.6831963e-02   2.8148320e-02   2.8045526e-02   2.7889374e-02
   4.5000000e+00   4.6900571e-02   4.7832945e-02   4.8666591e-02   4.4414833e-02   3.8367614e-02   3.0472718e-02   2.4490288e-02   2.6841383e-02   2.8148861e-02   2.8045001e-02   2.7889085e-02
   4.9500000e+00   5.9029308e-02   5.8794585e-02   5.7573322e-02   4.6929929e-02   3.8202951e-02   3.0223206e-02   2.4480783e-02   2.6851781e-02   2.8149457e-02   2.8044421e-02   2.7888764e-02
   5.4000000e+00   7.0963673e-02   6.9747668e-02   6.6252785e-02   4.9201501e-02   3.7993191e-02   2.9952509e-02   2.4470761e-02   2.6863152e-02   2.8150107e-02   2.8043786e-02   2.7888414e-02
   5.8500000e+00   9.0263299e-02   8.0800803e-02   7.4383931e-02   5.1144332e-02   3.7732817e-02   2.9661326e-02   2.4460323e-02   2.6875492e-02   2.8150812e-02   2.8043096e-02   2.7888033e-02
   6.3000000e+00   1.1489432e-01   9.2137075e-02   8.1534099e-02   5.2683998e-02   3.7416754e-02   2.9350416e-02   2.4449579e-02   2.6888797e-02   2.8151570e-02   2.8042350e-02   2.7887621e-02
   6.7500000e+00   1.1978912e-01   1.0405544e-01   8.7109596e-02   5.3759788e-02   3.7040513e-02   2.9020594e-02   2.4438646e-02   2.6903060e-02   2.8152381e-02   2.8041549e-02   2.7887179e-02
   7.2000000e+00   1.2006371e-01   1.1546840e-01   9.0417758e-02   5.4327072e-02   3.6600328e-02   2.8672733e-02   2.4427648e-02   2.6918276e-02   2.8153244e-02   2.8040692e-02   2.7886706e-02
   7.6500000e+00   1.2007035e-01   1.1796530e-01   9.0914079e-02   5.4358944e-02   3.6093255e-02   2.8307763e-02   2.4416716e-02   2.6934439e-02   2.8154159e-02   2.8039779e-02   2.7886203e-02
   8.1000000e+00   1.1994735e-01   1.0817279e-01   8.8507405e-02   5.3847059e-02   3.5517268e-02   2.7926667e-02   2.4405984e-02   2.6951542e-02   2.8155124e-02   2.8038811e-02   2.7885669e-02
   8.5500000e+00   1.1701311e-01   9.6037530e-02   8.3619114e-02   5.2801572e-02   3.4871321e-02   2.7530483e-02   2.4395596e-02   2.6969579e-02   2.8156139e-02   2.8037788e-02   2.7885104e-02
   9.0000000e+00   9.5078592e-02   8.4554557e-02   7.6927439e-02   5.1250206e-02   3.4155387e-02   2.7120301e-02   2.4385698e-02   2.6988541e-02   2.8157202e-02   2.8036708e-02   2.7884510e-02
   9.4500000e+00   7.4205991e-02   7.3467611e-02   6.9073204e-02   4.9236482e-02   3.3370474e-02   2.6697262e-02   2.4376443e-02   2.7008422e-02   2.8158313e-02   2.8035573e-02   2.7883884e-02
   9.9000000e+00   6.2151764e-02   6.2522230e-02   6.0539019e-02   4.6817262e-02   3.2518612e-02   2.6262556e-02   2.4367985e-02   2.7029212e-02   2.8159471e-02   2.8034382e-02   2.7883228e-02
   1.0350000e+01   5.0475009e-02   5.1597056e-02   5.1673719e-02   4.4059739e-02   3.1602823e-02   2.5817418e-02   2.4360486e-02   2.7050904e-02   2.8160675e-02   2.8033136e-02   2.7882542e-02
   1.0800000e+01   3.2769012e-02   4.0607653e-02   4.2764776e-02   4.1038093e-02   3.0627061e-02   2.5363129e-02   2.4354107e-02   2.7073488e-02   2.8161923e-02   2.8031833e-02   2.7881825e-02
   1.1250000e+01   7.0759520e-03   2.9452639e-02   3.4108545e-02   3.7830008e-02   2.9596136e-02   2.4901013e-02   2.4349016e-02   2.7096954e-02   2.8163215e-02   2.8030474e-02   2.7881078e-02
   1.1700000e+01   4.3923311e-04   1.8003140e-02   2.6057392e-02   3.4513260e-02   2.8515624e-02   2.4432430e-02   2.4345379e-02   2.7121293e-02   2.8164549e-02   2.8029059e-02   2.7880300e-02
   1.2150000e+01   1.5322048e-05   6.7491422e-03   1.9007749e-02   3.1162577e-02   2.7391753e-02   2.3958780e-02   2.4343368e-02   2.7146495e-02   2.8165924e-02   2.8027589e-02   2.7879491e-02
   1.2600000e+01  -2.8626407e-07  -2.5066821e-04   1.3290534e-02   2.7846909e-02   2.6231291e-02   2.3481496e-02   2.4343152e-02   2.7172548e-02   2.8167338e-02   2.8026061e-02   2.7878652e-02
   1.3050000e+01  -1.3717479e-07  -8.0693150e-04   9.0149863e-03   2.4627255e-02   2.5041414e-02   2.3002039e-02   2.4344904e-02   2.7199441e-02   2.8168791e-02   2.8024478e-02   2.7877782e-02
   1.3500000e+01  -1.7748446e-08  -2.2659540e-04   6.0203497e-03   2.1555092e-02   2.3829579e-02   2.2521901e-02   2.4348796e-02   2.7227163e-02   2.8170280e-02   2.8022838e-02   2.7876882e-02
   1.3950000e+01  -7.0222833e-10  -3.5825853e-05   3.9947674e-03   1.8671462e-02   2.2603392e-02   2.2042595e-02   2.4354998e-02   2.7255702e-02   2.8171805e-02   2.8021142e-02   2.7875952e-02
   1.4400000e+01  -5.3614766e-12  -1.2031179e-06   2.6326230e-03   1.6006672e-02   2.1370480e-02   2.1565652e-02   2.4363682e-02   2.7285045e-02   2.8173364e-02   2.8019389e-02   2.7874990e-02
   1.4850000e+01  -3.4666944e-15   1.8322670e-06   1.7099625e-03   1.3580557e-02   2.0138369e-02   2.1092621e-02   2.4375016e-02   2.7315178e-02   2.8174955e-02   2.8017579e-02   2.7873998e-02
   1.5300000e+01   1.4081578e-15   9.9440158e-07   1.0829193e-03   1.1403216e-02   1.8914370e-02   2.0625063e-02   2.4389167e-02   2.7346090e-02   2.8176577e-02   2.8015713e-02   2.7872976e-02
   1.5750000e+01   7.1556536e-17   3.7305903e-07   6.6097838e-04   9.4760943e-03   1.7705475e-02   2.0164544e-02   2.4406300e-02   2.7377765e-02   2.8178228e-02   2.8013790e-02   2.7871923e-02
   1.6200000e+01   1.4423525e-18   1.1648870e-07   3.8437750e-04   7.7933216e-03   1.6518269e-02   1.9712635e-02   2.4426576e-02   2.7410190e-02   2.8179906e-02   2.8011810e-02   2.7870839e-02
   1.6650000e+01   7.2222716e-21   2.9755784e-08   2.1082726e-04   6.3431610e-03   1.5358850e-02   1.9270904e-02   2.4450152e-02   2.7443349e-02   2.8181610e-02   2.8009773e-02   2.7869725e-02
   1.7100000e+01   1.8155169e-23   4.7869592e-09   1.0855082e-04   5.1094883e-03   1.4232770e-02   1.8840913e-02   2.4477182e-02   2.7477227e-02   2.8183337e-02   2.8007678e-02   2.7868580e-02
   1.7550000e+01  -1.0055935e-26  -4.4840684e-11   5.2836297e-05   4.0732038e-03   1.3144991e-02   1.8424213e-02   2.4507815e-02   2.7511809e-02   2.8185087e-02   2.8005527e-02   2.7867405e-02
   1.8000000e+01  -5.7917264e-28  -9.7616061e-11   2.4865933e-05   3.2135151e-03   1.2099849e-02   1.8022341e-02   2.4542194e-02   2.7547078e-02   2.8186856e-02   2.8003318e-02   2.7866199e-02
   1.8450000e+01  -5.0305047e-30  -1.1325490e-11   1.1662148e-05   2.5090443e-03   1.1101048e-02   1.7636810e-02   2.4580457e-02   2.7583018e-02   2.8188643e-02   2.8001052e-02   2.7864963e-02
   1.8900000e+01  -1.1363162e-32  -8.0684513e-13   5.5593338e-06   1.9387343e-03   1.0151654e-02   1.7269111e-02   2.4622736e-02   2.7619611e-02   2.8190446e-02   2.7998728e-02   2.7863695e-02
   1.9350000e+01  -5.0091057e-36  -3.4992337e-14   2.6883146e-06   1.4825468e-03   9.2541136e-03   1.6920703e-02   2.4669156e-02   2.7656840e-02   2.8192263e-02   2.7996346e-02   2.7862398e-02
   1.9800000e+01  -8.8006742e-40   1.0705773e-15   1.2958111e-06   1.1219587e-03   8.4102772e-03   1.6593010e-02   2.4719836e-02   2.7694687e-02   2.8194092e-02   2.7993906e-02   2.7861069e-02
   2.0250000e+01   2.4076493e-42   5.2219107e-16   6.0961574e-07   8.4027660e-04   7.6214412e-03   1.6287416e-02   2.4774887e-02   2.7733133e-02   2.8195931e-02   2.7991409e-02   2.7859710e-02
   2.0700000e+01   9.5495978e-45   8.7378746e-17   2.7473347e-07   6.2279320e-04   6.8883944e-03   1.6005260e-02   2.4834411e-02   2.7772159e-02   2.8197776e-02   2.7988853e-02   2.7858321e-02
   2.1150000e+01   2.9875814e-47   1.1221393e-17   1.1672959e-07   4.5681666e-04   6.2114742e-03   1.5747830e-02   2.4898503e-02   2.7811745e-02   2.8199627e-02   2.7986239e-02   2.7856900e-02
   2.1600000e+01   8.1827912e-50   1.1696157e-18   4.6135095e-08   3.3160294e-04   5.5906300e-03   1.5516363e-02   2.4967250e-02   2.7851872e-02   2.8201481e-02   2.7983566e-02   2.7855449e-02
   2.2050000e+01   1.6705367e-52   8.0630884e-20   1.6831870e-08   2.3821958e-04   5.0254895e-03   1.5312033e-02   2.5040729e-02   2.7892518e-02   2.8203335e-02   2.7980836e-02   2.7853968e-02
   2.2500000e+01   6.0962754e-61   2.6428423e-22   5.7047563e-09   1.6936657e-04   4.5154297e-03   1.5135951e-02   2.5119007e-02   2.7933663e-02   2.8205187e-02   2.7978046e-02   2.7852455e-02
   2.2950000e+01  -1.1401447e-59  -2.3531350e-22   1.8493411e-09   1.1917531e-04   4.0596482e-03   1.4989162e-02   2.5202143e-02   2.7975285e-02   2.8207035e-02   2.7975198e-02   2.7850913e-02
   2.3400000e+01  -3.8111164e-64  -1.1060731e-23   6.0134700e-10   8.3002412e-05   3.6572344e-03   1.4872637e-02   2.5290186e-02   2.8017362e-02   2.8208875e-02   2.7972290e-02   2.7849339e-02
   2.3850000e+01  -9.4827462e-69  -3.1915776e-25   2.0373938e-10   5.7230611e-05   3.3072396e-03   1.4787269e-02   2.5383174e-02   2.8059871e-02   2.8210706e-02   2.7969324e-02   2.7847735e-02
   2.4300000e+01  -2.0359994e-73  -6.3295801e-27   7.1978521e-11   3.9085141e-05   3.0087439e-03   1.4733872e-02   2.5481135e-02   2.8102789e-02   2.8212525e-02   2.7966298e-02   2.7846100e-02
   2.4750000e+01  -2.7546329e-78  -1.5664696e-29   2.5743840e-11   2.6470739e-05   2.7609188e-03   1.4713176e-02   2.5584086e-02   2.8146093e-02   2.8214328e-02   2.7963213e-02   2.7844434e-02
   2.5200000e+01   2.6565088e-82   7.2618014e-30   9.0072838e-12   1.7831725e-05   2.5630854e-03   1.4725821e-02   2.5692034e-02   2.8189758e-02   2.8216114e-02   2.7960069e-02   2.7842738e-02
   2.5650000e+01   7.0988014e-86   5.3292820e-31   3.0026344e-12   1.2035767e-05   2.4147659e-03   1.4772359e-02   2.5804975e-02   2.8233760e-02   2.8217880e-02   2.7956864e-02   2.7841011e-02
   2.6100000e+01   1.0768548e-89   2.7441961e-32   9.3554330e-13   8.2806076e-06   2.3157286e-03   1.4853242e-02   2.5922894e-02   2.8278073e-02   2.8219622e-02   2.7953600e-02   2.7839253e-02
   2.6550000e+01   3.2525471e-94   1.1245959e-33   2.6908185e-13   6.0223874e-06   2.2660254e-03   1.4968830e-02   2.6045763e-02   2.8322672e-02   2.8221338e-02   2.7950276e-02   2.7837464e-02
   2.7000000e+01   2.5643537e-99   3.1083180e-35   7.4370413e-14   4.9239181e-06   2.2660212e-03   1.5119381e-02   2.6173546e-02   2.8367530e-02   2.8223025e-02   2.7946891e-02   2.7835645e-02
   2.7450000e+01  4.4681556e-107   5.7562818e-38   3.6184419e-14   4.8214799e-06   2.3164142e-03   1.5305050e-02   2.6306192e-02   2.8412620e-02   2.8224680e-02   2.7943446e-02   2.7833795e-02
   2.7900000e+01   1.3703916e-99   2.9120769e-35   8.6611429e-14   5.7091455e-06   2.4182478e-03   1.5525888e-02   2.6443642e-02   2.8457916e-02   2.8226300e-02   2.7939940e-02   2.7831914e-02
   2.8350000e+01   1.3355047e-94   1.2154950e-33   3.2487676e-13   7.7403148e-06   2.5729128e-03   1.5781842e-02   2.6585823e-02   2.8503390e-02   2.8227881e-02   2.7936374e-02   2.7830003e-02
   2.8800000e+01   6.5250837e-90   3.1141411e-32   1.1543225e-12   1.1246934e-05   2.7821394e-03   1.6072749e-02   2.6732651e-02   2.8549012e-02   2.8229421e-02   2.7932747e-02   2.7828061e-02
   2.9250000e+01   7.8829258e-86   6.2939342e-31   3.7725776e-12   1.6777713e-05   3.0479804e-03   1.6398341e-02   2.6884033e-02   2.8594754e-02   2.8230916e-02   2.7929058e-02   2.7826088e-02
   2.9700000e+01   3.5840135e-82   9.4778310e-30   1.1482386e-11   2.5157463e-05   3.3727833e-03   1.6758238e-02   2.7039862e-02   2.8640587e-02   2.8232364e-02   2.7925309e-02   2.7824084e-02
   3.0150000e+01  -1.3197026e-78   3.4670466e-29   3.3140271e-11   3.7570370e-05   3.7591534e-03   1.7151954e-02   2.7200020e-02   2.8686481e-02   2.8233760e-02   2.7921497e-02   2.7822049e-02
   3.0600000e+01  -1.3418846e-73  -5.1051162e-27   9.2902537e-11   5.5670466e-05   4.2099065e-03   1.7578894e-02   2.7364379e-02   2.8732404e-02   2.8235102e-02   2.7917624e-02   2.7819984e-02
   3.1050000e+01  -4.1741044e-69  -2.8681716e-25   2.6112044e-10   8.1722680e-05   4.7280127e-03   1.8038353e-02   2.7532800e-02   2.8778326e-02   2.8236385e-02   2.7913690e-02   2.7817888e-02
   3.1500000e+01  -2.5718969e-65  -1.0291214e-23   7.5926468e-10   1.1877745e-04   5.3165307e-03   1.8529522e-02   2.7705131e-02   2.8824215e-02   2.8237608e-02   2.7909693e-02   2.7815761e-02
   3.1950000e+01  -4.8662799e-62  -2.3786006e-22   2.3023329e-09   1.7088079e-04   5.9785341e-03   1.9051485e-02   2.7881212e-02   2.8870039e-02   2.8238765e-02   2.7905633e-02   2.7813603e-02
   3.2400000e+01  -2.5872860e-59  -1.0011521e-21   7.0720461e-09   2.4331995e-04   6.7170301e-03   1.9603223e-02   2.8060870e-02   2.8915766e-02   2.8239854e-02   2.7901512e-02   2.7811414e-02
   3.2850000e+01   3.1509174e-55   6.7720932e-20   2.1008702e-08   3.4290183e-04   7.5348720e-03   2.0183616e-02   2.8243923e-02   2.8961361e-02   2.8240871e-02   2.7897327e-02   2.7809194e-02
   3.3300000e+01   2.2096044e-51   1.2270086e-18   5.8356031e-08   4.7825760e-04   8.4346661e-03   2.0791447e-02   2.8430179e-02   2.9006791e-02   2.8241812e-02   2.7893080e-02   2.7806944e-02
   3.3750000e+01   8.6319285e-48   1.2747467e-17   1.4988486e-07   6.6016199e-04   9.4186754e-03   2.1425402e-02   2.8619435e-02   2.9052023e-02   2.8242673e-02   2.7888769e-02   2.7804663e-02
   3.4200000e+01   9.5609818e-45   1.0401251e-16   3.5770137e-07   9.0184974e-04   1.0488721e-02   2.2084077e-02   2.8811480e-02   2.9097019e-02   2.8243451e-02   2.7884395e-02   2.7802351e-02
   3.4650000e+01   3.1746032e-42   6.6797748e-16   8.0290504e-07   1.2193050e-03   1.1646085e-02   2.2765982e-02   2.9006091e-02   2.9141747e-02   2.8244142e-02   2.7879957e-02   2.7800008e-02
   3.5100000e+01  -1.3374367e-40   2.2449488e-15   1.7210482e-06   1.6314926e-03   1.2891413e-02   2.3469543e-02   2.9203038e-02   2.9186168e-02   2.8244742e-02   2.7875456e-02   2.7797634e-02
   3.5550000e+01  -2.8496176e-36  -2.5623695e-14   3.5862842e-06   2.1604925e-03   1.4224623e-02   2.4193110e-02   2.9402082e-02   2.9230247e-02   2.8245247e-02   2.7870891e-02   2.7795229e-02
   3.6000000e+01  -5.5419813e-33  -7.2972646e-13   7.4146316e-06   2.8314949e-03   1.5644821e-02   2.4934959e-02   2.9602974e-02   2.9273947e-02   2.8245653e-02   2.7866261e-02   2.7792793e-02
   3.6450000e+01  -2.2019275e-30  -1.0795618e-11   1.5495143e-05   3.6726080e-03   1.7150225e-02   2.5693302e-02   2.9805458e-02   2.9317230e-02   2.8245956e-02   2.7861567e-02   2.7790326e-02
   3.6900000e+01  -2.8369059e-28  -1.0188371e-10   3.2922516e-05   4.7144334e-03   1.8738101e-02   2.6466289e-02   3.0009271e-02   2.9360058e-02   2.8246152e-02   2.7856808e-02   2.7787829e-02
   3.7350000e+01  -1.3876272e-26  -2.4250340e-10   7.0044347e-05   5.9893665e-03   2.0404713e-02   2.7252017e-02   3.0214139e-02   2.9402392e-02   2.8246237e-02   2.7851984e-02   2.7785300e-02
   3.7800000e+01   6.2832344e-24   4.2346360e-09   1.4498269e-04   7.5305927e-03   2.2145290e-02   2.8048537e-02   3.0419786e-02   2.9444193e-02   2.8246206e-02   2.7847095e-02   2.7782740e-02
   3.8250000e+01   3.1845723e-21   3.3557312e-08   2.8484602e-04   9.3707645e-03   2.3954010e-02   2.8853857e-02   3.0625924e-02   2.9485421e-02   2.8246055e-02   2.7842140e-02   2.7780150e-02
   3.8700000e+01   8.9831955e-19   1.4251120e-07   5.2585036e-04   1.1540367e-02   2.5824001e-02   2.9665955e-02   3.0832261e-02   2.9526036e-02   2.8245781e-02   2.7837120e-02   2.7777528e-02
   3.9150000e+01   7.8831008e-17   4.7596395e-07   9.1460213e-04   1.4065807e-02   2.7747370e-02   3.0482781e-02   3.1038501e-02   2.9565998e-02   2.8245378e-02   2.7832034e-02   2.7774876e-02
   3.9600000e+01   1.8583927e-15   1.3275236e-06   1.5125564e-03   1.6967293e-02   2.9715247e-02   3.1302270e-02   3.1244337e-02   2.9605264e-02   2.8244842e-02   2.7826882e-02   2.7772192e-02
   4.0050000e+01   1.3009267e-14   2.7676288e-06   2.4053410e-03   2.0256593e-02   3.1717851e-02   3.2122344e-02   3.1449462e-02   2.9643793e-02   2.8244169e-02   2.7821663e-02   2.7769478e-02
   4.0500000e+01  -3.3611487e-12   9.6334193e-07   3.7206457e-03   2.3934821e-02   3.3744585e-02   3.2940923e-02   3.1653561e-02   2.9681543e-02   2.8243354e-02   2.7816377e-02   2.7766732e-02
   4.0950000e+01  -4.4563922e-10  -3.3007826e-05   5.6596918e-03   2.7990372e-02   3.5784142e-02   3.3755932e-02   3.1856317e-02   2.9718470e-02   2.8242393e-02   2.7811024e-02   2.7763955e-02
   4.1400000e+01  -1.2111901e-08  -2.3798293e-04   8.5386388e-03   3.2397223e-02   3.7824634e-02   3.4565308e-02   3.2057405e-02   2.9754533e-02   2.8241280e-02   2.7805605e-02   2.7761148e-02
   4.1850000e+01  -1.0772298e-07  -9.5763535e-04   1.2804878e-02   3.7113742e-02   3.9853743e-02   3.5367010e-02   3.2256500e-02   2.9789685e-02   2.8240012e-02   2.7800117e-02   2.7758309e-02
   4.2300000e+01  -4.3220751e-07  -1.0523285e-03   1.8952412e-02   4.2082210e-02   4.1858881e-02   3.6159022e-02   3.2453273e-02   2.9823884e-02   2.8238584e-02   2.7794562e-02   2.7755439e-02
   4.2750000e+01   8.3645944e-06   6.8286120e-03   2.7300063e-02   4.7229186e-02   4.3827361e-02   3.6939364e-02   3.2647392e-02   2.9857085e-02   2.8236990e-02   2.7788939e-02   2.7752538e-02
   4.3200000e+01   3.1610438e-04   2.3360251e-02   3.7775467e-02   5.2466826e-02   4.5746579e-02   3.7706098e-02   3.2838521e-02   2.9889242e-02   2.8235227e-02   2.7783247e-02   2.7749606e-02
   4.3650000e+01   6.3946718e-03   4.1324102e-02   4.9928468e-02   5.7695183e-02   4.7604204e-02   3.8457334e-02   3.3026324e-02   2.9920309e-02   2.8233288e-02   2.7777487e-02   2.7746643e-02
   4.4100000e+01   4.2829573e-02   5.8825645e-02   6.3153392e-02   6.2805481e-02   4.9388355e-02   3.9191236e-02   3.3210462e-02   2.9950240e-02   2.8231169e-02   2.7771658e-02   2.7743648e-02
   4.4550000e+01   7.4227721e-02   7.5961326e-02   7.6886239e-02   6.7684220e-02   5.1087791e-02   3.9906032e-02   3.3390598e-02   2.9978989e-02   2.8228866e-02   2.7765760e-02   2.7740623e-02
   4.5000000e+01   9.2937392e-02   9.2934777e-02   9.0653781e-02   7.2217944e-02   5.2692083e-02   4.0600012e-02   3.3566389e-02   3.0006508e-02   2.8226372e-02   2.7759792e-02   2.7737566e-02
   4.5450000e+01   1.1164706e-01   1.0991047e-01   1.0401579e-01   7.6298420e-02   5.4191770e-02   4.1271542e-02   3.3737497e-02   3.0032750e-02   2.8223684e-02   2.7753755e-02   2.7734478e-02
   4.5900000e+01   1.4304521e-01   1.2707345e-01   1.1646243e-01   7.9827897e-02   5.5578510e-02   4.1919061e-02   3.3903581e-02   3.0057667e-02   2.8220795e-02   2.7747647e-02   2.7731359e-02
   4.6350000e+01   1.7948012e-01   1.4474528e-01   1.2730007e-01   8.2724136e-02   5.6845206e-02   4.2541092e-02   3.4064301e-02   3.0081210e-02   2.8217701e-02   2.7741469e-02   2.7728209e-02
   4.6800000e+01   1.8555877e-01   1.6335342e-01   1.3558726e-01   8.4924836e-02   5.7986105e-02   4.3136239e-02   3.4219319e-02   3.0103330e-02   2.8214396e-02   2.7735221e-02   2.7725028e-02
   4.7250000e+01   1.8586684e-01   1.8029870e-01   1.4026096e-01   8.6391138e-02   5.8996879e-02   4.3703198e-02   3.4368296e-02   3.0123978e-02   2.8210875e-02   2.7728901e-02   2.7721815e-02
   4.7700000e+01   1.8586993e-01   1.8158012e-01   1.4054602e-01   8.7109929e-02   5.9874679e-02   4.4240752e-02   3.4510898e-02   3.0143105e-02   2.8207132e-02   2.7722510e-02   2.7718571e-02
   4.8150000e+01   1.8563241e-01   1.6547268e-01   1.3640668e-01   8.7094733e-02   6.0618155e-02   4.4747778e-02   3.4646791e-02   3.0160660e-02   2.8203163e-02   2.7716048e-02   2.7715296e-02
   4.8600000e+01   1.8048697e-01   1.4675662e-01   1.2857720e-01   8.6385092e-02   6.1227453e-02   4.5223246e-02   3.4775644e-02   3.0176593e-02   2.8198961e-02   2.7709514e-02   2.7711989e-02
   4.9050000e+01   1.4547278e-01   1.2900802e-01   1.1813714e-01   8.5044443e-02   6.1704182e-02   4.5666223e-02   3.4897129e-02   3.0190853e-02   2.8194522e-02   2.7702907e-02   2.7708651e-02
   4.9500000e+01   1.1327150e-01   1.1182663e-01   1.0608022e-01   8.3156609e-02   6.2051359e-02   4.6075871e-02   3.5010921e-02   3.0203388e-02   2.8189839e-02   2.7696228e-02   2.7705282e-02
   4.9950000e+01   9.4495904e-02   9.4855190e-02   9.3162537e-02   8.0821144e-02   6.2273316e-02   4.6451446e-02   3.5116699e-02   3.0214148e-02   2.8184906e-02   2.7689476e-02   2.7701882e-02
   5.0400000e+01   7.6021202e-02   7.7901032e-02   7.9961403e-02   7.8147835e-02   6.2375600e-02   4.6792301e-02   3.5214147e-02   3.0223080e-02   2.8179720e-02   2.7682651e-02   2.7698450e-02
   5.0850000e+01   4.6144886e-02   6.0802457e-02   6.7001494e-02   7.5250753e-02   6.2364842e-02   4.7097883e-02   3.5302950e-02   3.0230131e-02   2.8174272e-02   2.7675753e-02   2.7694987e-02
   5.1300000e+01   8.0154324e-03   4.3330365e-02   5.4879109e-02   7.2242238e-02   6.2248608e-02   4.7367730e-02   3.5382802e-02   3.0235251e-02   2.8168558e-02   2.7668780e-02   2.7691493e-02
   5.1750000e+01   4.3820090e-04   2.5193940e-02   4.4340252e-02   6.9227254e-02   6.2035247e-02   4.7601472e-02   3.5453399e-02   3.0238384e-02   2.8162572e-02   2.7661734e-02   2.7687967e-02
   5.2200000e+01   1.3301505e-05   7.8850989e-03   3.6222010e-02   6.6298452e-02   6.1733717e-02   4.7798828e-02   3.5514444e-02   3.0239479e-02   2.8156308e-02   2.7654613e-02   2.7684409e-02
   5.2650000e+01   1.0299187e-06   1.0560249e-03   3.1179525e-02   6.3532291e-02   6.1353412e-02   4.7959599e-02   3.5565645e-02   3.0238482e-02   2.8149760e-02   2.7647417e-02   2.7680821e-02
   5.3100000e+01   8.7483934e-05   7.7511640e-03   2.9344293e-02   6.0986425e-02   6.0903980e-02   4.8083673e-02   3.5606717e-02   3.0235339e-02   2.8142922e-02   2.7640146e-02   2.7677201e-02
   5.3550000e+01   2.1461392e-03   1.6703837e-02   3.0258421e-02   5.8698497e-02   6.0395156e-02   4.8171013e-02   3.5637381e-02   3.0229996e-02   2.8135787e-02   2.7632799e-02   2.7673549e-02
   5.4000000e+01   1.7534788e-02   2.4894436e-02   3.3164179e-02   5.6686363e-02   5.9836581e-02   4.8221661e-02   3.5657362e-02   3.0222398e-02   2.8128351e-02   2.7625377e-02   2.7669866e-02
   5.4450000e+01   3.2178420e-02   3.2695918e-02   3.7337582e-02   5.4949657e-02   5.9237643e-02   4.8235727e-02   3.5666397e-02   3.0212492e-02   2.8120606e-02   2.7617878e-02   2.7666152e-02
   5.4900000e+01   4.0635327e-02   4.0376033e-02   4.2225738e-02   5.3472499e-02   5.8607325e-02   4.8213393e-02   3.5664226e-02   3.0200222e-02   2.8112546e-02   2.7610303e-02   2.7662406e-02
   5.5350000e+01   4.8827411e-02   4.8039895e-02   4.7418537e-02   5.2227099e-02   5.7954064e-02   4.8154901e-02   3.5650597e-02   3.0185534e-02   2.8104165e-02   2.7602651e-02   2.7658628e-02
   5.5800000e+01   6.1249442e-02   5.5756125e-02   5.2563365e-02   5.1177918e-02   5.7285628e-02   4.8060553e-02   3.5625269e-02   3.0168372e-02   2.8095458e-02   2.7594921e-02   2.7654819e-02
   5.6250000e+01   7.9274974e-02   6.3633284e-02   5.7279528e-02   5.0286032e-02   5.6609011e-02   4.7930708e-02   3.5588004e-02   3.0148681e-02   2.8086416e-02   2.7587114e-02   2.7650979e-02
   5.6700000e+01   8.3931132e-02   7.1894416e-02   6.1100204e-02   4.9513364e-02   5.5930344e-02   4.7765774e-02   3.5538576e-02   3.0126406e-02   2.8077035e-02   2.7579229e-02   2.7647107e-02
   5.7150000e+01   8.4228682e-02   8.0167702e-02   6.3494577e-02   4.8826441e-02   5.5254829e-02   4.7566205e-02   3.5476766e-02   3.0101491e-02   2.8067307e-02   2.7571265e-02   2.7643203e-02
   5.7600000e+01   8.4238657e-02   8.3118963e-02   6.4025627e-02   4.8199396e-02   5.4586685e-02   4.7332499e-02   3.5402363e-02   3.0073880e-02   2.8057226e-02   2.7563223e-02   2.7639267e-02
   5.8050000e+01   8.4167542e-02   7.6733168e-02   6.2571985e-02   4.7616027e-02   5.3929128e-02   4.7065191e-02   3.5315167e-02   3.0043517e-02   2.8046785e-02   2.7555102e-02   2.7635301e-02
   5.8500000e+01   8.2265584e-02   6.8200051e-02   5.9397170e-02   4.7070752e-02   5.3284353e-02   4.6764851e-02   3.5214984e-02   3.0010346e-02   2.8035978e-02   2.7546901e-02   2.7631302e-02
   5.8950000e+01   6.7140580e-02   6.0156665e-02   5.4984554e-02   4.6568457e-02   5.2653552e-02   4.6432079e-02   3.5101630e-02   2.9974311e-02   2.8024799e-02   2.7538620e-02   2.7627272e-02
   5.9400000e+01   5.2866315e-02   5.2406058e-02   4.9820615e-02   4.6123263e-02   5.2036938e-02   4.6067501e-02   3.4974933e-02   2.9935356e-02   2.8013239e-02   2.7530259e-02   2.7623210e-02
   5.9850000e+01   4.4551692e-02   4.4751864e-02   4.4296830e-02   4.5756367e-02   5.1433790e-02   4.5671768e-02   3.4834726e-02   2.9893424e-02   2.8001293e-02   2.7521817e-02   2.7619116e-02
   6.0300000e+01   3.6610675e-02   3.7115473e-02   3.8726338e-02   4.5493163e-02   5.0842518e-02   4.5245548e-02   3.4680855e-02   2.9848459e-02   2.7988954e-02   2.7513294e-02   2.7614991e-02
   6.0750000e+01   2.5976624e-02   2.9446802e-02   3.3408317e-02   4.5359896e-02   5.0260737e-02   4.4789528e-02   3.4513174e-02   2.9800406e-02   2.7976215e-02   2.7504689e-02   2.7610834e-02
   6.1200000e+01   8.0573186e-03   2.1652313e-02   2.8701954e-02   4.5380149e-02   4.9685353e-02   4.4304409e-02   3.4331548e-02   2.9749206e-02   2.7963068e-02   2.7496003e-02   2.7606645e-02
   6.1650000e+01   6.2749944e-04   1.3466756e-02   2.5084246e-02   4.5571468e-02   4.9112663e-02   4.3790901e-02   3.4135850e-02   2.9694805e-02   2.7949507e-02   2.7487235e-02   2.7602425e-02
   6.2100000e+01   2.4464023e-05   4.8730116e-03   2.3130990e-02   4.5942392e-02   4.8538466e-02   4.3249727e-02   3.3925964e-02   2.9637145e-02   2.7935526e-02   2.7478384e-02   2.7598173e-02
   6.2550000e+01   1.9759613e-07   1.1282171e-03   2.3346163e-02   4.6490169e-02   4.7958171e-02   4.2681612e-02   3.3701785e-02   2.9576171e-02   2.7921116e-02   2.7469449e-02   2.7593889e-02
   6.3000000e+01   7.8545883e-05   8.9503363e-03   2.5897889e-02   4.7199321e-02   4.7366920e-02   4.2087291e-02   3.3463217e-02   2.9511825e-02   2.7906271e-02   2.7460432e-02   2.7589573e-02
   6.3450000e+01   2.5998422e-03   1.9951035e-02   3.0507309e-02   4.8041211e-02   4.6759708e-02   4.1467498e-02   3.3210173e-02   2.9444052e-02   2.7890983e-02   2.7451330e-02   2.7585225e-02
   6.3900000e+01   2.2492020e-02   3.0333542e-02   3.6618753e-02   4.8974638e-02   4.6131501e-02   4.0822973e-02   3.2942578e-02   2.9372796e-02   2.7875245e-02   2.7442144e-02   2.7580845e-02
   6.4350000e+01   3.9505505e-02   4.0365091e-02   4.3657854e-02   4.9947435e-02   4.5477359e-02   4.0154455e-02   3.2660367e-02   2.9298000e-02   2.7859050e-02   2.7432874e-02   2.7576434e-02
   6.4800000e+01   5.0052003e-02   5.0296057e-02   5.1160828e-02   5.0898958e-02   4.4792546e-02   3.9462682e-02   3.2363484e-02   2.9219608e-02   2.7842391e-02   2.7423518e-02   2.7571991e-02
   6.5250000e+01   6.0014144e-02   6.0203906e-02   5.8763399e-02   5.1763273e-02   4.4072637e-02   3.8748395e-02   3.2051884e-02   2.9137566e-02   2.7825261e-02   2.7414077e-02   2.7567515e-02
   6.5700000e+01   6.9955570e-02   7.0121940e-02   6.6128310e-02   5.2472827e-02   4.3313622e-02   3.8012331e-02   3.1725531e-02   2.9051816e-02   2.7807651e-02   2.7404550e-02   2.7563008e-02
   6.6150000e+01   7.9908138e-02   8.0128722e-02   7.2859278e-02   5.2962319e-02   4.2511988e-02   3.7255226e-02   3.1384400e-02   2.8962303e-02   2.7789554e-02   2.7394936e-02   2.7558469e-02
   6.6600000e+01   8.9871015e-02   9.0535956e-02   7.8428177e-02   5.3172501e-02   4.1664799e-02   3.6477818e-02   3.1028477e-02   2.8868973e-02   2.7770963e-02   2.7385236e-02   2.7553898e-02
   6.7050000e+01   9.9920450e-02   1.0175994e-01   8.2178395e-02   5.3053642e-02   4.0769759e-02   3.5680839e-02   3.0657757e-02   2.8771769e-02   2.7751871e-02   2.7375448e-02   2.7549295e-02
   6.7500000e+01   1.0981374e-01   1.0874389e-01   8.3496497e-02   5.2568394e-02   3.9825262e-02   3.4865025e-02   3.0272243e-02   2.8670638e-02   2.7732269e-02   2.7365573e-02   2.7544660e-02
   6.7950000e+01   9.9920450e-02   1.0175994e-01   8.2115456e-02   5.1693884e-02   3.8830426e-02   3.4031109e-02   2.9871952e-02   2.8565524e-02   2.7712150e-02   2.7355609e-02   2.7539993e-02
   6.8400000e+01   8.9871015e-02   9.0535932e-02   7.8279120e-02   5.0422892e-02   3.7785113e-02   3.3179823e-02   2.9456907e-02   2.8456372e-02   2.7691506e-02   2.7345557e-02   2.7535293e-02
   6.8850000e+01   7.9908138e-02   8.0128632e-02   7.2577426e-02   4.8764058e-02   3.6689938e-02   3.2311902e-02   2.9027142e-02   2.8343129e-02   2.7670330e-02   2.7335416e-02   2.7530562e-02
   6.9300000e+01   6.9955570e-02   7.0121657e-02   6.5641202e-02   4.6741145e-02   3.5546256e-02   3.1428082e-02   2.8582701e-02   2.8225741e-02   2.7648613e-02   2.7325185e-02   2.7525799e-02
   6.9750000e+01   6.0014144e-02   6.0203171e-02   5.7966682e-02   4.4391447e-02   3.4356141e-02   3.0529101e-02   2.8123638e-02   2.8104154e-02   2.7626348e-02   2.7314864e-02   2.7521003e-02
   7.0200000e+01   5.0052003e-02   5.0294810e-02   4.9906066e-02   4.1763504e-02   3.3122354e-02   2.9615698e-02   2.7650014e-02   2.7978314e-02   2.7603527e-02   2.7304453e-02   2.7516176e-02
   7.0650000e+01   3.9505505e-02   4.0366874e-02   4.1729933e-02   3.8914298e-02   3.1848293e-02   2.8688619e-02   2.7161901e-02   2.7848169e-02   2.7580143e-02   2.7293951e-02   2.7511316e-02
   7.1100000e+01   2.2492021e-02   3.0365456e-02   3.3696384e-02   3.5906177e-02   3.0537944e-02   2.7748612e-02   2.6659380e-02   2.7713666e-02   2.7556186e-02   2.7283358e-02   2.7506424e-02
   7.1550000e+01   2.5998679e-03   2.0144064e-02   2.6104786e-02   3.2803689e-02   2.9195811e-02   2.6796432e-02   2.6142541e-02   2.7574753e-02   2.7531649e-02   2.7272672e-02   2.7501500e-02
   7.2000000e+01   7.8735363e-05   9.6030994e-03   1.9309260e-02   2.9670561e-02   2.7826848e-02   2.5832838e-02   2.5611481e-02   2.7431378e-02   2.7506524e-02   2.7261895e-02   2.7496543e-02
   7.2450000e+01   3.9996040e-07   1.0659127e-03   1.3650021e-02   2.6566982e-02   2.6436388e-02   2.4858598e-02   2.5066308e-02   2.7283489e-02   2.7480803e-02   2.7251025e-02   2.7491555e-02
   7.2900000e+01  -1.6496199e-07  -8.7882129e-04   9.3099947e-03   2.3547331e-02   2.5030057e-02   2.3874487e-02   2.4507136e-02   2.7131035e-02   2.7454477e-02   2.7240062e-02   2.7486534e-02
   7.3350000e+01  -1.7323015e-08  -3.1559162e-04   6.2195036e-03   2.0658445e-02   2.3613702e-02   2.2881287e-02   2.3934090e-02   2.6973966e-02   2.7427539e-02   2.7229005e-02   2.7481481e-02
   7.3800000e+01  -9.0677712e-10  -5.8068989e-05   4.1197313e-03   1.7938477e-02   2.2193303e-02   2.1879789e-02   2.3347300e-02   2.6812231e-02   2.7399980e-02   2.7217853e-02   2.7476395e-02
   7.4250000e+01  -1.1482117e-11  -5.0961164e-06   2.7139977e-03   1.5416336e-02   2.0774900e-02   2.0870794e-02   2.2746906e-02   2.6645781e-02   2.7371792e-02   2.7206607e-02   2.7471277e-02
   7.4700000e+01  -3.9564655e-14   1.3557132e-06   1.7681354e-03   1.3111676e-02   1.9364511e-02   1.9855109e-02   2.2133055e-02   2.6474566e-02   2.7342967e-02   2.7195266e-02   2.7466127e-02
   7.5150000e+01   1.1326578e-15   9.9047795e-07   1.1276076e-03   1.1035353e-02   1.7968060e-02   1.8833554e-02   2.1505902e-02   2.6298538e-02   2.7313495e-02   2.7183830e-02   2.7460945e-02
   7.5600000e+01   6.6804561e-17   3.9741711e-07   6.9586246e-04   9.1902627e-03   1.6591308e-02   1.7806957e-02   2.0865608e-02   2.6117647e-02   2.7283369e-02   2.7172297e-02   2.7455730e-02
   7.6050000e+01   2.1495507e-18   1.2856175e-07   4.1071774e-04   7.5724407e-03   1.5239786e-02   1.6776153e-02   2.0212342e-02   2.5931848e-02   2.7252581e-02   2.7160668e-02   2.7450482e-02
   7.6500000e+01   1.4146189e-20   3.4548299e-08   2.2934825e-04   6.1723204e-03   1.3918738e-02   1.5741989e-02   1.9546280e-02   2.5741092e-02   2.7221121e-02   2.7148941e-02   2.7445202e-02
   7.6950000e+01   2.8772589e-23   6.6013372e-09   1.2028918e-04   4.9760513e-03   1.2633070e-02   1.4705318e-02   1.8867604e-02   2.5545332e-02   2.7188982e-02   2.7137117e-02   2.7439890e-02
   7.7400000e+01   1.7236478e-26   3.4687620e-10   5.9380190e-05   3.9667838e-03   1.1387298e-02   1.3667004e-02   1.8176502e-02   2.5344523e-02   2.7156154e-02   2.7125195e-02   2.7434545e-02
   7.7850000e+01  -2.0785300e-28  -9.6376663e-11   2.8061417e-05   3.1258569e-03   1.0185519e-02   1.2627914e-02   1.7473169e-02   2.5138618e-02   2.7122630e-02   2.7113174e-02   2.7429168e-02
   7.8300000e+01  -1.5762564e-30  -1.5261780e-11   1.3067856e-05   2.4338362e-03   9.0313724e-03   1.1588926e-02   1.6757807e-02   2.4927574e-02   2.7088399e-02   2.7101054e-02   2.7423758e-02
   7.8750000e+01  -6.6098914e-33  -1.2354983e-12   6.1511654e-06   1.8713757e-03   7.9280194e-03   1.0550921e-02   1.6030621e-02   2.4711346e-02   2.7053454e-02   2.7088834e-02   2.7418316e-02
   7.9200000e+01  -7.7607615e-36  -6.5564649e-14   2.9445291e-06   1.4198908e-03   6.8781277e-03   9.5147831e-03   1.5291824e-02   2.4489890e-02   2.7017787e-02   2.7076514e-02   2.7412841e-02
   7.9650000e+01  -2.3721028e-39  -5.0665198e-16   1.4148294e-06   1.0620462e-03   5.8838623e-03   8.4814028e-03   1.4541634e-02   2.4263163e-02   2.6981387e-02   2.7064093e-02   2.7407333e-02
   8.0100000e+01   1.4674501e-42   4.9010109e-16   6.6840016e-07   7.8207570e-04   4.9468844e-03   7.4516704e-03   1.3780272e-02   2.4031122e-02   2.6944246e-02   2.7051572e-02   2.7401793e-02
   8.0550000e+01   6.6845644e-45   9.3285431e-17   3.0440572e-07   5.6595554e-04   4.0683567e-03   6.4264774e-03   1.3007965e-02   2.3793727e-02   2.6906357e-02   2.7038948e-02   2.7396220e-02
   8.1000000e+01   1.3275002e-47   1.2384762e-17   1.3141699e-07   4.0145950e-04   3.2489561e-03   5.4067139e-03   1.2224946e-02   2.3550936e-02   2.6867708e-02   2.7026222e-02   2.7390614e-02
   8.1450000e+01   5.6307682e-51   1.3200263e-18   5.3011956e-08   2.7812273e-04   2.4888907e-03   4.3932676e-03   1.1431451e-02   2.3302708e-02   2.6828292e-02   2.7013393e-02   2.7384976e-02
   8.1900000e+01   7.8068298e-55   1.0111162e-19   1.9772027e-08   1.8714074e-04   1.7879238e-03   3.3870218e-03   1.0627721e-02   2.3049004e-02   2.6788100e-02   2.7000461e-02   2.7379305e-02
   8.2350000e+01   4.2618716e-59   2.6283178e-21   6.8129677e-09   1.2122621e-04   1.1454010e-03   2.3888536e-03   9.8139983e-03   2.2789786e-02   2.6747123e-02   2.6987425e-02   2.7373601e-02
   8.2800000e+01  -1.9062933e-62  -2.0536748e-22   2.2068317e-09   7.4442329e-05   5.6028202e-04   1.3996323e-03   8.9905327e-03   2.2525015e-02   2.6705351e-02   2.6974285e-02   2.7367864e-02
   8.3250000e+01  -1.0507582e-65  -1.4483460e-23   6.9755488e-10   4.2027314e-05   3.1175349e-05   4.2021759e-04   8.1575752e-03   2.2254653e-02   2.6662776e-02   2.6961040e-02   2.7362095e-02
   8.3700000e+01  -3.1824816e-69  -4.8323556e-25   2.2403202e-10   2.0220956e-05  -4.4362461e-04  -5.4854259e-04   7.3153805e-03   2.1978664e-02   2.6619388e-02   2.6947689e-02   2.7356292e-02
   8.4150000e+01  -2.9630359e-73  -1.1050085e-26   7.4159870e-11   6.1006003e-06  -8.6609902e-04  -1.5058137e-03   6.4642065e-03   2.1697012e-02   2.6575179e-02   2.6934232e-02   2.7350457e-02
   8.4600000e+01  -6.6822254e-78  -1.1516935e-28   2.4737686e-11  -2.5685801e-06  -1.2384651e-03  -2.4507763e-03   5.6043137e-03   2.1409662e-02   2.6530139e-02   2.6920668e-02   2.7344589e-02
   8.5050000e+01   1.1291393e-82   6.1382617e-30   7.9423816e-12  -7.4664325e-06  -1.5631363e-03  -3.3826285e-03   4.7359655e-03   2.1116579e-02   2.6484259e-02   2.6906998e-02   2.7338688e-02
   8.5500000e+01   4.5329232e-86   5.6418431e-31   2.2994202e-12  -9.8327573e-06  -1.8426836e-03  -4.3005872e-03   3.8594274e-03   2.0817731e-02   2.6437529e-02   2.6893219e-02   2.7332754e-02
   8.5950000e+01   5.7983956e-90   3.0450795e-32   5.2143337e-13  -1.0564517e-05  -2.0797969e-03  -5.2038900e-03   2.9749673e-03   2.0513084e-02   2.6389941e-02   2.6879332e-02   2.7326788e-02
   8.6400000e+01   1.6660182e-94   1.2913370e-33   3.4829354e-14  -1.0296320e-05  -2.2772491e-03  -6.0917973e-03   2.0828549e-03   2.0202606e-02   2.6341485e-02   2.6865337e-02   2.7320788e-02
   8.6850000e+01   1.5849182e-99   4.1291501e-35  -5.8141413e-14  -9.4657130e-06  -2.4378613e-03  -6.9635936e-03   1.1833619e-03   1.9886267e-02   2.6292151e-02   2.6851232e-02   2.7314755e-02
   8.7300000e+01  7.0723862e-105   5.8428255e-37  -5.1759658e-14  -8.3651006e-06  -2.5644707e-03  -7.8185894e-03   2.7676138e-04   1.9564036e-02   2.6241931e-02   2.6837016e-02   2.7308689e-02
   8.7750000e+01 -1.2749148e-109  -3.6292205e-38  -3.1496264e-14  -7.1822316e-06  -2.6599019e-03  -8.6561224e-03  -6.3667215e-04   1.9235884e-02   2.6190816e-02   2.6822691e-02   2.7302590e-02
   8.8200000e+01 -5.2910097e-114  -3.2732563e-39  -1.6520228e-14  -6.0311406e-06  -2.7269399e-03  -9.4755593e-03  -1.5566630e-03   1.8901783e-02   2.6138794e-02   2.6808254e-02   2.7296458e-02
   8.8650000e+01 -1.3065989e-118  -1.4609214e-40  -7.9738458e-15  -4.9753251e-06  -2.7683068e-03  -1.0276297e-02  -2.4829344e-03   1.8561704e-02   2.6085858e-02   2.6793705e-02   2.7290293e-02
   8.9100000e+01 -2.7744542e-123  -4.8490539e-42  -3.6420001e-15  -4.0447428e-06  -2.7866415e-03  -1.1057765e-02  -3.4152089e-03   1.8215621e-02   2.6031998e-02   2.6779044e-02   2.7284094e-02
   8.9550000e+01 -5.5039115e-128  -1.3872469e-43  -1.5967371e-15  -3.2479982e-06  -2.7844828e-03  -1.1819423e-02  -4.3532083e-03   1.7863508e-02   2.5977204e-02   2.6764270e-02   2.7277863e-02
   9.0000000e+01 -1.0529204e-132  -3.6727987e-45  -6.7727011e-16  -2.5808689e-06  -2.7642547e-03  -1.2560766e-02  -5.2966541e-03   1.7505340e-02   2.5921466e-02   2.6749383e-02   2.7271598e-02
