  -9.0000000e+01  -1.7788482e-02
  -8.9550000e+01  -1.7493502e-02
  -8.9100000e+01  -1.7152185e-02
  -8.8650000e+01  -1.6762937e-02
  -8.8200000e+01  -1.6324223e-02
  -8.7750000e+01  -1.5834572e-02
  -8.7300000e+01  -1.5292591e-02
  -8.6850000e+01  -1.4696966e-02
  -8.6400000e+01  -1.4046478e-02
  -8.5950000e+01  -1.3340011e-02
  -8.5500000e+01  -1.2576558e-02
  -8.5050000e+01  -1.1755233e-02
  -8.4600000e+01  -1.0875277e-02
  -8.4150000e+01  -9.9360720e-03
  -8.3700000e+01  -8.9371444e-03
  -8.3250000e+01  -7.8781757e-03
  -8.2800000e+01  -6.7590106e-03
  -8.2350000e+01  -5.5796641e-03
  -8.1900000e+01  -4.3403290e-03
  -8.1450000e+01  -3.0413823e-03
  -8.1000000e+01  -1.6833918e-03
  -8.0550000e+01  -2.6712108e-04
  -8.0100000e+01   1.2064653e-03
  -7.9650000e+01   2.7361980e-03
  -7.9200000e+01   4.3206996e-03
  -7.8750000e+01   5.9583820e-03
  -7.8300000e+01   7.6474451e-03
  -7.7850000e+01   9.3858760e-03
  -7.7400000e+01   1.1171450e-02
  -7.6950000e+01   1.3001730e-02
  -7.6500000e+01   1.4874072e-02
  -7.6050000e+01   1.6785627e-02
  -7.5600000e+01   1.8733343e-02
  -7.5150000e+01   2.0713976e-02
  -7.4700000e+01   2.2724092e-02
  -7.4250000e+01   2.4760077e-02
  -7.3800000e+01   2.6818143e-02
  -7.3350000e+01   2.8894343e-02
  -7.2900000e+01   3.0984577e-02
  -7.2450000e+01   3.3084604e-02
  -7.2000000e+01   3.5190059e-02
  -7.1550000e+01   3.7296461e-02
  -7.1100000e+01   3.9399232e-02
  -7.0650000e+01   4.1493708e-02
  -7.0200000e+01   4.3575158e-02
  -6.9750000e+01   4.5638800e-02
  -6.9300000e+01   4.7679817e-02
  -6.8850000e+01   4.9693374e-02
  -6.8400000e+01   5.1674638e-02
  -6.7950000e+01   5.3618795e-02
  -6.7500000e+01   5.5521069e-02
  -6.7050000e+01   5.7376739e-02
  -6.6600000e+01   5.9181162e-02
  -6.6150000e+01   6.0929786e-02
  -6.5700000e+01   6.2618172e-02
  -6.5250000e+01   6.4242013e-02
  -6.4800000e+01   6.5797148e-02
  -6.4350000e+01   6.7279587e-02
  -6.3900000e+01   6.8685519e-02
  -6.3450000e+01   7.0011337e-02
  -6.3000000e+01   7.1253648e-02
  -6.2550000e+01   7.2409291e-02
  -6.2100000e+01   7.3475352e-02
  -6.1650000e+01   7.4449176e-02
  -6.1200000e+01   7.5328380e-02
  -6.0750000e+01   7.6110863e-02
  -6.0300000e+01   7.6794819e-02
  -5.9850000e+01   7.7378745e-02
  -5.9400000e+01   7.7861449e-02
  -5.8950000e+01   7.8242052e-02
  -5.8500000e+01   7.8520001e-02
  -5.8050000e+01   7.8695067e-02
  -5.7600000e+01   7.8767346e-02
  -5.7150000e+01   7.8737264e-02
  -5.6700000e+01   7.8605574e-02
  -5.6250000e+01   7.8373349e-02
  -5.5800000e+01   7.8041983e-02
  -5.5350000e+01   7.7613184e-02
  -5.4900000e+01   7.7088963e-02
  -5.4450000e+01   7.6471629e-02
  -5.4000000e+01   7.5763773e-02
  -5.3550000e+01   7.4968262e-02
  -5.3100000e+01   7.4088219e-02
  -5.2650000e+01   7.3127011e-02
  -5.2200000e+01   7.2088232e-02
  -5.1750000e+01   7.0975685e-02
  -5.1300000e+01   6.9793365e-02
  -5.0850000e+01   6.8545434e-02
  -5.0400000e+01   6.7236207e-02
  -4.9950000e+01   6.5870125e-02
  -4.9500000e+01   6.4451737e-02
  -4.9050000e+01   6.2985678e-02
  -4.8600000e+01   6.1476642e-02
  -4.8150000e+01   5.9929366e-02
  -4.7700000e+01   5.8348600e-02
  -4.7250000e+01   5.6739093e-02
  -4.6800000e+01   5.5105566e-02
  -4.6350000e+01   5.3452692e-02
  -4.5900000e+01   5.1785076e-02
  -4.5450000e+01   5.0107234e-02
  -4.5000000e+01   4.8423580e-02
  -4.4550000e+01   4.6738399e-02
  -4.4100000e+01   4.5055839e-02
  -4.3650000e+01   4.3379893e-02
  -4.3200000e+01   4.1714385e-02
  -4.2750000e+01   4.0062957e-02
  -4.2300000e+01   3.8429061e-02
  -4.1850000e+01   3.6815950e-02
  -4.1400000e+01   3.5226664e-02
  -4.0950000e+01   3.3664033e-02
  -4.0500000e+01   3.2130667e-02
  -4.0050000e+01   3.0628953e-02
  -3.9600000e+01   2.9161055e-02
  -3.9150000e+01   2.7728913e-02
  -3.8700000e+01   2.6334244e-02
  -3.8250000e+01   2.4978546e-02
  -3.7800000e+01   2.3663098e-02
  -3.7350000e+01   2.2388969e-02
  -3.6900000e+01   2.1157023e-02
  -3.6450000e+01   1.9967921e-02
  -3.6000000e+01   1.8822137e-02
  -3.5550000e+01   1.7719957e-02
  -3.5100000e+01   1.6661497e-02
  -3.4650000e+01   1.5646705e-02
  -3.4200000e+01   1.4675376e-02
  -3.3750000e+01   1.3747161e-02
  -3.3300000e+01   1.2861574e-02
  -3.2850000e+01   1.2018009e-02
  -3.2400000e+01   1.1215746e-02
  -3.1950000e+01   1.0453965e-02
  -3.1500000e+01   9.7317539e-03
  -3.1050000e+01   9.0481194e-03
  -3.0600000e+01   8.4019994e-03
  -3.0150000e+01   7.7922714e-03
  -2.9700000e+01   7.2177621e-03
  -2.9250000e+01   6.6772574e-03
  -2.8800000e+01   6.1695106e-03
  -2.8350000e+01   5.6932512e-03
  -2.7900000e+01   5.2471926e-03
  -2.7450000e+01   4.8300397e-03
  -2.7000000e+01   4.4404953e-03
  -2.6550000e+01   4.0772670e-03
  -2.6100000e+01   3.7390729e-03
  -2.5650000e+01   3.4246466e-03
  -2.5200000e+01   3.1327420e-03
  -2.4750000e+01   2.8621380e-03
  -2.4300000e+01   2.6116417e-03
  -2.3850000e+01   2.3800919e-03
  -2.3400000e+01   2.1663617e-03
  -2.2950000e+01   1.9693611e-03
  -2.2500000e+01   1.7880387e-03
  -2.2050000e+01   1.6213832e-03
  -2.1600000e+01   1.4684245e-03
  -2.1150000e+01   1.3282348e-03
  -2.0700000e+01   1.1999285e-03
  -2.0250000e+01   1.0826627e-03
  -1.9800000e+01   9.7563717e-04
  -1.9350000e+01   8.7809377e-04
  -1.8900000e+01   7.8931596e-04
  -1.8450000e+01   7.0862808e-04
  -1.8000000e+01   6.3539437e-04
  -1.7550000e+01   5.6901794e-04
  -1.7100000e+01   5.0893959e-04
  -1.6650000e+01   4.5463647e-04
  -1.6200000e+01   4.0562078e-04
  -1.5750000e+01   3.6143828e-04
  -1.5300000e+01   3.2166687e-04
  -1.4850000e+01   2.8591503e-04
  -1.4400000e+01   2.5382038e-04
  -1.3950000e+01   2.2504806e-04
  -1.3500000e+01   1.9928930e-04
  -1.3050000e+01   1.7625988e-04
  -1.2600000e+01   1.5569867e-04
  -1.2150000e+01   1.3736621e-04
  -1.1700000e+01   1.2104328e-04
  -1.1250000e+01   1.0652959e-04
  -1.0800000e+01   9.3642460e-05
  -1.0350000e+01   8.2215568e-05
  -9.9000000e+00   7.2097776e-05
  -9.4500000e+00   6.3151993e-05
  -9.0000000e+00   5.5254101e-05
  -8.5500000e+00   4.8291941e-05
  -8.1000000e+00   4.2164365e-05
  -7.6500000e+00   3.6780337e-05
  -7.2000000e+00   3.2058105e-05
  -6.7500000e+00   2.7924420e-05
  -6.3000000e+00   2.4313820e-05
  -5.8500000e+00   2.1167965e-05
  -5.4000000e+00   1.8435023e-05
  -4.9500000e+00   1.6069118e-05
  -4.5000000e+00   1.4029817e-05
  -4.0500000e+00   1.2281672e-05
  -3.6000000e+00   1.0793805e-05
  -3.1500000e+00   9.5395437e-06
  -2.7000000e+00   8.4960953e-06
  -2.2500000e+00   7.6442629e-06
  -1.8000000e+00   6.9682050e-06
  -1.3500000e+00   6.4552325e-06
  -9.0000000e-01   6.0956448e-06
  -4.5000000e-01   5.8826027e-06
   0.0000000e+00   5.8120386e-06
   4.5000000e-01   5.8826027e-06
   9.0000000e-01   6.0956448e-06
   1.3500000e+00   6.4552325e-06
   1.8000000e+00   6.9682050e-06
   2.2500000e+00   7.6442629e-06
   2.7000000e+00   8.4960953e-06
   3.1500000e+00   9.5395437e-06
   3.6000000e+00   1.0793805e-05
   4.0500000e+00   1.2281672e-05
   4.5000000e+00   1.4029817e-05
   4.9500000e+00   1.6069118e-05
   5.4000000e+00   1.8435023e-05
   5.8500000e+00   2.1167965e-05
   6.3000000e+00   2.4313820e-05
   6.7500000e+00   2.7924420e-05
   7.2000000e+00   3.2058105e-05
   7.6500000e+00   3.6780337e-05
   8.1000000e+00   4.2164365e-05
   8.5500000e+00   4.8291941e-05
   9.0000000e+00   5.5254101e-05
   9.4500000e+00   6.3151993e-05
   9.9000000e+00   7.2097776e-05
   1.0350000e+01   8.2215568e-05
   1.0800000e+01   9.3642460e-05
   1.1250000e+01   1.0652959e-04
   1.1700000e+01   1.2104328e-04
   1.2150000e+01   1.3736621e-04
   1.2600000e+01   1.5569867e-04
   1.3050000e+01   1.7625988e-04
   1.3500000e+01   1.9928930e-04
   1.3950000e+01   2.2504806e-04
   1.4400000e+01   2.5382038e-04
   1.4850000e+01   2.8591503e-04
   1.5300000e+01   3.2166687e-04
   1.5750000e+01   3.6143828e-04
   1.6200000e+01   4.0562078e-04
   1.6650000e+01   4.5463647e-04
   1.7100000e+01   5.0893959e-04
   1.7550000e+01   5.6901794e-04
   1.8000000e+01   6.3539437e-04
   1.8450000e+01   7.0862808e-04
   1.8900000e+01   7.8931596e-04
   1.9350000e+01   8.7809377e-04
   1.9800000e+01   9.7563717e-04
   2.0250000e+01   1.0826627e-03
   2.0700000e+01   1.1999285e-03
   2.1150000e+01   1.3282348e-03
   2.1600000e+01   1.4684245e-03
   2.2050000e+01   1.6213832e-03
   2.2500000e+01   1.7880387e-03
   2.2950000e+01   1.9693611e-03
   2.3400000e+01   2.1663617e-03
   2.3850000e+01   2.3800919e-03
   2.4300000e+01   2.6116417e-03
   2.4750000e+01   2.8621380e-03
   2.5200000e+01   3.1327420e-03
   2.5650000e+01   3.4246466e-03
   2.6100000e+01   3.7390729e-03
   2.6550000e+01   4.0772670e-03
   2.7000000e+01   4.4404953e-03
   2.7450000e+01   4.8300397e-03
   2.7900000e+01   5.2471926e-03
   2.8350000e+01   5.6932512e-03
   2.8800000e+01   6.1695106e-03
   2.9250000e+01   6.6772574e-03
   2.9700000e+01   7.2177621e-03
   3.0150000e+01   7.7922714e-03
   3.0600000e+01   8.4019994e-03
   3.1050000e+01   9.0481194e-03
   3.1500000e+01   9.7317539e-03
   3.1950000e+01   1.0453965e-02
   3.2400000e+01   1.1215746e-02
   3.2850000e+01   1.2018009e-02
   3.3300000e+01   1.2861574e-02
   3.3750000e+01   1.3747161e-02
   3.4200000e+01   1.4675376e-02
   3.4650000e+01   1.5646705e-02
   3.5100000e+01   1.6661497e-02
   3.5550000e+01   1.7719957e-02
   3.6000000e+01   1.8822137e-02
   3.6450000e+01   1.9967921e-02
   3.6900000e+01   2.1157023e-02
   3.7350000e+01   2.2388969e-02
   3.7800000e+01   2.3663098e-02
   3.8250000e+01   2.4978546e-02
   3.8700000e+01   2.6334244e-02
   3.9150000e+01   2.7728913e-02
   3.9600000e+01   2.9161055e-02
   4.0050000e+01   3.0628953e-02
   4.0500000e+01   3.2130667e-02
   4.0950000e+01   3.3664033e-02
   4.1400000e+01   3.5226664e-02
   4.1850000e+01   3.6815950e-02
   4.2300000e+01   3.8429061e-02
   4.2750000e+01   4.0062957e-02
   4.3200000e+01   4.1714385e-02
   4.3650000e+01   4.3379893e-02
   4.4100000e+01   4.5055839e-02
   4.4550000e+01   4.6738399e-02
   4.5000000e+01   4.8423580e-02
   4.5450000e+01   5.0107234e-02
   4.5900000e+01   5.1785076e-02
   4.6350000e+01   5.3452692e-02
   4.6800000e+01   5.5105566e-02
   4.7250000e+01   5.6739093e-02
   4.7700000e+01   5.8348600e-02
   4.8150000e+01   5.9929366e-02
   4.8600000e+01   6.1476642e-02
   4.9050000e+01   6.2985678e-02
   4.9500000e+01   6.4451737e-02
   4.9950000e+01   6.5870125e-02
   5.0400000e+01   6.7236207e-02
   5.0850000e+01   6.8545434e-02
   5.1300000e+01   6.9793365e-02
   5.1750000e+01   7.0975685e-02
   5.2200000e+01   7.2088232e-02
   5.2650000e+01   7.3127011e-02
   5.3100000e+01   7.4088219e-02
   5.3550000e+01   7.4968262e-02
   5.4000000e+01   7.5763773e-02
   5.4450000e+01   7.6471629e-02
   5.4900000e+01   7.7088963e-02
   5.5350000e+01   7.7613184e-02
   5.5800000e+01   7.8041983e-02
   5.6250000e+01   7.8373349e-02
   5.6700000e+01   7.8605574e-02
   5.7150000e+01   7.8737264e-02
   5.7600000e+01   7.8767346e-02
   5.8050000e+01   7.8695067e-02
   5.8500000e+01   7.8520001e-02
   5.8950000e+01   7.8242052e-02
   5.9400000e+01   7.7861449e-02
   5.9850000e+01   7.7378745e-02
   6.0300000e+01   7.6794819e-02
   6.0750000e+01   7.6110863e-02
   6.1200000e+01   7.5328380e-02
   6.1650000e+01   7.4449176e-02
   6.2100000e+01   7.3475352e-02
   6.2550000e+01   7.2409291e-02
   6.3000000e+01   7.1253648e-02
   6.3450000e+01   7.0011337e-02
   6.3900000e+01   6.8685519e-02
   6.4350000e+01   6.7279587e-02
   6.4800000e+01   6.5797148e-02
   6.5250000e+01   6.4242013e-02
   6.5700000e+01   6.2618172e-02
   6.6150000e+01   6.0929786e-02
   6.6600000e+01   5.9181162e-02
   6.7050000e+01   5.7376739e-02
   6.7500000e+01   5.5521069e-02
   6.7950000e+01   5.3618795e-02
   6.8400000e+01   5.1674638e-02
   6.8850000e+01   4.9693374e-02
   6.9300000e+01   4.7679817e-02
   6.9750000e+01   4.5638800e-02
   7.0200000e+01   4.3575158e-02
   7.0650000e+01   4.1493708e-02
   7.1100000e+01   3.9399232e-02
   7.1550000e+01   3.7296461e-02
   7.2000000e+01   3.5190059e-02
   7.2450000e+01   3.3084604e-02
   7.2900000e+01   3.0984577e-02
   7.3350000e+01   2.8894343e-02
   7.3800000e+01   2.6818143e-02
   7.4250000e+01   2.4760077e-02
   7.4700000e+01   2.2724092e-02
   7.5150000e+01   2.0713976e-02
   7.5600000e+01   1.8733343e-02
   7.6050000e+01   1.6785627e-02
   7.6500000e+01   1.4874072e-02
   7.6950000e+01   1.3001730e-02
   7.7400000e+01   1.1171450e-02
   7.7850000e+01   9.3858760e-03
   7.8300000e+01   7.6474451e-03
   7.8750000e+01   5.9583820e-03
   7.9200000e+01   4.3206996e-03
   7.9650000e+01   2.7361980e-03
   8.0100000e+01   1.2064653e-03
   8.0550000e+01  -2.6712108e-04
   8.1000000e+01  -1.6833918e-03
   8.1450000e+01  -3.0413823e-03
   8.1900000e+01  -4.3403290e-03
   8.2350000e+01  -5.5796641e-03
   8.2800000e+01  -6.7590106e-03
   8.3250000e+01  -7.8781757e-03
   8.3700000e+01  -8.9371444e-03
   8.4150000e+01  -9.9360720e-03
   8.4600000e+01  -1.0875277e-02
   8.5050000e+01  -1.1755233e-02
   8.5500000e+01  -1.2576558e-02
   8.5950000e+01  -1.3340011e-02
   8.6400000e+01  -1.4046478e-02
   8.6850000e+01  -1.4696966e-02
   8.7300000e+01  -1.5292591e-02
   8.7750000e+01  -1.5834572e-02
   8.8200000e+01  -1.6324223e-02
   8.8650000e+01  -1.6762937e-02
   8.9100000e+01  -1.7152185e-02
   8.9550000e+01  -1.7493502e-02
   9.0000000e+01  -1.7788482e-02
